title,content
"한남동카페, 핸드드립 커피가맛있는 컨템포러리1","한달 반 전에꺼 이제 올리기 🫥 원래 한 동네에 같은 날 카페 두 번 가면 같은 날 올리기가 싫더라구요☕️ ㅎㅎㅎㅎㅎ 컨템포러리1 Time)매일 12:30 - 21:00 Call)010-6390-5070 50m © NAVER Corp. 컨템포러리1 서울특별시 용산구 이태원로54길 48 커피 친구가 아는 사장님이라 방문한 컨템포러리원이에요 길가다가도 눈에 확 띄는 입구의 컨템포러리1 평소엔 대기가 있는지 대기 의자도 있구요 커다란 작품이 있는 문이 정말 시강 ! 말라깽 친구는 뭘 해도 예쁘게 찍혀요 ㅎㅎ 밝은 원목색 디자인가구들로 꾸며진 공간이에요 뭔가 나무가.. 흐르는 듯한 느낌?? 테이블들도 특이해요 카운터 쪽 디스플레이가 눈길이 끌더라구요 여기 드립커피 맛집 맞나봐요 잔이 너무 특이했는데 드립용이 아니라 잔용이더라구요! 겨울에 보고 왔던 데이비드 슈리글리 굿즈들이 있어 반가웠어요 ㅋㅋㅋㅋ별 거 아닌거 같은데 눈길이 가는 작품들 메뉴부터 주문해볼까요. 여긴 핸드드립 맛집이에요! 일반 기계추출이 아니라 더 특별한 곳. 기계보단 오래걸리지만 그만큼 특별하니까👍🏻 친구는 핸드드립 커피1, 전 여기 밀크티가 특별하대서 밀크티1, 이름이 특이한 호눌룰루 1 딸기 스콘, 딸기치즈케이크 (지금 철이 아니라 있는지 모르겠어요) 리코타 치즈 파운드, 초콜렛케이크 커피 많이 마실 예정이라 디저트 종류는 패스했어요 아! 안쪽에도 공간이 있어서 테이블이 5-6 개쯤 있어보였는데요 사람이 너무 많아서 사진 실패 찍어도 된대서 허락받고 찰칵. 내려주시는 모습이 멋있어용☕️ 저 분에겐 노동😳 매번 내려주시기 어려울 것 같아요. 감사히 먹어야지 우왕 잔도 예쁘고 색감이 너무 예쁜 음료들. 드립커피 맛은 뭐 말해모해. 넘 고소하고 맛있죠 따뜻한 음료도 저 잔에 담아주세요 ! 밀크티가 정말 특별한 맛. 열대과일 맛이 난다고 했는데 정말이었어용 . 처음 먹어보는 종류의 밀크티 였어요. 뭔가... 여행가서 더운 동남아에서 찾은 고급카페에서 먹는 느낌이랄까(이게 맞나🫣🫣😳) 특별한 맛의 밀크티가 드시고 싶다면 강추 망고와 파인애플 베이스의 청량한 에이드 호놀룰루. 이름이 왜케 하와이 같아요🫥 ㅎㅎ 보기만해도 달달 상큼할 것 같은 호놀룰루 룰루루랄라루 무난하게 여성들이 다 좋아할 맛이에요! 아인슈페너 느낌의 라떼는 저 당시에 메뉴 기획중이라고 한 잔 주셨어요 개이득. 둘이서 네잔 오늘 잠 다잤드아 ㅎㅎ 지인찬스는 끝도 없네유 선물이라도 원두도 주셨어요! 지금이면 신나서 받아왔을텐데 ㅎㅎ 원두 갈아서 내려먹을 자신이 없어서 전 패스 ㅎㅎ 미술관 같기도 한 한남동 드립커피 맛집 카페 컨템포러리1 후기였습니다 ❤️‍🔥 네 잔 배부르게 마시고 나와서 구경구경 하러 걸었어요 요기 매장 이름이 기억 안나요. 오래된 전통 가구들을 재해석해 공간을 꾸며 놓은 게 재밌었어요 특히 맨 위의 테이블 신기해 미리 예약한 친구 덕에 구찌가옥도 구경했어요 👍🏻 날 좋은 요즘 한남동 가시면 맛있는 것도 많고 거리 구경하기도 좋고 데이트 많이많이 하세요💘 #컨템포러리원 #컨템포러리1 #한남동카페 #한남동커피맛집 #한남동드립커피 #한남동밀크티 #이태원카페 #현대카드뮤직라이브러리근처카페 #한남동근처카페"
한남동 갤러리 카페 :: 컨템포러리1(kontemporary1)_KONTEMPORARY KOFFEE,"#한남동카페 #이태원카페 #한남동분위기좋은카페 컨템포러리 1 (kontemporary1) KONTEMPORARY KOFFEE 한남동에서 약속이 있던 날. 역시나 사람이 많았습니다. 한남동에는 역시 핫플이 많아요. 그대신 사람도 많죠^_____^ 간단히 점심을 먹고, 카페를 찾아 떠났는데, 역시나 자리가 다 없습니다. 그렇게 떠돌다가 외관이 아주 멋있는 카페를 발견! 웬일로 자리도 있더라고요. 그래서 얼른 들어가보았습니다. 50m © NAVER Corp. Kontemporary1 서울특별시 용산구 이태원로54길 48 한남동 맛집이 많은 그 거리에 근처에 있습니다. 외관이 누가봐도 나 갤러리카페라고 자랑하고 있습니다. 이 사진을 못 찍어온 게 한.. 매일12:30~21:00 핸드드립 커피와 미술작품을 함께 즐길 수 있는 곳! 회전문처럼 생긴 게 너무 멋있어서 고른건데, 거기서 안 찍고, 그 옆에서 찍은 거 실환가 ㅋㅋㅋㅋㅋㅋㅋㅋ 아니ㅠㅠㅠㅠㅠ 왜이랬어... 여튼 외관부터 요즘 갬성 느낌 납니다. 내부 공간. 옆쪽에 사람들이 있어서 숨어서 찍었어요 ㅋㅋㅋㅋㅋㅋㅋ 여기서 보입니다. 제가 보고 들어온 회전문!! 너무 예쁘죠!! 근데 좌석이.. 너무 높거나 너무 낮음.. 의자가 딱딱함. 너무 예쁘나 오래 있기에는 다소 힘든 단점이 있습니다ㅋㅋ 카운터 쪽. 갤러리 카페인 만큼 엽서와 컵들도 너무 예쁨... 컵이 이렇게 다양하게... 이거 전체 저희 집에 가져다 놓으면 안 되나요. 따로 팔고 있는 듯한 MD상품들. 한남동카페 힙하다힙해. 메뉴판입니다. 메뉴는 다소 심플합니다. 핸드드립 커피와 티, 디저트 등 케이크 종류들. 케이크 하나 먹고 싶었지만, 다이어트 중이라 눈 앞에 두고 음료만 시켰어요... 두고두고 아쉬울 거야.... 내부를 더 담아봅니다. 카페인 듯 작은 갤러리 인듯 분위기가 참 좋습니다. 저희는 낮은 테이블에 앉았는데요, 근데 너무 낮아ㅠㅠ 요즘 카페는 이렇게 숙이고 먹어야 한다는데 ㅋㅋㅋㅋㅋ 이게 힙한 거 맞죠? ㅋㅋㅋㅋㅋ 음료는 그래도 생각보다 맛있습니다. 특히 역시 핸드드립 커피라 그런지 굉장히 맘에 들어 했어요. 산미 가득한 핸드드립으로!! 잔도 너무 예쁘죠. 이 잔도 하나 가져다 놓고 싶다~~ (물욕 한 가득^^_) 한남동카페 재생 0 좋아요 0 00:00 00:00  한남동카페 요것은 저의 에이드. 시럽만 들어 가지 않고, 청도 함께 넣으신 듯! 에이드도 맛 괜찮아요. 자리가 조금 불편했던 것만 빼면, 커피 맛도 좋고, 분위기도 좋아서 다음에 재방문 의사 있음 ㅋㅋㅋㅋ!!! 한남동 카페 찾으신다면, 추천하고 가요-"
한남동 갤러리 카페 : 컨템포러리1,"한강진역 카페 컨템포러리1 서울 용산구 이태원로54길 48 매일 12:30 ~ 21:00 오랜만에 다녀온 한남동 카페 거리! 한남동에 있는 카페는 많이 부셔서 새로 생긴 #마일스톤한남 카페에 다녀오려 했는데 웨이팅 줄을 보고 바로 후진 ㅋㅋㅋ 컨템포러리는 한남동 카페거리 #알밤 맞은편에 있다 내부로 들어오면 이렇게 높이가 제각각인 우드 테이블과 의자, 화사한 느낌의 연노란색 벽, 그리고 알록달록한 그림들과 큰 거울이 있다 거울로 인해서 내부가 엄청 넓어 보이는 효과가 있음! 노란색과 알록달록한 그림들, 그리고 독특한 테이블 때문에 약간 외국 유치원 느낌이 난다 ㅋㅋㅋㅋㅋ 겉옷도 걸어놓고, 아기자기한 갬성 때문인지 더 유치원에 온 듯한 느낌 ^__^ 외관만 봤을 때는 뭔가 난해한 그림들이 많을 것 같은데 막상 들어와 보니 알록달록 귀여운 그림들이 많음! 컨템포러리1 메뉴판 핸드드립, 티, 디저트 등이 있는데 핸드드립 전문점인지 제일 기본적인 아메리카노, 라떼가 없었고 핸드드립(원두 선택), 라떼는 콜드브루 라떼가 있음! 핸드드립과 밀크커피 컵 디자인도 신기하다 ㅎㅎ 바닥 부분도 독특한데 블로거의 본분을 잊고 내 머릿속에만 저장했다..ㅎㅎ 드디어 먹어본 노티드 박스도 한 장 ^.^ 핸드드립 커피는 보기와 달리 꽤 진했다!! 핸드드립 커피 전문점 맞는 것 같네요~ 밀크커피, 하우스 블렌드를 베이스로 한 콜드브루 라떼 잘 저으니 약간 믹스커피색이 나왔다 ㅎㅎ 특유의 콜드브루 맛을 선호하지 않아서 고민했는데 (콜드브루 맛은 크게 느껴지지 않았고) 기존 라떼와는 맛이 달라서 꽤 괜찮았다 :-) 안쪽 자리는 약간 소리가 울려서 조금 정신없는 것 같기도 하다..ㅎㅎ 50m © NAVER Corp. 컨템포러리1 서울특별시 용산구 이태원로54길 48"
[컨템포러리1] 한남동 갤러리카페 / 독특한 이색카페,"안녕하세요 한별입니다! 얼마전 매우 추웠던 날! 오랜만에 전직장 동료를 만나서 한남동 카페를 다녀왔어요! 갤러리카페 답게 외부에서부터 아우라~ 가게 앞 컨템포러리1만의 갬성 테이블 이 전부터 꼭 가보고 싶었던 한남동 컨템포러리1 갤러리카페로도 유명하구요, 지나가다보면 큼지막한 갤러리사진이 눈에 확튐! 내부는 무슨 사막같은 테이블과 조형물 가득~ 이때는 2021년이라 달력이 12월이네요..! 노랑노랑하면서 테이블도 나무종이들로 만들어 진것 같기도하고,, 암튼 매우 독특함! 일반전으로 음료 메뉴는 6-7천원대 그리고 드립커피가 대표메뉴였던게 인상적! 친구랑 주문한 에이드와 초코우유 에이드도 상콤달콤하니 식후 먹기 좋았고 초코우유는 꽤 단편! 이날은 커피를 두잔이나 마셔서ㅜㅜ 그 유명한 컨템포러리1 드립커피를 못먹어본게 너무너무 아쉽지만! 다음에 또 와볼꺼기 때문에, 오늘은 요렇게 마무으리 😋 50m © NAVER Corp. 컨템포러리1 서울특별시 용산구 이태원로54길 48"
[용산구/한남동] 한남 컨템포러리1 갤러리카페,"이 블로그에 사용되는 모든 사진과 글은 Junique에게 저작권이 있습니다. 무단도용 및 불펌 시, 법적인 처벌을 받을 수 있습니다. 컨템포러리1 010-6390-5070 서울 용산구 이태원로 54길 48 매일 12:30 ~ 21:00 50m © NAVER Corp. 컨템포러리1 서울특별시 용산구 이태원로54길 48 올해 봄에 다녀왔던 갤러리카페, 컨템포러리1. 굉장히 눈에 띄는 외관을 가지고 있는 컨템포러리1. 거대한 미술작품이 문처럼 되어있어요. 봄이었지만 진짜 숨막힐듯한 더운 날이어서 목도 축이고 쉬어갈 겸 들어가봤어요. 갤러리카페 답게 내부가 아름다웠어요. 테이블이나 의자도 감각적이구요. 그 옛날, 미술관에서 근무하던 시절이 생각나네요. 미술관 사무실도 약간 이런 느낌이었거든요. 테이블에 숨은 공간이 있었어요. 소지품을 두는 곳인 거 같아서 제 가방을 두었는데 사이즈가 딱이네요. #컨템포러리1메뉴 #컨템포러리1메뉴판 일러스트가 매력적이네요. 판매용 상품이었어요. 디저트 비주얼이 아주 좋아요. 쇼케이스에 담겨있는것 만으로도 시선을 잡아끄는 아름다운 디저트들. 진짜 슬프네요.. 메뉴가 기억이 나지 않아요. 좌측메뉴는 핸드드립 아이스 아메리카노인데 콜롬비아인지 케냐인지 도저히 기억이 나지 않아요.. 2021년 05월에 방문했거든요. 이해 부탁 드립니다. 아무튼 핸드드립이라 진짜 맛있어요. 크림커피 7,000원 정말 고급스러운 달콤함을 자랑하는 커피인데 무척 마음에 들었어요. 5월에 교정기 제거하고 얼마되지 않았을 시점이라 환하게 웃고 있네요. 컨템포러리1 크림커피 정말 맛있었어요. 이 날 모자 챙겨가길 잘했어요. 낚시꾼 같아서 잘 안 쓰는데 이 모자 없었으면 햇살에 타죽을 뻔; 데이트를 마치고 5월의 햇살을 즐기는 견공을 만나 한 컷 찍어봤어요. 늠름하고 잘생겼더라구요. 한남동 갤러리카페 컨템포러리1 추천해요!"
"@ 용산구 한남동 갤러리 카페, 컨템포러리1.","작년 5월 황금연휴에 한남동 갔다가 어마무시한 웨이팅과 인파를 겪고 나서 빨간 날에는 한남동에 가지 않겠다는 다짐을 했으나 빨간 날 아니면 웬만해선 올 수가 없는 게 단점 그래서 이번에도 토요일에 왔더니... 황금연휴보다는 덜했지만 아니나다를까 카페 자리 잡는 게 보통 힘든 일이 아니었다 😇 그나마 이 카페 바리스타분 바로 앞 스툴 자리가 있길래 들어갔는데 운좋게 안쪽에 있던 사람들이 나가서 잽싸게 창가 자리에 착석! 갤러리카페답게 내부 구조랑 가구가 범상치 않았다. 사람만 너무 많지 않았으면 사진 그대로 작품이 될 것 같은 예술적인 느낌 인스타 보니 아트 컬렉팅 쪽 회사에서 운영하시는 것 같다! 인스타 피드도 예술적... 의외로 공간이 넓어 보인다 싶었는데 거울이 있어서 앗 아니구나... 했는데 거울 오른쪽으로 공간이 쑤욱 있어서 앗 맞구나... 했던 귀여운 반전의 공간 그치만 너무 다닥다닥 붙은 느낌이라서 중간에 투명 가림막이라도 있었으면 좋겠다는 아쉬움이... 사람 많은 와중에 그나마 괜찮았던 창가 자리 옆으로 지나가는 사람 구경하기에 참 좋은... 엽서랑 머그컵이랑 텀블러 등등 뭔가 전시회 온 것처럼 꾸며둔 느낌이었다. 원래 앉으려던 바 테이블에 있던 요걸 보고 열심히 고민하다가 마롱 몽블랑을 먹자! 했는데 시즌이 지나서 나오지 않는다고 ㅠㅠ 그래서 딸기 스콘이랑 다른 케이크를 고민하다가 그쪽을 골랐는데... 문제는 이 케이크가... 메뉴판에도 안 나와있고 따로 이름 나온 거 사진도 안 찍었다... 😇 컨템포러리1 메뉴판 케이크에 1인 1음료 기본이쥬 따로 아메리카노가 없어서 친구는 핸드드립 중 하나를 골랐고 나는 밀크 커피 아이스 주문. 이름도 가격도 알 수 없는 이... 케이크... 예상하는 것처럼 초코가 기본 베이스인데 먹다 보니 안에 중간중간 레몬인지 오렌지인지가 들어있었다. 과육이 딱 있는 게 아니라 그 마멀레이드 잼 먹을 때 보면 곳곳에 작게 형태가 남아있는... 그런 느낌으로다가. 체리의 맛도 나서 블랙 포레스트 케이크인가 싶기도 했고... 근데 뭔가 질감이 되게 애매했다. 완전 꾸덕한 건 아닌데 그렇다고 부드러운 건 또 아니어서 포크로 먹을 때 좀 불편하기도 했고... 다 먹지는 못하고 나왔다 😥 밀크 커피(ICE) \6,000 '밀크커피' 라고 하면 아무래도 자판기 커피나 맥심이 제일 먼저 떠오르는 편이긴 하지만 여기 밀크 커피는 콜드브루 라떼다. 잔에서도 느껴지는 갤러리카페의 아우라... 내 입에는 그냥 무난한 라떼였다. 콜드브루가 진하지 않은 편이라 그런지 보통 먹는 콜드브루의 맛이 많이 느껴지지는 않아서 좀 가벼운 느낌으로 즐기기 좋은 듯. 창밖을 보는데 요기서 어떤 여자분들이 사진을 엄청나게 찍더라구... 그래서 따라해봤으나... fail...ㅋㅋㅋㅋㅋㅋㅋㅋㅋ 컨템포러리1 서울 용산구 이태원로54길 48 010.6390.5070 MON-SUN 12:30~21:00 @kontemporary_koffee님이 Instagram을 사용 중입니다 • 804명이 @kontemporary_koffee님의 계정을 팔로우합니다 팔로워 804명, 팔로잉 1명, 게시물 157개 - KONTEMPORARY KOFFEE(@kontemporary_koffee)님의 Instagram 사진 및 동영상 보기 instagram.com"
한남동 카페거리에 있는 컨템포러리1,안녕하세요 프로 카페탐방러 딩동입니다 오늘은 한남동 카페거리에 있는 컨템포러리1를 다녀오게 되어 포스팅 하게 되었습니다! 컨템포러리1 🕛 매일 12:30 - 21:00 📞010-6390-5070 📍 이태원로54길 48 50m © NAVER Corp. 컨템포러리1 서울특별시 용산구 이태원로54길 48 포토존이 있길래 친구에게 비밀로 하고 사진을 찍었는데 걸렸으면 바로 삭제 당했을듯 합니다 ㅎㅎ 카페 컨템포러리1의 메뉴판 바로 나갑니다 그리고 디저트류가 다양하게 있었는데 밥을 먹으러 가기전에 카페를 들렀던터라 디저트를 못먹어서 너무 아쉬웠어요 딸기 스콘도 있었는데 비주얼만 봤을때는 토스트에 계란을 깐 계란빵 비주얼이라고 생각했답니다 치즈파운드도 앙버터처럼 생겨서 군침이 돌았어요 모든 디저트류를 한 입씩 다 먹어보고 싶었던 ㅠㅠ 기둥 한켠에는 6월 달력이 있었는데 이제 7월로 바뀌어 있을것 같아요 ㅎㅎ 벽에 걸어놓은 캘린더와 머그컵을 직접 살 수 있어서 원하시는 분들은 없어지기 전에 겟겟 하세여! 귀염뽀짝하게 생겨서 집으로 데려오고 싶었는데 놓을곳이 없어서 고민만 수백번하다가 놓았습니다 ㅠㅠ 안쪽에도 더 많은 자리가 있어서 한남동 카페거리에 자리가 많이 없는데 컨템포러리는 자리가 넉넉히 있으니 무더운 여름에 멀리 돌지 마시고 이쪽을 선택하세요! 추운 겨울에는 패딩을 입고 오거나 가을쯤에는 코트를 입잖아요? 그럴때를 대비해서 창가쪽에는 한남동 카페거리가 잘 보이는 곳이라 날씨 좋은날에 이쪽에 자리를 잡으면 좋답니다 한남동 카페거리의 컨템포러리 정문은 예술작품처럼 보였어요 그리고 제가 주문했던 호놀룰루 에이드랍니다 망고와 파인애플이 들어가있어서 상큼하면서 탄산이 톡톡터지는게 입가심으로 아주 제격이였답니다 :) 오늘의 한 줄 평 디저트 먹어보러 또 가야지
[베리굿웨딩/결혼준비/웨딩플래너 추천/장효진플래너/바바라스키친/컨템포러리1/연희동 마우디/한남동맛집/아이라이크마운틴/애견동반 고양시 카페],울 엄마미 생일선물 🎁 제뤼 아니고 루이비통 이쁘당 우리엄마한테 찰떡 #배드민턴레슨 #배린이 #배드민턴 #은평구배드민턴 레슨을 시작했답니당! #베리굿웨딩 스드메 상담받으러! 경은이 담당해주셨던 효진플래너님 진짜 맘에 쏙 🥹❤️ #한강진역맛집 #한남동맛집 #이태원맛집 50m © NAVER Corp. 바바라스키친 서울특별시 용산구 대사관로5길 17 1층 짜장떡볶이랑 순대! 존맛탱 ;; 또 먹구싶엉 카페왔슴둥! 50m © NAVER Corp. 컨템포러리1 서울특별시 용산구 이태원로54길 48 #컨템포러리1 #이태원카페 #한강진역카페 여보랑 >_< 우리애기 미용중 ㅜㅜㅋ 원장님이 사진찍어서 보내주심 ㅜㅜㅋ 귀여워서 기절이연 뚜둥……!!!!! 프로포즈 선물받았둠 ♥ 갑자기 뭔데 진짜🥹❤️ 주면서 2차 3차 선물도 있을수도 있다면서 ㅋㅋㅋㅋㅋㅋㅋㅋ♡ 너무너무 잘들고 댕기는중! 고마워 여봉 ♡ 하늘탱씨 우리동네 놀러오심 운전해서 울동네 왔는데 느낌이 이상했댜 왜냐 우린 진짜 아가때부터 같은동네에서 커서 ! 하늘이가 운전해서 나를 만나러온다? 충격 그 자체 어느새 리얼 어덜트가 되어버린 내 칭구 ♥ (내 기준 운전 잘하면 리얼 어덜트임 ㅠ) 울 동네 카페가서 수다떨다가 저녁 먹을 시간이라 #이상향 갔다! 맛있게 먹구 수다 신나게 떨구 빠빠잉 ♥ 웅 안돼~ 내가 밥해줄께~ #1등신부감 나야 나 예비사위가 사준 신발 잘 신고 댕기는 울 아빠 ㅋㅋ #연희동맛집 #마우디 연희동 왔다가 밥 뭐 먹을까 했는데 급 들어간 곳!!! 엄청난 맛집이었댜 식전빵부터 존맛탱씨 감튀 스테이크 뇨끼 먹었는데 조금도 안남기고 다 묵었다 진짜 맛있었음 또 가고싶은 곳 안눙! 구경할거리 가득한 카페!! 1층은 카페 2층은 옷도 팔고 야외자리에서 간단한 게임기구도 있고 이날 날씨가 적당해서 야외자리에서 먹음! 바지랑 바람막이 득템하심 아쉽게도 남성의류 전문! 우리 ♡ 저녁늦게 민정범규네 만나서 카페에서 잠시 수다타임 ㅋㅋ 이제는 없어진 #브릭하우스 …..쥬륵 한나언니랑 언니남자친구분이랑 우리커플이랑 같이 밥먹은 날! 진짜 맛있게 먹었는데ㅠㅠ 이 날 수다 떠느라 제대로 못먹어서 또 먹으러 올라했는데 너무 아쉽다고용 #아이라이크마운틴 #고양시카페 #애견동반카페 우리 제리랑 포비 데리고 카페!!! 50m © NAVER Corp. 아이라이크마운틴 경기도 고양시 덕양구 고양대로2002번길 29 진짜 이 긔염둥이들 어쩔티비? 진짜 미치겠음ㅜㅜ 간식앞에서 얌전해지는 그들 특히 이제리 ^^ 자기네 댕댕이 우리 포비 사랑해 ♡ 사랑해 우리 애기들 ♥
한남동 컨템포러리1 Kontemporary1 비밀의 문 열고 용산 갤러리카페로,"한남동 컨템포러리1 Kontemporary1 비밀의 문 열고 용산 갤러리카페로 안녕하세요 말차입니다 :) 평소 미술이나 전시에 큰 관심은 없는 편이었는데 한남동 컨템포러리1 Kontemporary1 이 용산 갤러리카페로도 유명하더라구요! 사실 들어갈 때는 몰랐거든요ㅋㅋ 비밀의 문 같은 출입구가 신기해서 이끌리듯 들어갔는데 유명한 갤러리카페여서 이렇게 포스팅해보려고 합니다! 한남동에 오랜만에 약속을 나갔던 날 원래 저의 스타일대로 갈 곳을 다 알아봤거든요 그런데 갑자기 비가 쏟아지고 원래 가려던 곳은 테라스가 있는 카페여서 어디를 갈까 돌아다니다가 비밀의 문을 발견했어용ㅋㅋ 와 이게 뭐야?? 하며 들어갔던 기억이 나요 돌아가는 대형 문에도 그림이 있었는데요 이때까지만 해도 갤러리카페인줄 전혀 몰랐어요,,,ㅎ 카페 내부에서 나오는 은은한 조명에 이끌리듯 한남동 컨템포러리1 Kontemporary1 카페로 들어갔어요 밖에서 문을 바라보면 요런 느낌 +0+ 힙하고 예술적이지 않나요? 되게 처음 와보는 느낌의 카페라 아주 신선하고 이색적이었어요 들어오자마자 또 거울이 있어서 뭔가 공간이 왜곡되어보이기도 했어요ㅋㅋ 기억에 남는 테이블과 공간, 그림이었습니다 벽면에도 다양한 그림들이 걸려있었는데요 용산 갤러리카페인줄 알았다면 컨템포러리 그림들 좀더 자세히 보고올걸 싶네요ㅠㅠ 카운터 겸 주방 쪽에는 벽면을 가득 채운 컵이 눈에 띄었어요 굉장히 아티스틱하네요 +0+ 그러고보니 Kontemporary는 무슨 뜻일까요.. c를 k로 바꾼 이유가 뭘까요.. 뒤에 1은 굳이 왜 붙인걸까요.. 모든게 아리송했던 한남동 카페 컨템포러리1 저희는 밀크티와 핸드드립 아이스 커피를 시켜봤어요 아직 커피맛을 잘 모르지만 블랙 커피 원두 종류가 많아서 취향 따라 골라먹을 수 있겠더라구용! 힙하고 통통 튀는 공간에 자리를 잡아봤어요 현대미술 전시회 같기도 했던 용산 한남동 갤러리카페 컨템포러리1 잔이 너무 귀엽지 않나요?0? 마테 블랜드 티를 냉침한 디카페인 밀크티는 향이 진짜 너무 좋았어요 그리고 깔쌈하고 깔끔한 끝맛이 밀크티 맛집이구나!! 아메리카노도 맛있다고 하더라구용!! 티코스터도 너무 귀엽고 힙했어요ㅋㅋ 같이 시켜본 디저트도 연유? 같은 게 뿌려져 있어서 달달하고 맛있더라구요! 아메리카노와 밀크티랑도 잘 어울리고~~ 한남동의 여유로운 감성이 잘 느껴지는 용산 갤러리카페 컨템포러리1 비밀의 문을 열고 들어가는 한남동 Kontemporary1 에서 맛있는 디저트 먹구 갑니댱ㅎㅎ Kontemporary1 주요정보 주소. 서울 용산구 이태원로54길 48 지번. 서울 용산구 한남동 683-47 전화. 010-2606-0139 영업시간. 매일 12:30 - 21:00 (월, 화 휴무) 5m © NAVER Corp. 컨템포러리1 서울특별시 용산구 이태원로54길 48 Kontemporary1 서울특별시 용산구 이태원로54길 48 #용산카페 #용산구카페 #이태원카페 #한남동카페 #예쁜카페 #분위기좋은카페 #갤러리카페 #디저트카페 #힙한카페 #사진찍기좋은카페 #용산갤러리카페 #한남동예쁜카페 #이태원역카페 #한강진역카페 #카페추천 #컨템포러리1 #Kontemporary1"
한남동카페 - 컨템포러리1,"한남동 갤러리카페 컨템포러리1에 다녀왔어요! 사실 나와서 갤러리카페라는걸 알았지만..ㅋㅋㅋ 근처에 맛집 웨이팅하면서 기다릴카페찾다가 우연히들어갔거든요! 벽에있는 문양이 그냥 회전벽인줄알았는데 작품이었더라구요! 저앞에서 사진을 찍었어야하는데!! 까비 저희는 크림커피 7000원 밀크티 6000원 요렇게 주문했어요! 자리가 딱 하나 남아있어서 앉았어요 인기만점 카페더라구요! 컵이 너무 특이했어요! 크림커피 가득채워주지ㅋㅋㅋ하는 아쉬움이었지만 크림도 커피도 맛있었고 밀크티는 과일향?나는 새로운 밀크티였어요! 아주잠깐 들어갔다나와서 사진을 많이 못찍었지만 잠깐 즐기기 딱 좋았던 카페였습니다! KONTEMPORARY (@kontemporary_official) is on Instagram 9,919 Followers, 1 Following, 264 Posts - See Instagram photos and videos from KONTEMPORARY (@kontemporary_official) instagram.com 50m © NAVER Corp. 컨템포러리1 서울특별시 용산구 이태원로54길 48"
한남동 카페 컨템포러리1 / Kontemporary1,"감각적인 입구의 갤러리 카페, 한남동 컨템포러리1 Kontemporart1 예술과 커피를 함께 즐길 수 있는 문화복합센터 컨템포러리 프로젝트 출처: 네이버지도 사진 정보 지금은 추운 겨울이라 문을 닫아놨는데 날씨가 좋을 때는 위의 사진처럼 문을 반쯤 열어 놓더라구요 독특하고 감각적인 카페 입구 때문에 문 앞에서 인증샷도 많이 찍고 오픈과 동시에 인스타그램 핫플레이스가 되었습니다 컨템포러리 위치는 이태원역보다 한강진역에서 더 가깝고 옹느세자매 근처에 있습니다. 자리는 다소 불편해 오래 앉아있기는 힘들지만 카페 인테리어와 가구도 너무나도 감각적이에요. 미술관 겸 갤러리 카페라 카페 안쪽에 전시를 진행하고 있는데 현재 진행 중인 전시는 아래의 컨템포러리 홈페이지를 참고해주세요. https://www.instagram.com/kontemporary_official/ 컨템포러리 가격/메뉴판입니다 간단한 커피와 베이커리 류가 있습니다. 싱글 오리진 핸드드립 (7,000원) 밀크커피 (6,000원) 크림커피 (7,000원) 컨템퍼러리1은 핸드드립커피 전문점으로 커피가 굉장히 맛있네요 특히 핸드드립과 라떼가 정말 고소하고 맛있었어요. 마들렌 (3,000원) 빵도 팔길래 어떨지 궁금해서 시켜봤는데 개인적으로 마들렌은 별로였어요. 한남동 콘템퍼러리1 맛있는 핸드드립커피를 즐길 수 있는 예술과 잘 어우러진 한남동 갤러리 카페입니다. <정보> 전화번호: 010-2606-0139 영업시간: 12:00~22:00 (월요일 휴무) 주소: 서울특별시 용산구 이태원로54길 48 (한남동 683-47) 홈페이지: http://www.instagram.com/kontemporary_official 주차: 불가 50m © NAVER Corp. Kontemporary1 서울특별시 용산구 이태원로54길 48"
[한남동] 컨템포러리1 (kontemporary1),"작년에 다녀왔던 한남동에 위치한 Kontemporary1 카페 들어서기 전부터 미술작품이 배경인 입구에 끌렸던 곳으로, 들어선 내부도 곡선을 이용한 정교한 인테리어로 감탄했던 공간 포토존 역할을 톡톡히 할 것 같은 입구 바리스타 분께서 커피를 직접 내려주시는데, 뒤로 보이는 인테리어가 마음에 들어서 사진도 한 장 남겨놓고 커피도 괜찮았고, 커피 잔까지 곡선을 살린 디자인의 디테일에 감탄했다 오랜 시간동안 편하게 자리하고 있을 수 있는 카페는 아니지만 공간 전체의 통일감과 정교함(개인적인 취향)이 돋보이는 감각적인 공간. 분위기가 좋아서 내 사진도 한 장남기고, 큰 공간은 아니지만 카페 안쪽에는 전시를 할 수 있는 공간이 마련되어있었다. 데이비드호크니의 회화가 아닌 사진이 전시되어있는 것도 마음에 들었고.. 한남동을 찾을 땐 들리고 싶은 카페 중 하나인 컨템포러리1"
[컨템포러리1(Kontemporary1)/한남동] 맛좋은 드립 커피를 즐길 수 있는 갤러리카페,"주말의 한남동 거리를 산책하다가 방문한 갤러리 카페 컨템포러리1. 항상 지나다니면서 궁금했던 공간. 멋진 그림이 전면에 전시되어 있어서 시선을 끌었던 곳입니다. 문을 열고 들어서면 갤러리 카페답게 여기저기 작품들이 걸려있습니다. 드립 커피도 주문하고. 주문하면 커피를 내려주시는데 카페 내부에 기분 좋은 커피 향이 가득 찹니다. 멋진 나무 테이블에서 아이와 함께 커피 한 잔. 저는 향 좋은 드립커피, 아이는 주스. 맛좋은 커피도 즐기고, 멋진 공간에서 작품도 감상하며 시간보내기 좋은 곳입니다. 50m © NAVER Corp. 컨템포러리1 서울특별시 용산구 이태원로54길 48 #컨템포러리1 #한남동컨템포러리1 #갤러리카페 #한남동카페 #한남동맛집 #kontemporary1 #한남동갤러리 #드립커피"
한남동 갤러리 카페 컨템포러리1 kontemporary1,"마카롱이 있던 피에 자리에 피에가 없어지고 새롭게 오픈한 한남동 컨템포러리1 kontemporary1 여기는 갤러리 카페로 외관부터 아트적인 측면을 확인할 수 있었는데 이 때문인지 오픈때부터 많은 사람들이 방문하면서 오픈 즉시 핫플이 되었었다 그나마 지금은 오픈때보다는 덜 해졌지만 그래도 여전히 인기많은 한남동 갤러리 카페 컨템포러리1 저 외관에 크게 걸린 그림, 지금은 겨울이라 닫힌채로 고정이 되어있지만 오픈 당시였던 여름엔 활짝 열려 테라스 느낌도 연출하면서 그림 자체가 문으로 굉장히 독특하고 매력있는 도어 역할을 해냈었다 저 문이 포토존 역할을 해주기도 하면서 굉장히 핫플 역할을 했었지 사실 오픈때도 두번인가 세번 방문을 했었는데 그 때 마다 자리가 없거나 자리가 있어도 일행이 그냥 다른데 가자는 등 아무튼 계속 들어갔다 나오기 일쑤였는데 이번에 방문했을 땐 다행히 착석해 커피를 맛 볼 수 있었다 아직도 인기가 많은 이곳은 다행히 들어갔을 때 자리가 남아있어 운좋게 앉았지만 이후 웨이팅이 생기기도 했다 그나마 다행이였던건 웨이팅 리스트에 번호를 적으면 자리가 생겼을 때 전화를 해주시니 다른데 있다 와도 돼서 이건 다행 ㅎㅎ 밖에서 언뜻보면 굉장히 넓어보이는 내부 사실 넓어보이는 내부의 비밀은 안쪽 대형 거울에 있다 ㅋㅋ 벽면 가득한 거울이 매장 내부 전체를 비추고 있어 마치 매장 크기가 두배로 넓어보이는 효과가 있었음 때문에 자리가 많을거라 생각하고 들어왔다가도 아 거울이였구나.. 하고 나갈 수 있다 ㅎ 문이 활짝 열려있던 여름에 오나 닫혀있는 겨울에 오나 분위기는 한결같이 좋았던 한남동 컨템포러리1 바닥 카펫의 색과 벽면의 색, 그리고 의자와 테이블 가구들의 색까지 한가지 색으로 통일해 그 분위기가 정말 따뜻하고 마음에 든다 그리고 외관에서 보이는 문만이 아니라 여기가 진짜 갤러리 카페인 이유 매장 가장 안쪽에 진짜 사진 작품들이 전시되어 있다 매번 작품이 달라지는지는 모르겠지만 아무튼 구경도 할 수 있고 전시품목들은 판매도 같이 되고 있다 이렇게 나란히 나열된 액자들 중 군데군데 비어있는 공간의 인쇄물들은 판매되어 주인을 다시 찾아간 작품들이 있던 자리겠지 ㅎㅎ 작품 감상을 잠시 하고 다시 카운터로 돌아와서 여기 커피를 내리는 카운터 뒷 벽면을 제작해서 컵들이 쭉 나열되어 있는데 이 유리잔들을 사용하기도 하겠지만 인테리어의 한 부분으로 제작을 한 것 같았다 그도 그럴게 이 부분이 정말이지 너무 예쁨 유리잔의 그림자까지도 정말 예쁘다 한남동 갤러리 카페 컨템포러리1 메뉴 이곳은 머신을 사용하지 않는 핸드드립 커피 매장이였는데, 이 때 개운함이 필요했어서 케냐를 아이스로 주문했다 커피메뉴 말고도 논커피 메뉴들이 더 준비되어 있었다 그리고 간단한 디저트류도 갖춰져 있었는데 이렇게 빵 메뉴판도 따로 있었음 ㅎㅎ 이 땐 빵을 제대로 보지 않았는데 이제와서 읽어보니 솔티드 카라멜 머핀 맛있을 것 같다 자리가 카운터 앞 바자리? 딱 한자리 남아 카운터에 걸터앉는 느낌으로 앉아 커피내리는 모습을 바로 눈 앞에서 확인할 수 있었다 이 자리 이대로도 매력적인 자리인듯 한남동 갤러리 카페 컨템포러리1 kontemporary1 재생 35 좋아요 0 00:00 00:12  내가 주문한 커피가 눈 앞에서 실시간으로 내려지는 중 ㅎㅎ 맛있게 나오렴 드립이 내려지는 광경을 한참 멍하니 바라보며 시간을 보내다 잠시 뒷자리의 사람이 나가 테이블과 의자를 구경했는데 여기 직접 다 제작한 가구들이겠지? 디자인부터 마감처리까지 굉장히 매력적인 가구 디자인이엿다 여기는 가구 디자인 자체에서 나오는 인테리어 분위기도 참 좋음 구경을 하는 사이 내 케냐 드립 완성 잔도 호리병같은 잔에 멋있게 담아주신다 원두 설명에 grapefruit, plum, honey 가 적혀있어 과일맛들이 나열되어 있어서 달콤한 산미를 즐길 수 있을 것 같아 선택한 원두 여기 커피 맛집이네요 ㅎㅎ 다녀온 친구들마다 커피가 맛있었다 맛없었다 호불호가 갈려서 궁금했는데 아마 자기 취향에 맞는 원두를 잘 선택한 사람은 맛있었을거고 취향과 다른 원두를 선택한 사람은 실망했던거겠지? 나는 호에 가깝게 정말 만족하며 먹었다 ㅎㅎ 분위기 좋고 구경할 부분까지 많은 한남동 갤러리 카페 컨템포러리1 단순 핫플이라 찾아오기보다는 이 분위기를 즐기고 커피를 즐기러 오길 추천한다 50m © NAVER Corp. Kontemporary1 서울특별시 용산구 이태원로54길 48"
"[한남동 카페] 솔티드 카라멜 머핀이 맛있었던, 컨템포러리1 kontemporary1","한남동 카페 _ 컨템포러리1 한남동 카페를 이리저리 찾아보던 중 인상적인 외관에 꽂혀 바로 여기로 콜 ~~ 위치 50m © NAVER Corp. Kontemporary1 서울특별시 용산구 이태원로54길 48 한강진역 3번출구에서 걸으면 10분도 안걸림 갤러리 느낌 물씬 풍기는 외관 저 커다란 그림이 회전문처럼 움직이긴 하지만 출입문은 왼쪽에 있는 유리문이라는거 ~~~ ! 메뉴 & 가격 여기 커피가 유명한 것 같았는데 나는 쿠스미티 시킴,,ㅋ 영재는 웬일로 밀크커피 ~~~~ 간단한 베이커리류가 끝 ! 여긴 커피를 메인으로 하는 곳인가 보다 한쪽 벽면을 빼곡하게 채운 플라스크 유리잔과 틴케이스들 카운터 바로 옆 긴 테이블에서는 이렇게 주문한 메뉴가 만들어지는 과정을 볼 수 있었다 직원분들께서 상의를 화이트톤으로 맞춰 입고 계셨는데 뭔가.. 프로페셔널해보인다고나 할까? 컨템포러리는 정말,, 카페와 갤러리의 복합 공간이라고 본다 테이블, 의자, 인테리어 모두 유니크 그 자체 ! 쿠스미티 7.0 밀크커피 6.0 솔티드카라멜머핀 5.0 영재는 시그니처메뉴 중 하나인 밀크커피로 주문했고 나는 짧은 서울여행동안 너무 많이 먹은 나를 위해 최소한의 양심이랍시고 디톡스티(쿠스미티)로 주문 ;; ㅋㅋㅋㅋㅋㅋ 쿠스미티는 향긋하니 맛있었고 밀크커피도 고소담백 맛있었지만 베스트메뉴는 솔티드카라멜머핀 ㅎㅎㅎ ! 머핀 속에 들어있는 찐-득한 카라멜이,, 크 핸드드립과 마셨다면 정말 좋았을텐데 ㅠㅠ 아쉽 차랑 커피 마시고 카페 안쪽에 마련된 작은 전시공간도 둘러볼 수 있어 좋았던 컨템포러리 내 뒤로는 웨이팅도 있었는데 리스트에 이름, 연락처 기재해두면 자리가 비었을 때 전화주시는 것 같았다 흔치않은 인테리어에 직원 분들도 친절하시고 맛도 괜찮았는데 의자 스타일이나 좁은 자리 간격이 살짝 불편할 수 있으니 참고하시길 이상 2달 전 다녀온 kontemporary1 후기 끝 - ! 영업시간 낮 12 : 00 - PM 10 : 00 휴일 매주 월요일"
한남동 컨템포러리1,"| 서울 용산구 이태원 / 한남동 카페 외관보고 오오 여기는 뭐지 하면서 이끌린 곳- 열린 문 사이로 보이는 멋스러운 원목 장 여기 가볼까? 하고 들어가보기 ! 데이비드호크니 전시도 가야하는데 T-T 말심,, 보고있나여 핸드드립 전문 카페였다 ! 예뻐,, 이렇게 각 맞춰 오브제에 딱 맞게 짜여있는 것만 봐도 마음이 평온해져 독특한 컵 홀더 여긴 드리퍼도 예쁘네 - 영롱해 카페 전체가 원목의 유려한 쉐잎으로 이루어져있었는데 그 조화가 너무 멋스러웠다 사실 앉아있기에는,, 테이블은 낮고 의자는 높아서 조금 불편하지만 예쁘잖아요? 귀여운 구름같은 테이블들 데이비드 호크니 포토 콜라주 전시중이었다 갤러리 카페였다는 걸 이제야 검색해보며 알아버림,,, 유려한 테이블, 체어들 - 가구도 제작해서 판매하시는 듯 했다 ! 베이지 무드 ♥ 내 음료는 시즈널메뉴로 움파룸파? 그 피크닉 사과주스 맛이라고 해서 시켜봄 음료맛은 ,,, 음 갤러리같은 느낌,, (잘 모르겠는데 잘 모르겠다,, / kontemporary1 컨템포러리1 서울 용산구 이태원로54길 48 (한남동 683-47) 12:00 - 22:00 월요일 휴무 50m © NAVER Corp. Kontemporary1 서울특별시 용산구 한남동 683-47"
한남동 전시도 볼수있는 카페 컨템포러리1 말릭커피,"한남동에 문이 회전문으로 움직이며 몇개월에 한번씩 바뀌는 전시를 보며 커피를 마실수 있는 카페가있다 겨울에는 비록 회전문이 오픈되어있지는 않지만 ㅎ 한남동 컨템포러리1 말릭커피 소개합니다 처음 방문했을때는 데이비드호크니의 콜라쥬작품들이 카페내부 한켠에 자리잡고있었다 한남동에서 전시를보며 커피, 디저트를 즐길수있는 카페라니 .. 그냥 너무 좋다!! 컨템포러리1 말릭커피 음료는 커피위주의 메뉴가 준비되어있었으니 참고하세요 https://instagram.com/kontemporary_official?igshid=xac01hj6mbtf 로그인 • Instagram Instagram 전화번호, 사용자 이름 또는 이메일 비밀번호 로그인 또는 Facebook으로 로그인 비밀번호를 잊으셨나요? 계정이 없으신가요? 가입하기 앱을 다운로드하세요. instagram.com 한남동카페 컨템포러리1 말릭커피에서 진행되는 전시 또는 작품 구입을 원하신다면 위의 인스타주소를 참고하시면 참 좋을거같아요 한남동카페 컨템포러리1 말릭커피에는 옷걸이가 준비되어있어서 겨울에 겉옷을 걸어둘수있어서 진짜 좋았어요 ღ'ᴗ'ღ 내부는 물결치고있는듯한 모형의 테이블들로 꾸며져있었어요 커피잔도 곡선 항아리(?)모양의 잔이였는데 그립감이 좋았어요 ㅎㅎ 커피맛 그냥저냥 괜찮았던 기억이 ㅎㅎㅎㅎ 사실 작년에가서 기억이 나질않아요 흑 한남동 전시도 볼수있는 카페 컨템포러리1 말릭커피 (1) 재생 3 좋아요 0 00:00 00:05  한남동 전시도 볼수있는 카페 컨템포러리1 말릭커피 (1) 한남동 전시도 볼수있는 카페 컨템포러리1 말릭커피 (2) 재생 3 좋아요 0 00:00 00:06  한남동 전시도 볼수있는 카페 컨템포러리1 말릭커피 (2) 지금은 어떠한 작품들로 한남동 컨템포러리1 말릭커피 내부가 꾸며져있을지 궁금합니다 한남동 전시도 볼수있는 카페 컨템포러리1 말릭커피 (3) 재생 1 좋아요 0 00:00 00:07  한남동 전시도 볼수있는 카페 컨템포러리1 말릭커피 (3) 한남동에서 조금은 특별한 카페를 찾는다면 컨템포러리1 말릭커피 kontemporary1 방문해보세요 ◡̈ https://instagram.com/kontemporary_koffee?igshid=1nuy0uafc273 로그인 • Instagram Instagram 전화번호, 사용자 이름 또는 이메일 비밀번호 로그인 또는 Facebook으로 로그인 비밀번호를 잊으셨나요? 계정이 없으신가요? 가입하기 앱을 다운로드하세요. instagram.com"
색다른 분위기를 느끼고 싶다면 콜드브루가 맛있는 한남동 갤러리 카페 컨템포러리1 (KONTEMPORARY1),"카페를 찾을 때 보통 네이버지도에 카페를 검색해서 분위기를 보고 찾아가는 편인데요, 한남동 컨템포러리1은 카페로 검색하면 안 나오더라고요 하지만 지나가다가 되게 분위기가 특이해서 다음에 와봐야겠다는 생각을 했었는데 이번에 기회가 되어서 방문하게 되었어요~ 컨템포러리1 위치는 현대카드스토리지 바로 뒤쪽이에요 50m © NAVER Corp. Kontemporary1 서울특별시 용산구 이태원로54길 48 회전문이 독특한 이곳이 바로 컨템포러리1입니다 회전문이 부담스러우신 분들은 옆에 바로 작은 문이 있으니 걱정마세요 ㅎㅎ 컨템포러리1, 들어가자 마자 보이는 바부터 예사롭지 않죠? 앞에 놓인 잔들과 커피 제품들을 보면 분위기만 좋은게 아니라는 것이 느껴졌어요 컨템포러리1은 일반 커피머신으로 뽑는 커피는 없고 콜드브루 아니면 핸드드립 커피더라고요! 저는 호놀롤루라는 상큼한 에이드와 커피를 고민했지만 역시 직장인은 카페인수혈이 필요하죠,,, 그래서 밀크커피를 선택! 앞쪽에 보면 이렇게 굿즈들도 판매하고 계시더라고요! 컨템포러리1은 테이블이 진짜 특이한데 나무가 겹겹히 쌓인 느낌이 재밌었어요 앞은 바로 통거울이라 살짝 비켜서 찍을 수 밖에 없었네요ㅠㅠ (제가 나와서 민망;;) 안쪽으로 들어가면 요렇게 작은 테이블들과 그림들이 걸려있어요 재미있는 그림들과 예쁜색감이 많아서 구경하기 좋았던 컨템포러리1 끝쪽 테이블에 자리잡고 앞을 찍어봤어요 정말 특이하죠? 이런 영감은 어떻게 얻으시는 걸까요 인테리어의 세계란 정말 무궁무진하다는 생각이 드네요 한국 카페 최고! 주문한 음료가 나오고 저희는 크림커피 호놀롤루 핸드드립커피 밀크커피 를 주문했답니다 ^^ 사실 인테리어가 너무 멋져 커피는 그렇게 기대를 안했었는데 커피를 마시고 깜짝 놀랐을 정도로 맛있었어요! 나머지 분들도 인정했을 정도로 다 맛있었답니다 컵도 너무 특이하고 신선했어요:) 제가 마신 밀크커피는 콜드브루라떼였는데 너무 연하지도 않고 약간 단맛이 났어요 커피가 맛잇다보니 디저트도 궁금해지더라고요 다른 카페에서는 보기 드문 메뉴들이라 다음에 날잡고 디저트까지 먹어보고 싶어요 짧은 시간이였지만 멋스러운 공간에서 시간을 보낼 수 있어서 아주 만족했던 점심이였습니다^^ 컨템포러리1 바로 옆에는 포토부스라고 새로 만들고 있던데 요기는 어떤 곳인지 또 궁금하네요 ㅎㅎ 커피를 좋아하시는 분들도 감각적인 공간을 구경하시고 싶으신 분들도 한남동 컨템포러리1 꼭 방문해보세요!"
[한남동/이태원] 컨템포러리1 내돈내산 후기,"안녕하세요 서울작가입니다 한남동 갈때 적당히 조용하면서 예뻐서 자주 가게되는 카페 컨템포러리원 컨템포러리1 서울특별시 용산구 한남동 683-47 #컨템포러리원 #컨템포러리1 #한남동카페 #한남동컨템포러리1 #한남카페 #이태원카페 #용산카페 #메뉴판 핸드드립커피 , 에이드 , 티, 디저트 등등 꽤 다양하게 구성되어 있어요 저는 호놀롤루 에이드 시켰어요 가격은 6,000원 망고와 파인애플 베이스의 상큼하고 청량한 에이드 라고 하네요 핸드드립 커피보다는 에이드가 제 입맛에 더 맞는 것같아서 에이드를 주로 시켜먹습니다 아직 핸드드립의 참맛을 알지못한 .. 올때마다 분위기가 너무 좋아서 매번 다른 사진을 담아가는 것 같아요 전시도 합니다 핸드드립커피로 유명한 곳이라 친구들은 핸드드립커피랑 라떼를 시켜먹었는데 플라스크같은 예쁜컵에 담아주십니다 전시도 매번 달라요 카운터쪽 벽면은 이렇게 잔으로 가득찬 모습 가게 바로 앞에 포토존도 있어서 사진 남기기에 좋아요 끝"
지디와 태양을 사로잡은 한남동 카페 ‘컨템포러리1 (Kontemporary1)’,"한남동/이태원 전시 카페 컨템포러리1 (Kontemporary1) 나인원 한남에 방문했다가 나인원 한남 산책로를 따라 걷게 되었다. 우연히 마주친 한남동 카페 ‘컨템포러리1’ 입구를 한눈에 사로잡는 작품으로 발길이 닿을 수 밖에 없었다지. 50m © NAVER Corp. Kontemporary1 서울특별시 용산구 한남동 683-47 KONTEMPORARY1 • 주 소 서울 용산구 이태원로54길 48 • 운영시간 12:30~21:00 • 비 고 주차는 어려우니 근처 공영주차장으로! 컨템포러리1 카페 맞은편에 있던 귀여운 포스터들 앞에서 사진도 찍어보고! 따람~✨ 이 멋진 작품이 걸려있는 입구에 사로잡혀서 가던길을 돌려 다시 찾아 들어갔다. 아마도 지디랑 태양도 그랬던것 같다. 나인원한남에 지디가 이사왔다는 기사가 터진 직후라 하루 내내 지디지디를 불렀는데, 진짜로 지디랑 태양이 나타날줄이야. 둘이서 자전거타고 동네를 돌아다니는 모습이 자유롭고 즐거워보였다. 창가를 마주하고 앉아있었는데, 한참을 컴템포러리1 카페를 들여다보고 떠났다. (다시 한번 돌아와서 보고간건 안비밀) 입구에서 작품이 주는 매혹적인 매력이 있는 카페다. 아담한 공간이지만 내부 벽면에 작품들을 전시하고 있다. 사진 촬영도 가능하고 전시 관람도 할 수 있다. 안 쪽에 시간을 즐기는 손님들이 있어 사진은 자제해보았다🤗 아메리카노 밀크라떼 브라우니 자리로 직접 가져다주신다. 요새는 직접 픽업하는 서비스가 많다보니 자리로 가져다주는 서비스가 새롭게 느껴지기도 한다. 컵이 너무 귀엽지만, 설겆이하기 힘들겠다는 대화를 나누고.. 커알못이지만 밀크의 비중이 큰 듯한 담백한 라떼였다. 나의 취향엔 잘 맞았다. 초코가 꾸덕하니 촉촉하고 커피와 함께하기 좋은 디저트였다. 달달합니다. 들어오기 전 사진 찍었던 스마일 포스터가 있는 카페가 보이는 창가. (이곳으로 지디와 태양이 지나갔다지👀) 다음에도 여유롭게 방문해보고 싶은 곳! http://www.instagram.com/heetelie 희 (, keem)(@heetelier) • Instagram 사진 및 동영상 팔로워 52명, 팔로잉 165명, 게시물 279개 - 희 (, keem)(@heetelier)님의 Instagram 사진 및 동영상 보기 www.instagram.com #한남동컨템포러리1 #한남동컨템포러리 #이태원컨템포러리1 #이태원컨템포러리 #한남동카페 #이태원카페 #한남동전시카페 #한남동전시 #이태원전시 #나인원한남카페 #나인원한남 #지디카페 #태양카페"
한남동 Kontemporary1 ( 컨템포러리1 ),"한남동 Kontemporary1 ( 컨템포러리1 ) 컨템포러리1 서울특별시 용산구 이태원로54길 48 매일 12:30~ 21:00 외관의 포토존으로 유명한 갤러리 카페 Kontemporary1 ( 컨템포러리1 ) 오픈 과 마감 시간 입구 이 곳이 포토존으로 한 때, 사람들이 이 앞에서 찍겠다고 난리였다 ( 뇌피셜 ^^ ) 그래도 인스타에서 한번쯤은 보셨을거라 생각한다. 메뉴판 여기도 필터커피로 유명하기도 하기에 케냐 아이스로 주문 디저트 입구로 들어오면 바로 디저트가 보인다 위치가 왜이리 애매한곳에 둔건지.. 이 사진 구도가 최선이었... 직원분들의 공간 특이한 우드의 모양들로 된 이 곳 뒤에 벽면에는 커피잔으로 쓰이는 잔들이 걸려있다 무슨 연구실 같기도 하고 내부 일단은 불편해보이고, 불편한 좌석들 그래도 독특하고 특이한 모양의 좌석들이 눈에 띈다. 테이블과 의자의 높이가 거의 같다 내부 안쪽으로 들어오면 좌석이 몇개 더 준비 되어 있다. 봤을때, 모양은 너무 이쁘다 이쁜데,, 내부에도 걸려있던 갤러리들 갤러리카페인만큼 벽벽마다 걸려 있고, 하나의 구경거리와 재미가 있다 헌데 차분하고 따뜻한 느낌의 카페와 달리 귀여운 그림체의 갤러리라 뭔가 카페와 매치가 안되는 느낌인듯 하다. 뭔가 우아하고 좀 어? 고풍스럽고 그런 그림이 더 낫지 않을까 케냐 KENYA 최대한 블로그 업로드할때, 영상을 하나씩 넣으려고 했는데 너무 의도적인가 커피를 왜 휘젓는건지 😋 필터커피 전문점다운, 소소한 테라스 여기는 정말 좌석을 편하게 이용하려면 키 140정도가 딱 적당할듯하다 ㅠㅠㅜ 아무리 감성 카페가 테이블이 낮아도 그렇죠 요것도 예전의 최제로 필터커피 전문점인만큼 커피는 맛있게 잘 먹은듯하다. 거울도 있고 포토존도 있어 사진 찍기에도 좋다 보기에만 좋은 좌석들과 매치가 안되는 갤러리만 아니었다면 좋았던 곳 카페거리에 있으니, 한번쯤 방문도 좋을듯하다 끝ㅌㅌ"
한남동 ) 샐러드셀러 / 컨템포러리1,"오랫만에 내 최애 샐러드 집 한남동 - 샐러드셀러 50m © NAVER Corp. 샐러드셀러 서울특별시 용산구 한남동 684-24 샐러드셀러 주말이라 웨이팅이 좀 있었지만 금방 들어갈수 있었다 메뉴 여기진짜 먹어본 건 다 맛있었다 다 시키고 싶었지만 신중하게 고민 🧐🤨 더블베리 리코타 샐러드, 애플 루꼴라 샌드위치, 베이컨 칠리카도 샌드위치, 단호박 스프, 음료로는 케일코코를 주문 ❤️ 더블베리 리코타 샐러드 시금치와 루꼴라에 딸기 블루베리, 리코타치즈 피칸 아몬드슬라이스, 피스타치오가있고 발사믹에 꿀을 섞은 소스가 뿌려져있다 너어무 맛있다 ㅠ 피스타치오도 구우셨댔나 졸이셨댔나 무튼 쫀득?꼬들? 더 꼬숩고 과일도 너무 신선하고 발사믹소스도 너무 시큼하지않고 꿀을 섞으셔서 적당히 달달 리코타치즈도 넘 맛있고 그냥 조합이 완벽 맛있는 샐러드의 정석아닐까 ㅜ 사실 이 베이컨 칠리카도 샌드위치가 너무 먹고싶어서 왔다 여전히 맛있구려 허허 여기 샌드위치는 빵이 신의 한수 아닐까 어쩌다 이렇게 맛있게 구워버렸을까 참나.. 아니 근데 단호박스프 왜 독사진이 없지 시나몬 가루랑 단호박스프랑 이렇게 찰떡이라니 달콤하고 부드러운 스프에 시나몬 가루의 풍미를 더하니 자꾸 숟가락이 멈추질 않더라는, 마성의 스프 이 애플 루꼴라 샌드위치를 단호박 스프에 찍어먹었는데 ㅡㅡ ㅡㅡ 너무 맛있어 코코넛밀크와 케일이 들어간 케일코코도 너무 매력적 건강하고 맛있는 점심식사 완료💪🏻 집앞에 있었으면 좋겠다 정 말 루 소화시킬겸 둘러보기 책 색이 예뻐서 사려다가 무거워서 패스 생일카드 몇개 사서 나왔다 한남동 - 컨템포러리1 50m © NAVER Corp. Kontemporary1 서울특별시 용산구 한남동 683-47 커피사진 찍는데 테이블이 나눠져있어서 그런가 남북정상회담느낌 잔이귀엽 허리가 이렇게좀 잘록했으면 ^__^ 녹차파운드랑 브라우니 챱챱 선물받은 반지 너무예뻐 내스타일 💖 도자공방다니는 친구가 만들어준 접시와 마카롱 마카롱도 쫀맛ㅜ 편지는 집에와서 읽고 눈물을 훔쳤다 (Feat.메마른 눈가) +집에와서 먹은 레몬케이크 눈뜨자마자 썰었다 벌써 상큼해🍋 이렇게 썰고 나중엔 케익 숟가락으로 퍼먹음 ^^; 맛있어 ㅜ 커스타드빵이 레몬맛이 출시되면 이런느낌일까 크림도 빵도 부드럽다 무튼 입맛에 맞아서 아작을 냈다 😋"
"서울여행 : 데이비드호크니, 덕수궁, 림벅와플, 연남동, 창화당, 공간내모든, 홍화마라탕, 한남동, 파이프그라운드, 컨템포러리1, 디앤디파트먼트서울, 스틸북스, 사운즈한남","짧게 1박 2일로 다녀 온 서울 근데 사진은 뭐 왤케 많음ㅁ ? 진짜 많이 사진 추리고 추려서 한큐에 끝내겠어 서울시립미술관 서울특별시 중구 서소문동 37 서울 시립미술관 전시, 데이비드 호크니전 핫하디 핫한(핫했던) 데이비드 호크니전 이제서야 가보는 지방러ㅓ .. 오히려 좀 늦은감이 있어서 주말이어도 여유있게 볼 수 있어서 좋았다 카카오페이로 결제하면 12,000원 데이비드 호크니 작품 중 나의 부모님을 모티브로 한 포토존 데이비드 호크니전은 실내촬영, 작품촬영 불가 입장료가 저렴하지 않은 편에 속하는데도 누적 관람객수가 어마하다던데ㅔ .. 햇살이랑 함께하니 참 예뻤던 서울시립미술관 전시 중간엔 아이패드로 사물을 그려볼 수 있는 공간도 있었다 🖇 이렇게 다양한 사물들이 있는데 마음에 드는 사물 골라서 그리면 됨ㅁ 난 머그컵 선택 .. 진짜 구도나 명암이나 미술적으론 엉망이겠지만 내 나름 뿌듯하게 마무리 .. ♥︎ 데헷ㅅ 💭 굿즈샵 데이비드 호크니 작품 중 더 큰 첨벙이 떠오르는 비누 review) 흐리고 칙칙한 날씨가 주로 나타나는 영국에서 태어난 호크니는 로스앤젤레스에서 본 쨍한 날씨와 수영장이나 그런 것에 영감을 많이 받아 작품을 많이 그렸는데 물방울의 표현이나 물의 흐름 .. 그런 것들의 표현이 인상적이었다ㅏ. 주로 작품의 색감이 요즘 트렌드에 맞는 ?그림이랄까 그래서 더 인기있는 듯 하고 .. 예술은 1도 모르지만 좋아는하는 ? 나는 특히 데이비드 호크니 작품들을 보면서 그가 사용한 직선들이 기억에 남았다. 림벅와플 덕수궁직영점 서울특별시 중구 태평로2가 365 덕수궁 돌담길을 지나 림벅와플 먹으러어 그 와중에 단벌신사에 머리도 손질안하고 보따리 하나만 챙긴 나님 이것이 미니멀리즘 덕수궁 맛집, 림벅와플 서울 3대 간식이라나 뭐라나ㅏ.. 알죠 유명한 맛집 특징? 맛은 있는데 오-아 까지는 아닌 그런 근데 맛은 있음 아무틍 달달하게 당충전 덕수궁 서울특별시 중구 정동 5-1 서울 고궁, 덕수궁 경복궁, 창경궁에 이어 덕수궁 기회 되면 꼭 해보는 고궁 구경 🍃 멋진 배경 그리고 정면을 못 보는 한 사람ㅁ .. 덕수궁가서 정작 석조전은 안찍어옴ㅁ ㅋㅋㅋㅋㅋㅋㅋㅋㅋㅋㅋㅋㅋㅋ ㅋㅋㅋㅋㅋㅋㅋ 배 아픈데 배고프고, 아침부터 설쳐서 지치고 고작 몇발자국 더 가는 게 힘들었다ㅏㅏ 창화당 연남동 서울특별시 마포구 동교동 147-24 연남동 맛집, 창화당 익선동의 유명한 만두파는 집 창화당이 연남동에도 있었다ㅏ. 익선동에선 웨이팅에 도저히 엄두가 안났는데 이제 프랜차이즈로 곳곳에 생겨서 괜찮을듯 연트럴파크 답게 .. 야외에서 먹을 수 있도록 양은상도 빌려드림ㅁ 우리는 김치볶음밥과 모둠만듀 만두 만두 만두 .. 맛은 있는데 누구나 아는 그 맛 경의선숲길 서울특별시 마포구 연남동 연트럴파크의 장미는 이미 다 지고 🥀 커피가 절실 ! 가고 싶던 카페 .. 지나가다 들어간 카페 .. 주말의 연남동 카페는 모두 만석 여긴 카페 스콘 레이어드 연남 🐩 사진찍으며 커피~~ 하며 들어갔는데 자리 없어서 바로 나옴 .. 이 곳들 말고도 지나가며 들어간 모든 카페 다 full 그러다가 기어코 들어간 카페는 공간내모든 서울특별시 마포구 연남동 241-51 연남동 카페, 공간내모든 좋았다 조용하고 나른하고 여유있고 핫플에 갔었으면 또 정신없었겠지 상품샷 도와주기 예전 dyeha다이하 생각나고요 ㅋㅋㅋㅋㅋㅋㅋ 그리고 간만에 다시 느낀 날 이제 야식 그만 먹어야겠다 방심했더니 턱선 실종 🐚 가만히 있어도 좋았던 다시 나서기 전 루프탑에 올라가 괜히 구경하고 오픈 기념 행사로 무려 무료로 먹은 요즘 인기많은 흑당밀크티 홍화마라탕 서울특별시 마포구 동교동 155-16 홍대, 연남동 맛집, 홍화마라탕 꿔바로우와 마라탕 마라탕 한 번도 못 먹어본 우리를 인도해주셨습니다. 소화시킬 겸 정말 오랜만에 홍대를 거닐고 인간 네비게이션과 함께 소품샵도 구경하고 버스킹도 보고 거리의 예술가도 만나고 보드게임도 하고 이것저것 하고 그렇게 모든 일정을 다 끝내고 누우니 새벽 😵 / 다음날 파이프그라운드 서울특별시 용산구 한남동 727-21 예약 한남동 맛집, 파이프그라운드 🧀 이번 여행은 타이밍 참 좋았다 다람쥐 선물 받아또요 .. ♥︎ 직접 고르고 직접 만들었다는 칩앤데일 옷핀 .. 색감도 딱 배치도 딱 넌 천사야 옥수수피자와 라구파스타 둘 다 내 스타일 .. 짱맛 🌽 특히 옥수수피자 따봉ㅇ 디앤디파트먼트 서울 서울특별시 용산구 한남동 683-142 한남동 리빙소품샵, 디앤디파트먼트 서울 1층은 프라이탁매장 2층은 밀리미터 밀리그램 3층은 디앤디파트먼트 서울 지우개에 심쿵 당하기 있나여 빠져든다 부채 만들기 동영상에 결국 끝까지 다 시청 디앤디파트먼트 서울엔 한국 곳곳에 유명한? 장인정신?이 가득한 그런 상품들을 판매하고 있다 재밌어 좋아 Kontemporary1 서울특별시 용산구 한남동 683-47 한남동 카페, 컨템포러리1 주력은 핸드드립 문 그리고 가구 인상적 모든 게 좋았으나 개인적으로 맛은 아쉽 좋은 건 자꾸 찍는 법 사운즈 한남 서울특별시 용산구 한남동 657-128 카페, 상점 등 모여있는 사운즈 한남 우리의 주 목적은 서점인 스틸북스 📙 스틸북스는 총 5층으로 구성된 서점인데 책 테마에 맞는 상품들도 함께 판매되고 있었고 평소에 관심있던 책들도 구비되어 있어서 좋았다 그림책 코너에 있던 책 중에서 좋았던 책 시간이 흐르면 저자 이자벨 미뇨스 마르틴스 출판 그림책공작소 발매 2016.08.08. Before & After 저자 Julien|Jean 출판 PhaidonPress 발매 2017.03.13. 특히 시간이 흐르면 이라는 그림책이 인상깊었다 어쩌면 당연한 이야기 또는 당연한 일인데 새삼스럽게 깨닫게 되는 이야기 아 여기는 이름이 기억이 안나는데 한남동 골목에 있던 편집샵 탐나는 가방이 있었는데ㅔ 가격이 너무 아쉬운 거지 😭 / 아무튼 알차고 재밌고 내 취향이 가득했던 이틀 종로일대 한남동 이태원 좋아 🔖 그리고 버린 사진이 참 많다 .. 긍데 도저히 못 쓰겠다, 오늘도 이상하게 끝."
"리뷰)한남동 카페 컨템포러리1 (kontemporary1) 메뉴,인테리어 카페추천","안녕하세유 !! 넘 오랜만이죠 개인적인 일이 많아서 요 며칠 답방도 못가구 포스팅도 못하고 ㅠㅠ 정신없이 보냈네요! 죄송해요 답방은 오늘안에 다 갈게요:) 오늘 소개할 카페는 요기 입니다. 한남동 컨템포러리1 카페 50m © NAVER Corp. 컨템포러리1 서울특별시 용산구 이태원로54길 48 위치는 한강진역 3번출구에서 도보 5분-7분 내로 찾으실 수 있어요! 그 모두가 아시는 한남동 카페거리에 있습니다:) 외관이 특이하고 예쁘죠~ 내부는 그렇게 넓진 않았는데 그렇게 협소하지도 않은 개인카페 정도! 안에 걸려있는 그림이며, 머그까지 너무 예쁘고 테이블 의자도 너무너무 특이하고 예쁘더라고요 자본이 느껴지는 카페였습니다만,, 의자, 테이블 너무 예쁘지 않아요?! 머그도 판매하는 제품이랍니다! 메뉴는 이렇게! 다 드립커피입니다 :) 저는 사실 드립커피를 별로 선호하는 편이 아니라서 오잉스럽긴 했지만 ! 제일 산미가 없다는 온두리스 추천받아서 주문했어요! 디저트 종류는 케이크 없이 구움과자류 입니다. 그리고 요 카페의 제일 포인트는 요 문인데요 양 옆으로 돌려서 여는 문 입니다. 그림이 너무 예쁘죠! 컨템포러리1의 시그니처:) 맞은편에 큰 거울이 있어서 요 문을 배경으로 사진찍을 수 있는데 몇분 앉아계셔서 찍지 못했어요! 예뻐유유 드립커피라서 색이 진하죠! 향이 너무너무 좋았는데 드립커피를 별로 안좋아함에도 불구하고 진하고 맛있었어요! 연하게 드시는 분들은 연하게 해달라고 코멘트 해주시면 좋을거 같아요:) 이날 날씨도 넘 좋고, 미세먼지도 보통이라서 넘 좋았답니다! 여기 사진도 잘나와요:) 오늘도 좋은하루 보내세요! #한남동카페 #한남카페 #이태원카페 #한남동카페추천 #한남동디저트 #한남컨템포러리1 #한남동컨템포러리1 #컨템포러리1 #카페컨템포러리1 #이태원카페추천 #한남동 #서이추"
"한남동 가볼만한 곳(고메이494,컨템포러리1)","정말 정말 오랜만에 쉬는 평일 오프ㅠㅠ 너무나 필요한 것... 지은이랑 오랜만에 오프 맞춰서 한남동으로!! 뇨끼바 가고 싶었는데 예약을 하지 못해서 급하게 맛집검색ㅋㅋㅋㅋㅋ 고메이494로 주상복합 건물 지하 1,2층이 맛집 천국이다!!! 우리는 미리 알아봤던 땀땀으로 다녀왔고, 모듬쌀국수,쪽갈비매운쌀국수 각각 주문해서 먹었고 맵기 단계를 고를 수 있는데 매운걸 잘먹는 지은이 입맛엔ㅋㅋㅋ안맵단다... 국물이 조금 짜고 자극적인데 난 맛있었다ㅋㅋㅋ 그릇당 가격이 17000원;;; 세가 비싸서 긍가ㅋㅋ비싸긴 비싸답 ㅋㅋㅋ사진은 지으니가 찍은 것 밖에 엄슴..자꾸 사진찍는걸 까먹는다...휴우...블로그의 자질이 없는 듯ㅠㅜ 다 먹고 나서 cos구경도 했다가 50m © NAVER Corp. Kontemporary1 서울특별시 용산구 한남동 683-47 인스타에서 유명했던 카페 컨템포러리!! 드디어 나도 갔다>_< 제일 유명한 포토스팟 주문해놓고 사진부터 찍기:) 다행히 손님이 우리밖에 없어서 더 자유로웠다 ㅋㅋㅋㅋ처음으로 메뉴판 찍어봄 가구들이 너무나 귀여웡 밀크티,호놀롤루 에이드,스콘 오랜만에 친구 만나서 수다떨고 사진도 맘껏 찍고 이런 소소한 행복 맘껏 즐기기:-] #한남동 #한남동맛집 #한남동카페#한남동가볼만한곳 #한남동데이트 #컨템포러리1 #아트인테리어#고메이494한남"
한남동 갤러리 카페 - 컨템포러리1,"[ KONTEMPORARY KOFFEE ] 한남동 카페 컨템포러리1에 다녀왔다. 독특한 입구 때문에 입구 쪽에는 늘 사진촬영중, 갤러리카페 라는데 입구부터 남다르구만, 카운터 안쪽 벽면 카페 내부는 우드, 화이트, 무채색이 덕지덕지 세련되고 모던한 느낌이지만 차가운 느낌도 들고 있어보이는 인테리어인데 편안한 느낌은 아니고 뭐 그런 느낌. 카페라기 보다는 미술관 같기도 한게 이래서 갤러리카페라고 하나보다. 독특한 액자도 몇개 걸려있었다. 등받이가 없는 의자는 불편했고 의자에 비해 테이블은 낮아서 불편했다. (어쩌다 보니 불평불만) 컨템포러리1 메뉴 KONTEMPORARY KOFFEE 나는 이름도 독특한 움파룸파를 주문했다. 움파룸파 움파룸파 이런 늬낌, 이런 분위기 내가 주문한 움파룸파 색이 아주 오묘했음. 꼭 흰색, 보라색 물감 타 놓은 것 같기도 하구. 사과청과 저지방 우유를 섞어 만들었다고 한다. 약간 과수원 사과주스 맛이 나는 것도 같은? 꼭 먹으면 안될 것 같은 색,ㅋㅋ 자연적으로 낼 수 없는 색상인데 아마도 색소를 넣은듯 그래도 맛은 나쁘지 않았다. 처음이자 마지막이 될 것 같은 강한 느낌 함께 갔던 친구들도 이하동문 Kontemporary1 서울특별시 용산구 이태원로54길 48"
한남동 한식다이닝바 5412. 갤러리카페 컨템포러리1.,"한남동 핫플레이스 한식다이닝 바 5412 한남동 핫플레이스라는 한식다이닝바 '5412' 다녀왔습니다. 50m © NAVER Corp. 5412 서울특별시 용산구 이태원로54가길 12 지하1층, 1층 5412는 매일 15:00~21:00 운영하고있습니다. (1월1일 제외) 이곳은 기존 예약제로 이용하였지만 예약 없이 착석 가능한 워크인좌석을 10석 정도 빼두고 있다고해요. 저도 이번에 예약을 하지 않고 갔는데 운좋게 바로 착석 할 수 있었어요. 하지만 3인이상 여러명이 갈 경우 예약을 하고 가는것을 추천해요. 건물 지하로 내려와 문을 열면 5412의 쉐프님과 직원분들이 친절히 맞이해주셔요. 우선 저희는 17시30분 약간 넘어서 입장하였는데 한자리 빼고 모두 만석이라 아쉽게 좌석 사진은 찍지 못하였는데. 오픈키친앞에 바형식으로 자리가 있었고, 따로 길쭉한 테이블에 아크릴 칸막이를 두고 함께 앉는 자리가 있었습니다. 메뉴판을 보면 뭔가 익숙하지만 생소한 조합들로 눈길을 끄는 메뉴들이 많았어요. 저희는 고심끝에 육회김밥과 전복칼비빔면을 주문했구요. 17시 이후에 입장하는 손님은 술을 주문하여야 해 별산막걸리도 한병 추가로 주문하였어요. 별산오디스파클링 막걸리도 먹어보고싶었는데 소진되어 너무 아쉬웠습니다ㅠ 먼저 주문한 별산 막걸리가 나왔네요. 직원분이 2020년 주류대상을 받은 막걸리라 소개해주시고 맛을 음미하며 먹을수 있는 방법도 친절히 가르쳐주셨어요. 얼마지나지 않아 음식들이 나왔어요. 너무 먹음직스러운 플레이팅에 한번! 맛에 한번! 쌍감동 받았어요. 사실 힙스러움에 빠져 음식은 얼렁뚱땅 내놓고 불친절한곳도 수두룩 한데 5412의 쉐프님과 직원이 음식이 나올때마다 맛있게 먹을수 있는 팁을 알려주고 정말 친절하시더라구요. 알려주신대로 먹으니 역시 사람 많은곳은 다르구만! 생각들게 하는 맛이더라구요ㅎㅎ 육회김밥은 수북히 육회 올려 한입! 전복칼비빔면은 쫄깃한 전복한쪽과 비빔면 그리고 무생채와 함께 먹으니 기존에 칼비빔면과는 확연히 차별된 맛이 나더라구요. 특이하게 오픈키친에 있던 가마솥이라 찍어두었는데.. 맛의 비결이였을까요?.... 자 요렇게 좋은 음식들에는 술이 빠질수 없죠ㅠ 작년 대상받은 별산 막걸리! 짜안! 건배하고 마시는데 기존에 막걸리들과는 확연히 다른맛이더라구요. 그래서 이 막걸리에 대해서 조금 알아보니 별산막걸리는 감식초균으로 산패를 유발하였기에 부드러운 신맛, 단맛을 모두 느낄수 있다고 하더라구요? 정말 처음에는 부드러운 신맛 끝에는 달짝지근한 맛으로 입속에 맴돌았는데 너무 신기하더라구요. 아참 이곳의 식사시간은 2시간으로 정해져있어요. 본격적으로 술을 마시기엔 부족한 시간이죠? 그래서 2차로 가서 맛있는 안주와 색다른 술들을 맛보는걸 추천드려요❣ 또한 인스타에 관련 사항들이 공지되니 참고해보셔도 좋을것 같아요~ 바5412(@bar.fivefouronetwo)님이 Instagram을 사용 중입니다 팔로워 1,310명, 팔로잉 0명, 게시물 12개 - 바5412(@bar.fivefouronetwo)님의 Instagram 사진 및 동영상 보기 instagram.com 한남동 감각적인 갤러리카페 컨템포러리1 한남동에 위치한 갤러리카페 컨템포러리1 운영시간 매일 12:30~21:00 50m © NAVER Corp. 컨템포러리1 서울특별시 용산구 이태원로54길 48 지나가는 시선을 확 눈길 끄는 외관 덕에 방문한 컨템포러리1 카페입니다. 출입하는곳이 미술작품인데 문이다...? 예술적인 느낌에 사실..여기앞에서 사진 찍고싶다..하는 마음 조금 보태서 너무 궁금해서 방문을 안 할 수 없었습니다..ㅎ (그렇게 얻어낸 컷..🤭) 메뉴판을 볼까요? 핸드드립이 주가 되어 메뉴가 나열되어 있어요. 하지만 저녁이라 저는 핫디톡스티 지인은 아이스밀크티를 주문하고 디저트 앙버터스콘도 추가로 주문하였어요. 주문후에 음료는 자리로 가져다 준다고 해 그동안 카페 내부에 전시되어 있는 작품들을 감상할 수 있었어요. 친근한 그림체로 편하게 감상 할 수 있었던 작품들이였어요. 갤러리카페답게 컵도 되게 특이하죠? 먹을때 불편할줄 알았는데 그립감이 좋더라구요ㅎㅎ 앙버터스콘도 통팥앙금을 사용해서 너무 달지 않고 맛있었어요! 독특한 공간과 아티스틱한 분위기가 취향인 분들이라면 언제 방문하셔도 좋아하실만한 공간입니다. #한남동 #한식다이닝5412 #한식다이닝바5412 #한남동5412 #5412 #육회김밥 #갤러리카페 #컨템포러리1 #컨템포러리1카페 #한남동맛집 #한남동카페 #한남동핫플"
한남동카페 / 컨템포러리1 (Kontemporary1),"writer_하늘 / @h_aneulno 기차타고 용산으로 출퇴근하던시절,,, 점심시간에 입맛이없어 카페나 가자 생각에 현대카드뮤직라이브러리 옆 골목계단으로 내려가보니 생긴 뉴 카페 : 컨템포러리1 난 가오픈때가서 입구가 조금 어수선해 외관을 찍지 않았었다 사진에서처럼 출입문?이 굉장히 큰 작품으로 되어있다 카페 곳곳에 작품도 전시하고, 카페 겸 미술관/갤러리 같다 사진을 너무 대놓고 열심히 찍었는지.. ㅋㅋ직원?분께서 찍으라면서 호다닥 비켜주셨당ㅠㅠ ㅋㅋ너무귀여우시고 친절하시고..ღㅁ ▼그래서 다시 찍은 사진ㅎㅎ 그리고 이곳은 머신기로 샷을 내려 커피를 만드는게 아니라 직접 물을부어 샷을 내는 브루잉 커피를 즐길 수 있다 ▽▽▽ 브루잉커피: 직접 물을 부어 결과적으로 강한 압력을 활용한 에스프레소머신 추출과는 달리 적정한 온도의 물을 끓여서 커피에 부어 추출하는 방식 간단하게 라떼와 마들렌하나 시켜서 1시간이라는 점심시간을 적당히 급하면서 여유롭게 보냈다 왜 점심시간은 1분이 15초같은건지,, 내부는 생각보다 넓진않고 가오픈이라 웨이팅은 커녕 한산해서 더 좋았던 컨템포러리1,_, 지금 인스타에 슬슬 올라오는걸보니 요즘엔 아마 웨이팅을 해야하지 않을까 싶다 컨템포러리1 바로 옆에서 예쁜 장미가있길래 괜히 한장 찍어보고 날씨도 너무 좋았어서 (초가을이라) 한남동을 슬슬 걸어다녔던 기억이 난당♩-♩ + 그리고 이 카페를 가게되면 도보로 5-10분 정도로 가까이있는 한강진역근처 피자집 파이프그라운드도 한번 가보세요!_! 완전 ღ강추강추ღ (피자집 홍보아님/사장님과 모르는사이에요,,,) Kontemporary1 서울특별시 용산구 이태원로54길 48 instagram :: yuuxmiin / h_aneulno"
"한남동 카페 | KONTEMPORARY1, 컨템포러리1","50m © NAVER Corp. Kontemporary1 서울특별시 용산구 이태원로54길 48 KONTEMPORARY1 컨템포러리1 영업시간 월 - 휴무 화 - 일 12:00 - 22:00 KONTEMPORARY 1(@kontemporary_official) • Instagram 사진 및 동영상 팔로워 467명, 팔로잉 0명, 게시물 29개 - KONTEMPORARY 1(@kontemporary_official)님의 Instagram 사진 및 동영상 보기 Instagram.com 경경이랑 접선하면 항상 핫한 곳만 가게 된다ㅋㅋㅋㅋㅋㅋㅋ 그리고 이태원이나 한남동을 자주가게 된다ㅋㅋㅋㅋㅋㅋㅋ 학교도 가깝고 해서 난 한남동이 너무 좋구~~ 이 날은 또 요즘 핫하다는 컨템포러리1에서 커피 먼저 마시고 저녁을 먹기로 했따!! 빠밤- 이 카페가 더 유명해진 이유는 저 작품이 아닐까 싶다! 원래는 저 작품도 문이라서 옆으로 열리는데 이 날은 추워서인지 이제 겨울이어서인지 열어놓진 않으셨다 아쉽쓰 MENU 드립커피를 전문으로 하는지 나름 종류가 다양했다, 친구는 산미가 덜하도 너무 진하지 않은 브라질원두로 드립커피를 시키고, 나는 시그니처 밀크커피! DESSERT 아주 간단하게 먹을 수 있는 디저트도 있다 :) 매장은 원목원목 느낌이다, 되게 깔끔하고 편하지만은 않은 의지가 많다 ㅎㅎ 그래도 생각보다는 은근 자리가 많아서 놀랐는데 이 마저도 주말에는 꽉 차는 걸 나는 봤지,,,ㅎ 그리고 정말 감각적이라고 생각했던 커피 만드는 곳, 컵들이 벽에 거꾸로 매달려 있다 귀여웡 :-) 근데 약간 컵이 좀 작다, 겁나 쭉 들이키면 세 모금에 끝날 것 같은,,,ㅎ 그래도 커피 맛은 합격! 밀크 커피 엄청 달지도 않고 라떼도 아닌 것이 아주 만족스러웠다- 자꾸 손이 가는 맛이랄까~~ 그리고 뒷편에 이렇게 작품들이 전시되어있다, 근데 그림도 판매가 되는지 몇 개가 비어있었다, 이렇게 쏠쏠한 재미도 있어서 너무 조하 어둑어둑해져서 밥먹으러 가야디- 담에 또 오께- dayae(@dd_yae25) • Instagram 사진 및 동영상 팔로워 256명, 팔로잉 249명, 게시물 284개 - dayae(@dd_yae25)님의 Instagram 사진 및 동영상 보기 Instagram.com"
"예진이와 한남동, 이태원 데이트(논픽션, 마르젤드프이, 컨템포러리1, 단골집)","예진이와 한남동 데이트를 하기로 했다. 간 곳을 소개하기 전에 좀 황당? 어이없는 ? 일이 있었다. 이태원역에서 만나기로 했는데 오는 중간에 예진이가 이상한 남자한테 잘못 걸렸던 것이다 ㅋㅋㅋㅋㅋ 무슨 어디서 잘못 배운 멘트를 치면서 예진이 앞을 가로막고 (개념 개없음) 근데 그 멘트가 진짜 어이없어서 웃겨죽는줄 예진이 말에 의하면 자기 눈이 에베레스트 만큼 높은데 어쩌구저쩌구 ... 자신의 심장이 어쩌구저쩌구....~~~~~ 그래서 한참 웃다가 내가 먼저 도착해서 지하철 역 거울보면서 걍 사진 찍고 있었는데;;;; 사진 찍다가 나가 있어야겠다 하고.. 고개 돌리는데 갑자기 인적이 느껴지면서 어떤 남자가 팍! 하고 나타남 그러더니 지하철 옆옆자리였다고 어쩌구저쩌구 남자친구있냐고;; 걍 아네;; 죄송;; 이라고 하니 황급히 사라졌다 진짜 무슨 날임? 논픽션 50m © NAVER Corp. 논픽션 한남 서울특별시 용산구 한남동 738-13 제일 먼저 간 곳은 논픽션. 사람 진짜 많다. 인원 제한 없음.... 난 두번째 방문이라서 좁은 거 알고있었지만.. 무튼 좁고 사람 많다. 시향 가능한데 마스크 내리고 시향은 불가. 논픽션 안에 엄청 큰 거울이 있는데 거기는 사람이 많아서 도저히 사진을 찍을 수가... 여기서라도 찰칵 참고로 우리 나가고 밀물 들어오듯 사람이 더 들어오더라 지나가던 길에 귀여운 강아지 두마리 카페에서 키우는 아이들인가? 마르젤드프이 50m © NAVER Corp. 마르젤 드 프이 서울특별시 용산구 한남동 683-14 이것저것 파는 소품샵 홍대에도 이런 비슷한 곳 있던거 같은데.. 의류 잡화 악세사리 문구류 인테리어용품 등 다양한 상품 판매중 예진이는 여기서 목걸이를 샀다 목걸이 하고 있는 예진이 옆에서 코트들어주는 나 ㅋㅋ 입구에서 한 컷 컨템포러리1 50m © NAVER Corp. 컨템포러리1 서울특별시 용산구 한남동 683-47 주말이고 날씨도 좋아서 그런지 사람이 정말 많았고 카페에도 사람이 가득가득했다 그래서 가고자했던 카페에는 못 가고 걷다가걷다가 자리가 있어 보이는 카페에 들어왔다 나는 호놀룰루 라는 이름의 에이드 예진이는 밀크커피 어프어프 50m © NAVER Corp. 어프어프 한남점 서울특별시 용산구 한남동 684-101 길 걷다가 구경 계속 귀여워 귀여워 귀여워 이 말만 반복하다 나왔다 에어팟 케이스 , 핸드폰 케이스, 아이패드 노트북 파우치 , 등등 나무너무 귀여운 아이템이 많다 한남 베르그 한남 베르그 지나가는데 그 앞에 신기한 게 생겨서 들어갔는데 요새 사람이 많은지 아예 웨이팅 존을 만들었더라.. 여름에 갔을 때 없었는데 대박-* 사람들 쉴 수 있게 의자랑 난로도 있고 음악까지 나온당 이렇게 포토존도 있다! 포토부스로 계속 찰칵찰칵 단골집 50m © NAVER Corp. 단골집 서울특별시 용산구 이태원동 128-10 2층 저녁 겸 술을 하러 단골집 단골집 스테디인 매콤크림파스타와 육회 다들 이 조합 또는 국물닭발 을 먹는 듯 했다 타이밍 맞춰 들어가서 웨이팅 없이 먹을 수 있었다 ♡ 저녁늦게 오면 웨이팅 좀 있었던듯,,? 2차가려고 급하게 움직이는데 가게에 자리가 없었는데 우연히 어떤 술집에서 깔끔히 한 병 하고 나왔다 거기는 그냥 막 들어가서 이름도 모르겠네...! - 지하철 타러 가는 길에 어떤 외국인 폰하고 있는 거에 머리맞았닼ㅋㅋㅋㅋㅋㅋㅋ - 예진이랑 오랜만에 만나서 수다떠니까 재밌었다 근데 대화 절반이상이 이상한 헌팅남 그리고 나머지는 더보이즈와 엔시티... ♡ #한남동 #한남동카페 #한남동소품샵 #이태원 #이태원단골집 #한남동어프어프 #한남동컨템퍼러리1 #한남베르그"
[이태원/한남동] 스페인클럽 빠에야/ 이쁜 커피집 컨템포러리1,"#빠에야 를 먹으러 #한남동 에 간건 아니였어요 사실은 인스타를 보고 오물렛이 먹고싶어서 갔던건데.... #빠레뜨한남 이 이렇게 유명하고 웨이팅 어마어마한 곳인지 몰랐을 뿐 ㅠ.ㅠ 내가 갔을 땐 내 앞에 13팀이 있었을 뿐이고 친구랑 나는 배가 고팠고!! 한남동 맛집을 검색하며 찾은곳은 #스페인클럽 (찾앗던 음식점들 중 빠레뜨 한남이랑 제일 가까웠어요) 몇년 전에 빠에야를 맛나게 먹은 기억이 나서 들어갔는데,,, 이태원 스페인클럽은 (제 기준) 맛나진 않았어요 ㅠㅠ 빠에야가 오래걸리니 에피타이저로 갈릭오징어구이를 시켰어요 :) 마늘 징어징어한 맛 촉촉하고 부드럽긴 했으나, 15,000원 가격은 투머치했다 생각 들었어요 40분뒤에 나온 #해물빠에야 :) 해물빠에야 맛은 엄마가 해주는 오징어무국 국물이랑 쌀밥을 넣고 누를듯 말듯 애간장 녹이다 결국은 밑에 살짝 눌러붙은 누룽지볶음밥 같은 맛 #ㅋㅋㅋㅋㅋㅋㅋㅋㅋㅋㅋ 그런 맛이였어요 제 기준엔 ;) 몇년 전에 먹었던 빠에야맛이 미화된 건지 굉장히 한국화 된 맛 살짝 실망하고, 2차로 커피집 gogo #컨템포러리1 커피숍은 예술작품으로 만든 출입문과 우드톤의 감각적인 인테리어가 돋보이는 장소에요 내부는 협소하지만, 핸드드립을 맛보면 또 가고싶어 지는 커피숍입니다 :)) 카운터는 이쁜 잔들로 디자인 되어있어요 커피잔은 실제로 판매 한다고 해요:) 시킨 음료에 대한 설명서도 함께 줘요 :) 저는 맨마지막 아이스드립커피 친구는 밀크티를 시켰는데, 평소 다른 곳에서 판매되는 것과는 맛이 달랐어요 꽃향이 나는 밀크티랍니다 (호불호가 있는 메뉴) 먹고싶은 음식은 못먹었지만 맛있능 커피로 마무리 할 수 있었던 #한남동나들이 😊"
한남동카페: 한남동커피: 이태원카페: 컨템포러리1: KONTEMPORARY1,"오픈 매일 12:00 - 22:00 위치 서울 용산구 이태원로54길 48 주차 X 50m © NAVER Corp. Kontemporary1 서울특별시 용산구 이태원로54길 48 오랜만에 한남동 나들이에, 친구가 딱 찍어둔 카페 고고 . . . 처음 도착했을 때 문이 안 보여서 당황했는데 막 오픈 준비 중이어서, 직원분이 요 큰 작품을 활짝 오픈 깜놀 그림이 전시된 엄청 큰 문이었어요 회전문인지 쭉쭉 더 열 수도 있구요 :) 메뉴는, 제가 갔을 때랑 많이 바뀌어서 사진 추가 안 했어요 베이스는 #핸드드립 간단하게 #밀크커피 #크림커피 #에이드 #밀크티 등등 있구요 커피 종류가 많지 않지만 주로 아메 마시는 저로서는 큰 문제 없..... 필터 커피 좋아하고요 너무 깔끔히 정돈된 커피바 필터커피 내리는 중 우리 자리 나무 의자랑 카펫, 회전문 그림과도 넘나 잘 어울리는 색감 우리 자리 뷰 우리 커피 컵이 너무 독특하고 귀여워요 #싱글오리진 나의 것 너의 것 여성여성 굳 필터커피 좋아해서 전 괜찮았는데 에스프레소로 제조한 커피 좋아하면 조금 심심하다 느낄듯해요 앞으로 전시도 함께 할 예정이라니 전시 좋아하시는 분들이라면 그림이 많진 않아도 가볍게 전시와 커피 좋을듯합니다 남은 거 담아주셨는데, 잔이 넘나 귀여움 :) #한남동커피 #한남동카페 #컨템포러리1 #kontemporary1 #이태원카페 #이태원커피 #갤러리카페 #갤러리커피"
[한남동 카페] 컨템포러리1(Kontemporary1) 미술관,"[한남동 카페] 컨템포러리1(Kontemporary1) 미술관 한남동에는 곳곳에 숨어있는 카페들이 참 많은 것 같아요. 친구들과 이곳저곳 돌아다니다 요즘 핫한 카페 발견! 바로 컨템포러리원(Kontemporary1) 입니다. 한강진 역과 현대카드 뮤직라이브러리 뒤편에 위치해 있어요. 컨템포러리원 카페는 갤러리 카페입니다. 곧 내부도 보여드릴 텐데 안에 조그마한 미술관이라고 해도 될 만큼 공간이 마련되어 있습니다. 입구가 아주 유명한 포토존이에요. (사진출처 : NAVER) 이런 형식으로 벽면이 아닌 회전문입니다. 사실 이 회전문을 이용해보고 싶었지만 날씨가 추워져서 그런지 잠가 놓으셨더라고요. 이 문만 입구가 아니라 옆에 따로 입구가 있어서 현재는 그 문으로 들어가시면 돼요. 포토존에 사람이 아무도 없어서 친구들이랑 열심히 사진 찍고 있으니 갑자기 주위에서 사람들이 몰려오더니 앞에서 사진 찍으려고 줄을 서시더라고요; 급하게 카페 안으로 입성..^^ 입구에 들어서면 예쁜 잔들과 원두들이 디피되어 있어요. 약간 디저트를 기대하며 들어왔는데 쇼케이스에는 몇 없는 디저트들이.. 너무 늦게 와서 다 나가고, 2가지만 남았다고 해요. 컨템포러리 디저트는 마들렌, 초콜릿 트위스트, 솔티드 캐러멜 머핀, 애플 타탱, 크루아상 등을 판매하고 있다고 합니다. 아, 오전 11시부터 오후 3시까지는 깜빠뉴, 달걀&토마토, 아보카도, 프로볼로네 치즈, 프로슈토 등 브런치 메뉴도 만날 수 있다고 합니다. 나중엔 놓치지 않을 거예요. ★ 컨템포러리1(Kontemporary1) 메뉴판입니다. 밥을 거하게 먹어서 아이스 아메리카노를 주문하려 했는데 아무리 메뉴판을 봐도 안 보이더라고요. 결국엔 물어보니, 컨템포러리에서는 커피 머신을 사용하지 않고 핸드드립으로만 음료를 만든다고 합니다. 아이스도 가능하니 원두만 위에서 고르시면 돼요. 저는 케냐(kenya)로 주문했어요. 친구들은 크림 커피(Cream coffee)와 카스카라 티(Cascara tea)를 주문했습니다. 갤러리 카페답게 아까 살짝 귀띔해드렸다시피 작은 미술관이 있습니다. 이 모든 작품은 데이비드 호크니(David Hockney) 작가의 작품이었습니다. 잘 알지 못하는 작가였지만 세계관이 뚜렷하신 것 같았어요. 1981년에서 1983년 사이에 만들어진 포토콜라주 시리즈는 일반적인 사진 매체의 한계를 넘어 시공간에 대한 실제 경험을 표현하기 위해 탐구한 결과라고 합니다. 그 시리즈 중에서 엄선한 작품들을 선보임과 동시에 다양한 작업을 한 번에 볼 수 있도록 100여 가지 이상의 소품으로 구성했다고 합니다. 작품들을 쭉 다 보고 나니 주문했던 음료가 나왔어요. 제가 주문했던 그 케냐 커피는 산미가 강해 그냥 보통이었어요. 카스카라 티는 처음 들어봤는데 설명서가 같이 첨부돼서 나오더라고요. 커피체리의 과육을 말려서 우려낸 차로, 카페인 함량은 커피의 1/2 이하라고 합니다. 상큼한 대추차의 맛, 체리와 사과의 새콤한 맛, 풍미가 강하면서 달달한 맛을 느낄 수 있는 차라고 쓰여있는데 개인적으로 저는 그다지... 크림 커피가 제일 맛있었던 것 같아요. 제 입맛에는 핸드드립보다는 커피 머신이 맞는 걸로.. 내부는 우드 계열로 편안한 분위기를 연출합니다. 곡선으로 이루어진 테이블과 조그마한 의자가 아기자기하고 예뻐요. 월요일 휴무, 12시부터 22시까지 영업합니다. 50m © NAVER Corp. Kontemporary1 서울특별시 용산구 이태원로54길 48"
한남동 독특한컨셉의 카페추천 컨템포러리1,"전부터 가고싶었던 갤러리카페 컨템포러리1 주말에 사람이 항상 많다보니 지나가기만 했는데 일요일 오픈시간 딱 맞춰 가니 사람이 없더라구요! 영업시간은 12:30~~21:00입니다 들어가자마자 눈을 어디에 둬야할지 모르게 액자랑 컵 엽서 등등 볼게 많더라구요! 밀크커피와 크림커피 ,호놀룰루2잔 코코망고 티라미수, 레드벨벳케이크 주문했어요! Next image 앞에 거울이 있어서 카페가 더 넓어보여요! 액자들 좀 구경하고 가운데 자리에 착석 저 가운데 그림그려져 있는 유리를 사장님이 움직이시더라구여?!! 저기 사이로 ㅋㅋㅋ 출입가능해요 신기..(저만 신기?) 음료와 디저트가 나왔습니다 저는 밀크커피 시켰는데 맛있었어요! 컵도 특이하게 생김 망고 티라미수 ㅠㅠ 맛있어요! 갠적으로 ♥︎ 먹고 넷이 라이어게임… 라이어 게임해야하는데 표정관리 콧구멍 관리 못해서 실패.. 거울셀카에 빠졌다… 한참 수다 떨고 슬슬 일어나려는데 다들 식사후 커피한잔 드시러 많이들 오시더라구요! 저희는 오픈시간에와서 여유롭게 있다가 왔어요! 저도 블로그 보고 간곳인데 생각보다 카페규모는 크지 않았지만 그래도 역시 카페는 이쁘더라구요! 한남동 가시면 한번 들려보세용!^^ 50m © NAVER Corp. 컨템포러리1 서울특별시 용산구 이태원로54길 48"
[카페투어] 푸디트래블러 in 카페 #38. 컨템포러리1 (Kontemporary1) (한남동 카페/갤러리 카페/이태원 카페/용산구 카페/서울 카페),"[카페투어] 푸디트래블러 in 카페 No.38 컨템포러리1 (Kontemporary1) 안녕하세요:) 푸디트래블러입니다. 컨템포러리1 (한남동) 맛: ★★★☆ 가격대: ★★★★ 분위기: ★★★★☆ 2021.03.03 방문 푸디트래블러의 38번째 카페 '컨템포러리1'은 지난 주 한남동 프라이탁을 방문한 김에 근처에 있어 들르게 된 카페인데요. 평일 2시쯤 찾아갔더니 손님들이 하나도 없어서 한적한 분위기를 느낄 수 있어 너무 좋았어요. '컨템포러리1'은 한남동 카페골목 사이에 있는 특이한 인테리어 형태의 갤러리 카페인데요. 저희가 들어갔을 땐 사람들이 아무도 없었지만, 줄줄이 사람들이 들어와 카페가 꽉 차게 된 것을 보면 꽤나 핫한 공간인 듯 해요. '컨템포러리1'은 핸드드립 전문 카페라서 에스프레소 메뉴는 찾아볼 수 없는데요. 그 대신 크림커피나 밀크커피 같은 베버리지 메뉴들도 같이 마련되어 있어요. 커피는 에티오피아, 온두라스, 케냐, 콜롬비아 총 4가지 원두 중 선택이 가능해요. 디저트의 경우, 스콘이 먹고 싶었는데 아직 준비가 안 된 건지 주문할 수 없었어요(ㅠㅠ) 티라미수나 브라우니는 살짝 헤비할 것 같아서 '오렌지 파운드케이크'로 아쉬움을 달랬습니다. 친구는 '핸드드립(콜롬비아) 아이스', 저는 '크림커피 아이스'를 주문했는데요. (둘 다 7천원으로 가격은 제법 나가는 편이에요) 브루잉커피 위에 꾸덕하고 부드러운 크림이 올라간 크림커피는 생각보다 달지 않고 마일드했어요. '오렌지파운드케이크'는 담백한 케이크 빵에 새콤한 오렌지 맛이 조금 묻어난 맛이었는데요. 아무래도 애초에 포장되어 있던 메뉴다 보니 별다른 특별함은 느끼지 못했어요. 특이한 테이블과 의자의 모양, 착시현상을 일으키는 카페 안쪽 공간, 그리고 벽마다 걸려져 있는 자그마한 그림들이 아티스틱한 분위기를 연출한 곳인데요. 음료나 디저트의 맛이 훌륭하기보다는 아티스틱한 공간이 가져다주는 매력이 좋아서 찾게 될 것 같은 곳이에요. 좌석이 오래 앉아 있기엔 살짝(?) 불편하긴 하지만 독특한 공간을 좋아하는 저로서는 한남동에서 꽤 괜찮은 카페를 찾았다는 생각이 들었어요. 컨템포러리1 서울특별시 용산구 이태원로54길 48 오늘의 카페투어는 이만 마치도록 할게요. 다음에도 푸디트래블러와 먹으러 함께 떠나요!"
서울) 한남동 카페 kontemporary1 컨템포러리1,한남동 ㄱ ㄱ 코로나임에도 불구하고 카페들 웨이팅이 어찌나 많던지... 진짜 사람 많多多多多多 카페 이곳저곳 다 들려봤지만 웨이팅때무네 계속 돌아당겨보다가 #컨템포러리1 #kontemporary1 이라는 카페 발견 마침 한자리 났길래 망설임 없이 드르감 kontemporary1 컨템포러리1 한남동카페 뭔지 모를 작품도 있고... 전시관 카페같은 그런 건가보다...ㅋㅋㅋ 거울때무네 공간이 엄청 넓어보이는 착시효과가 있었음... 넓다 자리많다 하고 들어갔는뒈... 막상 들어가보니 거울이었쑴 우리와 마찬가지로 사람들 여럿 속아서 들어왔다가 다시나가는걸 계속 지켜봄ㅋㅋㅋ 우리는 크림커피 호놀롤루 밀크티를 시켜본돠 정직한 삼각구도샷.... 그림자는 왜저러고.....ㅋㅋ 그지같네 음.. 난 밀크티 먹었는데 얼그레이 밀크티를 생각했는데 그맛이아녔음 밀크티 색도 그냥 우유색 맛은 뭔가 코코넛..?패션후르츠? 암튼 요런느낌의 맛이 났는데.. 암튼 뭐 나쁘지는 않았돠 크림커피는 양이 좀... 너무 적었... 의자와 테이블 높이가 괜츄났고... 의자가 앉는 부분이 돌아가는 의자라 괜츄났던거같다 끄읕
한남동 카페 : 컨템포러리1,"Seoul 한강진 카페 : 컨템포러리1 kontemporary1 주소 서울 용산구 이태원로54길 48 영업시간 매일 12:00-22:00 전화번호 010-2606-0139 주차공간 불가 저번부터 인스타에서 보고 외관이 너무 이뻐서 가보고 싶었던 카페 였는데 드디어 왔어요 😊 입구에 커다란문은 감각적인 전시작품으로 되어있고, 입구문이 돌아가는 회전문으로 되어 있어요 ✨ 날이 좋아서 그런지 문이 반쯤 열려져 있었어요 ☺️ (회전문 앞에서 사진도 많이 찍으시더라구요 ) counter 전체적으로 베이지에 우드톤으로 깔끔하면서도 감각적인 느낌이 나요 🧡 menu 아이스 크림커피(7.0) 아이스 밀크커피(6.0) 마스카포네 티라미수(6.5) 주문했습니다 🥳 (커피가격이 다른곳에 비해 약간 비싸요) ✔️그래도 커피머신을 사용하지않고 , 핸드드립 커피만 취급한다고 하니깐 좋아하시는 분들에게는 원하시는 취향으로 맛보실수 있어서 좋을것 같아요! 내부에는 전시작품이 많이 걸려있어요 🖼 (메뉴 주문할때 전시중인 작품은 만지면 안된다고 설명해주시니깐 꼭 눈으로만 봐주세요 🙏🏻) 테이블이나 의자도 감각적이면서 불규칙한 곡선들로 이루어져 있어요 ~ 볼거리가 많아서 좋네요 🥰 신발,에코백등 판매도 하는것 같아요 👛 (직원분께 문의해 주세요🙄) 밀크커피는 달지 않으면서 텁텁하지 않고 괜찮았어요 ! (약간의 당도는 있어요 🤔) 궁금했던 크림커피 ☕️ 크림커피는 위에 크림이 달달하고 부드러우면서 맛있어요.. 근데 커피가 산미가 심하지는 않는데 고소한맛을 좋아하는 저로서는 조금 별로 였어요.. 마스카포네 티라미수는 달달하면서 맛있어요 특별하지는 않지만 커피보다는 케이크 추천드려요!! 사진찍고 있는데 지나가던 귀요미🐶 멍뭉이가 보고가네요!! ( 순간포착 🤳🏻) 심 쿵 🥰 point 맛 커피맛은 무난함. 마스포카네 티라미수 케이크추천! 분위기 입구문부터 감각적이고 전시작품들도 있어서 볼거리가 많아서 좋음. 화장실 카운터에서 비밀번호 문의. 화장실은 외부 [남여공용] 아쉬운점 크림커피는 산도 조절이 안됨. (직원분께서 적다고만 말씀해주심) 밀크티도 만들어져있어서 당도조절 안됨. (커피가격이 비싼데 특별함이 없음) 평점 ⭐️⭐️⭐️ #이태원 #이태원카페 #한강진카페 #한남동카페 #컨템포러리1 #kontemporary #핸드드립커피"
"한남동 이태원, 컨템포러리1 말릭커피 / 갤러리카페","컨템포러리1 말릭커피 한남동 갤러리카페 메뉴 심플한 메뉴 음료도, 베이커리 종류도 다양하지 않아요 안 쪽에는 전시공간도 있는데 음료를 주문하면 전시를 볼 수 있는 스티커를 주세요 커피머신이 없는 카페 전체적으로 조용한 분위기에요 음악도 차분한 편 작품이 전시된 커다란 회전문은 추운 겨울이라 닫으신 것 같아요 문 앞에서 사람들이 인증샷을 찍고 있어서 수줍은 저는 안에 들어와서 찍었지요 한 쪽 벽이 유리로 되어있어요 곡선으로 이루어진 우드톤의 테이블 보기엔 느낌있으나 앉기에는 불편한 의자 너무 낮아서 스모선수처럼 있었어요 ･_･ 가지런한 유리잔 인테리어는 정말 깔-끔 그 자체 작고 귀여운 유리잔에 나오는 음료 오래 앉아있을만한 곳은 아니라 금새 사라지는 음료의 양은 신경쓰이지 않았어요 오렌지 향이 나는 밀크티 텁텁하지도 않고 정말 새로운 맛이라 마시면서 감탄했어요 ᴗ͈ˬᴗ͈ 그래도 조금 더 진하면 좋을 것 같아요 얼음이 녹으니까 금새 밍밍해져서요.. 여기 있는 작품들 모두 구매가능해요 알록달록한 색감이 이뻐서 방에 걸어놓고 싶었지만 아빠가 페인트 가게가면 주는거 아니냐고..ㅎㅎ 50m © NAVER Corp. Kontemporary1 서울특별시 용산구 한남동 683-47 사진찍기 좋은 한남동 카페 오렌지향 밀크티 추천해요"
"2020.11.23 [한남동 데이트] 컨템포러리1(KONTEMPORARY1), 이즈비(ISBY), 타파스바(TAPAS BAR)","한남동 데이트코스(이태원 데이트 코스) -> 컨템포러리1 (KONTEMPORARY1) -> 이즈비 (ISBY) -> 타파스바 (TAPAS BAR) 뜬금 호떡... 이번년도에 호떡이 너무 먹고싶었는데 우리 집 근처에는 파는 곳이 없었다...ㅠㅠ 근데 이번에 애들이랑 이태원에서 만나기로 해서 가는 길에 호떡을 파는 걸 보고 바로 구매...Get 엄청 오랜만에 먹어보는 호떡, 너무 맛있었다! 환승을 열심히 해서... 마침내 남산타워가 보이는 한남동 도착 50m © NAVER Corp. 컨템포러리1 서울특별시 용산구 한남동 683-47 열심히 걸어서 도착한 컨템포러리1 외관에서 부터 나 갤러리카페요! 라고 말하고 있다. (죠큼 늦었다 ㅎㅎ...) 신기한 테이블과 의자들(의자 엄청 무겁다...) 그리고 벽 곳곳의 그림들 의미는 잘 모르겠는 신기한 그림들이었다. 또 신기했던 것은 바로 커피잔! 독특한 모양의 커피잔이었다. 여기는 핸드드립커피로 유명하다고 한다. 다양한 원두 종류가 있어서 커피를 다양하게 즐기기에 좋은 것 같다. 내부의 큰 거울에서 거울샷도 찍고 카페 외부에서도 사진을 찍었다! 근데 외부는 위에 달린 조명때문에 잘 나오기는 좀 어렵다 ㅠㅠ 내부는 사진찍기 좋은 것 같다. 6명 다같이 거울보고 사진찍기-! 나가기 전에 한번 더 찍었다. 다들 외투를 입어서 도톰해짐 ㅎㅎ 오랜만에 다같이 모여서 신난 우리들!! 50m © NAVER Corp. 이즈비 서울특별시 용산구 이태원동 74-22 예약 카페에서 먼저 만나고 저녁 먹으러 이동했는데 이즈비(ISBY) 라는 파스타집이다. 한 친구가 몇번 가봤는데 좋았다고 해서 향하게 된 곳이다! 내부는 어두웠고 곳곳에 조명으로 밝혀져 있었다. 테이블에 촛불이 밝혀져있는데 제대로 주의하지 않으면 손이 데이거나 물건이 탈 수 있으니 주의...! 내가 제대로 안보고 데일 뻔 해서 우리는 촛불을 다 껐다. 메뉴판은 감성 가득 두툼한 크라프트지 우리는 투움바파스타(17000) 2개, 해산물토마토파스타(16000), 베이컨&할라피뇨피자(15000), 마늘빵 추가(2000) 3개 먼저 이렇게 주문했다. 와인도 한병 시켰다! 뚜렌/말벡 도멘 뒤 샤르보니에 (51000) 와인은 생각보다 종류가 적어서 아쉬웠다 ㅠㅠ 선택의 폭이 너무 좁았다. 자주 방문했던 친구를 알아보시고 샐러드를 서비스로 주셨다 ㅎㅎ 친구 최고👍 샐러드가 되게 맛있었다. 와인 등장-! 투움바 파스타가 맛있었다. 친구가 왜 2개 시켰는지 알겠는 맛 ㅎㅎ 피자는 생각보다 크기는 작았는데 특이하게 패스츄리 처럼 되어있어서 되게 맛있었다! 잔뜩 시킨 마늘빵을 파스타 소스에 콕 찍어먹으면 짱맛 ㅠㅠ 마늘빵이 바삭한게 아니라 부드러웠는데 난 부드러워서 더 좋았다. 주문할 때 먹고 부족하면 더 시키자고 했는데 배부르게 먹어서 더 시키지 않았다 ㅋㅋㅋ 맛있게 잘 먹었다✌ 그리고 이태원 거리로 나왔는데 웬걸... 거의 다 문을 닫았다 ㅠㅠ 코로나바이러스로 인해서 사회적 거리두기 2단계로 격상되는 바로 전날이었어서 그런 것 같았다. 그나마 열려있는 곳을 둘러보다가 가성비 괜찮아보이는 곳을 발견해서 들어갔다. 50m © NAVER Corp. 타파스바 서울특별시 용산구 이태원동 119-28 예약 타파스바(TAPAS BAR) 스페인요리 전문점이라고 한다. 우리는 칵테일을 먹으러 들어갔다. 각종 다양한 칵테일이랑 와인, 양주 등도 팔고있다. 칵테일 너무 예쁘다...💕 영롱해! 칵테일 이름은 A.S.A.P (7900) 였다. 달달하고 맛있었다. 이미 저녁을 먹고 2차로 온 거라서 안주는 간단하게 감바스를 시켰다. 감바스 너무 조그마했지만 우리가 배고픈게 아니었어서 다행이었다. 그리고 우리가 안주를 다 먹고 그냥 계속 칵테일 마시며 수다떨고 있으니까 안주가 다떨어지셨다면서 멜론을 내어주셨다! 세상 친절하셨음 ㅎㅎ 감사합니다. 화장실이 예쁘게 되어있길래 찍어봤다. 가글하는 것도 있고 화장실이 되게 잘 되어있어서 좋았다. 더 놀고 싶었지만 코로나때문에 그냥 바로 해산했다 ㅠㅠ! 시험 끝나고 괜찮아지면 또 모이자...! ❤행복했던 하루❤"
"한남동 / 갤러리카페 컨템포러리1 커피는 맛있는데,,,,","점심시간에 다녀온 한남동 카페 컨템포러리1☕️ 이름도 특이하네 여기, ㅋㅋㅋ 간판이 크게 눈에 띄지 않아서 포스팅 하려고 메뉴판 찾아보다가 카페 이름을 알았다. 여기가 주문하는 곳! 마그넷이랑 엽서 같은 것들도 판매한다. 주문하는곳 옆. 밖에서 저 자그마한 입간판을 보고 들어왔다 ㅎㅎ 저거 없었으면 카페라고 생각 못했을 듯? 내부는 이렇게 나무로 짠 테이블과 조금 불편해보이는 작은 의자들, 그리고 느낌있는 그림들! 개인적으로 인테리어랑 바닥 카펫이 내 취향 ღ 요렇게 디저트도 여러 종류 판매한다! 우린 점심 잔뜩 먹어서 요건 패스. 바로 근처에 있는 #알밤 여기도 네번째 가는거라 이번에는 감흥이 덜할 줄 알았는데, 역시 오늘도 장조림리조또는 존존맛 ❤️ 사진 안 남기려했는데.... 남겨보림 아무튼 구석 구석 걸린 액자가 느낌있다. 우리가 주문한 음료들, 자리로 가져다 주심. 커피는 원두 고를 수 있었다. 따아 시켰는데, 이런 난생 처음보는 불편하고 뜨거운 유리잔에 나올 줄 알았다면 안 시켰을거다..... 음료 식히려고 비어있는 자리 가서 사진도 찍어봄, 뭐야 근데 액자 안에 타이포 보니까 월화수목금토일 다 CLOSED???? 난해하네. 나도 자택근무 하고 싶다. (흑흑) 다른사진들은 밝기랑 그림자 조절한건데, 요 사진에서 보이는 것 처럼 하얀 벽이 조금 더럽다 ㅎㅎㅎ 음료 잔이 조금 불편했지만 그래도 뭐 커피가 맛있었고 다른 메뉴 먹어보러 더 올것 같은 카페였음- 친동생이 송현아에서 사줬던 운동화 히히 🤞🏻 아디다스 팔콘 너무 편해서 요즘 잘 신고 다니는 중 올리는 김에 생각난 어제 사진! 구호 매장안의 카페 👻 여기 전에 왔을땐 컵 요런게 아니었던 것 같은데? 오랜만에 와서 그런가 어색어색 산미 없는 원두로 골랐는데 최근 마셔본 라떼 중 제일 별로....였음 아이스 라떼가 첫입부터 엄청 밍밍했다... 😢 매장도 깔끔하고 예뻐서 구경하기 좋음! 일하다가 문득 머리 식히고 싶어서 요즘 핫한 인스타그램 테스트 검색해서 해봤다 😝 삶이 즐거운 트럼프카드라니..... 설명 보면 내 MBTI 유형이랑 맞는 것도 같고,ㅎㅎㅎ 남자친구도 해보라고 링크 줬더니, 이상형이 똑같이 트럼프카드로 나왔다! 소름! 근데 이상형으로 시작해놓고 성별은 남자 고른것도 소름! ㅋㅋㅋㅋㅋㅋ 오늘의 포스팅 끝🙆🏻‍♀️"
한남동 컨템포러리1,오랜만에 집에서 먼 카페를 다녀왔다 바로 50m © NAVER Corp. Kontemporary1 서울특별시 용산구 한남동 683-47 여기는 전시 공간도 있는 카페다. (주말은 사람이 너무 많음) 사진은 못찍었는데 밖에서 보면 내부가 커보이지만 거울때문에 커보이지 크지가 않다 그리고 기계를 안쓰는 핸드드립을 고수한다. 나는 신맛을 싫어해서 추천 받은 걸로 먹었는데 너.무.맛.있.다 커피만 마셨을때는 요 근래에 가장 맛있는 커피를 마셨다 . 마들렌도 먹었는데 달지도 않고 적당한 촉촉함이 있어서 너무 맛있다.. 커피도 맛있고 빵도 맛있고.. 사기 카페다. 이 카페는 공간이 작은데 주말이면 사람이 많다. 비쥬얼로 봤을때도 괜찮은데 핸드드립 커피도 맛있어서 사람들이 많이 오는거 같다. 나같은 신맛 싫어하는 사람도 마실 수 있는 신맛이 전혀 안나는 원두도 있기 때문에 한남동을 오게 되면 또 오고 싶은 카페다. 평점 5점 만점 중에 4점
[Seoul] Kontemporary1 컨템포러리1 @ 한남동 한강진역 카페,몇년 전부터 가보고 싶었던 카페 그렇게 거창할 건 아닌데 ㅋㅋㅋ 그냥 주말에 가면 늘 사람이 많고 다들 문에서 사진찍고 있고 그래서 웨이팅할 엄두도 안나고 워낙 오랜만에 놀러나오기도 하고 나도 문에서 찍어봄 히히 평일 낮이라 그런가 사람이 한명도 없던 카페! 판매하고 있는 상품들도 뭔가 귀엽다 호놀룰루와 밀크티 주문 특이한 공간 밖에서 봤을때 굉장히 넓어보여서 늘 웨이팅이 의문이었는데 알고보니 거울효과였다 ㅋㅋㅋㅋ 그런거였군 상큼한 호놀룰루와 묘한 꽃향기가 나는 밀크티 잔은 밀크티가 더 예쁜데 맛은 호놀룰루가 더 맛있었음 ㅋㅋ 50m © NAVER Corp. 컨템포러리1 서울특별시 용산구 이태원로54길 48
"[이태원,한남동/카페]아름다운 색채를 담고있는 분위기 좋은 카페 컨템포러리1(Kontemporary1)","나에게 카페는 주로 시간이 잠깐 날 때 업무를 하기위해 들리거나, 공부를 할 때 들리는 공간이었다. 점점 분위기 좋은 카페가 생기고 이색카페, 맛있는카페 등등 여가시간에 힐링을 목적으로 카페를 들리는 경우가 많아졌다. 대구에서 카페를 차릴 목적으로 시장조사차 서울을 들른 친구와 함께했다. 컨템포러리1 Kontemporary1 50m © NAVER Corp. Kontemporary1 서울특별시 용산구 이태원로54길 48 서울특별시 용산구 이태원로54길 48 화요일 - 일요일 12 : 00 - 22 : 00 * 매장 내에 전화가 없는 듯 하다. 네이버에 검색하면 휴대전화번호가 나온다. NAVER 한남동 골목 깊숙히 자리하고있다. 처음엔 미술관인줄 알고 지나쳤으나 찾던 카페가 이곳이라 다시 찾았다. 사실 저 그림은 문으로 회전하는 회전문이다. 그치만 특별한 날만 오픈하는 듯 방문 당시에는 잠궈두고 옆에 작은 문으로 카페를 입장했다. 안에서도 보이는 회전하는 문. 그림의 느낌이 분위기를 사로잡는다. 워낙 협소한 공간이다 보니 테이블을 더 놓으려 잠군듯 하다. 자몽 샹그리아 콜드브루 라떼 주문했던 자몽 샹그리아와 콜드브루 라떼, 자몽 샹그리아는 약간의 알콜이 첨가 되어있다. 이곳의 가장 특징점은 열로 압력을 가해 추출하는 커피, 즉 에스프레소가 없다. 당연히 그것을 이용한 메뉴들도 없다. 다만, 핸드드립커피가 있는데 바리스타분께서 직접 정성스레 커피를 내려주신다. 참신한 아이디어인듯 하다 궂이 어디서나 먹을 수 있는 그런 에스프레소, 아메리카노 말고 여기서만 맛볼 수 있는 메뉴들이 여럿있다. 분위기만 좋은 것이 아니라 실력도 겸한 사장님인듯 하다. 좁은 내부이지만 그 좁은 내부의 공간을 내어 미술관 처럼 작품을 전시하고 있다. 색감의 조화가 아름답다. 다양한 컨셉의 가게가 많이 오픈하고 다시 많이 문을 닫고 있다. 남들을 따라하기 보다는 이곳처럼 자기만의 개성을 보이는 다양한 컨셉의 가게가 많이 오픈했으면 좋겠다."
한남동 컨템포러리1,컨템포러리1 말릭커피 서울특별시 용산구 이태원로54길 48 인스타에서도 또 지나다니면서도 너무나 많이 봐왔던 컨템포러리 안쪽에는 전시하는 그림이 그때그때 바뀌는 듯해서 흥미로웠다. 안쪽에 있는 가구들도 모두 그냥 만들어진것들이 없어보였다. (인스타를보니까용) 정말 멋진 컵 진열 컵도 특이한 컵이다 흘러 흘러 건너 듣기로는 커피의 향을 더욱 증폭시켜준다고 들었다. (확실하지 않아요) 안쪽에는 귀여운 그림 + 소품 어떤 작가 인지 잘 모르겠다. 가게에 간단하게라도 설명이 있었으면 좋았을텐데 하고 느꼈다. 아니면 내가 찾지 못했을 수도 하잇 어쩌다보니 검정검정에 검정 멋있다. 아 우리는 핸드드립 따듯한거 한잔 그리고 아인슈페너를 주문했다. 마스크 투혼 했다. 집에 있어야하는게 맞았지만 너무 답답한 나머지 주말에 슬-쩍 나왔는데 정말 사람이 없어서 놀라우면서도 더욱 조심해야겠다 라고 느꼈던 코로나의 주말 모두 건강하세요.
한남동 컨템포러리1 ~,한남동 켄템포러리1 갤러리카페에서 티마셨어요 입구부터 예사롭지 않음이~~~ 내부도 너무 이뻣구요~~ 맛있게 나온티~^^ 달콤하니 너무 좋았어요~ 디저트도 입맛에 딱맞구요~ 촉촉해요~ 다시가고픈 카페였어요~
[한남동 뿌시기2탄]_한남동 카페 컨템포러리1,"안녕하세요 방구입니다. 오랜만에 학교 후배들을 보기로 했어용!! 후배1과2는 전혀 서로를 모르지만 서로 잘 어울릴듯 하여 소개시켜주기로 헣숩니다ㅋㅋ 어영부영 만나 카페로ㄱㄱ 처음 가려던 곳은 만석이라 바로 앞에 카페로 갑니당! 여기는 카페 kontemporary1입니당 자리웨이팅이 살짝 있어 음료 제조하시는데 근처로 잠깐 앉아있었어요ㅎㅎ 내부 인테리어에 한 비쥬얼 하네요. 인테리어에 특색을 주려고 노력한거 같아요. 네. 검색해보니 월요일은 쉬네요ㅋㅋ 우리는 만나서 서로 수다를 떨고 비흡연자인 나를 빼고 후배들은 담배를 피러 나갑니다... 이런 흡연 프렌드들..ㅎㅋㅋㅋ 그 사이어l 주문한 음료 나옴ㅋㅋ 사진 잘 안찍는 후배들 오기전에 나혼자 인스타 갬성으로 사진 찰칵찰칵ㅋㅋ 카페가 공간이 협소한데 전면거울을 활용해 되게 외부에서 넓어보여용ㅎㅎ contemporary art가 뜻이 현대미술인데 카페는 kontemporary 라... 아트?적인 공간을 컨셉으로 한듯해요! 카페에서 작은 전시도 하는거 같고 제 거울셀카뒤에도 페인팅된 큰 문이 있어요 ㅎㅎ 지금은 추워서 큰문은 닫아놓은듯ㅋㅋ (날씨 따뜻할때엔 페인팅 된 큰 유리문이 문역할을 해서, 외부에서 밀고 들어오면 됩니다. 인스타에 저거 밀면서 들어오는 척하는 설정샷이 수두룩해요ㅋㅋㅋㅋ) 흡연뿌렌드들 와서 커피마시고 수다떨고 즐거운 시간을 보냇죠ㅋㅋ 여기서 커피맛 솔찍후기를 하자면, 밀크티는 너무 연하고 향이 특색있어서..? 호불호 갈릴거 같고.. 나머지는 무난했어요!! 다만.... 스트로로 세번 빨아들이면 다 먹을 수 있다는점^^ (커피가 싸지도 않고 뭐..) 이슬만 먹어도 배부르신분들 추천합니다. 분위기는 엄청 이쁘군요^^ (나중에 사촌동생이랑 한남동에서 만나서 길가다가 kontemporary1앞에서 사진찌거줌) 이후 밥먹으러 갔었는데 사진찍고 인스타스토리에 올렸는데...사진 다 오디갔지ㅠㅠ 지워졋나봄ㄷㄹ 후에 아무데나 들어가서 마신 칵테일~~ 알딸딸 기부니이~~🤪🤪"
[한남동/이태원 카페] 컨템포러리1(Kontemporary1),"독특한 외관으로 유명한 컨템포러리 영업시간 매일 12:30~21:00(화요일 휴무) 50m © NAVER Corp. 컨템포러리1 말릭커피 서울특별시 용산구 한남동 683-47 KONTEMPORARY KOFFEE(@kontemporary_koffee) • Instagram 사진 및 동영상 팔로워 620명, 팔로잉 1명, 게시물 103개 - KONTEMPORARY KOFFEE(@kontemporary_koffee)님의 Instagram 사진 및 동영상 보기 instagram.com 바로 이곳이 포토스팟📷 들어서자마자 한쪽 벽면에 수많은 유리잔들이 진열되어 있다 곳곳에는 작품들이 걸려있었고 더 안쪽으로 들어가면 작은 갤러리가 있다고 알려주셨는데 가보지는 못했다 나무가 겹겹이 쌓여있는 것 같은 곡선의 의자와 테이블이 독특했다 컨템포러리는 핸드드립 전문 카페로 원두를 선택할 수 있었다 디저트도 생각보다 종류가 다양해서 뭘 먹을지 한참을 고민했다 ㅋㅋㅋ 핸드드립 전문점답게 커피 머신기 없이 직접 필터로 커피를 내려주신다 내가 주문한 건 호놀룰루 에이드(6,000원) 디톡스 티(7,000원) 당근 케이크(4,500원) 음료 두 개 모두 처음 먹어보는 맛이었다 호놀룰루 에이드는 망고와 파인애플의 조화가 아주 좋았고 디톡스티는 은은한 풍선껌 향이 났다 티백이 있으면 따로 구매해서 먹고 싶을 정도 디톡스티 잔은 연구실에서 쓰던 플라스크가 생각나는 모양이었다ᄏᄏᄏᄏ 🧪 당근 케이크는 위에 달달한 크림치즈가 올라가 있고 시트는 쫀득쫀득했다 지금 리뷰 쓰면서도 생각나는 맛! 또 먹고 싶다 자리가 불편해서 아쉬운 거 말곤 음료 디저트 모두 맛있게 잘 먹었다~"
[한남동] 예술적 감각이 있는 갤러리 카페 컨템포러리1 (KONTEMPORARY1) (내돈),"구글링을 해서 찾아간 카페가 문을 닫았다. 이럴 땐 눈에 가장 먼저 띄는 카페를 가는 게 인지상정! 걷던 중 문이 특이한 카페를 본 기억이 나서 방문해보기로 했다. 입구부터가 나 갤리러 카페요~~ 하는 느낌 ㅋㅋ 문에 작품을 넣을 생각을 하다니 아이디어가 넘 좋았다. 위치는 이태원역과 한강진역 사이~ 50m © NAVER Corp. Kontemporary1 서울특별시 용산구 이태원로54길 48 들어가보니 벽마다 그림이 걸려 있었다. 내부까지 자리가 있어서 밖에서 보는 것보다 넓었다. 뭔가 감각적이면서 깔끔한 그림 스타일이었다. 젤안쪽에 알록달록하면서 입체적인 그림이 있어서 한장 찍어보았다. ㅎ 이날 간만에 철릭원피스를 입었더니 ㅋㅋㅋㅋ 나도 알록달록 그림도 알록달록 눈이 아프구나^^.. 갠적으로 이 그림이 마음에 들었다. ""A CAP IN THE CLOUDS"" 카운터에서 그림도 판매하고, 여러가지 디자이너 굿즈를 팔고 있었다. 한 아주머니께서 들어오셔서 그림을 구매하고 싶다고 한참을 상담하셨다. 우린 마시러 왔으니 음료를 주문했다. 요즘 위염이 다시 도져서 커피는 못 마시니 밀크티를 주문했다. 남치니는 카페 올때마다 아이스초코 ㅋㅋㅋ 커피 가격은 비싼편. 한잔에 6~7000원대다. 아이스초코를 6000원 주고 마셔야 한다니... 게다가 양도 적었음 ㅠㅠㅋ 그림 보는 값도 음료에 포함되어 있다고 생각하면 나름 납득이 되는 가격이기도 하다. 근데 양이 너무 적긴 했다^^; 카페에 온 김에 대림미술관에서 구매한 굿즈도 개봉해보았다. 두근두근! 요 전구는 차박 갈 때 쓰려고 산 백조 전구! 백조들 배에서 불빛이 난다 ㅎㅎ 하이퀄리티는 아니지만 차박할 때 아기자기하게 쓸 수 있을 것 같다! 그리고 크루삭스~ 요즘에 급 양말에 꽂혀서 ㅋㅋㅋㅋ 운동하거나 등산갈 때 신으려고 샀다. 검정색에 핑크포인트가 예뻐서 구입! 근데 집에 와서 신어보니까 너무 두껍더라 ㅋㅋㅋㅋ 겨울양말로 당첨^^.,, 이런 저런 얘기 하다가 나오니 어느새 해가 졌다. 그림이 너무 예쁘니까 앞에서 사진 한장 찍고 집으로~ 한남동 간만에 왔는데 감각적인 카페가 많아서 가보고 싶은 곳이 너무 많아졌다! 또 언제 가지!? Kontemporary1 서울 용산구 이태원로54길 48 010-2606-0139 매일 12:30~21:00"
:: 한남동 이태원 :: 갤러리 카페 '컨템포러리1',"오래간만에 다녀왔었던 한남동! 가려던 카페에 사람이 너무 많아 방황하던 와중에 그림 자동문(?)이 특이해서 호다닥 들어갔다. 문 맛집? 입구에 있는 귀여운 메뉴판 요렇게 그림으로 된 문을 쭉 밀고 들어오면 된다. 수동문 그자체! 들어가자마자 한쪽 벽면을 채운 유리잔들 눈이 휘둥그레 예쁜 잔들 조아 밖에서 보기에 실내가 꽤 넓다 싶었는데 거울이었다! 안쪽에 조금 자리가 있지만 좁디좁은 카페에 옹기종기 갤러리 카페답게 벽면에 그림들이 전시되어 있었는데 요청하면 구매를 할 수 있다고 한다. 카운터 쪽에는 개인 작가들의 굿즈들이 준비되어 있는데 구매를 할 수 있게 잘 마련이 되어있다. 심플하며 알록달록한 그림들이 대부분이었다. ~심플 이즈 더 베스트~ 메뉴판 구성은 요렇게! 커피를 못 마시는 사람인지라 디카페인을 시도해볼까 했지만 며칠 전부터 밀크티 노래를 불렀던지라 밀크티와 디톡스 티를 주문! 이 카페는 핸드드립이 유명한데 커피를 못 먹어서 조금 많이 안타까웠다ᅲᅲ 다음을 기약 오렌지 파운드케이크가 궁금했지만 오늘의 디저트는 요만큼이 전부라 하셔서 저녁먹기 전이라당근 케이크를 시켰다! 의자가,,, 정말 내가 안 좋아하는 의자,,, 카페의 우선순위를 의자에 두는 사람으로서 피하고 싶은 카페 의자 1위,, 1시간만 있다가 나올 거라는 이유로 날 위로했다. 테이블 옆에 이렇게 기둥이 있는데 왜 있는지 모르지만 갤러리아 카페니 작품이겠지 싶었다! 밀크티 6,000원 디톡스티 7,000원 당근케이크 4.500원 밀크티 6,000원 딱 마시자마자 꽃 향이 훅 난다. 파운데이션의 느낌이 확ㅋㅋㅋㅋㅋㅋ 마테를 냉침 했다는데 맛은 정말 밋밋했다. 우러나다 만 느낌이 가득ㅠㅠ 매우 실망스러웠다. 나만 그런가 했는데 옆자리에서 이거 시키는 사람들마다 한마디 하게 되는 음료,, 일반적인 밀크티 생각하고 마시면 굉장히 실망할 듯! 디톡스티 7,000원 딱히 디톡스 티라고 해서 별 특징은 없었다. 다이어트에 좋은 허브류가 섞인 티 마테랑 녹차향이 강한 느낌의 티 딱 그 정도다! 당근케이크 4.500원 당근케이크도 그냥저냥? 시트가 떡 같은 느낌으로 쫀득한 느낌이 가득한 케이크였다는 것! 엄청 맛나고 기대감이 높은 카페는 아니고 보는 것이 반 이상이 넘는 카페다! 맛과 편안함을 중요시하는 나는 두 번은 안 갈 것 같다! 워낙 한남동 사람이 많아서 급하게 자리 찾아 들어가는 카페가 될 것 같다. 50m © NAVER Corp. 컨템포러리1 서울특별시 용산구 이태원로54길 48"
한남동 컨템포러리1 말릭커피 ( Kontemporary1),예전 라운드어바웃 건너편에 맛있는 케익집이 있었는데 오랜만에 가보니까 카페가 바뀌어있었다. 문이 정말 신기해서 들어갔는데 갤러리 카페같은 느낌 카페 곳곳에 작품이 많이 걸려있었다 카운터 옆 귀여운 컵과 그림 크림커피랑 쿠키 팝업이라서 쿠키도 시킬 수 있었는데 먹어보니 피넛버터 크림이었다.. 평소라면 절대 안먹을 음식 중 하나인데 이 날은 맛있게 먹을 수 있어서 신기했음 내가 다먹은듯 ㅎ... 크림커피 정말 부드럽고 좋았는데 재방문은 안할듯 50m © NAVER Corp. Kontemporary1 서울특별시 용산구 한남동 683-47
[한남동/이태원] #컨템포러리1_데이비드 슈리글리 작품이 있는 한강진역 카페,"생긴 초반에도 가고 싶었는데 작년말이었나 올해 초였나 뒤늦게 가봤었던 컨템포러리1 컨켐포러리1 010-6390-5070 서울 용산구 이태원로54길 48 매일 12:30-21:00 KONTEMPORARY(@kontemporary_official)님이 Instagram을 사용 중입니다 팔로워 7,134명, 팔로잉 1명, 게시물 198개 - KONTEMPORARY(@kontemporary_official)님의 Instagram 사진 및 동영상 보기 instagram.com 50m © NAVER Corp. 컨템포러리1 서울특별시 용산구 이태원로54길 48 문이 시그니처! 저 그림 문을 열고 들어가면 된닷 영국 현대미술 작가 데이비드 슈리글리의 아트상품들도 팔고 있었다! 메뉴들 스콘, 케이크들도 있음! 추운때라 옷이...ㅎㅎ 특이한 테이블도 있었구~ 데이비드 슈리글리 판화들 (판매중인듯 했음) 유명한 작품들중 하나! 이건 천에 프린팅된것 같았다 아인슈페너와 아아! 뒤에 귀여운 작품들과 함께 해서 좋았음 이건 부산아트페어에서! 소장하고있는 작가라 맘이 더 가는 ㅎㅎ 프리즈 아트페어에서 봤던 슈리글리 사진ㅎㅎ 2018 london freize art fair 2018 london freize art fair 2018 london freize art fair 재생 0 좋아요 0 00:00 00:00  2018 london freize art fair 데이비드 슈리글리 인스타그램/사이트 팔로워 80.9만명, 팔로잉 129명, 게시물 2,775개 - David Shrigley(@davidshrigley)님의 Instagram 사진 및 동영상 보기 www.instagram.com David Shrigley ~ Artist. 197cm tall. David Shrigley is a British visual artist. This is his web site with his stuff on it. davidshrigley.com"
"[한남동- KONTEMPORARY1카페] 이태원 갤러리카페, 컨템포러리1 카페",KONTEMPORATY1 갤러리 카페라고 하던데 저는 밥먹고 우연히 지나가다가 예뻐서 바로 들어갔어요 공간이나 인테리어 디자인이 너무 예뻐서 감탄했어요 메뉴 여기말고도 안쪽에 앉을 수 있는 공간이 더 있습니다:) 디카페인과 오른쪽엔 디톡스 티를 시켰어요 디톡스 티는 향이 너무 좋았어요っ˘ڡ˘ς 내부 그냥 막 찍어도 디자인들이 예뻐서 잘 나오더라구요 외부음식 섭취는 불가능하고 사진에 커피옆에 케이크는 사진만 찍을려고 올려 놓았어요:) 50m © NAVER Corp. 컨템포러리1 서울특별시 용산구 이태원로54길 48
