,Unnamed: 0,0,combined
0,어글리베이커리,1348768821.0,부 재료 듬뿍 다양하다 빵 가득하다 대표 베이커리 베리 굿 부드럽다 말랑말랑하다 치아바타 팥 버터 외 블루베리 크림 치즈 상큼 달달 버전 버터 팥 크림 치즈 커스터드 식빵 바삭 보루 촉촉 부드럽다 식빵 커스터드 크림 팥 치즈 달달 고소하다 고구마 크림 치즈 사워도 부드럽다 얇다 사워도 달달 고구마 고소하다 크림 치즈 빵 균형 무밤 크림 치즈 사워도 구황 작물 라면 무조건 사랑 글리 베이커리 비 평일 오전 웨이 팅 약간 대기 후 입장 크림 빵 맘모스 사워도 솔드아웃 원하다 종류 빵 맘 편하다 오전 시 걸 사워도 솔직하다 부 재료 알차다 이름 밤 가득 크림 치즈 가득빵 재 맘 간 빵 주말 오후 당연하다 정도 줄 서서 입장 사 고 빵 빵 나름 처 얼그레이 크림 빵 구매 역시 빵 뿐 크림 홍차 잎 얼그레이 진하다 크림 초콜렛 정 빵피 적당하다 양으로 얼그레이가장 인기 빵집 도대체 왜 인기 궁금하다 크림 폭탄 말 가깝다 빵 빵 내용물 차 막상 생각 배 먹기 힘들다 힘들다 림빵 계열 빵 모습 크림 덩어리 사실 맘모스 빵 궁금 막상 맘모스 다르다 일단 상당하다 작다웨이 팅 안해 우리 갑자기 평일 오후 좀 아쉽다빵 묵직하다 내용물 실하다 팥 흑임자 입맛 글리 베이커리 빵 취향 저격 흑임자 맘모스 흑임자 팥 압축 밀도 조합 가끔 아몬드 식 굿굿 빵 팥 앙금 설탕 단맛 은은하다 팥 본연 단맛 밤 팥 소보로빵 합치 맛없다 다만 내용물 한쪽 끝 갈수록 팥 아쉽다옥수수 전 보고 최근 구매 크림 과 은은하다 단맛 별로 선호 알맞다 정도 빵피 짠맛 과 크림 치아바타 처음 구매 크기 나쁘다 가격 크기 합리다른 가게 가격 비슷하다 재료 무겁다 정도 기분 아쉽다 대파 빵 실 채소 섬유질 머리카락 덩어리 빵 야채 별로 신경 그냥 앞 이렇다 부분 은 쓰시 다음 날 대파 빵 머리카락 가닥팥치 구황 작물 라인 신상 뉴 쑥떡 빵 떡 듬뿍 팥 짱 부드럽다 간도 스탈워낙 유명하다 맛집 고대 오픈 후 이후 원하다 빵 솔드아웃 덥다 얼른 가세 어픈 런 강튜망리 구경 줄 줄 알 빵 순례 중 유명하다 맛집 오픈 런했 얼결 묵직하다 수가 내용물 봉지 가득 무거 움 일본 촬영 빵 기 리 테이블 구경 적정 인원 입장 다음 줄 시스템 요 담구황 작물 끝판 글리 베이커리 평일 낮 가면 조용하다 다만 치아바타 종류 금방 편최애 빵집 중 만 급 추석 연휴 대기 덜하다 줄 평소 여기 빵 재료 성하다 값생각 웨이 팅 피스타치오 크림 빵 개존맛 구황 작물 처 돌이 만족하다추석 연휴 마지막 날 웨이 팅 만 크림 빵 이번 밤팥 사워도 빵 처음 빵피 얇다 밤 팥 미치다 음빵킷 리스트 정해 기대하다 기대하다 글리 베이커리 입성 부산 얼마나 설 뱅 타고 김포 수많다 빵 들보 대도 행복하다 전 팥 아이 로만 야무지다 기대 냉동고 쟁여 행복하다 예정구황 작물 러버 라면 사랑 빵집 재료 가득빵 전문 유튜버 분 소개 걸 보고 전부 재료 진하다 엄마 다른 빵 느끼하다 글리 베이커리 맘모스 빵 더욱맘모스 빵 유명하다 크림 빵 얼그레이 크림 빵 초코 크림 더하다 완전운 웨이 팅 거의 어요 악마 초코 슈 달 겉 초코 달 크림 크게 어울렷어 맘모스 묵직하다역시 명불허전 글리 수많다 크림 빵집 역시 어 글리 글리 전혀 뒤 무엇 평타 이상황 치즈 크림 빵 치즈만 기대하다 좀 빵 맘모스 랄 크림 빵 위주 로만 쑥 맘모스 덕 데 입맛 그냥 제일 기대하다 피스타치오 좀 피스타치오 남편 힘들다 크림 빵 양도 초반 젠 버 거워매장 취식 안되다 아쉽다 포장 때문 웨이 팅 길다 장점 알차다 조금 배부르다크림 빵 맛집 근처 늘 웨이 팅 때문 자주 평일 후시 조용하다 종종 달한번 번것 만족하다말차 생크림 빵 가나 슈 연세 우유 크림 빵 등등 단 싫어하다 크게 기대 적당하다 달 크림 듬뿍 마 녹차 맘모스 녹차 맘모스 미치다 존맛 마늘빵 소금 빵 빵 거나 크림 류 맘모스빵 순례 필수 코스 글리빵 묵직하다 대파 빵 생각 못 조합 빵 묵직하다 당분간 빵 냉동 실 쟁 든든하다감동 고구마 맘모스 옥수수 임자 단호박 크림 치즈 사워도 비싸다 금액토요일 웨이 팅 제일 거의 품절 흑임자 맘모스 피스타치오 크림 빵 밤 크림 치즈 사워도 단호박 크림 치즈 치아 바타 감동 대파 빵 순서 대파 빵 파 빵 느낌 맘모스 크기 살짝 비싸다 감글리 베이커리 다양하다 편 크림 빵 오늘 처음 레몬 크림 빵 쓴맛 크림 빵 중 얼그레이 크림 빵 제일실망하다 내용물 유명하다 뭐 텅빔 원래 가운데 조금 가요빵 크림소스 개성 풍부하다 이용 베이커리 가게 대부분 막 다른 누군가빵 맛집 살짝 줄 서서오후 빵 빵 아쉽다 맘모스 크림 빵 테이크아웃 빵 듯 요 크림 빵 구입 가능하다 샤워 크림 곡물 빵등 야하다 부드럽다 쪽 구경 빵 사시 코스맛닛어 빵토요일 도서관 금요일 웨이 팅 바로 입장 욕심 안내 위주 몇 만 이번 황 치즈 맘모스 손목 뻐근하다 정도 묵직하다 치즈 러버 완전 행복하다 글리 크림 빵 크림 조금 삐지다 가격 할인 완전 혜자 빵집빵 순례 필수 코스 글리 베이커리 원래 맘모스 크림 빵 유명하다 하드 빵 마싰어 이번 하드 빵 바가지 용물 항상 가득 가성 비 최고 최고비싸다빵 맛집 맘모스 크림 빵 식사 빵 등 빵 종류 빵 물량 오후 가도 품절 빵 거의 살 직원 퇴근 가방 빵 잔뜩 여기 일 빵 매일 여기 일오픈 런 웨이 팅 힘들다 크림 양 느끼하다 부드럽다대파 빵 다시 주말 전보 비싸다 크기 약간 밤 샤워 크림 빵 제일 궁금하다 품절 아쉽다 밤 빵 밤맛 약간 밍밍일요일 오전 오픈 다섯 순서 정도 빵 꽤 무겁다 크림 빵 왜 후회속 하드 빵만 여전하다소금 빵 평범하다 개인 조금 짭짤하다 어떻다 차 크림 빵 첫 입 뒤 얼그레이 크림 빵 제일 후기 걱정 예상 덜대파 빵글리 크림 빵 크림얼그레이 크림 빵 몇번감동 대파 빵 쓴맛 빵 매우 드라이 퍽퍽 대파 쓴맛 아리 크림 치즈 진화 크림 빵 걸 종이 쇼핑비주 얼 만 맛집 번 대파 빵 번 황뽀또 맘모스 리뷰 대파 빵 돈 쌩파 느낌 고문 촉촉하다 마요네즈 별로 황뽀또 저렴하다 그냥 제크 몇 슬프다 금요일 밤 만 빵 순례 실패직원 흑임자 맘모스크림 빵 크림 완전 가득 빵피 쫀득 부드럽다 얼그레이 크림 초코 조합보기 전 오픈 런 원하다 빵 구 어렵다오픈 런 실화 묵직하다 빵 피곤 사르르 명성 묵직하다 보냉 아이스팩 싹 글리 베이커리 사랑날 대기 호다닥 만빵 순례 중 가게 줄 쭉 그렇다 글리 베이커리 증거 주말 웨이 팅 생각 고 온 괜찮다 궃 날씨 덜하다 웨이 팅 생각 덕분 매장 빵 디스플레이 가득 찬 모습 볼 모두 한번 가게 가면 빵 봉투 가득 원하다 빵 못 걱정 햇 크림 빵 하드 빵 모두 살 있었슴돠 역시 유명하다 이유여기 사진 얼그레이 크림 빵 뽀또 맘모스 크림 빵 얼그레이 크림 빵 존맛 이구 맘모스 예전 이번피스타치오 크림 빵 얼그레이 크림 빵 구매 피스타치오 크림 빵 크림 피스타치오 적당하다 달콤하다 피스타치오 얼그레이 크림 빵 얼그레이 꽤 쎄다구황 작물 덕후 감동 단호박 밤 사이 크림 치즈 환상 조합 피스타치오 크림 빵 안달 피스타치오 자체 앞 자주주말 토요일 오후 종류 얼그레이 크림 빵 구입 크림 다음 평일 다양하다 빵초코 맘모스 초코 진하다 좀 달 크림 빵류 생각 감동 무화과 빵 좀 딱딱하다 먹기 힘들다토핑 가득 빵주말 치아바타빵 요즘 유명하다 명성 답 알차다빵 맛집 생크림 듬뿍일요일 약 정도 대기 매장 작다 취식 불가하다 재료 내용물 재생각 빵 작다 사진 크기 비교 크게 생각 단면 사진 크기 비교 샷 맘모스 크기얼그레이 가득하다 크림 빵 피 얇다 크림 가득 빵 크림 경계 지경 빵 얇다 아쉽다 지경 크림 시 분 바닥 초콜렛 초코 미네 용 꼭 시원하다 냉동 실 살짝처음 빵 재고 걸 비슷하다 빵 뭐 질문 계산 분 침묵 옆 분 응대 구매 빵 종류 계산 눈치 구매 굉장하다 불쾌하다근처 볼 일 간만 여전하다 웨이 팅 정도 이유 가성 비주말 한번 맘모스빵 크림 가득앞 초코 나무숲 품절 바로 앞 이렇다 순 빵 직원 보고 구나 주말평일 땡큐 저녁 경 감동 말차 맘모스 황 치즈 맘모스 등등 여기 황 치즈크림 무겁다 못 정도 요새 물가 생각감동 뽀또 맘모스 크림 빵 크림 분 뽀또 맘모스 덕 쫀득 짤 달달 다해 입 엄청나다 파티요즘 빵 순례 필수 코스 길다 보통 정도 소요 구경 애매하다 바로 살 대파 빵 신선하다 굉장하다 차이 바로 좀 아쉽다 취향 차이 가게크림 빵 맘모스 덕후 글리 베이커리 천국 피스타치오 크림 빵 제일어 글리 크림 빵 맘모스 빵 뿐 하드 빵 징쨔 도리 재료 빠 방한 빵 그냥 재료 위해 존재 뿐크림 빵수니 천국 글리 베이커리 크림 양 장난 피스타치오 얼그레이 초코 오히려 아쉽다 치아바타 살짝 건조하다 편이 반전 얼그레이 무화과 스콘 제일오후 원하다 빵 아쉽다 다른 빵얼그레이 크림 빵 녹차 맘모스 생크림 단팥빵 감동 맘모스그냥 맘모스 사고 품절 관계 맘모스 대파 빵 토욜 오후 평타황 치즈 맘모스궁금하다 글리 베이커리 빵안 재료 가득오픈 런 줄 서서 구매 성공 빵 순례 성공하다 행복 햐 식사 빵 치아바타 도리특별하다 빵배부르다하드 빵 무호 필수진득 무겁다 맛남오레오 크림 빵 쫀득 빵안 쿠키앤크림 아이스크림 녹 크림 오레오 크림 듬뿍 그냥 얼 걸 함 래야 덜 초코 맘모스 빵 손바닥 사이즈 두께 감 상당하다 빵 비율 정도 나머지 두껍다 초코 무스 얇다 상큼 잼 초코 무스 초코 비율 높다 초코 무스 진하다 부드럽다 우리 흔하다글리 베이커리 유명하다 맘모스 크림 빵 단팥빵 등등 종류 어어 무 기 힘들다 다행하다 웨이 팅 매장 가능하다 무엇 에어컨 빵빵 답 시원하다 걸 빵 종류 찬찬하다 다행 동선 맘 가장 기본 가격 전혀항상 글리 베이커리 빵 엄두 못 얼마 전 평일 방 문 빵 종류 다양하다 다양하다 반죽 자체 감자 치즈 도우 감자 감동 대파 빵 대파 크림 치즈 잔뜩 캐셔 정도 줄 서서 이해 재 의사주변 엄두 내지 평일 웨이 팅 구매 뽀또 맘모스 말차 맘모스 모두 굉장하다 진하다 다음 다른 빵 다시치즈크림 빵 성지 기다림 필수장가 빵 날씨 주말 길다 불구 생각 빵 종류 남아뽀또 맘모스 바닐라 커스타드 팥빵 모두 일요일 오후 대기빵가끔 얼그레이 녹차 밤 싯 평일 물량 넉넉하다 주말 몇개 안남다평일 웨이 팅 바로 구매 크림 빵 별로 맘모스 구황 장물 덕후 구매 구황 작물 덕후 다음저번 뽀또 맘모스 황 치즈 글리 데 크림 빵 달달 팥 뭐 성공하다 오픈 런 꼭 오빵 달 속 내용물 가득 식사 대용 해도 대신 가격 만 팥대기 길다 크림 빵 아주 실하다토요일 예전 웨이 팅 정도 트 레이 빵워낙 유명하다 기대 지인 별로 맘모스 그렇다 크림 빵 겉 빵 수분 감 푸석푸석하다 얼 해 동다 상태 똑같다 날 반죽 이상하다 가족 지인 똑같다 반응말차 크림 빵 쑥 맘모스 말차 맘모스 제일 패션후르츠 크림 빵 처음 유뽀또 맘모스 베리 굿
1,더바이글,1416238798.0,바이 글 가츠산 카츠 장 추가 지난번 만족하다 이틀 재 역시 부드럽다 이렇다 훌륭하다 베 이글 테이크 아웃 위주 아쉽다 만약 홀 손님 돈쭐 나시 홀 매장 확장 시 작다 바램 겨울 밖 직원 계속 걱정 모저번 재료 소진 마감 그냥 다시 오늘 카츠 산도 샌드위치 어요 진운 행복하다여기 가츠산 솔트 비프 샌드위치 포장 둘 가츠산 모 존맛 허겁지겁 정도 글구 여기 바이 글칩 모 어제 오전 사고 지금 사고일단 오픈 새 가게 번창 가츠산 인기 하늘 이제 유명하다 날 부랴부랴 일단 구성 다양하다 베이글 발라 여 소스류 마음 듭 베이글 종류 재밌다 구성 특이하다 베이글 베이글 샌드위치 보시 기본 베이글베이글 유목민 정착 흔하다 베이글 다양하다 구성 가츠산 하프 두툼 정 말 수비드 던데 촉촉하다 구 크림 치즈 종류 꼭 발라저번 베이글 종류 여기 크림 치즈 샌드위치 보 나중 샌드위치반쪽 츠 산도 도 얼굴 만해 와사비 느끼하다 바삭 왜 우리 근처 번창 맴날새롭다 신상 베이글 베이글 바이 글 주장 신상 바이 글집 여 다양하다 종류 베이글 샌드위치 팔고 직접 크림 치즈 섭하다 쿠키 다양하다 라인업 구 무엇 제일 하루 한정 메뉴인 가츠 산도 베이글 요 장시간 수비드 조리 통해 그렇다 고기 지방 쏙 바지 촉촉하다 고기만 남아 부드럽다노 버터 노 밀크 노 슈가 건강 베이글 신상 맛집 유제품 퍽퍽 절대 부드럽다 가게 크림 치즈 완 전 궁합 장난 바질 베이글 쪽파 크림 치즈 조합 사랑 거기 다가 설명 기분 베이 글칩 다양하다 구성 꼭 얼그레이 처 돌이 레몬 얼그레이 무조건 다음 샌드위치연어 쪽파 크림 치즈 바이 글 샌드 끼 식사 든든하다 일반 베이글 라인 바이 글 특색 가츠산 바이 글 김치 마 요바이 글 궁금하다 쿠키 전 디 저트 때문 실망하다 리 걸꼭특이하다 매장 이쁘다 유명하다 포장오픈 전 완전 기대 땅 맛집 몇번 이제 리뷰 가츠산 하프 도 캐 비주 충격 요 맥주 도 매장 완전 힙 앞 테이블 간단하다 귀엽다 손 그림 포장 덤베이글 툼 데 부드럽다 돈까스 베이글 치즈 크림 발라 베이글 돈까스 가츠산 베이글 별미 가츠산 베이글 양 둘이서 사이좋다밀가루 설탕 우유 쫄깃 갓 운 베이글 일 신상 베이커리 베이글 맛집 크림 치즈 종류 다양하다 수비드 베이글 샌드위치 처 덥다 눈앞 솔드아웃 못 다른 리뷰 부드럽다 동시 바로 주신 연어 쪽파 크림 치즈 듬뿍 끼 식사 제대로 깔끔하다 외국인 손님 계속 핫앞 베이글 덜 무엇 베이글 에어 프라이어 지도 겉바 촉 극락 크림 치즈 효 앞 자주솔티드 비프 바질 당근 최고 최고 다음 보고가츠산 하프 성인 남자 명 배부르다 크기 고기 두껍다 수비드 부드럽다 빵 특제 소스 빵 쫄깃 밀도 포만 감 엄청나다 다음 솔트 비프 보고에브리 띵 바이 글 무화과 크림 치즈 페어 무화과 크림 치즈 취향 에브리 띵 바이 글 예상 외 베이글 음 오 괜찮다 기억 건 무화과 크림 치즈 보고 베이글 선택 고민 힘들다 부탁 보통 이렇다 질문 답 취향 말로 답 곳도 무화과 크림 치즈베이글 특별하다 다음 다른 사서하루 한정 카츠 바이 글 바로 돈카츠 온장고 완성 카츠 바이 글 고기 나이프 정 도로 튀김 속 돼지고기 딱딱하다 질 물 티슈 등 서비스카츠 산도 전반 햄 치즈 마 베이글 딱딱하다 특별하다 과정 시 간도 꽤 보완 부분 애정 가게 조금 연구 리뷰 마 막 직원 번창인스타 보고 비싸다 만큼 카츠 산도 굉장하다 고기 바로 따뜻하다 육즙베이글 종류 다양하다 카츠 산도 한번 오기 다음 솔트 비프 보고우리 이렇다 이쁘다 힙 매장 분다 바이 글 츠 산도 마 양도 고기 큼직하다 부드럽다 말 뭐 디른 더욱 번창 짱짱베이글 완전 쫄깃 직접 크림 치즈 종류 다양하다 베이글 샌드위치 단골동네 이제야 샌드위치 완전 순삭 매장 깔끔하다힐링 재미 진 인테리어 동안 냄새새롭다 보구 가츠 바이 글 하프 가츠 실하다 베이글 기 돈가츠 강하다 다음 다른 배부르다 돈카츠 다르다 부분 힘줄 부분 초 불편하다장님 엄청나다 베이글 카츠 산도 바이 글 샌드위치 한정 궁금하다 바이 글 쫀쫀 돈카츠 부드럽다 샌드위치 바이 글 품담 최고 최고매장 힙 빵 독특하다베이글 쫀득 고기 부드럽다운 대기 바로 샌드위치 바로 샌드위치 압도 다음빵 쫄깃해 다양하다독특하다 베이글 기대신기하다 직원카츠 커서 둘 정도 가게 분위기갈릭 퐁당 바이 글 깜짝 본래 항상베이글 전문점 베이 글러버 행복하다 라즈베리 크림 치즈 미치다특색 가츠샌드담백하다항상 품절 오늘 운제주 역시 해개장 보고 이제야가츠산 완전 바삭바삭하다 베이글 빵 도노 슈가 노 밀크 노 버터 건강하다 베이글 르꼬 르동 블루 출신 힙 매장 분위기 독특하다 김치 베이글 카츠 산도 바이 글 양 크림 치즈 디저트 쿠키 브라우니 탄산 알콜 물 다양하다 선택 점점 유명하다 바이 글가게 앞 냄새 워낙 유명하다 남자친구 쪽 거리 가깝다모든 크림 치즈 직접 신선하다수비드 카츠 부드럽다근처 모임 점심식사 용 몇개 포장 다이어트 닭 가슴 살 샌드위치 베이글 입문 햄 치즈 샌드위치 카츠 맥주 완전 디저트 레몬 얼그레이 쿠키이렇다 베이글 존맛두툼 카츠 산도베이글동네 맛집 앞 자주베이글 요 최애 바이 글집양도출근 일찍 어서 카츠 베이글 처음새롭다 오픈 대서 인테리어 매장 깔끔하다 구경 재미 빵 가츠산 베이글 고기 부드럽다 소스 베이글 조화롭다 짭짤하다 맥주 극락인스타 핫 뮤 고 돈가스인스타 보고 고기매장 깔끔하다 국적 분위기 잔 베이글 먹기 정이 넘치다처음 베이글 다양하다가츠산 맛집 아침 가게 내부베이글 원래 편 여기 베이글 바이 글 광 크림 치즈 양도 주시 베 이글 불편하다새롭다 바질 무화과 크림 치즈 꼭직원 다양하다새롭다 즉시 신선하다 바로 자주 애용 연어 크림 치즈 최고우선 베이글 빵 꽤 쫄깃 연어 쪽파 생각 보기 양 꽤 편 베이글 샌드위치친구 실하다 밥 먹기에브리 띵 베이글 종류 크림 치즈 빵 발라 크림 치즈 종류 필요하다오 베이글 나용베이 글러버 라면 꼭 야하다카츠 센드 봣 끼 대용 안성맞춤 다른 샌드위치 베이글 나중 활기차다 즐겁다세계 최고 베이글매장 깔끔하다 다양하다베이글 크림 치즈 종류 다양하다 재미베이글 기대바로새롭다 베이글종류 다양하다 매장 직원매장 깨끗하다 베이글 종류 돈까스 베이글 처음 고기 부드럽다나용인테리어 멋지다 베이글 맛집카츠 베이글 오 베이글 쫀득 쫀듣하친구나름 일찍 일찍 욕심이쁘다 가게 홀리 듯 예술 다음 샌드위치 도전색깔 하얗다 베이글 처음 질겨베이글 존맛베이글 자주 최고크리스마스 분위기미국 스타일 분위기 인테리어 멋지다 베이글 크림 발라 지금 포장 날 좀 선선해지다 매장제품 직접 가까이 보고 선택 자세하다 사진 키 오스 확인 안되다 주요 품목 베이글 유리 진열 베이글 음해베이글 동네 새롭다 바로 크림 치즈 종류 다양하다 샌드위치 번
2,소설원 망원,1988455172.0,분위기 동양 감각 멋지다 일본 느낌 대형 루프 디저트 분위기 데이트 소개팅멋지다 아이 부모님 좌 입 좌석 선택 다다미 방 바닥 따뜻하다 겨울 딱이다 카스테라 부드럽다 아인 슈페 너 달콤하다 부드럽다 우유 푸딩 글 글 달콤하다 말차 푸딩 일지 넉넉하다 테이블 동양 인테리어 구경 재미 아이 따뜻하다 바원망 구석구석 인스타 성 내기 딱좋다 요 카스테라 안달 부드럽다 먹기 우유 푸딩 연유 먹기 전과 후 각각 매력 다르다 전 개인 달달 음료 담백하다 다다미 석 아쉽다 다음 꼭제일 카페인 저녁 성 최고 덥다 요즘 날 바닥 따뜻하다 온도 적당하다 따뜻하다 테이블자리 좌 자리 테라스 어디 굿 밤 카스테라 밤 크림 우유 푸딩 꼭 저녁 다행하다 디카 페인 원두 디 라떼 요것멋지다 이전 눈 인테리어 분위기 꼭 여기 밀크 티 녹차 라떼 진하다 사용 테이블 좌 편안하다독특하다 분위기 사진 찍기 려니 생각 생각 디저트 상당하다 토요일 오후 쯤 인기 대기 조금 금방 자리 자리 야하다 술빵 반상 세트 음료 데 빵 포 폭신 끈 다른 소스류 푸딩 미치다 카스테라 우유 배 정도 고부드럽다 우유 푸딩 술빵 카스텔라 디저트 맛집 술빵 카스텔라 생크림 버터 제공 원하다 편이 갓 따끈따끈하다 더욱 우유 푸딩 일본 푸딩 그렇다 굉장하다 부드럽다 제공 연유 부다 달콤하다 차도 디저트 무엇 넉 분위기 다다미 좌석입구 무릉도원 분위기 때문 기대 마자 모형 쭉 술빵 카스테라 탱글탱글하다 카스테라 조금 신기하다 식 푸딩 밀크 티 푸딩 변경전체 이쁘다 몇번 이번 가을 맞이 새롭다 밤 카스테라 당장 가을 막차 밤 안쪽 밤 크림 밤 늘 도리 우유 푸딩 음료 만족 언제 인테리어 이쁘다 생각 정도 늘 감동여기 교토 딸 기대하다 드뎌 역시 작다 일본 느낌 낭낭 곳곳 포토 존 사진 루프 탑 밤 더더 낭만 술빵 카스테라 휘 낭시 폭 신한 술빵 팥 생크림 비 르 바로 천국 솔티 휘 낭시 기대하다 전 개인 흑임자 휘 낭시 완전 다다미망원역 도 가깝다 앞 접근성 밤 카스텔라 적당하다 달달 부모님 모시 오기 메뉴인 다음 부모님 음료 전부 단 다다미 석 테이블 다양하다 경성 분위기 다음일본 느낌 주택 개조 루프 탑 건물 층층 창문 크게 햇살 구조 술빵 카스테라 우유 푸딩 유자 이드 녹차 라떼 술빵 카스테라 경우 부드럽다 촉촉하다 목 느 낌 적당하다 한국인 게다가 팥 생크림 조화 매우 우유 푸딩 경우 달 거리날 다다미방 친구 따뜻하다 편안하다 수다 아늑하다 마치 일본인 착각 온 기분 디저트 다양하다 비싸다 못 근처꽤 자주 술빵 갓 촉촉하다 생크림 팥 버터 발라 신상 밤 라떼 밤 아인 슈페 너 달달 완전 우유 푸딩 두번째 부드럽다 우유 음료 디저트 분위기 가끔 부모님 가기분위기 동양 의 아름답다 움 푸딩 쑥 술빵 폭 신하 블랙베리 이드 상큼 청량 해 음악 잔잔하다 대화 나누기 야외 테라스 루프 탑 분위기 맛집 가도 근사하다 공 간이 편하다 가요 자주뷰 맛집 음식 맛집 유명하다 원망 가정 개조 건물 룸 비슷하다 다른 감성 이미지 프라이 빗 룸 담소 나누기 카페라떼 고소하다 유자 이드 상큼 술빵 부드럽다 말차 푸딩 녹차 진하다 부드럽다주택 개조 이쁘다 인테리어 밤 라떼 밤 라떼 적당하다 달 도 핫 답 앤 인테리어 식물 사진 찍기 다다미 석 돌이 따뜻하다요새 유명하다 마음 디저트 정성 가득하다 플레이 팅 음료 주택 통 이용 넓다 공간 다양하다음료 무난 술빵 하니 반상 푸딩 사실 아이스 아메리카노 좀 물탄 조금 아쉽다 좌 다다미 조합 따뜻하다 요즘 가기일본 인테리어 우유 푸딩 너 무 푸딩 때문 한번 평일 도 다다미 석 이용 아쉽다 날씨 루프 탑 이용휘 낭시 반상 아이스 아메리카노 망원역 분위기 잠시 잠깐 여행 듯 기분 설레다 분위기 인테리어 뿐 부드럽다 촉촉하다 밀도 높다 휘 낭시 푸딩 플레이 팅 센스 넘치다 보기 해도 기분 구영나름 완전 맛집 디저트 딱딱하다 쫀득 휘 낭시 부드럽다 우유 푸딩 구성 너 무 취향 저격 아늑하다 포근하다 분위기 혼자 연인 끼리 가족 가도 개인 취향 도 바쁘다 일상 속 가끔 힐링골목 습 닷 역시 핫 일본 감성 물 씬나다 핫 느낌 디저트 종류 카스테라 폭신 하니 부들부들 친구 수다 떨기 데이트 오기늘 특별하다 음료 디저트 훌륭하다 덕 고 부드럽다 크림 아인 슈페 너 최고 부모님 모시 가옥 새롭다 인테리어 옛날 생각 재방 문 의사 프로일본 분위기 곳곳 대나무 다다미 석도 이번 새롭다 밤 라떼 달달 바밤바맛 푸딩 촉촉하다 진하다 만 취향 저격 디저트 만난 기분 분위기 자리 눈치 안보 편하다종 핫 여행 발견 듯 동양 의 가게 다른 듯 기분 포토 존 주말 평일 비도 그렇다 조용하다 분위기 요 음료 디저트 비주 얼 도 대박 계속 사진 처 흑임자 아인 슈페 너 진하다 고소하다 꼭 당 밀크 티 당 강하다공간 넓다 테이블 석 다다미 석 루프 탑 인테리어 넉 동양 매력 은은하다 디저트 아메리카노 달 달 크림 고소하다 라떼 조합 달달 처 아인 슈페 너 다과상 플레이 팅 폭 신하 부드럽다 술빵 카스 테 진하다 밀크 티향 밀크 티 푸딩홍제 반하다 감성 요즘 날씨 루프 탑 부드럽다 우유 푸딩 쑥 술빵 반상 조합 짱짱 유자 이드 청량하다 감성 강추건물 통째 카페인 만 공간 넓다 인테리어 넉 레트로 감성 아인 슈페 너 우롱차 카스테라 푸딩 괜찮다 자리 잡기 힘들다 재아주 평일 오후 도 좌 자리 충분하다 포인트 사진 일본 온 느낌 쑥 술빵 흑임자 아인 슈페 너 녹차 특이하다 특별하다 기억 남아곳곳 눈 이번 건물 통째 그렇다 좌석 넉넉하다 해 자리 그렇다 아늑하다 넉 분위기 쑥 술빵 카스테라 존맛 개인 카스 테 차 달 조합 다음밤 크림 카스텔라 밤 크림 가득하다 중간 중간 밤 빵 촉촉하다 밤 크림 부드럽다 빵 자체 쫀득해 런 어떻다 말차 푸딩 푸딩 숟가락 보고 그렇다 탱글탱글하다 녹차 시럽 문인 녹차 진하다 푸딩 부드럽다 블랙베리 이드 베리 진하다 적절하다 갈증 해핫 쑥 술빵 카스텔라 바로 따끈하다 쑥향 뷰 드럽다 생크림 버터 조합 여기 버터 팥 카스테라 꿀 조합 분위기 규 루프 탑 꼭 나무숲 감성 최고 밀크 티교토 온 느낌 요즘 현생 사느랗다 여행 생각 도 못 원망 덕분 힐링 말차 푸딩 술빵 술빵입구 주택 개조 교토 감성 가깝다 쑥 카스테라 우유 푸딩 부드럽다 아이스 아메리카노 흑임자 아인 슈페 너 달달 디저트 먹기 좌 입 적절하다 루프 탑 테라스 밤 감성비주 미치다 맛집 화학 가물 부모님 빵 음 료 분위기 압살 행복하다 완전 맛집 강추가게 입구 분위기 맛집 디저트 인스타 각 좌석 일본 가옥 느낌 느낌 달라 옥수수 카스테라 품절 다음 재좌석 좌 입 자리 편하다 가족 끼리 가기 여럿 자리 디저트 종류 다양하다 특이하다 차별성 괜찮다놀러와 내부 다다미 석 테이블 석 다양하다 넓다 루프 탑 지금 날씨 딱이다 디저트 러버 카스테라 완전 강 추하다 쫀득하 완전이뽀 음로 디저트 주택 개조 정감 이야기 나누기 데이트 딱이다 구경 잼 사랑스럽다 자주핫 원망 주택 개조 인테리어 특색 분위기 아득하다 남편 이야기 가기 도 디저트 이쁘다 사진 막 디저트 달 다음 엄마 모시치 대형 주택 개조 일본 느낌 인스타 감성 사진 찍기 음료 푸딩 탱글탱글하다 꼭분위기 인테리어 넉 멋 스럽다 지하 자리 잡 좌 의자 고민 푸딩 일본 계란찜 식감 신기하다 밀크 티맛 쑥 카스텔라 정도 수제 한국 디저트 술빵 느낌 특색 디저트 따뜻하다 폭 폭신 부드럽다 식감 달 생크림 팥생각 공간 넓다 좌석 다다미방 바닥 따땃해 디저트 달 오히려 물리 노래 소리 일행 대화 나누기 제일 편안하다핫 일단 근처 접근성 인테리어 동양 멋 스럽다 감각 예 쁘 덥다 소품 느낌 확 사진 찍기 디저트 쑥 술빵 밀크 티 푸딩 수제 그렇다 갓 빵 느낌 달달 질리 매력 부모님 푸딩 밀크 티덕 이렇다고해 입구 지브리 동화 속 곳곳 등불 식물 인테리어 디저트 우유 푸딩 쑥 술빵 카스테라 부드럽다 달달 처 음료 아인 슈페 너 완 전 반하다 핫 원망 꼭핫 원망 골목 주택 전체 리 모델링 일본 감성 디저트 내부 순간 마 치 다른 나라 여행 온 기분 드 건물 전체 운영 자리 루프 탑 특유 성도 옥수 카스테라 말차 푸딩 비주 인스타 사진 데이트 장소 핫 원망독특하다 여유 생기 부모님 친구 도 다다미 석 따뜻하다 차 한잔 즐겁다옥 매장 아기자기 디저트 정갈하다 휘 낭시분위기 인테리어 한국 디저트휘 낭시 세트 종류 얼그레이 무화과 꼭 번 깜짝 인테리어 뷰 머싯어 웅장 짐 잘멍겅씁 옴뇸뇸요기 무조건 일단 주택 개조 이구 라서 인테리어 따뜻하다 이쁘다 자리 다양하다 시즌 옥수수 생크림 카스테라 안달 옥수수 말차 푸딩 위 진하다 푸딩 나용 핫 요기 꼭우유 푸딩 요즘 가을 밤 크림 카스테라 카스테라 하니 푸딩 부드럽다 루프 탑 공간 감각 날씨 곰 따뜻하다 루프 탑인테리어 료칸 스타일 별로 구경 감탄 디저트 케 요 쑥빵 카스테라 쑥맛 진해 금방 촉촉하다 부드럽다 얼그레이 푸딩 꼭 처 흑임자 아인 슈페 너 크림 미치다 크림 대박 핫 분 완전 강 추하다디저트 이쁘다 한번 번 놀렀습 루프 탑 세번 놀래다 요즘 가을 날 데이트 장소 카스 테 술빵 처음 어보 눈 완전 요물 꼭나무숲 인테리어 인상 주택 개조 루프 탑 각 컨셉 분위기 휘 낭시 뿐 푸딩 술빵 등 처음 디저트 행복하다여친 데이트 코스 건물 아늑하다 테이블 조명도 조명도 디저트 부드럽다 조합 공 신경 데이트 코스주택 개조 느낌 인테리어 독특하다 사진 스팟 디저트 한식 컨셉 술빵 흑임자 아인 슈페 너 플레이 팅여기 분위기 미치다 디저트 말 뭐 분위기 미치다 루프 탑 깔끔하다 정갈하다 푸딩 강력넓다 사진 루프 탑 넉 분위기 다다미 석 마치 교토 여행 온 기분 었어 디저트 플레이 팅 부모님 도 다음도심 속 이렇다 풀이 푸릇푸릇해 마음 편하다 비주 옥수수 크림 카스텔라 촉촉하다 카스 텔 자체 옥수수 은은하다 옥수수 크림 알갱이 진하다 옥수수 디저트 달 질리 부모님 가기 우유 푸딩 부드럽다 차갑다 탱글탱글하다 우유 크림저녁 푸딩 아쉽다 카스테라 휘 낭시 존맛 만족 휘 낭시 종류 쫀득했 카스테라 뻑뻑 줄 완전 폭 신하 부드럽다 우롱차 디저트 모든 기대 이상망원역 가깝다 리 인테리어 이쁘다 일본 느낌 제대로 다다미 아늑하다 디저트 이쁘다 힐 링 테이블 넓다 이제 여기 최고 초코 라떼 달 초코 이구 옥수수 크림 카 스테 부드럽다 달달 카스테라 옥수수 크림 말차 푸딩 말차 시럽 말차 부드럽다 푸딩인테리어 테이블 석 좌 룹탑 완전 다양하다 자리 분위기 달라 디저트 플레이 팅 인생 샷 제대로 쑥 카스테라 달 어른 말차 푸딩 말차 진하다 완전 함 미당손님 공간 공간 아쉽다 빌라 채 통째 변신 이색 교토 분위기 낭낭해 다다미 좌석 아이 편하다 우유 푸딩 안달 분 옥수수 라떼 한번망웡동 유명하다 인테리어 엄마 엄마 당 아인 슈페 너 달달 분 강추 옥수수 카스테라 크림핫 특유 동양 의 분위기 음악 잔잔하다 대화 편하다 가기아늑하다 분위기 깜놀 년전 앞 살 완전 추억 새록새록 변하다 종종 가면 변하다 빌라 안락하다 디저트 차카스테라 완전 퐁실퐁실 휘 낭시 아인 슈페 너 완전 진하다 달달 충전 제대로 완전 부모님 포장 내부 완전 넓다 다다미 사진핫 고해 어머 디저트 이쁘다 우유 푸딩 부드럽다 친구 소소하다 얘기 디저트 사진 독립 공간 친구 대화 오늘 우롱차 부모님 티 다음 부모님 모시 최고인테리어 멋지다 데이트 코스분위기 감성 모두 이렇다 쑥 술빵 카스텔라 버터 더더 우유 푸딩 부드럽다 흑임자 아인 슈페 너 크림 흑임자 가득 최고 거기 디자인 사진친구 술빵 반상 세트 블랙베리 차 등 치 디저트 차 즐겁다 테이블 좌 식 의자 신발 반상 옹기종기 자리 독특하다 좀 시 단점 망원역 가깝다 장소 고급스럽다넉 분위기 부드럽다 푸딩 고소하다 달달 옥수수 카스테라 주택 개조 카운터 포함 테이블 좌석 넉넉하다 쾌적하다 음료 디저트 편하다 느낌 따뜻하다 분위기 자주 은생각 어떻다 옛날 가정 이렇다 수가 주방 각각 고유 컨셉 인테리어 분위기 보고 정도 각각 개성 넘치다 카스테라 푸딩 음료 대나무 잎 대나무 용기 이용 디테일 뭐 완벽하다일단 분위기 미치다 꼭 행온 느낌 대만 일본 느낌 아늑하다 인테리어 잔잔하다 노래 좌 자석 독특하다 흑임자 아인 슈페 너 크림 쫀쫀 흑임자 고소하다 아메리카노 디저트 먹기 술빵 부드럽다 달달 폭 신한 식감 팥 버터 크림 발라 극락 밀크 티 푸딩 홍차 은은하다 낫 시럽 먹음 달달 푸딩분위기 미치다 사진 디저트 휘 낭시 개시 키 초밥 귀엽다 인스타 성 사진 바로엄마 데이트 해외여행 근처 재밌다이렇다 정도 분위기 아름답다 밀크 티 푸딩 달달 쫄깃 식감 일품 쑥 술빵 카스테라 쑥 은은하다 입맛 흑임자 아인 슈페 너 흑임자 우유 조합 새 초콜릿 라떼 진하다 초콜릿 부드럽다 우유 미가 최고 음료 다양하다 분위기 즐겁다인스타 감성 가득하다 핫 인테리어 멋있다 사진 찍기 디저트 말 입 아프다 정도 용 술삥 카스테라 처음 카스테라 식감 촉촉하다 건물 자리 넉넉하다 분위기 대화 전통 느낌 플레이 팅 예술 부모님 모시 분위기비 날 오히려 분위기 끝장 엄마 어무 규 디저트 달 질리 굿 두번째 다음 날씨 날 사진 왕창 찍 고갈 예정분위기 일본 기분 야외 석도 그렇다 이용 좌석 여름 좀 아쉽다 음료 디저트 초밥 팅 휘 낭시 일품왜 핫 인테리어 국적 약간 일본 대만 온 느낌 인테리어 디저트 사진 밤 낮 가면 디저트 사진 사진 인생 샷분위기 아늑하다 옥 느낌 이색 분위기 한식 디저트 판매 밤 카스텔라 우유 푸딩 등등 디저트 테라스 자리 데이트유명하다 꼭 드뎌 분위기 쑥 술빵 밀크 티 푸딩 휘 낭시 아메 유자 이드 카스텔라 푸딩 휘 낭시 별로 보고핫 비 분위기 제대로 쑥 술빵 카스테라 촉촉하다 부드 럽 팥 버터 생크림 정성스럽다 디저트 달 어른 말차 푸딩 만큼 부드럽다 고 진하다 말차 유자 이드 유자 마시기 편하다 흑임자 아인 슈페 너 부드럽다 마시기 일단 분위기엄마 알 다다미방 한국 디저트 완전 만족 디저트 달 질리 부모님휘 낭시 무조건 여기 양도 분위기 대박 둘이서 오기 단체 오기 완전 데이트 여기 맛집 강추동안 교토 골목 주택 개조 이렇다 인테리어 처음 존 다다미방 우리 반상 이색 좌 식이 분위기 술빵 감 카스테라 달 둘 배부르다 블랙베리 에이 큼직하다 블랙베리 콤 달콤 흑임자 아인 슈페 너 호기심 칭찬여기 완전 비주 얼 맛집 디저트 존맛 분위기 완전 이쁘다 술빵 카스테라 푸딩 그냥 살 살 꼭 디저트 선물 용 최고 가깝다 자주데이트 오기 푸딩 카스테라 분위기 고풍 스럽다날 분위기 마을 비밀 정원 신기하다 규모 커서 취향 공간 선택일본 감성 제대로 망리 감성 임 인테리어 다다미 이쁘다 손님 테이블 석 테이블 석도 대나무 일본 감성 낭낭 만족 그니 아이 슈페 너 흑임자 이슈 페너 존맛임 입맛 좀 덜 단 흑임자 취향 스시 플레이 팅 휘낭 시 재밌다 재밌다 솔티 카라멜 휘 낭시 꼭 젤 존맛 쑥 술빵 크기 꽤 커서 은근 배부르다 가성 비 임분위기 카스테라 술빵 식감 촉촉하다 술빵 부들부들하다 식감 휘 낭시 엄 청 부드럽다 덕 촉촉하다 황 치즈 솔트 존맛 꼭 전체 완전 포토 스팟 개인 루 프탑 이쁘다 이쁘다푸딩 땅콩 뜬금 귀엽다 루프 탑 용여기 분위기 일본 온 기분 자리 분위기 다르다 매장 뭘 쓰시 숲속 힐리 인 테리 디저트 음료 존맛 입 쑥 카스테라 부드럽다 따뜻하다 말차 푸딩 무조건 완전 함 흑임자 슈페너 날 가요 강추이렇다 번 출구 멀다 위치 입구 분위기 대박 넉 아늑하다 분위기 카스테라 딩 음료 짱짱 카스테라 폭 폭 신부 드럽다 따뜻하다 굳다 굳다 말차 푸딩 달달 블랙베리 이드 었는데 상큼 이드 아메리카노 고소하다 산미 강하다 자리 편하다 넓다 재 의사좌석 디저트 다다미 바닥 아보 상상 그대로 만족스럽다 마다 넓다 좌석 공간 분리 소란 저희 일행 끼리 공간 보장 디저트 신기 디저트 세트 도 포장 배달 옥수수 분 옥수수 카스테라 빵 옥수수핫 드 디오 핫 여전하다 이쁘다 임 디저트 무슨 옥수 생크림 카스테라 우유 밀크 푸딩 완전 취향 저격망원역 핫 디저트 분위기 부모님 모시 행복하다
3,투떰즈업,941188692.0,미치다 빵 맛집 밤 모스 눈물 근처 토욜 웨이 팅 잠깐 기표 밥 주변 소품 살걸 빵 맛집투떰즈업 빵 지인 통해 알 먼저 택배 알 이번 직접 요 금요일 오후 빵 조금 상태 다음 오전 빵 얼초롤 길가 덕바 롤 맘모스 입맛 뿌 링클 맘모스 빵 뽀또맛 나용예전 줄 서서 웨이 팅 번호 표 편하다 번호 표 오전 부터 중간 중간 매장 건물 앞 직원 번호 표 입장 번호 표 베이글 의 솔드아웃 원하다 종류 빵 구매 일찍 걸빵 순례 유명하다 뚜떰즈업 오후 품절 흑임자 아쉽다 무화과 행복하다 빵피 쫄깃 크림 적당하다 달 토핑 조화 다음 예정줄 구매 다르다 괜찮다 과일 제품 발 냄새 걸레 덜 냄새 괜찮다 다음 제품 구매 구예전 처음 투떰먹을때 느끼하다 이번 약간 느끼하다 페라라 땅콩 강 콰작 식 헤초 은 가장 인기 이유 생각 다크 초코 쪽 투떰 베이글 너 무 쫀득쫀득 크기 분해 냉동 해동 해동 쫀득함 그대로금 토 이틀 여 토요일 웨이 팅 엄두 안나 금요일 거의 쌀 베이글 덕바 득템 행복하다 베이글 헤이즐꾸덕바 강 추하다 맘모스 조만간투떰즈업 일찍 기표 시간대 글리 기표 한참 글리 가면 무화과 쌀 베이글 유명하다 베이글 크림 무화과 뭐 모나 존맛 말차 초코 덕바 씁쓸하다줄 서서 번호 표 후 품절 그렇다 불구 용서기표 마감 현장 구매 가능 웨이 팅 후 구매 베이글 사고 블루베리 베이글 외 품절 롤 종류 구매 담 꼭 오픈 런 베이글 데꼬와토요일 도착 앞 정도 계심 기표 손님 기준 품절 빵 야무지다 사고투떰즈업 대기 필수 웨이 팅 빵 맛집 택배 쌀 베이글 꼭 야하다 구해 뎅 빵피 쫀득 잡채 내용물 실하다 당일 섭취 기 당일굉장하다 구석 매우 힘들다 웨이 팅 불편 베이글 쫀득하 웨이 팅 정도 젊다 오기 땡볕 밑 열사병 줄 읍 어쨌든 경험 만족하다 가게 앞 웨이 팅 분 주변 하수 구 냄새예전 대기 수월하다 베이글 확실하다 빵피 쫀득 총 번 크림 한텐 크게 감흥 땅콩 바사 젤 분해 조각일단 피스타치오 롤 대중 일찍 가도 마감 삿어 쌀 베이글 모두 싹 스리 품절 금요일 빡세줄 서서 입장 표 전 시즌 과일 쌀 베이글 빵피 떡 쫀득 과일 달 고 크림 누구 조화땅콩 바사 최애 메뉴인 콩 모스 처음 베이글 과일 베이글 품절 줄 알 호지넛 참고 호지넛 아쉽다 콩 모스 팥 인절미 가나 슈 실패 시스템 덜 춥다 번호 표 웨이 팅 조금 음맘모스 빵 귀엽다크림 이듬 뿎 부드럽다쌀 베이글 처음 쫀득 부드럽다 무엇 크림 가득하다 모두 조합 다만 젊다 카운터 직 분 응대 아쉽다 무조건 친절 작다 불친절 바라지 처음 뾰루퉁 표정 말투 계산 진행 중 추가 가능하다 작다 한숨 빵 살짝 모습 상처 가능하다 무조건 건토요일 오후 현장 대기 정도 줄 서서 쇼케이스 상황 사진 헤초 맘모스 인기 품절 시즌 과일 쌀 베이글 눈 앞 체리 베닐 땅콩 구매 체리 베닐 미치다 쫀득 쌀 베이글 느끼하다 바닐라 크림 상큼 체리 핑크 빛 크림 체리 강하 땅콩 은 조금 상피스타치오 조금 느끼하다도착 입장 번호 표 번호 표 조금 사려 다짐 막상 실물 영접 자제 안되다 손 가득 무겁다 이케 빵 찌 자제 요베이글 맛집 버터크림 힘들다 매번 베이글 쫀득 식감두 적 처음 피스타치오 롤 체리 베닐 베이글 나머지 냉동 실 구빵 순례 기표 성공 덕 크림베이글 쫄깃해 맘모스 류 전웨이 팅 힘들다베이글 핫 하디 핫 투떰즈업 포장 웨이 팅 감수 피스타치오 보늬밤 베이글 모두 진하다 우유 촉촉 쫌딕 빵피 크림 역시 이유만 간 투떰즈업 원래 날씨 상관없다 줄 서서 시간대 별로 번호 표 편하다 구경 장 보고 구매 새롭다 반갑다 다음 어떻다 벌써 기대명불허전 만 쌀 베이글 식감 및혔어 어떻다 부드럽다 쫀득 크림 별로 전부 시즌 롤 믿힌맛기표 주시 베이글 종류 다양하다 쌀 베이글빵 밤 고소하다웨이 팅 성지 투떰즈업 여기 먹기 힘드다 과일 롤 사이즈 과일 느끼하다쌀 베이글토요일 쯤 도착 번 모든 구매 가능하다 크림 샌드 베이글 베이글 기대 평범하다 땅콩 은 반투떰즈업 쫄깃 베이글 중독 샌드위치 소스 야채 조화롭다 입맛 블루베리 베이글 말줄 서서 크림 베이글 평일 웨이 팅함 쌀 베이글 쫀득해 가격 땡볕 웨이 팅 생각 가성 비 편 경험투떰즈업 토요일 혹시 오픈 런 정도 앞 웨이 팅 분 정도 일찍 간 덕분 종류 매장 취식 가깝다 스타벅스 입 순간 웨이 팅 만하 생각 빵피 떡 처럼 쫄깃쫄깃 크림 호박 모스 콘치 크럼 블여기 쌀 베이글 사랑 크림 스타일 맘모스 말 뭐 친구 배 이글 살걸 후회 금토 아쉽다 사서 쟁여놓 먹기 짱이번 주 흑임자 롤지난번 품절 호박 모스 완전 취저 딸기 피 스타 쌀 베이글 재 이번 다행하다 호박 모스 겟했구 어쩜 빵 묵직하다 듬뿍 듬뿍 재료 무게 감 베이글 포장 깔끔하다 상자 귀엽다 투떰즈업 캐릭터 스티커 장내 테이블 정도 취식 불가하다 빵 다른 설명 필요없다 그냥줄 보고 알 대기 끼리 맘모스웨이 팅 빵집 투떰 아마 유일 기표 처음 줄 딸기 시즌 베이글 체리 딸기 만큼 감동 요 크림 저번 다르다 과일 몽땅 베이글 당일 날 바로 드 릴 투떰 얼 통 만요 가면 제일 먼저토요일 맘모스 종류 조금 버터 바 조금 밤 모스 무난 베이글 아쉽다생 블루베리 크림 치즈 크림 생 블루베리 잼 조합 상큼 달달 베이글 피스타치오 딸기 신선하다 딸기 물 피스타치오 크림 상큼 베 리크 림 환상 조합 시즌 과일 과일 가득 생크림 케이크 떡 듯 느낌 상큼 베이글 베이글 맘 센터 달달 보늬밤 포함 다양하다 견과류 베이글 넛츠 크림 치즈 크림 딸기 잼 팥 등 성하다 콩 고소하다 흑임자 크림 치즈 생크림 인모스 아주 진하다진찌밤쌀 베이글 얼초롤 크림 약간 느끼하다 편이알바생 불친절하다 대답 불친절하다 처음 요 빵 식 불쾌하다 최악 요쌀 베이글 쫀득쫀득해 데 식감 신기하다 크림 냉장 보관 바로 장점 이자 단점 요 한번 볼빵 빵 몇개 꽤 묵직하다 왜 금토 판매 일주일 번 판매 빵 구매 어렵다이렇다 자극 디저트 처음쌀 베이글 쫀득왜 웨이 팅 심하다 줄선 만큼 보람피스타치오 밤쌀 베이글 쫀득 부드럽다구경 타이밍 기표 밥 다양하다 정 어려움 마지막 모스 보늬밤쌀 베이글 취향 말초 덕바 구매 요 즘 빵 비싸다 흙흙 가격 대비 내용물 알차다 투떰즈업 선택 옳다금토 땡볕 대기 불편 그냥 한번 끝왜 유명하다 납득 여태 베이글 중 제일 쫀득해 베이글 정도 크림 비율 높다 크림 치즈 때문 그렇다 크게 느끼하다 그냥 크림 구매 어렵다 비싸다 감 의사묵직하다 밀도 높다 질깃 정통 베이글 빵 말랑말랑하다 베이글 요즘 트렌드 투떰즈업 트렌드 떡 쫄깃 쫄깃 베이글 식감 압권 종류 다르다 샌드된 크림 과일 등 쫄깃 베이글 어울림 피스타치오 큼직하다 보늬밤 세 물 고소하다 피스타치오 크림 라즈베리 잼 절묘하다 조합 딸기 팥 신선하다 딸기 고소하다 크림 치즈 생크림 팥 딸기 잼 조합금요일 쯤 도착 입장권 십분 간격 타임 팀 입장 구매 시스템 장내 테이블 정도 취식 안되다 포장 가능하다 호박 모스 꼭 사고 아쉽다 벌써 품절 다른 제품 기대 딸기 피 스타 쌀 베이글 대박 스타일 꽉 찬 피스타치오 크림 딸기 생크림 밸런스 신선하다 딸기 쌀빵 특유 식감 말랑쫀득함 베이금요일 티켓 빵 구매 빵 일단 빵피 굉장하다 부 드럽다 쫄깃해 빵 뭘 느낌 그냥 빵 딸기 산 선하다 크림 전혀 느끼하다 굉장하다 녹진하다 느끼하다 달 전형 크림 앞 서서 웨이 팅 매장계산 유도 리도 답답하다 답 일베이글 모두 빵 밤 모스 재료쌀 베이글 기표 웨이 팅 좀 수월하다번호 표 배부 시스템 요 나중 현장 판매 최대한 일찍 걸 최애 쌀 베이글중 정도 쟁마지막 베이글 토요일 쯤 요즘 사이 인스타 수량 도저히 오픈 런 인내심 편 냉동 보관 후 다음 날 딸기 완전하다 해동 후 빵 피나 크림 다만 팥 원래 그냥 쌀 베이글 기억 럼블 버터 바류진즉 힘들다 괜찮다 힘들다 재 못카운터 여직원 불친절하다레오 럼블 새롭다 기대 딸기 쌀 베이글 빵 쌀 특유 식감 크림 딸기 신선하다여기 빵 최고베이글 맘모스바프 맘모스 쌀 베이글줄 잔뜩 볼일 보고 온 다음 사자 베이글 베이글 줄 서시 버터 바 충분하다 겟한것 만족하다 오히려 베이글 간날 한번 요즘 살 물량 오픈 일수 물량 마음 버터 바처음 이자 마지막 빵집 웨이 팅일 듯 친하다 동생 글 거리 웨이 팅할 만 베이글 쫀득 부드럽다 강하다 아기 궁뎅 빵 개인 느끼하다 빵 선호 절반 나머지 맘모스 라즈 베 리잼 피스타치오 크림 조화롭다 듯 호박 모스 굳이 웨이 팅 한번양오페라 라라 뭘 궁금하다 덕바 제발 감동무난 무난오후 웨이 팅 원하다 품절 나름토요일 오픈 런 후기 웨이 팅 다시 할껀 대답 오픈 런 오전 도착 앞 팀 입장 무려 심지어 오픈 후 명 입장 회전 률 느리다 투떰즈업 오픈 런 글리 베이커리 어 글리 회전 률 빠르다 직원 두 분 이서 명 계산 명 쑈 케이스 품절 쌀 베이글 등 바로 아래 솔궁금하다 성공 기쁘다만 재 웨이 팅 쌀 베이글 쫀득 크림 완전 우유 크림 상큼 과일 조화 조금 덜 편하다 살 대기 인기 요 날 따뜻하다 차 준비 센스베이글유니콘 투떰즈업 성공하다 빵 밀 도감 대단하다 쌀 베이글 후회 맘모스 종류 마음 럼블 맘 롤 개인 좀 느끼하다투떰 업 제발 문 대박 쌀 베이글 제발 빵 친구 명 친 거마 빵 미치다 노래 절 소스 치 놀래다 맘모스 솔직하다 생각 응 니요 미치다 놈 제발 이제 입 아프다 쑥 모스 닥느무 갠 베이글 가장 사랑쌀 베이글 쫀득쫀득 크림 느끼하다 기다림 힘들다맘모스 다음 택배현장 판매 굉장하다 짐 빵 무겁다 다음 택배최애 빵집 디저트 행복하다쑥 모스 오픈 날짜 좀 낭낭 제발베이글 샌드 떰 업자주럼블 종류 전부 묵직하다 픽 피스타치오 럼블베이글 식 말모 크림 고소하다 강하다 밤 실하다 킥 피스타치오 롤 기대 왜 피스타치오 바삭주말 두시 빵 말차 꾸러기 찌 이이이 말차 초코 팥 말 뭐 해고 이도 쑥향 진하다 쑥떡 엄마전 손가락 대왕 킹 빵 맛집 예전 작다 가게 일 모든 빵꼭 한번예전 웨이 팅 때문 엄두 웨이 팅 시스템 바 이제 좀 수월하다 표 기본 이상은존맛 빵 딸기 팥쌀 베이글 미치다 놈 꼭 인절미 맘모스 생각 크림 인절미 흑임자 가운데 부분 만 땅콩 은 국희 땅콩샌드 고급 버전 피스타치오 생각 별로 할미 입맛 흑임자 럼블 버터 낭낭 꼬숩 밤 모스 꼬숩 특별하다 빵 부드럽다 얼 해도 떡 말랑하다 신기하다 얘 얼 먹보굿
4,슈크렌느,1256673550.0,신상 타르트 파이 탑 요 와인 무화과 왕관 파이 말차 보늬밤 왕관 파이 카푸치노 버터 가득 각 본연 재료 풍부하다 최고 파이 직원 인테리어 카푸치노 디저트 전체 고급디저트 성지 워낙 디저트 투어 정도 파이 맛집 슈크렌느 바삭 파이 크림 잔뜩 겉바 촉 장난 가을 밤 꼭매장 이쁘다 디저트 왕관 파이 파이 종류 고민 딸기 초코 생크림 보 역 시 다음 샤인 머 스캣 아메리카노 카라멜 마끼아또 아주 매장 분위기 사진 요디저트 유혹 홀린 듯이 디저트 갓 딸기 피스타치오 다르다 금방 매장 크리스마스 분위기재료 만해 호화롭다 할리데이 케이크 통 생 딸기 피스타치오 몽떼 생 딸기 퓨레 캬라멜 피스타치오 치즈 케잌 아몬드 크림 페스 츄리 파이 페스 츄리 파이 포근하다 밀크 둘 우정 영원하다 오늘 딸기 파이 이기 때문 더욱 조합 환상 짝꿍 생각왕관 파이 신상 파이 중 만큼 파이 생각 든든하다 말 차보 늬밤 밤 크림 말차 크림 보늬밤 잔뜩 완전 취향 인테리어 음료 정성 느낌 잔뜩 파이 꼭 한번딸기 피스타치오 파이 꼭 요 세상 과일 처음 꼭 요 덕 아인 슈페 라떼 이름 그대로 덕 크림 완전 취저 덕 잡채슈크렌느 왕관 파이 홍차 사과파이 요거트 샤인 머 스캣 파이 덕 아인 슈페 너 라떼 아이스 후기 파이 맛집 임 파이 라서 비싸다 막상 크기 다른 정도 크기 만원 그냥 디저트 덕후 알짓 둘 깔끔하다 달 달 연하다 달달 깔끔하다 디저트 강추 달콤하다 여왕 의 품격 슈크렌느 나이프 컷팅할 사선입구 분위기 깔끔하다 사진 감성 디저트 행복하다 번창파이 중 가장 크림 가볍다 사실 생크림 감성 별로 요즘 인스타 과장 도 짐 적당하다 달달 계속 입 디저트 어유 여기 파이 크림 러스크 존맛 홍차 해도 짱 그냥 야하다 능 근방 자주 봬유새롭다 오픈 특이하다 디자인 디저트 차별 왕관 모양 파이 크림 가득하다 어요 위 과일 신선하다과일 디저트 그냥 보아 과일 왕창 크림 왕창 파이 바삭 자체 프레 달달 샤인 머 스캣 요거트 크림 물리 인테리어 감성파이 부드럽다 음료 신상 깔끔하다 관리 그릇 포크 나이프 디테 신경 부분 보 사과파이 제일 번창파이 맛집 파이 딸기 초코 조합 재 가장 감격 혼자 먹기 둘 먹기 사이즈 크리스마스 스페셜 케이크 사이즈 출시 마음 가족 친구 와인 파이솔직하다 어떻다 사진 자연 광 맛집 요 게다가 끼 식사 대용 충분하다 친구 새롭다 맛집 담 그렇다 시즌 별로 다른 파이 어떻다 파이 기대인테리어 이쁘다 야외 공간 내부 다른 느낌 저녁 이쁘다 왕관 파이 이쁘다 생각 커서 선물 용 준비 포장 혼자 조용하다 즐 기기 셀카 찍기 이쁘다길가 다가 이쁘다 고풍 스럽다 보이 파이 사진 음식 맛집 사진 못 편 이쁘다왕관 파이 말차 보늬밤 크림 두 종류 조합 재료 풍부하다 진하다 매일 파이 구 그렇다 러스트 부분 바삭 촉촉하다 신선하다 느낌밥 골목 파이 포스터 보고 궁금하다 직원 무엇 파이 밤 디저트 말차 최고 파이 고소하다 속 달 담 달달 근처 살 자주테라스 공간 멋지다 무엇 타르트 타르트 보기 멋지다 보늬밤 무화과 시즌 도리 디저트 행복하다 저녁왕관 양파 생각 뮤 이쁘다 이번 주 딸기 초코파이 딸기 초코 조합 대박 자몽 이드 달 자몽 완전 자몽 강 추하다왕관 파이 특이하다 왕관 모양 타르트 와인 무화과 파이 생크림 와인 무화과 절임 아몬드 크림 조화 서비스 쿠키 베이직 괜찮다 오픈 얼마 번창귀엽다 사과 왕관 파이 귀엽다 속 크림 사과 잔득 덥다 꼭 갑 번창근처 새롭다 워낙 디저트 도장 중 왕 관모 특이하다 궁금하다 처음 처 홍차 사과 이번 시즌 메뉴인 말차 보늬밤 홍차 사과 사과 잼 홍차 크림 파이 처답 무난 무난 말차 보늬밤 말차 크림친구 새롭다 일단 깔끔하다 무엇 디저트 파이 당연하다 눅눅하다 생각 바삭 크림 좀 딱이다 보늬밤 배부르다 포기 웨이 팅 지옥 조용하다 분위기 여기새롭다 궁금하다 동생 디저트 었습 분위기 일 분 조용하다 사과 홍차 숩 크림 부드럽다 홍차 사과 중간 중간 동생 이야기 못 아쉽다 조만간신상 디저트 분위기 깨끗하다 처음 디저트 왕관 모양 파이 과일 싱싱하다 패스츄리 느낌 바삭발견 디저트 오픈 한지 얼마 유명하다 전 호다닥 밖 남아 슬프다 무화과 다행 이쁘다 무엇왕관 모양 파이 크림 가득하다 바삭 파이 조합 매장 인테리어 인스타 감성 뿜뿜 조용하다 대화가게 이쁘다 포근하다 분위기 타르트 파이 빵 부분 바삭 다음 다른 지인 다시친구 홀린 듯이 바질 토마토 파이 무조건 야하다 서비스 쿠키 파이 미치다 음료 무조건 야하다 제발 제발 인테리어 파이 번 가능 파이연말 분위기 낭낭 기분 디저트 다음 망 원 재 의사 완전직원 매장 인테리어 깔끔하다 고급스럽다 매장 조용하다 피아노 노래 독특하다 파이 처음 접 사과 상큼 달파이 아늑하다 햇빛 따땃해바질 토마토 파이 안고 상큼 바질 때문 느끼하다분위기 번창 주차 가능하다 하니 용크리스마스 트리 눈 트리 커서 이쁘다 인테리어 곳곳이 이쁘다 조용하다 얘기와인 무화과 타르트 콤 달콤하다 요거트 샤인 머스켓 타르트 크림 좀 느끼하다 샤인 머스켓 콤 홍차 사과파이 귀엽다 사과 귀엽다 살짝 취향 탈 느낌 완전 음료수 아인 슈페 너 서비스 주신 쿠키 완전 천국 양 저희 좀 욕심 듯 전체진심 파이 맛집 파이 자꾸 크기 큼지막하다 모양 선물 파이 종류 대부분 순위 꼽기 어렵다 취향 껏 바질 토마토 와인 무화과 막상막하무화과 파이 품절 얼그레이 크림 사과 파이 깜짝 놀래다 실내 아주 조용하다 무척디저트 최고 디저트 포장 분위기 맛집고급스럽다 음료 아아 무화과 보늬밤 완전 강추파이 귀엽다 뀰비앙코 라떼 강 추하다 분위기여행 친절 잡채 파이 처 모양 덥다 파이 종류 아쉽다 일 버세무화과 파이 신선하다 무화과 꽉 사과 파이 한강지난번 보고 포장 이번 시즌 역시 감동 지금 이렇다 맛집 신뢰 기념 일 초도 살짝 앞 미니 케익 대신 슈크렌느 파이 사면 듯깔끔하다 인테리어 눈 디저트 달파이 독특하다 신맛 반 적당하다 요 직원 완전 편안하다 분위기외관 조 탕후루 가게 느낌 느낌 몇번 고민 속도 가득 크림 다른 구매 예정대박 미치다 바질 토마토 파이 낯설다 입 바질 확 파이 토마토 레전드 커피콩 재 예정파이 바질 토마토 처음 굉장하다 홍차 사과 달달 디저트 딱이다 곳곳 소품 사진 찍기 듯우선 내부 고급 진 분위기 매장 좁다 음료 차 은은하다 쿠키 쿠키 정성 버터 겹 겹 고소하다디저트 음료 양도 배불 제일 중요하다 재 의사 인테리어 깔끔하다 파이 절 과일디저트 직원망리 슈크렌느 샤인 머스켓 파이 처음 과일 신선도 굉장하다근처 이렇다 샤인 머스켓 카라멜 마끼아또 크림 풍부하다 데이트디저트 음료 모두 무엇 디저트곧핫 미리 봄 파이 솜씨 미치다 양도새롭다 오픈 인테리어 이쁘다 조명도 사진 찍기 포장 이쁘다 자리 파이 바질 토마토 사과 포도 포장얼그레이 크림 진하다 매우 부드럽다 사과 입안 사악 기분 또한 산미 고소하다 디저트 매우 창가 햇빛 사진 매우보늬밤 크림 방석 자리 불편하다저번 보늬밤 포장 이번 바질 토마토 포장 재료 빵빵 양 혼자 절반 한번덕 아인 슈페 라떼회사 점심 디저트 포장 용 념념굿 디저트 입 판도 실물 과일 크림 조합 갠 춘해디저트 훌륭하다앨리스 이상하다 나라 아인 슈페 너 라떼 얼그레이 밀크 티 접 다음 파이음료 디저트파이 서비스 주신 쿠키기대버터 미가 가득하다 페스 츄리 크림 굳이 비교 몽블랑 비슷하다 몽블랑 밤 크림 밤 알 밤 위 씁쓸하다 말차 크림 완화 꼭홀라당진심 여기 꼭 한번 친구 파이 뻔사과파이 아주디저트 분위기 담 기회파이리뷰 파이 보고 만족스럽다 파이 작 줄 생각 깔끔하다 기분 이용파이 버터 가득 파이골목 구경 다가 까페 내부 이쁘다 디저트 점심 배부르다 아메리카노 아쉽다 다음 디저트인테리어 멋지다 파이 과일 신선하다보늬밤 이쁘다 조용하다포장 매장점심 저녁 온 다른 도장 제발 꼭 친구 하루 번 간다음 보늬밤파이 분위기 다음디저트완죤 디져트 이쁘다인테리어 이쁘다 분위기깔끔하다 파이 왕관 모양 파이 귀엽다동네 새롭다 오픈 파이 다음독특하다 모양 파이 양도 도 아주 새롭다 계속 준비 계시 기대새롭다 파이 파이모양 엔틱바질 토마토 파이디저트 요크기 홍차 크림 꽉 풍부하다 보고망리 새롭다 까페 진심 성 미치다입맛 밥 대신근처가게 분위기굿굿
5,베이크 샵 하벳,1367299797.0,내부 세 테이블 워 평일 오픈 테이블 디저트 맘 네가지 케이크 용 딸기 철 그렇다 피스타치오 케이크 싱싱하다 질감 여럿 혼자 따스하다 햇살 충분하다 케이크 추딸기 케이크 보 알 디저트 맛집 테이블 웨이 팅 오픈 전 평일 오 생각 평일 웨이 팅 느낌 발 로나 초코 피스타치오 딸기 프레지 카페라떼 일단 생 각 커서 피스타치오 크림 딸기 조합 엄지 척 고요 발 로나 초코 아래 초코 크림 위 생크림 초타고 디저트 투어 하벳 새롭다 오픈 행복하다 곳곳 취향 가득 감성 인테리어 디저트 구황 작물 러버 증말 애정 재료 본연 고급 지게 새롭다 다른 디저트 기대하벳 매장 아기자기하다 시즌 별로 케이크 자주 모든 케이크 고구마 치즈케이크 꼭 빠작 럼블 식감 파티날 친구 케이크 맛집 역시 딸기 옳다 디저트 충전 확실하다애정 하벳 오픈 케이크 진심 케이크 어디 서도 볼 디저트 카시스 오렌지 꼭 야하다 이렇다 하벳 유일 무 요 덕후 로써 고소하다경산 하벳 케이크 폼 미치다 구황 작물 러버 라면 고구마 치즈케이크 꼭 야하다경산 팬 오픈 케이크 흔하다 볼 최고다음 다른최근 케이크 중 제일 웨이 팅 포장 다음 매장 분위기 빅토리아 버터크림 느끼하다 프레지 미치다 정성 머리 빡빡 치면 새 벽 노동 손목 건강하다 케이크 오래오래 지방 하벳 부터하벳 오픈 디저트 역시 최고 임 댜 케이크 인테리어 이쁘다 조용하다 꼭새롭다 오픈 골목 찾기 위치 안내 기분 실내 아기자기 귀엽다 아늑하다 스타일 케이크 종류 다양하다 케이크 데 꽤 고민 케이크 음료 다음 번 조금 일찍 용케이크 귀엽다 트리 덕분 크리스마스 분위기 아늑하다 아기자기하다 공간 편하다발견 마침 오픈 기간 분위기 디저트 완전 취저 자주토요일 기준 오픈 런 원하다 자리 디저트 양도경산 하벳 혼자 서도 오기 편안하다 조용하다 분위기 다음케잌 요
6,비전스트롤 망원점,1672249532.0,버터 푸딩 여자친구 데리 새롭다 식감 빵 신기하다 이렇다 경험 따뜻하다 분위기 웨이 팅 법 손님 둘 조마조마하다 느낌만 트롤 여전하다 초코 푸딩 늘 직원 좀 아쉬움 예전 운영 운영 내부 자리 몇 웨이 팅 기본 해 디저트 오 고핫 궁금하다 좌석 테이블 정도 바 자리 아늑하다 조명 분위기 맛없다 리뷰 살짝 걱정 산미 고소 깔끔하다 컵 이쁘다 내내 기분 았 담 유명하다 디저트엄청나다 비주 얼 버터 푸딩 궁금하다 트롤 네이버 메뉴판 사진 가격 조금 아메리카노 무난 바닐라 라떼 시럽 정도 좀 밍밍 버터 푸딩 정도 정도 뜨끈하다 초콜릿 절 여진 크루아상 시원하다 바닐라 아이스크림 조합 선 가격 금기 깨솔직하다 기대하다 산미 강하다 취향 디저트 꼭 편이 버터 푸딩 나중 가격 보고 가격 정도 개인 후기 오해의 음악 매장 레트 사실 순간 행복하다 블루베리 콩 포트 크림 가득 부담 오히려 상큼 블루베리 필링 뭉개 식감 블루베리 다소 다른 디저트 보 던데 블루베리 갈레 꼭 사실 디저트 장소라 별 생각 아메리카노늘 애정 비전스트톨 달달 버터 푸딩 스트레스 확 아늑하다 분위기 한몫지난번 못 블루베리 레트 먹기 바삭 파이 의 식감 크림 블루베리 콩 포트 달콤 담백하다 만족스럽다 디저트 타임콜드 브루 선물 용 병 구입 병 선물 용 최고 연하다 타 꽤 평소 산미 피 싫어하다 달달 디저트 선물 지인 맘 포장 워 낙 매장 힙 매장 굿분위기 디저트 빵오늘 태풍 트롤 아메리카노 예술 이번 년도 최고 레몬 디저트 담 가야바닐라 라떼 휘 낭시 음료 디저트 일부러 멀리 재 원두 디저트 구매 두번째 방 문 음료 기본 아이스 아메리카노 음 입맛 닝닝 요 루 다시 마음 직원 시크 뭐 불편하다 닝닝해 아메리카노 투샷 고 네 못 물 건 약괜찮다 일찍 오픈 오픈 종종 버터 푸딩 천원 변하다 묘 시크 모든 직원 태도처 에스프레소 살짝 달기 조화로움 입도 기분 즐겁다 라떼 스티 밍 또한 따름 분위기 음악 선곡 직원 힙함 트롤 내외 못 아쉽다 버터 푸딩 가격 높다 가치 를 컵 잔 만족 온 오늘 디 프레 요즘 제대로 기분 업버터 푸딩 여기 젤버터 푸딩 생각 다르다 상 부분 아이스크림 부분 흐물 식감 싫어하다 분 호불호바이브 듬뿍 간판 매력 버터 푸딩 처음 중독 식감 달달 비 날 찰떡인테리어 사진 초코 크루아상 푸딩 블루베리 레트초코 크루 상 바닐라 아이스크림 버터 푸딩 달달 리오 레몬이 완전 취향 올리브오일 레몬 조화 미치다라테 초코 푸딩 깜짝 저녁 가면 분위기 다음라떼분위기 독특하다 오브 움 과자 화장실 좀 아쉽다 쓴맛 강하다 산미버터 푸딩 포기 블루베리 레트 못보고 이번 타이밍 테이블 정도 바 데 명 명 손바닥 보조 의자 대서 띠용 추구 감성 그렇다 그닥 동조 재 의사 산미 라떼 괜찮다 굳이 기분 값 푸딩 초코 초코 전 보고 인연 아쉽다 따름힙 자체 힙 분위기 이름 버터 푸딩 요 초코 범벅 크로와상 위 바닐라 아이스크림버터 푸딩 초코 푸딩 정도 좀 모입도 눈 즐겁다 충전 확실하다대기 연하다 벼로 디저트 한번블루베리 갈레 어쩌 레몬 아이스 카페라떼 디카 페인 블루베리 갈레 딱딱하다 빵 손 멋지다 빡빡 바리스타 언니 주심 라떼 어쩌 레몬 느끼하다 상큼가격 사악하다 달기상상 가능하다 핵 초코 상 아이스크림 조합토요일 오후 두시 삼십분 정도 매장 협소 테이블 작다 명 이상 가기 불편하다 명 최대 느낌 버터 푸딩 블루베리 갈레 다른 데 보기 힘드다 보시 괜찮다 디저트 무난 웨이 팅 재음악 조도 날 다크 세이버 가능하다 아쉬움 남아 재 바리스타 트롤 브랜드 자체 느낌 화장실 살짝 아쉽다한국 기전 컵 구매 직원 표정 말 상당하다 불친절하다 리뷰유명하다 분위기 독특하다 원두 종류 다양하다 괜찮다 꼬냑 종류 듯직원 분 감성 분위기재즈 음악 공간 디저트 앞 꼭트롤 디저트 비싸다굳이 말 필요없다 트롤 크롸상 푸딩 지인 모시 이치 젠 초 코 크롸상 아이스크림심각하다 에스프레소 기절 버터 푸딩 기절 초 초등 학년 둘째 데이트 엄마 분위기 부디 오래오래굳다디저트버터 푸딩 디카 페인 아메리카노 취향오전 오픈 더더 항상 손님초코 크루아상 바닐라 아이스크림 조합 분 천재 끝판 에스프레소 디저트 가격 고혈압 수도 이정 인정 아쉽다 주차 안되다 위치 메인 때문언제오전 오픈 항상분위기웨이 킹 오전 일찓 라떼 강쥐 가능하다비치 물 수돗물 냄새블루베리 갈레 버터 장난 블루베리 상콤 크림 느끼하다 대박 도리 컵 귀엽다 친구 고민 매장 작고 시끄럽다 편 웨이 팅 명성 길다 분위기 만파마 여성 분 불친절하다 배 인스타 용 카페인 듯 별로꼬소 라떼 바삭 달콤하다 레트 버터 푸딩 말 여기 오지 평일 가도 웨이 팅 적당하다 함느끼하다 상큼 가볍다 디저트 굿굿핫저녁 쯤 웨이 팅직원선물 콜드 브루 사감 여기 늘카푸치노 최고버터 푸딩 존맛 앞 쭉 자꾸 산미 호불호 갈릴 만 만족하다디저트 안달 이태원 분위기 여 재 의사괜찮다 좌석 별로 늘 음악 매우 캄캄하다 괜찮다버터 푸딩 유명하다 평일 낮 웨이 팅 조금 생각 개인 별로 달 흠 무슨버터 푸딩 내부 분위기 마치 뉴욕 외국 온 느낌 산미 편 디저트 컵 이쁘다 컵 기분 버터 푸딩 생각 달직원 친절모카 생각 그냥 그렇다 이쁘다 버터 푸딩기분 직원 무례하다 기분 잡 인사 답 그렇다 려니 대꾸 다른 리뷰 불친절 얘기 전 리뷰 먼저 보고 걸 그렇다 다른 제발 다른파마머리 여자 직원 기분 안좋다 일 불친절하다 기분 기분 더럽다 분 땜웨이 팅 정도 인기 핫 라떼대표 웨이 팅 꾸준하다 오픈네 꼭 땐 꼭 가요평일 세시 웨이 팅 웨이 팅 버터 푸딩 독보레트바리스타 설명 해주시바 자리 이동 안되다 힘들다 대충 웨이 팅 계속 꾸준하다 그렇다디저트 음료버터 푸딩 굳다늘 처음 상큼 데초코 푸딩 굉장하다사진트 라떼 욤블루베리 레트 궁금하다 달달 파이 달 블루베리 콩 포트 적당하다 생크림 조화 상상 무난바 가깝다 분위기 산미 제법 산미 싫어하다 그게 좀 아쉽다굿불금 도착 웨이 팅 회전 율 낮다 웨이 팅 좀 빡세 블루베리 레트 버터 푸딩 갈레 포크 심지어 식감 난리 포크 주시 콜드 브루 병 음료 컵 실망하다 버터 푸딩 어서 버터 푸딩 포함 디저트 불가최고아메리카노 연하다 보리차 느낌 푸딩 힙 감성버터 푸딩 가격 좀 비싸다 해버터 푸딩 요욥벼르 벼르 바삭 블루베리 갈라 떼 버터크림 달 부드러움 끝판 존맛 독특하다 분위기 가능 음악버터 푸딩 분위기 한번디저트 류 특별하다 스나몬 스틱 별미가도 버터 푸딩 디카 페인 가능하다낮다 조도 우드 가죽 헤드 헌팅 미국 서부 컨셉 인테리어 낮 한잔 가볍다 술 한잔 정도 마시기문 반갑다 맞이 분위기 빈티 힙하 라떼 비쥬 얼 말 깊다 모금 단골 확정 디저트 말 어떻다 크림 왕창 단맛 고소하다 담백하다 블루베리 상큼 이렇다 맘 에드분위기 산장 기분 랄 아주 만족하다
7,구황작물,1941199046.0,오늘 포장 사진 슬프다 여기 케이크 편이 최고 오늘 픽 체리 베리 케이크 쑥절 케이크 기분 달달 함 용 상큼 달달 걸 체리 베리 케이크 쑥 절미 케이크 콩 크림 완전 꼬숩 쑥 시트 부르럽 완저 가을 느낌 저번 치즈케이크 계속 담 치즈 케이구황 작물 페로 크로와상 버터 잼 추가 바삭바삭하다 크로와상 버터 땅콩 베이스 부드럽다 달달 계속 입 쌉쌀하다 라떼 잼 정도한번 구황 작물 말차 케이크 반하다 케이크 궁금하다 나나 케이크 역시 존맛대반 설램반 포장 체리 베리 시트 축축하다 만 오래되다 쑥 절미 케이크 토핑된 현미 기름 쩐내 냄새 가나 토핑 듯 빅토리아 케이크 예상 가볍다 파운드 감 치즈 생크림 거기 해 개인 느낌 악의 뜻 말 꼭 그렇다 의견 담유튜브 통해 처음 알 구황 작물 이쁘다 비주 얼 반하다 월동 꼭 가야 다짐 이번 여행 파니니 기대하다 이상 여러 케이크 종류 눈케이크 부드럽다날 파리 바로 다시 새롭다 따뜻하다 물 달라 디저트치즈케이크 종류 분위기 공간 직원 매우 밤 치즈케이크 다시 부드럽다 다음 다른 케이크여기 유명하다 케익 인테리어 소품 마음 듭 적 당근 순무 씨 파네 과연 적 당근 순무 씨앗 요 매장 확인직원 밤 케이크 크림 밤 조합 미치다예전 밀우 케이크 밤치케 유튜브 보고 기대하다 구황 작물 까맣다 마음 반성 쟈 여 밀 밀 얘기 영상 보기 순무 생각 크기 커서 알맞다 알 감자 알 감자 통 강조 그렇다 이유 분명 스프 묽다 입안 알 감자 농도루꼴 미치다 존맛 파 케쿠 테이크아웃 종류 별로 아쉽다 빅토리아 케이크 만족하다유튜브 케이크 이쁘다 개개 비주 얼 직원 존맛모양 귀엽다 구황 작물 그대로 개인 감자 고구마 요한적하다 골목 위치 케이크 맛집 구황 작물 편안하다 여유 공간 다양하다 치즈케이크 나나 피넛 치 케이크 강하다 땅콩 임팩트 강하다 케이크 개성 좀 강하다 스타일 땅콩 꼭 함 말차 치즈케이크 버터 팥 버 터 조합 라면 말차 팥 말차 치즈케이크 조합 말차 조합 케이크 카페라떼 케이크 고소하다배민 슬러시 밤 치즈케이크 존맛포스 심상 배 상태 케익 책 조용하다 점수케이크 존맛음료 밤 치즈 케익 수플레 치즈 케익 마냥 부드럽다 폭 폭 과 치즈 밤맛 다음 다른 디저트 보고 정도 직원 안내 해 기분케잌 설명 필요없다 위치 꽁꽁 바쁘다 따뜻하다 응대 매우 감사 개인 비슷하다 치즈케잌 가게 키 에리 훠 얼씬 분위기 아늑하다밀우 유투브 보고 밤 치즈 케이크루꼴 샌드위치 루꼴 파니니 식감 피자 소스 페퍼 론 치노 끝 살짝 매콤 근처고구마 치즈케이크 강력 추억 고구마 빵 라즈베리 초코 치즈케이크 초코 연하다 초코 살짝 쿵 산미 아주샌드위치 바로 추가 해 치즈 케익우드 톤 컨셉 멋지다 테이블 테이블 정도 넓다 매장 자리 땐 포장 산미 무난 케이크 맘워낙 유명하다 자주 조금 다른 스타일 오픈 역시 실망 디저트 종류 부부 역시 재 의사 닷디저트 직원유툽 초기 멀다 가깝다 분점 케이크 달 남자 계시 반갑다 다음 의사재료 케이크 다른 건강하다 케이크 느낌치즈케이크 종류 다양하다 밤 치즈케이크 대표 밤 다른 케이크 보고 산미 기분모든 만족도 최강 스프 슬러쉬 존맛 직원 다만 아쉽다 인 음료 인 디저트 인 음료 다른 디저트 아쉽다찰리 케이크테이크아웃 빅토리아 케이크 흑임자 포장 매장 데코 빅토리아 케이크 딸기 원래 흑임자 인절미 디저트 불호 특이하다 흑임자 치즈케이크 위 유고구마 케이크 먹기매장 넓다 토요일 오후 자리 바로 케이크 큼직하다 데코 특색 사진 인테리어 못 편이 아메리카노 땐 미리 산미 거의 고소 쌉쌀하다 밤 치즈케이크 라즈베리 체리 둘 중 밤 치즈 밤 치즈 토핑 로투스같 과자 가루 견과 듬뿍유튜브 꼭 근처 디저트 미치다 나나 피넛 매일 금귤 슬러시 상콤 밤 치즈 거도그냥 케이크 케이크 비주 얼 갑 케이크 다양하다 함 셋 케이크 보고 아쉽다 담 다른 임앙말차치케 예상 말차 진하다 키 에리 하동 녹차 조금 덜하다 충분하다 진하다 생각 녹덕 뭐 팥 팥 느낌 아래 달달 편이 말차 치즈 존재 감 빅토리아 케이크 묵직하다 무게 감 편 케이크 개인 시트 케이크 술술 가볍다 식감 선호 무게 감 시트 두께 너주택가 쪽 찾기 조금 어렵다 식물 식물 인테리어 단번 확 밤 치즈케이크 귀리 우유 못 마 시 선택 귀리 우유 종이 액체 후루룩 속세 단맛 절 밤 치즈케이크 사실 크림 치즈 케이크 자체 달 한국인 주변 견과류 존재 감 아쉽스 메인다른 리뷰 말 알바 직원 순간 기분 그냥 케익 예술 주가 다른 슬러시 음료 보 다음 슬러시 치케 예정 번 재 의사선물 디저트 음료지난번 친구 체리 케이크 그때 포장 까맣다 용 계속 주일 혼자 재 파핑 캔디 케이크 시트 부분 단단하다 촉촉하다 아무렇다 다른 케이크한강고수부지 근처 케잌 종류 테이크아웃 포크 센스 케잌 한번 보고다른 분 후기 보고 완전 만족 디저트 보기 해도 먹음 직 스럽다 밤 치즈케이크 흔하다 달 파니니 매콤 계속 손 카라멜 루이보스 티 너 무 헤헤 컨셉 뚜렷하다 오래오래케익 종류 힘들다 빵 부드럽다 단단하다 시트 요가끔 케익 가격 좀파니니 나나 피넛 치즈케이크 디저트 도장유튜브 보고 찜 나무 기댜 좀 실망 스럽다 좀 파니니 제일 뉴 일행 전 도저히 빵 속 일 분도 직원 고 혹시 원래 이렇다 인스타 사진 윗 색 다르다여름 구황 작물 슬러시쑥 인절미 케이크 빵 왕왕 부드럽다 크림 약간 묵직 할미 입맛 딱이다괜찮다 베이커리 류 가격 대가 좀 편이 가격 대비 괜찮다 재 케익 비주 얼 괜찮다 선물 용 듯케이크 옆 카카오 닙스귀엽다 해인테리어 멋지다 케이크 밤치케 재 예정케이크 종류 다양하다 취향 신나다 신나다 분위기 편하다밤 치즈 은은하다 고소하다 달달 위 토핑 바삭 식감 다음 다른 케익 샌드위치 보고포장 햇 샌디 치굿굿 컵 깜찍하다 바 핫 최고모 기여 오일주일 한번 주일 체 베케 체리 케이크 왕쑥 절미 케이크 다만 음료 생각 그냥 그렇다최애 오래오래 밤 치즈 찰리 최고디저트 굿굿쑥 절미 케이크 쇼케이스 토핑 현미 크런치 허브 를 현미 크런치 식감 덕 케이크 담백하다 무난 치즈케이크 다른 크로와상 베이커리 종류 매장 자리 협소해 음료 잔햇빛 직원 분 애견 동반 가능하다 나나 피넛 치즈 케익 포장 바나나 변 사진 약간 덕 부드럽다 치즈 케익 기대하다 냉장고 오픈 채 그렇다 드라이파니니 루꼴 샌드위치 파니니 바질 토마토 이드 조합 완전 찰떡 공간케익케이크 링여기 케이크 밤 케이크 쑥 절미 포장 다른 달라 진하다 재료 다른 중입맛 재료 살너머유툽 지점 오픈 유툽 보고 생각 이드 케이크 부드럽다디저트 종류 간 날 주말 안쪽 테이블 가깝다 대화 소리 가까이 한가하다 다시 상 케익 먹음 직작업실 바로 옆 보물 체리 베리 케익 피넛 치즈 케익 매우 특별하다 날 얼그레이 파운드 레몬 파운드 모 두 담백하다 레몬 파운드 개인 최고 생각 크로와상 샌드위치재료분위기 케이크 빅토리아 케이크 상큼 밤 치즈케이크 취향케이크 귀엽다 드립 백도 선물 용유튜브 년전 밀우 걸음 디저트 생각 부드럽다 파니니 밥 대용 정도 양 인테리어 디저트 모두 신경 스티커 이쁘다 웨이 팅 대해 기분 비록 편도 조만간음료 케이크 매장 은은하다 빵 냄새 직원 디저트스콘 크로와상 샌드위치 케이크 다양하다 디저트 쑥 인절미 케이크 쑥향 제법 인절미 꼬 수운 크림 나쁘다븨 로그 꼭 멋 여자 매장 계시 씨앗 드립 잔뜩 사 선물 용 나눔 인기 최고느끼하다 케이크 맛집 가격 퀄리티 적당하다 포장 케이크 멀리 서도친구케익 종류 다양하다밤 치즈케이크 궁금하다 다시 구황 작물 일단 키 커서 치즈케이크 치즈 별로 안나 밤맛 별로 좀 아쉽다 달 위 크림 느끼하다 주의주말 오후 정도 웨이 팅 후 직원 케이크 말 토마토 바질 슬러쉬 음료 새 케이크 전 도장토마토 바질 이드 스페셜조각베이커리 가격표 시가 당황 생각 가격 대가 케익 당황 평범체리 베리 케이크 부드럽다 인 케 가능하다 케이크 포장 손잡이 비닐봉투 종이 케이크 포장 상자 손잡이 작다 손 작다 케이크 슬프다 다음 비닐봉투 부탁드리다디저트 라인업 재미 안달 훌륭하다 애견 동반케이크 전부 존맛 창문 좀 춥다밤 치즈케이크 카카오 토핑 다음 다른 케이크 보고유투브 보고 기대하다 매장 샌드위치 그냥 평범하다 케이크 기대하다 포장 추가 금 왜 정도 상자 깔끔하다 밤 치즈 밤 조림 스럽다 식감 말차 말차 비리 크림 희다 털 불쾌하다 빅토리아 케이크 시트 금액 굉장하다 낮다용량 케이크 달디테 남다르다케익연수구 밀우 구황 작물 최고유튜브 보고 오픈 디저트 까다롭다 편 만족 덕 케이크 분 강츄치케 맛집 분위기케이크 괜찮다케이크디져트 입드립 국룰기대 그렇다 케익 다소 부담스럽다 가격 재료 생각 가격 밸런스 기본 이상 다음 빵 도전
8,브릭베이글,1759690653.0,명수 박명수 블핑 지수 기대하다 기대 기대 그렇다 당영 줄 서서 정도 길가 다가 가끔 사 해베이글 중 가장 브릭 베이글 도착 웨이 팅 생각 다행 장안 좀 작 빵 종류 샌드위치 류 베이글 뭘 고민 콘 치즈 고구마 크림 맘모스 치즈 구마로 구매 가격 대가 좀 만 다음 직원 중간 걸 요핫 빵집 중 성공하다 브릭 베이글 투 기표 너 무 궁 금은 엄두 사이 브릭 베이글 알 곳도 앞 못지않다 핫 날 주말 임 불구 거의 기 분 기다림 구매 가게 규모 작 알차다 귀엽다 아기자기하다 소품 인테리어 빵유명 베이글 높다 샌드 시리즈 인기 재료 만큼 가격 좀 베이글 마냥 쫀득 느낌 강하다 몰캉하다 분 만족하다 듯 피스타치오 운 고구마 달 든든하다 바질 토마토 기대 이상 치즈 매력 일 담 치즈 시리즈 고요폭신 쫄깃 베이글 요 부드럽다 내용물 충실하다 묵직하다 벽돌 모양 특별하다 쑥팥 쑥향 꽤 고 개인 팥 앙금 바질 토마토 베스트 답 치즈 토마토 가득 토마토 드라이 응 축 토마토 덜 토마토 바로 못 크림 샌드 베이글 못 보베이글 러버 로서 베이글 전 요즘 유행 폭 신한 빵 베이글 취향 질깃 단단하다 스타일 의 베이글 편 브릭 베이글 베이글 충전물 데 벽돌 독특하다 외관 눈길 충전물 폭 빵 느낌 일 자체 특별하다 구매 욕 뿜뿜 매장 협 소한 데 운 바로 입장 구매 베이글토요일 시작 입장 몇 명 뒤 완전 전 오시 크기 생각 작다 가격 미치다 체리 피스타치오 피스타치오 크림 체리 달달 달달 함 사이 크림 치즈 상큼 콤 아메리카노평소 길다 줄 운 시기 여기 대표 빵 치즈 고구마 선택 지인 추석 선물 카운터 훈남 남자 직원 목소리 성우 목소리 대단하다 매력 빵집 모든 계획 대박 쫀득 쫀득 신선 자체 인생 빵집 수준 빵 값 비싸다 적당하다 가격 오케이 다음 직원 응대 대단하다 우수 친절 베리 베리 굿보 뻔하다 사과 브리 후르 츠 브릭 베이글 담 가면 꼭 건강하다 다시일요일 빵 종류 별로 처음 매장 매장 작고 테이블 오직 포장 가능 빵 뿐 크림 존맛 딸기 피스타치오 물맛 함 완전두번째 욥 그때 쪽파 마 요랑 황 치즈 쪽파 마 끼 식사 도 괜찮다 황 치즈 크림 갸또 식감 항상 생각 베이글 뿐 도리후르 츠 무화과 치즈 콘 치즈 입 휴르츠 제일 맛있엇음 전체 먾 안달 쿠리다 진하다 편이 거부 감 생크림 조금 다만 크림 그렇다 조금 애 콘소메 모양 흐트러 지지 편하다 빵 쫄깃 식감빵 자체 쫀득하 다음 빵베이글 샌드 베이글 샌드위치 등 종류 다양하다 베이글 전문점 평일 웨이 팅 구매 치즈 구마내부 생각 아담하다 테이크아웃 가능하다 공간 평일 대기 원하다 베이글 구매 피스타치오 후르 츠 만 일단 휴무 날 이제초코바나나 베이글 넌 멋있다 도리 매력 사랑스럽다 바나나 초코 크림 치즈 도리 조합 준 돈쭐 습 입 덩어리 크림 크림 치즈 란걸 순간 재 구매 위해 매장 다음 간다 손 가득 구매 제발쫀쫀 고소하다 후르 츠 베이글 뒤 과일 놀래다 거짓 장사 최고 직원 기분 구매기적 쫄깃 베이글 최애 핫 페퍼로니 도전 못 정도 만 웨이 팅 다음 꼭 못양일간 진행 브릭 베이글 효 베이글 팝업 시즌 초코 나무숲 말차 크림 브라우니 중간 중간 몰티져스 포인트 모찌 사쿠라 부드럽다 크림 벚꽃 앙금 떡 종이 샌딩된 부드럽다 달콤하다 콘 옥수수 옥수수 크림 고소하다 플레이 바삭 조화 닭 가슴 살 양념치킨 듬뿍 양념치킨 닭 가슴 살 야채 등 샐러드 베이글 쑥 흑임자 달달 흑임자 크림 수제 당고베이글 쫀득 일단 샌드위치 류 내용물 미치다 개인 피스타치오 무화과 피스타치오 크림 대박 진하다 피스타치오 과일 뒤쪽 가득 진심 최고 다음 시즌 즈음 다시 왕창미치다 읍 기본 후르 츠 진심 미치다 크림 느끼하다 과일 빵피 쫀득 말랑하다 가렵베이글 빵 밀도 높다 퐁신쫀득함 크림 무후 피스타치오 물맛목요일 오후 품절 베이글 황 치즈 별로 달라 별로 단 덕 느낌 편 초코 러버 초코 진하다 아쉽다 이번 의사 다음 다르다 사서베이글 맛집 유명하다 명수 줄 생각 월요일 검색 문 보고 가게 베이글 하프 사이즈 커서 느 힘들다 피스타치오 무화과 기준 크림 좀 나머지 눈 완벽하다 통 고구마 고구마 웃 기고 원픽 빵 쫄깃 한편내용물 비싸다 재료 느낌 빵 쫀득쫀득 읍 오후 용 담 쪽파 마 요랑 황 치즈 영크림 남편 위해 무화과 치즈케이크 달 생크림 크림 치즈 빵 쫀득 바질 토마토 보더 다음 치즈 구마주말 드 베이글 피스타치오 아쉽다 빵 쫄깃 재료 신선 달달 배부르다 수가 운 해남 고구마 달 아래 팥 후르 츠 과일 상큼 요 거트 크림 산뜻하다피스타치오 크림 글 무화과 벵글 샌드위치 맛집 브릭 베이글 피스타치오 무화과 두 재료 모두 사랑 분 당장재료 듬뿍 원하다 기대하다 진해 만족스럽다 쫀득 베이글 재료베이글 부드럽다 속우선 크림 치즈 특별하다 우리 흔하다 그렇다 덕 크림 치즈 베이글 워낙 두껍다 빵 쪽 발라 두 볼 초바 베이글 비주 얼 그대로 두께 두껍다 맘 끼 식사 거임 초코 크림 바나나 일단 초코 크림 계속 퍼먹 정도 부드럽다 기분 달달 함 초코 자체 초코 크림 몇 통예전 꼭 오늘 마침 매장 작고 아담하다 빵 기분 먼저 설명 제안 뭐 고민 직접 해주시 서비스 면 만족하다 바로 빵 오늘 약간 비싸다 돈 번창모든 베이글 내용물 직원 무처기대하다 존맛 딸기 싱싱하다 굿베이글 졸깃 토핑 흉내 가격 흠칫 놀래다 담 플레인 베이 글 쪽파 고구마 통째 후르 츠 신선하다 과일샌드위치 쑥팥 개취 베스트 치즈 구마 냉동 다음 구 베이글 벽돌 모양 라서 컨셉 귀엽다 차 피스타치오 못 사서 아쉽다가격 좀 비싸다 구성 탄탄하다황 치즈 베이글 꼭 극락 감유명하다 베이글 빵 자체 비쥬 재료 옥수수 치즈 재료 궁금하다 빵 뽑기 운퇴근 가면 종류 오늘 영접 비싸다 생각 실물 보고 바로 납득 재료 일단 행복하다 빵 푸석푸석하다 읺 촉촉하다 쫀쫀해염 사과 브리 재료 합 다음브릭 베이글 효 베이글 팝업 베이글 맛집 브릭 베이글 효 팝업 동안 특별하다 기획 베이글 인절미 버터 바 고소하다 인절미 크림 빠삭빠삭 고소 고소하다 버터 조합 눈 입도 즐겁다 베 이크 드립 황 치즈 제대로 황 치즈 잡채 황 치즈 러버 면 반하다 황 치즈 베이글 찰떡 베이 크드 블루베리 베이글 사이 블루베리 치즈케이크 옥 허니 고르곤 졸빵 차 콘치 미치다 올리브 베이직 담백하다 바질 토마토 핵존맛 초코 넛 가성 비도응대 독특하다 빵 베이글 조금 변형 그렇다지인 다음드류 생각 굉장하다 작다 당황 베이글 자체 생각 놀람 남자 불친절 키 비교 여자 직원 아주 친 절 기대하다 드류 별로 베이글 여자 직원 재 의사정도속도 커서 행복하다여러 샌드 구입 후 초코바나나 샌드 우선 직원 저희 덥다 얼음 물 주시 다시 꼭일 하루 일본 비주 얼 한국 나볼 베이글 특이하다 재미 다음 재 애베이글 빵 쫀득해별로체리 피스타치오 베이글 최고 피스타치오 크림 완전 고소 달달 크림 치즈 체리 궁합 글구 베이글 자체 부드럽다 쫄깃 베이글 처음베이글 쫄깃 부들하다 내용물 과도 적당하다 단맛 짠맛 과일 신선하다 모든 과일 개인 식사 대용 브릭 치즈 사과 든든하다 시험베이글운 해남 고구마 샌드위치 든든하다쫄깃 빵 아담하다 가게 은공 인테리어 이쁘다보통특색 랩 포장 별로 뻬 이글 찌부무화과 치즈케이크 치즈 구마 베이글 쫄깃 촉촉하다 무화과 커서 그렇다 먹기 힘드다 헤헤 재 의사 완전후르 츠 궁금하다 평일 그렇다 용 초바크림 베이글 크림 다양하다 양 장난 크림 느끼하다 내사 옥수수 황 치즈빵최애 브릭 베이글베이글 종류 베이글브릭 베이글 평일 거의 평일 한시 구 딸기 초코 샌드 대박 딸기 앞뒤 양옆 아주 가득하다 초코 달달 함 딸기 상큼 함 아주 다양하다 빵피 쫀득 재 의사 백프로베이글 종류 얼마 뭐 도리 플레인 쫄깃 포만 감치즈 구마 쪽파 샌드 치즈 구마 체다 치즈 짭쪼롬함 고구마 단맛 단 짠하다 반 한쪽 렌 뎁혀먹어 치즈 고소하다 쪽파 마 아침 끼 대용 아이 간식 만점 중간 중간 베이컨 짭짤하다 재 쪽파 마 포함 다른 빵해남 고구마 초코바나나 대파 마 머싞만 생기 내부 선물 쫄깃 대요 금요일 이후 정도명수 옹 유튜브 보고 저녁 그렇다 샌드위치 모두 품절 요 아쉽다 다른 빵 일찍 가세꼭 브릭 베이글 오픈 제품 직원 덕분 기분 시식 후기 요 크림 듬뿍 과일 듬뿍 고구마 듬뿍 쫄깃 빵 감 신기하다 크림 담백하다 느낌 다음 예정다음 다른딸기 시즌 부랴부랴 당일 딸기 수분 먹기 힘들다 개인 과일 샌드 기본 베이글 쪽파 마 마 중 제일 기본 베이글 류 에어 프라 이기 겉바속쫀 정석 필링 한쪽 가득 가득하다유명 세 그닥 웨이 팅 정도 내용물 가격 베이글 빵 자체 대안 다른 베이글 맛집 베이글 그냥 재료 낭낭 케이크 생각재 의사근처 볼일 초코 딸기 베이글 하프 사이즈 비싸다 다음 보고다양하다 종류 샌드 그냥 베이글 쫄깃빵 도장 중 베이글 존맛빵 순례 필수 코스 브릭 베이글 가게 작다 편이 동시 입장 가능 팀 수가 팀 팀 기억 신기하다 빵 직원 설명 황 치즈 베이글 구매 황 치즈 인상 깊다 미가 피스타치오 베이글 번 못 다음 꼭 보고정각 오픈 직원 소문 생각 듭브릭 베이글 동네 유일하다 번 이상 재 요 진심 다양하다 식사 대용 먹기투떰즈업 실패하다 브릭 베이글 덕 흡족하다 베이글 부드럽다 판매 분 기분 베이글 부드럽다 쫀득해 모찌옥수수 치즈 듬뿍 고소하다 된장 닭고기 최애 베이글 식사 대용 종류 점점 브릭 베이글 응원내용 튼실하다 베이글 피 쫄깃하 속도 브릭 베이글 때문 정도 바질 토마토 치즈브릭 베이글가면 꼭 오브릭 베이글 팝업 원래 조리 빵류 편견 왜 후회 다음 브릭 기존 베이글초코바나나 드 베이글 대파 베이컨 포장 샌드위치 생각 놀래다종류 다양하다무화과 치즈케이크 먹기 힘들다 이쁘다 최고현대 백화점 목동 진출 쫄깃 쫀쫀 벽돌 모양 베이글 현대 백화점 목동 테이크아웃 전문점 백화점 공간 바로 베이글 겨울 딸기 고소하다 최애 피스타치오 크림 유독 크림 치즈 쫄깃 쫀쫀 베이글 조합 상큼 딸 피스타치오 샌드 초코 크림 달콤하다 바나나 양 크림 치즈 폭탄 쫄깃 쫀쫀 베이글 조합 달달 구리 초코바나나 샌드 베이개사 친구 만족스럽다다양하다 부 재료 향연 속 빵 자체 샌드위치 연한 크림 치즈 크림 꿀 고구마 팥 조화 빵피 상당하다 쫄깃 부드럽다 두 아쉽다쫄깃부산 일정 전 투떰즈업 궁금하다 휴무 비교 못 딸기 피스타치오 샌드위치 자마자 질질 용 크기 작다 대식 든든하다 샌드 다른 베이글 류 부산 치즈 고구마 반 나머지 반 된장 닭고기 냉동이렇다 각도 처음 박수 베이글 미치다 미치다 파친솔친 이렇다 빵집 인스타 항상 빵 위해 노력 모습 거의 인간극장 감 돈 담 가면 여 사랑베이글 쫄깃쫄깃 부드럽다 기본 플레인존맛 베이글 사랑내용물 알차다베이글쪽파 마욤개인 바질 토마토 곤드렌 겉 바삭 촉촉 쫄깃는데 약간 특빵굿굿베이글 쫀득치즈 고구마 보통 베이글 덜 뻑뻑
9,해브어,1670713183.0,통팥호 차 흑임자 케익 포장 인스타 디엠 애견 동반 문의 가능하다 당일 날 안되다 당황 다음 날 포장 차통팥 꼬숩 재요즘 디저트 진심 여기 해브어 진심 요 고구마 치즈케이크 덕함 다른 데 확실하다 달라 아아 순삭 아기자기하다다시 만큼 케익치케 소금 빵 놈 버터 이랗 식 콰작콰작 인생 소금 빵매장 직접 케이크 재료매일 아침 마곡 치케 시작 인 쟁여둔 치케 똑 목욜 휴무 쓴맛 치케 불호 외 조각 구매 작 럼블 꾀 그람 치케 럼블 정성스럽다 스티커 가게 애정 그득하다 보이시 결과 럼블 맛집 라즈베리 시 황 치즈 콘치 내심 블론디 부분 못 덕 치케밀크 메이플 홍시 럼블 초코 너 무 럼블 완전 맛집 직원 얼굴 응대 기분고구마 치즈케이크 홍시 치즈케이크 고구마 홍시 안나 치즈케이크 재료 안나 눈 감고 무슨 럼블글루텐 프리 무한대 매력 이렇다 다음 가면매장 아기자기하다 일단 절로 미소 케이크 왕 종류 다양하다 황린 이분 황 치즈 덕후 모두 케이 쿠 용멀다 간 만 대성공 오픈 런햇 아침 디저트 오시 분 동네 유명하다 해 아기자기하다 요 꿀 고구마 치즈케이크 무난 무난 편이 부드럽다 글루텐 프리 요 심지어 위 럼블 요 과자 토핑 요 아몬드 라떼 인생 라떼 살짝 달달 고소하다 카이 막 소금 빵 바삭바삭하다 버터 완전 카아주 부드럽다 달글루텐 프리 편하다 화장실힝 리뷰 다시 일단 여기 꼭 보고 중 오기 데이트 해 근처 바로 아마 저희 사이 케이크 제일 궁금하다 꿀 마치 케 황 치즈 옥수수 맘모스 치케 그거 규 음료 원래 인 음료 한잔 사해브어 치케 소문 꿀 고구마 치케 순식간 옥수수 황 치즈 둘 다른 도장 직원글루텐 프리 치즈케이크 중 단연 탑 군데 해브어 치케 덕함 밀도 럼블 취향 주말 웨이 팅 정도 가치 충분하다 직원덥다 매장 순간 기분 정도 환하다 인사 만석 야하다 죄송하다 전화 주시 덥다 괜찮다 은지 디저트 당연하다 당연하다 서비스 주신 소금 빵 천국 빵 취향 전혀 다른 친구 둘 만족하다 입 감탄 한번 무조건비건 케이크 주로 치즈케이크 위주 비건 케이크 장소 협 해 테이크아웃 밀크 케이크 맘모스 피넛 치즈 이크 치즈케이크 덕 위 버터 바 럼블 그것 쿠키 초코 초코 케이크 아쉽다완전 완전 만족하다 디저트 타임 제대로 케이크 어디 서도 본적 훌륭하다 조화 카이 막도 대박 카이 막 소금 빵 조합 망원역 전 여기 출근 도장인 테이블 아담하다 빵 냄새 굿일찍 갈껄 솔드 아웃 케이크 사고 담 일찍치즈케잌 요저번 못 말차 갸또 떡함 씁쓸하다 말차 아주 요 우유 생크림 마카 미아 딸기 완벽하다 조합 말차 초콜릿 고급 러워 뽀또 피스타치오 갸또망원역 해브어 황 치즈 옥수수 초콜릿 치즈케이크 포장 후기 언제 질리 해브어 치즈케이크 실망 맘 머스 피넛 버터 황 치즈 버터 바 치케 전체 위 럼블 수단 누룽지 황 치즈 생크림 버터 바 가가 단 짠하다 밑 은 옥수수 알갱이 듬뿍 촉촉하다 초콜릿 고급스럽다 발 로나 초콜릿 떡 부드럽다 식감 촉촉하다쫀득 고소하다 소금 빵 심플 음료 아메리카노 소금 빵 의 조합 가장 사랑 소금 빵 달콤하다 빵 고소하다 빵 식빵 부드럽다 촉촉하다 입안 살살 웅쿰 쟁여놓 케이크 일본 건강 광고 차맛 우리나라 간혹 장르치즈케이크 맛집 입 소문 타고 올해 치케 중 제일 비주 얼 완전 럼블 식감 독특하다 옥수수 바삭 식감 매력 아담하다 분위기 재 각 리 뷰 디너 여왕 체험 단 선정 업체 로부터 제품 서비스 제공 작성딸기 케이크 최애 아기자기 공간 디저트 건강하다 이유 노랑 노랑 공간 힐링 공간 가면 자주 소금 빵 케이크 계절 과일 케이크 다음 번 기대사랑 해브어 치케 존맛 첫 계속 재 알 유명하다 일 버세글루텐 프리 빵 게다가 행복하다기대 커서 그렇다 종류 덥다입맛 쑥팥 두유 인절미 치즈케이크 쑥팥 치즈케이크 제일 궁금하다 쑥향 진해 팥 크림 바싹 현미 쌀 듬뿍 맨 밑 앙금 크림 달 달 거의 쑥맛 다음 두유 인절미 인절미 떡 토핑 고소하다 위 블 로디 덕 고소 달콤 팥 배기 병아리 완두콩 팥 취향켁키 전부 진하다 짱 그냥 랄 해브어 케이크 사랑케이크 전부 특별하다눈웃음한강 포장 좀 덥다 날씨 동안 금방 미지근하다 아쉽다 맘몸스 푸딩 맘모스 황 치즈 어엄청 해 평소 황 치즈 별로 선호 부담스럽다 편이 친구 좀 부담스럽다 종류 꽤 각자 디저트 충실하다 다음 기회카이 막 소금 빵 극락 매장 이쁘다 사진 찍 케익 덕 치즈치즈케이크동행 분 날 케익 저기 합정 카이 막도 조만간디저트 보 스트레스 화남 다음최고 헤브어입맛 콩 임자 단호박 치즈케이크 단것 싫다 본연 단호박 단호박 크림 치즈 흑임자 고소 밑 팥 고소 흑임자 제일 입맛인테리어 아기자기하다 디저트 정성 음료 컵 귀엽다 다음장님 구입 반하다 작정분위기 무엇 치즈케이크 근래 디저트 중 정도 꼭 다시 새롭다 욥응대 기분생 딸기 생크림 가득 케이크 바나나 조림 보로 살포시 크레페 디저트 바나나 파우치 디저트 고급스럽다 해브어 달고나 라떼 연유 라떼 부드럽다강추 갈릭 치즈 소금 빵 딸기 케이크 대한민국 전부 여기 헛된 소비 싫다 끼 최선 이렇다 분 해브어 를 강력 빵 순이 셔 런가 참고 전 밥 대충 도 디저트 주둥이 청와대 제발 갈릭 치즈 소금 빵 짭짤하다 고소하다 라떼 궁합 최상 단 케이자주 피스타치오 치즈케이크 가을 시즌 메이플 홍시 치즈케이크 역시 달 크리미 식감 견과류 낌 토핑되어 차이 피스타치오 견과류 단맛 첨가 달달 메이플 홍시 치케 호두 캐러멜 시럽 첨가 단 바삭 달 메이플 시럽치즈 안나 홍시 강하다 힝젊다 직접 디저트 골목 작다 디저트 발견 조용하다 분위기 케이크 갈릭 치즈 소금 빵 겉바 촉 입맛 내일 모레 생일 우리 아이 줄 이쁘다 초도 구매 기분디저트 헤브어 음료수 케이크 소금 빵 정성 가득 매장 이쁘다 사진 맛집 데이트오전 손님 놀래다 리뷰 보고 선물 용 테이크아웃 일단 반응 기분 카이 막잼 소금 빵 조합 절묘하다 치즈케잌 옥수수 황 치즈 밀크 구매 케잌 의 밀도 꽤 촘촘 덕 진하다 미가 만족스럽다 동네 빵집 매번 발견밤 치즈 맛있엇어 은은하다 밤맛 진하다 부담 아주 습 댜매장 디저트 맛집 헤브어 소금 빵 카이 막 케이크디저트밀크 밤 치즈케이크 먼저 밤치케 헤이즐넛 견과류 몽블랑 크림 약간 묵직하다 달 밤 크림 밀크 위 인 절미 떡 고소하다 차 적당하다 구수하다 밤 크케 아쉽다 적당하다 고소하다 크리미 식감 치즈 케 이크꿀 고구마 치즈케이크 아늑하다케이크 카이 막 소금 빵 음료조용하다 분위기 힐링 맛집 조용하다 데이트 디저트 음료 일상 행복 달달 구리 케이크요즘 약과 약과 케이크 약과 생크림 좀 부담스럽다 크림 시트 사이사이 덕 약과카이 막 소금 빵 궁금하다 공간 작 곳곳 취향 가득 디저트망원역 로투스 에스프레소 맘모스 피넛 치케 럼블 치즈케이크 럼블 바삭 잔잔하다 식감 치케 덕 맘모스 피넛 피넛맛 버터 바 치케 매력주말 가도 베이 킹 덕후 취미 어쩌구 믿음 케이크 큼지막하다 생 딸기 부들 촉촉하다 가격 대비 쪼금했다 약간 과장하다 입컷 가능 생 딸기 바나나 함 패션 프룻 아이스티 직원 매우 심케이크 채 워공간 디저트 종류 다양하다 소금 빵 카이 막 조합 반하다 디저트 도장얼마 전 케잌 소금 빵 보고 선물 용 구매 재카이 막도 케이크요히케 카츠 디저트 최고 코스 애플 유자 티 유자청 소금 빵디저트 맛집 장보고 한잔 지도 발견 깨끗하다 디저트 수제 무엇 화장실 깨끗하다 다음 재음료 카이 막 소금 빵케익 크기 약간 작다 편이완전 친절 잡채 니 여기 얼그레이 케이크 꼭꼭 완전 쑥 케이크 커페 꼭 야하다이사 역시 디저트 해브어 최고 포장케이크 아기자기하다순삭 사진 인생 버터 바 크랙 소금 빵 겉바 촉 쑥 케이크 쑥 케이크 베이커리 류 천사 이쁘다 착하다 다음소금 빵 포장 바로 매장 이쁘다 주시 물 빵 매장 이쁘다여기 소금 빵 미치다 소금 빵 제일 갈릭 치즈 소금 빵 생크림 느끼하다 달달 케이크 음료 말 라떼 라떼 매장 깔끔하다 자주굿디저트최고 디저트 케이크 알 무슨 케이크 밥 먹듯 매장 깨끗하다 내부 화장실 깨끗하다카이 막 맛집 카이 막 맛집 여기배곧 재 오픈 용 역시 매장 한층 업그레이드 리뉴얼 크랙 소금 빵 자주소금 빵 바삭패션후르츠 아이스티 쑥 케이크 릉 딸기 생크림 케이크 매우 매우 편하다 가게 번창해브어딸기 케이크 부드럽다배곧 계시 땐 멀다 아쉽다 여전하다 쿠키 슈 케이크 소금 빵 바게뜨 식감 자주소금 빵 얼마 안되다 셧다 쿠키 선물 쥬 서서 번창딸기 케이크굿딸기 케이크케이크굿음료 디저트음료 디저트 인테리어 소품 귀엽다크림 쿠키 슈도 케이크치즈케이크분위기전 부터 말리 마르다 선전 포고 후 디저트 왕창 포장 예전 맘 지라 언제 케이크 조금 아쉽다 대신 다른 디저트 폭풍 오자 마자 포장 디저트 여기 음식 진심아메리카노 정석 시원하다 깔끔하다 쿠키 슈가 달콤하다 바삭 소금 빵 쫀득쫀득 매장 인테리어새롭다 푼베이커리 전반 루 애 음료 보통 인테리어 아기자기 귀엽다 분위기소금 빵 직원 직접 테이블 감동디저트 굿 인테리어 디저트 종류
10,아브르드팡,1167345645.0,가치 몇 중 디저트 류 간결하다 준비 이번 말차 버터 바 꼭 해 골 크게 단 싫어하다 부담스럽다 분 알맞다 쿠키 버터 바 덕 말차 베이커리 류 상당하다 고급 진 터 재 다른 디저트 준소금 빵 겉 은 사각 바삭 함 질 기지 쫄깃 알맞다 짠맛 산미 강하다 크리스마스트리 음악 연말 분위기 물씬새롭다 디저트 까눌레 맛집 다시 용 에그타르트 고소 디저트 번창처 크림 아인 슈페 너 말차 아인 슈페 너 맛집 요 말차 아인 슈페 너 독특하다 깔끔하다 부드럽다 파운드 얼 레몬 파운드 독특하다 우드 톤 아늑하다 아브르드팡니 그것 새롭다 오픈 아브르드팡 소금 빵 중 우유 크림 소금 빵 먹물 소금 빵 소금 빵 식감 아주 일품 꼭 또한 콤 부차 처음 오 괜찮다 석류 상큼 탄산 다음 어요신상 베이커리 맛집 다른 소금 빵 칭찬 소금 빵 매력 평소 그냥 랬는데 아브르드팡 소금 빵 아이스크림 발라 스프 거기 까눌레 밀도 높다 진정하다 베이커리 맛집 행복 외관 내부 우드 톤 유럽 감성 가득 내내 행복하다 야외 테라스 반려소금 빵 용 고소하다 말 차슈 페너 굿굿 분위기 아늑하다까눌레 미치다 버터 바 미치다 소금 빵 미치다 음료 깔끔하다 음식 정성 농담 모든 잘생기다 가깝다얼그레이 덕후 까눌레 겉애 딱빠삭 촉촉하다 대박 입 마저 감탄 얼그레이 파운드 얼그레이 존맛 바깥 테라스 날씨 매장 분위기 포근하다새롭다 소금 빵 맛집 강추 아브르드팡 매일 베이 킹 신선하다 빵 갓 빵 어떻다 알 소금 빵 득템 손님 공간 조용하다 우드 톤 인테리어 덕분 대화 기도 개인 소금 빵 파운드 케이크 꼭 보시 얼그레이 레몬 파운드 케이크디저트 맛집 애플 럼블 파이 쫀득 버터 바 럼블 콤달콤 쫀뜩하 버터 바 겉 쿠키 식감 쫀득 고소하다 소금 빵 보 다음 볼 예정디저트 아브르드팡 베이커리 전문점 답 빵 종류 조용하다 작업소금 빵 미치다 모양 이쁘다 버터 쫌독쫀족 욤 샌드위치 기 코 꽤 멀다 중독 계속 돼욤빈티 인테리어 매장 훅 성하다 버터 디저트 명품 꽤 달달 음료 아아 탁월 선택 사진분위기 발견 내부 자리 넓다 디저트 종류 모임 장소분위기 아기자기 이야기 빵 종류 다양하다 버터 바랑 대파 소금 빵 클럽 샌드위치 대파 소금 빵 대파 약간분위기 빵 소금 빵 최고 다음 번 또오 고프다 용새롭다 인테리어 이쁘다 깔끔하다 소금 빵 야외 테라스 석도 다음 야외디카 페인 빵 당일 생산 당일 판다 어쩐지 인테리어 우드 톤 식물 조합 눈 편안하다빵 가득하다 우드 편안함 기분 가게 깨끗하다 강추근처 넓다 아늑하다 쾌적하다 디저트 존맛 구 반미 레전드 테라스 테라스 담 반미 브런치 니라떼 너 무 분위기 짱짱 매장 넓다 노래 넘조쿠 잘생기다 옹 나들이길가 발견 분위기 차분하다 빵 다시 섬세하다 빵 케이크 등 디저트 종류소금 빵 페스트리 에그타르트 이야기 나누기 소금 빵 약간 바삭 안쪽 버터 가격 다음빵 한참 자몽 차도 달 나무 인테리어 따뜻하다 포근하다 분위기베이커리 반려 뮬 동반 가능하다 알 넓다 편하다 분위기 근처 자주인테리어 우유 크림 소금 빵 분위기 아늑하다빵매장 분위기 디저트 제청 딸기 라떼 적당하다 달달소금 빵 종류 과 인테리어 맘 테라스 자리소금 빵 아주 나보이 쥬 빵 부드럽다 아메리카노 자리 칭구들짝꿍 완전 편하다 밖 햇살 맛집 과 해 편하다 가나 라떼 라떼 광 진하다 고소하다 안나 소금 빵 까눌레 자주 음식 여태 중 탑 꼽는 얼그레이 까눌레 입맛 저격 요 근처 새롭다오픈 아브르 드 날 원목 분위기 젊다 친절 소금 빵 진심 입맛 미안하다 그냥 그냥 카푸치노 평 나쁘다 카푸치노 요 다음 다시 볼 번창인스타그램 오픈 소식 접 실제 마주 공간 원목 편안함 포근하다 모두 안고 조합 소금 빵 선택 바삭 부드럽다 벨런스 바디 적당하다크림 두유 달달 용 분위기 직원빵 종류 다양하다 매장 우드 톤 깔끔하다 매장 넓다점심 후 빵 처 만족 자주매장 차분하다 공간 생각 넓다 디저트 우유 크림 소금 빵버터 바 좌석 넓다 편하다빵 맛집 아브르드팡 분위기 소금 빵 맛집 먹물 크림 소금 빵 어서전체 우드 마음 편 빨미까레 디저트 엄마 손 파이 초코 느낌 선곡 내부 넓다 얘기 편하다이쁘다 디저트 다음아이 슈페 너 야외 날 날 야외 석새롭다 빵 직접 그렇다 소금 빵 골목 위치 지도 가깝다 조용하다 오히려 테라스 테라스 편안하다 분위기 힐 링며칠 리뉴얼 테라스 애견 동반 실행 기대 아차 차 새롭다 초코쿠키 쫀득쫀득 까눌레 욥 차 허겁지겁 사진 순삭 정더 요버터 바 아늑하다 분위기 크리스마스 분위기말 차슈 페너 아인 슈페 너 소금 빵 샌드위치 류 간단하다 끼니어이없다 정도 대파 소금 빵 저녁 품절 오늘 만 중독진하다꼭 부드럽다 쓴맛 자주 여기 소금 빵 항상 인기 오늘 품 절 다른 여기 꼭 빵말 차슈 페너 휘핑 소금 빵 유명하다 회사 점심시간 호다닥 여 담 꼭 빵 구샌드위치 다음 구 소금 빵 비주 얼 보고 반했어빵 직원 꼬소해 얘기 빵 나용 자주사과 유자차 달달 딸기 라떼 수제 진하다 분위기 겨울 오기 다음 예정소금 빵 고소하다 아주 깔끔하다 공간 포근하다 느낌 동시분위기 빵 아이 이드 다른 빵 인기 좀 아쉽다 빵 다시소금 빵 존맛 분위기 화장실 비데새롭다 탄생 멋지다 카피 숖 두 멋지다 사나이 머 채취 동안 축하 음 과베이커리 류 음료 둘 양 비싸다 베이커리 류 봉지 다시 냉장고 다음 날 파시 뭐 양 질 비 가격 높다 생각 듭 버터 바소금 빵 맛집 요 인테리어 이쁘다 통창 사진 이쁘다 힐링 자주매번 출근시간 때문 아쉽다 도전 성공하다 분위기 사진 빵 도리 빵 베이글 쫠깃 식감 아주 스탈분위기 빵 즐겁다이번 디저트 취저 버터 바 덕 브라우니 무엇 응대 최곱 닷 부자아메리카노 진하다 멋있다 소금 빵 쫄깃 크림 우유 크림 소금 빵빵 음료 가격 괜찮다 빵 웬만하다 빵집 완전 간만 빵 행벅해 매장 생각 보 넓다 대화 나누기 전신 거울 음악 젊다 잘생기다 센스 짱 자주분위기 빵소금 빵 직원 조용하다 아늑하다 느낌샌드위치 소금 빵 아이스 라떼 요 매장 분 기도 음악 요주말 빵 찾기 어렵다 리지 널 휘 낭시 바게트 샌드위치 둘 재깨끗하다 다음트리 버터 바 종류 다양하다날 에그타르트 라떼 한잔 크리스마스 분위기망원역 근처 새롭다 넓다 인테리어 소금 빵 인기 품절 못 빵 쫀득 버터 바 존맛 자주분위기 빵 담 재 백프로 번창빵 모두디저트 비주 얼 완전 압살 디저트 둘 가격 저렴하다 얼마 안되다 번창매일 빵 정성 가득 빵 당연하다 빵 꼭 야하다 게다가 잘생기다 비밀 분위기 따뜻하다 창문 큼직하다 채광 사진 재 의사분위기 아이스 아메리카노 아이스 바닐라 라떼 까눌레 매장 넓다 도 적당하다 얘기빵 새롭다 블루베리 럼블 케이트 어디 발전 다음빵 간이 적당하다 달 선 간이 적당하다 초코 칩 쿠키 꼭 찐득하다 적당하다 요 가격 적당하다 젊다 음료 시원하다 아메리카노 시지 스타일 다시 빵 꼭 포장 빵빵 얘기 나누기 분위기디저트 인테리어 이쁘다 분위기 아늑하다디저트 분위기만 아브르드팡 역시 소금 빵 맛집 요 분위기 항상소금 빵 맛집 말 차슈 페너먹물 소금 빵 말차 버터 바 새롭다 역시소금 빵 에이스 난대 여자친구매장 깔끔하다 테이블 간격 넓다 디저트 다양하다수지 레몬 차 애플 피치 이드 가을 날 아브르드팡 괜찮다분위기 넓다 이용 아이버터 바 처음분위기 빵 자주 소금 빵강추 일 분 서비스분위기 음료 가깝다 완전 온분위기 습베이커리 애 타르트 페스 츄리 바삭그냥 새롭다 구경 겸 인테리어 깔끔하다 매장 넓다 마침 소금 빵 바로 완전 스타일 발견 기분 소금 빵 무조건새롭다 직원 빵 매장 바게트 샌드위치 빵 소금 빵 포장 겉바 촉 직접 런가 자주아인 슈페 너 크림 소금 빵 겉바 촉뻥새롭다 유럽 감성 가득하다 아늑하다 따뜻하다 댱베이커리 류 다양하다 신상 전체 우드 톤 차분하다 낭낭 음악 다시 데이트 도소금 빵 분위기 아득하다 잘생기다 재 무조건매장 준비 제품 종류 다양하다 샌드위치 버터 바 등 취향 선택 매장 넓다 분위기 자주만 존맛 염럼블 애플파이 촉촉적당하다 달달 아인 슈페 너 겉바 촉 바닐라 까눌레 다음예전 자리 다른 새롭다 아브르드팡 궁금하다 분위기 분위 베이커리 종류 다양하다 앞 종종매장 이쁘다 아늑하다 베이커리 부드럽다 베이글 존맛 소금 빵 미치다 다음 오픈 런 끈 뜨끈하다 소금 빵 구 편하다 번창아늑하다 포근하다 인테리어 겉빠속쫀 까눌레 꼬숩 아인 슈페 라떼 완벽
11,올웨이즈어거스트로스터스,1916722465.0,재 오늘 무화과 디저트 이름 어렵다 꿀 싫어하다 분 빼 달라 다음 시트 다쿠아즈 쫀득 폭 신해 크림 꼭 오늘 트 라떼 샷 진하다 싫어하다 분 한샷 다르다 심 라떼 아트 귀엽다 이번 아메재 의사 트 라떼 고소하다 별다방 트 라떼 만큼 아메리카노 복숭아 프룻츠 아메 데 강추 피스타치오 디저트 고소하다 달달 맛있엇습 강아지 동반 가능하다 강아지 캐리어 의자 야하다 분위기 강추웨이즈 럽 리뷰 디저트 밤 무화과 꼭 표현 거의 친구 오 디저트 오 감탄사 말 필요없다 웨이즈 무조건 여기 직원 웨이즈 남바 완으어 쿠키 요 인테리어 따뜻하다 주변 구경 하니 금방웨이즈 썸머 프로모션 피치 쭉 반려 웨이즈 임 블렌딩 최고 이번 디저트 무조건 달달 적당하다 단 밤 쇽쇽 손님 항상 바쁘다 항상 인사 기분 음 늘항상 가면 웨이 팅 웨이즈 어거스트 로스 터리 비건 디저트 유명하다 디저트 내부 분위기 빈티 인테리어 공간 주말 오픈 런 인기 웨이즈 어거스트 로스 터리웨이즈 어거스트 로스 터스 가을 계절 블렌드 후르 츠 바스 텀블러 포장 시 원 할인 혜택 자원 통 할인라떼 맛집 평일 네시 애매하다 웨이 팅 조금 리스트 전화번호 전화 입장 안내 내부 좁다 시끄럽다 평화롭다 일단 맛집 꼭 아이스 라떼 기본 원두최애 분위기 직원 디저트 웨이즈 마다 디저트 꼭무호 머랭 롤 라드 비주 얼 미치다부근 주택가 위치 리얼 맛집 드립커피 가격 높다 해도 꼭캔디 드 피칸 쿠키 회사 모두 심하다 행복하다 역시 건 모두사진 이렇다 고소하다 원두 동시 기분 라떼 느끼하다 고소하다 귀엽다분위기 한번 디저트 한번 한번 감동 자세하다 감사 디저트항상 보기 날 테이크아웃 테이크 가격 매우 착하다 요 원두 진하다 느낌 디져트 더욱 분위기 원하다 꼭 한번령 번 실패하다 성공 무화과 머랭 룰라 이드 밤 몽블랑 존맛 령 테이크아웃 한번 함처음 온 날 웨이 팅 길다 테이크아웃 해 아쉽다 남편 온 평일 웨이 팅 인기 자리 에티오피아 훈쿠테 살구 뉘 앙스 첫날 엘살바도르 원두 견과류 피칸 재밌다 트 라떼 인기 피스타치오 케이크 도 가득 담번 다른 디저트 도전단연 코 최애 가을 블렌드 아메리카노 취향 저격가도 기분위치 웨이즈 어거스트 오시 레몬 피스타치오 케이크 꼭 상큼 함 고소하다 겸비 부드럽다 케이크 순식간 뚝딱 용 핸드 드립 취향 손글씨 직접 작성 큐 레이 션 카드 인상아메리카노 썸 머크 럼블 자두 럼블 크림 시트 시럽 꽤 달달 역시 만석 인기 짱 이구 대화 나누기 분위기 자주 비건가도 디저트 훌륭하다 아메리카노 연하다 혹시 연하다 여분 샷 감동분위기 레몬 피스타치오 케이크디저트 아메리카노 산미 원두 취향 제대로 저격 훌륭하다 가성 비 편 듯 일 생기분위기 디저트 웨이 팅 길다써머 블렌드 보고 취향 바로 커피빈 구매 해먹 행복하다 인테리어 직원 최고 친절 디저트 피스타치오 어쩌구 체리 뭐시기최애 레이스 중 거나 그냥 요항상 대기 궁금하다 이번 디저트여기 케이크 미치다 계절 다르다 계절요 분위기개맛 도리 원래 핫 엄청나다 줄 호다닥 머랭 룰라드 미치다 도랏음 꼭 에스프레소 핸드 드립 성도 넘침감성 뿜뿜 야외 덥다디저트 특별하다 보고 피스타치오 크림 크림 달달 직원무화과 활용 디저트 중 손 꼽는지난번 웨이 팅 오늘 좌석 남아 바로 착석 맞이 쿠키 부드럽다 달달디저트냠냐미 레몬 피스타치오 케이크 분위기직원 기분굳다테이크 아웃 오늘 매장 가요 기본 단백 코미 디저트 썸머 원두 전 풀랫 화이트 장난없다첫 레몬 피스타치오 케이크 속상하다 테이크아웃 텀블러 할인 테이크아웃 할인 텀블러 꼭 날 트 라떼우리동네 맛집 아늑허 올드 팝 무드혀 노을 질 노을 핫 왔슈 처음 설명 혀 자리 넓다 디 따뜻혔어 스프링 블렌 은은하다 달달 산미 콜롬비아 싱그럽다 산미 에티오피아 블렌딩되어 깔끔혔어 크림 라떼 부드럽다 덕 크림 코코아파우더 고소 산미 라떼 어유 동생 표현 참고 레몬 피스타치오만족스럽다 다만 손님 시끄럽다밤 분위기 편안하다 담 낮커피잔 디저트 레몬 피스타치오 피스타치오 진하다 위 상큼 레몬 조화 계속 매장 분위기 디저트비건 케이크 처음 새롭다 분위기디저트 둘 희귀디저트크림베이비 라떼 진하다 추가 산미 원두 타입 아메리카노 상큼 화사하다 부드럽다 밸러스 채광 따스하다 분위기 귀엽다 강아지 친구 볼웨이즈 어거스트 로스 터스 계절 블렌드 팬 디저트 꼭 살구 분 꼭산미 진 요크림 라떼 라떼 베이스 자주 이용 테이크아웃 할인분위기가면 필수 가야테이크아웃 쇼핑 초코쿠키 존맛핫 중 핫 그렇다 좀 시끄럽다 어수선하다크림따스하다 분위기 언제일요일 낮 쯤 손님 테이블 계시 오후 쯤 자리 꽉 아아 깔끔하다 갈증 쑥 창가 햇빛 파리지앵 듯 착각제법 시기 제철 과일 디저트 무화과 디저트 막차 성공굿허니 밀크 케이크 급하다 포장 맘 한판 정도 빵 촉촉하다 크림 달고나 토핑 입맛 최공평일 웨이 팅 길다 가까이 보람 케잌가장 채광 디저트 존맛 직원 강아지 귀엽다 강아지 행복하다 행복하다전 만석 웨이 팅 리스트 번호 연락 한산하다 평일 날 끊임없다 만석 요 웨이 팅 정도 감수 딸기 머랭 룰라드 콤 달콤하다 흔하다 볼 디저트 확실하다 차별 밖 춥다 실내 따뜻하다 분위기 낭낭딸기 타르트 처음사계절 타지 변하다 다정하다 따뜻하다 만 산미 아메리카노 고구마 케이크 조합 티 디저트 제일 중요하다 웨이 팅 늘 동네 산책 볼거리 구경 금방 연락 밤 분위기 자주 꼭플랫 화이트 나쁘다 아이스 라떼 최고 딸기 머랭 언제 쫀맛뭐 분위기 플랫 화이트 디저트 뭐 딸기 머랭 룰라드 입 존맛 바로 포장 멀리 정도 약간 미스 응대 해주 그냥 에피소드 여러분 딸기 머랭 룰라드 지인질문 주저 여기 선택 보통 디저트 아쉽다 디저트 맛없다 불균형 마련 요 균형 완벽 가깝다 겨울 딸기 디 딸기 디저트 탑 디저트 꼭 꼭 연말 답보 크리스마스 블랜드 원두통창 분위기테이크아웃 근처비건라떼 인테리어 따뜻하다 애견 동반 가능하다 뽀 시래기분위딸기 머랭 룰라드 저번 따뜻하다 라떼 아쉽다 이번 베이비 라떼 아이스 진하다 고소하다 진하다 라떼 베이비 라떼 플랫 화이트최고 다른 데 볼 디저트 항상 웨이 팅 가기 웨이 팅할 만 가치여유 울 디저트 보고분위기 디저트 포장 요인테리어 분위기낮 가면 낮 간 밤 가면 밤 간 대로 분위기 디저트 미치다 원두 산미 원두 최고 데이트 궈궈머랭 룰 라즈 체리 굿 조금 덜 라떼 여전하다 방앗간 월 번은크리스마스 날 핫 손님 계속 진하다 달달 초코 케이크원두 설명꼭 웨이즈 분위기 짱짱자주티 이드 생각 쿠키방앗간라떼 만족감 준 가게 편 인기 시끄럽다 편이 창가 단열손 디저트 웨이 팅 다르다 구경 좌석 안내라떼 디저트 햇살 맛집 편안하다 분위기 우리동네요기 두번째 처음 디저트 맛집 생각 함 친구 감탄 함 피스타치오 케이크 심 이번 시바견 순하다 강쥐 순하다 귀엽다웨이 팅 이유예전 이제야 분위기 편안하다 계시 장님 직원 신지 크리스마스 블렌드 선택 약간 산미 시끄럽다 조용하다 점도 인기 주말 점심 그렇다 웨이 팅 분 혼자 편 내외 편 계시 마음 조급아인 슈페 너 맛집 테이크아웃 아쉽다 정도 따뜻하다 내부 분위기 아인 슈페 너 크림가격 대가 조금 공간대표 중 하나로 라떼 맛집 웨이 팅늘 대기 날 운 브라운 치즈 고구마 케이크 브라운 치즈제일 사랑스럽다진하다 나쁘다분위기 일주일 번
12,딜리커피 망원,1642598415.0,망리 브런치 딜리 가격 착하다 샌드위치 젤라또 햄 포테이토 뚱 샌드위치 망고 요거트 스무디 민트 초코 젤라또 아이스크림 뚱 샌드위치 야채 재료 가득하다 조각 속 든든하다 햄 포테이토 고소하다 크리스마스 분위기 장식 사진 브런치새롭다 샌드위치 맛집 와사비 래미 샌드위치 플레인 요거트 아이스크림 딜리 치노 브런치 샌드위치 정 말 뚱 샌드위치 신선하다 야채 가득하다 재료 성하다 와사비 래미 독특하다 플레인 요거트 요거트 다양하다 요거트 딜리 플레인 요거트 진하다 가성 비성비 샌드위치 돌이 눈 통창 유리 기대 뉴 신상 눈 비 날 따뜻하다 아메리카노 스트룹와플 브라우니 젤라또 장남 겨울 원픽 딜리 유명하다 기전 데이 뚜 곱다나들이 딜리 작 아늑하다 따뜻하다 분위기 마음 드 아이스크림 달달 딜리 치노 신선하다 야채 가득 뚱뚱하다 샌드위치 구경 잠시아늑하다 저렴하다 샌드위치 뚱 샌드위치 재료 신선하다 음료 양도 딜리 치노 딜리 젤라또 프라푸치노 전체 분위기 아늑하다 따뜻하다 망 가기 바로 직전 기도 구경 기도 근처 볼거리 꼭 딜리새롭다 오픈 뚱 샌드위치 맛집 샌드위치 중 가장 실하다 짐 샌드위치 샌드위치 가격 제일 비싸다 거의 끼 실하다 참치 샌드위치 참치 고소하다 남녀 노소 양상추 토마토 신선하다 재료 눈 마치 엄마 듯 샌드위망리 알차다 딜리 오픈 샌드위치 원래 요 근처 주민 센터 근처 위치 딜리 음료 샌드위치 젤라또 석 누리실하다 샌드위치 보고 깜짝 팔면 가요 궁금하다 도리 가성 비 갑 샌드위치 맛집 하나로 끼 진심 파릇파릇 프레 야채 토핑 매장 깔끔하다 좌석 편하다 한적하다 샌드위치 브런치 딱이다 장님 덕분 주말 즐겁다 시작 가요근처 뚱 샌드위치 사진 똑같다 자마자 빵 따뜻하다 치즈 두 종류 채소 가득 요 가격 이렇다 샌드위치 최 곱다 음료 종류 다양하다 뭘 고민 아이스크림 딜 리치 노 민트 초콜릿칩 아이스크림 딜리 치노 민초 파도 무난 정도 적당하다 민트 초코회사 근처 점심 재료 전부 싱싱하다 신선하다 단백질 충전 참치 샌드위치 젤라또 가볍다 먹기 요 꼬숩 다크 아메리카노 다음 점심샌드위치 맛집 즉시 샌드위치 신선하다 아주 젤라또 판매 샌드위치 후 디저트 젤라또 먹기샌드위치 혜자 이렇다 뚱 샌드위치 매장 환영 가격 파바 가격 비슷하다 양은 야채 신선 해 바로 제작 믿음 완전 강 추하다 가격 완전 가성 비 굳다 프라푸치노 음료 아이스크림 그냥 망리 중심 위치 자주뚱뚱하다 샌드위치 처음 양상추 다른 재료 신선하다 빵 겉 살짝 바삭 샌드위치 배 배 두 기면뚱뚱 샌드위치 저녁 간단하다 샌드위치 햄 치즈 샌드위치 블루 레몬에이드 구 뚱샌드 위치 가격 저렴하다 편이 신선하다 야채 듬뿍 점심 배달 같슴돠샌드위치 사과 이드 대화 분위기 포테이토 샌드위치 치즈 번창만 실하다 샌드위치 쥬 수제 정도 실하다 간만 유 아이스크림 라떼 류 분 딜리 치노 필슈 종류 여러가지 담 그린티 꼭 어유 샌드위치 토핑왕 담 봬유샌드위치 젤라또 맛집 딜리 신선하다 양상추 핫 치킨 매력 샌드위치 툼 이드 바로 청량감 아이스크림 딜리 치노 다음 한번 리터 도전 분 꼭샌드위치 제대로 내용물 제대로 성하다 모양 이쁘다 선물 용 포장 건강하다 끼 든든하다 정도 양도 명 이서 반 정도 가성 비 최고 음료 가격 착하다 단골샌드위치 맛집 발견 딜리 야채 신선하다 깜짝 담주말 살짝 출출하다 샌드위치 글구 연말 느낌 데이트 잠깐 이야기 나누기망원역 번 출구 샌드위치 맛집 체인점 딜리 망 원점 얼마 전 오픈 햄 포테이토 샌드위치 쿠키앤크림 딜리 치노 그린티 딜리 치노 딜리 젤라또 브런치 선택 신선하다 재료 가득하다 두툼 샌드위치 소스 조합 더욱 또한 딜리 음료 키 커서 용량 음료 평소 딱이다 딜리 치노 딜리 젤라또잔잔하다 음악 샌드위치 행복 매장 깔끔하다 포근하다 기분 듭 꼼꼼하다 여기 편하다샌드위치 신선하다 실하다 반개 배 잠깐 냠아이스크림 혼자 편하다 참치 샌드위치 야채 싱싱하다 식감 소스 강하다 돟았어수제 뚱 햄 포테이토 샌드위치 재료 넘치다 포테이토 곱 쌀 젤라또 달 쫀득 쌀알 대박 민트 초코 칩 딜리 치노 달난생처음 룽 딜리 더욱 만족 바쁘다 임 음료 적당하다 달달 고 다음 번 젤라또 재밌다뚱 샌디 치 반쪽 덥다 디저트 젤라또 큐 분위기 심샌드위치 재료 듬뿍 끼 대용 무엇 춥다 유자차양도 금액 착하다 망리 완전 혼밥 브런치 도 탁월하다 샌드위치 맛집샌드위치 딜리 덕분 배부르다 끼 해결 공간 넓다 건강하다 샐러드 샌드위 은근 샌드위치 어렵다 담 젤라또가족 간식 종류 별 샌드위치 포장 친구 덕 샌드위치 맛집 알 하루 리 회사 직원 점심 강추젤라또 아이스크림 딜리 치노 달콤하다 시원하다 먹기 음료 배 든든하다 정도 샌드위치 완전 건강하다 이쁘다 포장일 완전 성비 임둥 여기 도리 성비 샌드위치 통통하다 입 물기 힘들다 정도 야하다 둥 핫 치킨 었는데 굿굿저녁 간단하다 샌드위치 주 재료 저녁 도 야채 신선하다 아가 햄 치즈 샌드위치 샌드위치 다음 종류 샌드위치 샌드위치 맛집장님 끼니 거리 팔고 팔고 저렴하다 주말 종종 작업 늘 기분 샌드위치 짐 건 말 해도 장사 동네 오래오래 마음 리뷰깔끔하다 샌드위치 신선하다 야채 젤라또 리조 젤라또 비스 초코 젤라또편안하다 좌석 빵빵 와이파이 조용하다 아늑하다 명곡 플리 신선하다 샌드위치 방앗간 등 평생 욥신선하다 채소 잔뜩 먹기 만해 건강하다 느낌 치즈 만족하다 맛집샌드위치 끼 든든하다 이드 시원하다 젤라또 보 다음 꼭 용 이야기 나누기 카공 기도며칠 엄마 밥 자주 건강하다 아침 일찍매장 청결하다 햄 포테이토 샌드위치 야채 내용물 동네 완전 괜찮다 샌드위치 가게 뮤포장 전화번호 직접 기 자리 미리 전화 편하다 픽업 이렇다 퀄 샌드위치 맛집 흥 공유 기본 중 기본 햄 기본 충실하다 담 고소하다 샌드위치 랍 핫 치킨 다음 강추젤라또 딜리 샌드위치 신선하다 포장 듯 해샌드위치 짐 신선하다 가성 비 오늘 친구 와사비 욥 다음 핫 치킨식사 도 괜찮다 듯 아기자기하다 느낌 샌드위치 배부르다 젤라또 딜리 치노 아쉽다 담 꼭 젤라또 보고역시 핫 치킨 젤라또 만남 한번 보고 다시 뭐 역시 역다 샌드위치 내용물 혜자 채소 그렇다 실하다 치킨 그렇다 젤라또 꼭가성 비 애용 엄마 동네 중 제일딸기 라떼 존맛 샌드위치 핫 치킨 강추 양념 야채 조화롭다매장 청결하다 샌드위치 신선하다 점심 샌드위치 가볍다 딱이다 용동네 가성 비 달달 모카 딜리 치노 도전 절반 이상 다음 아이스크림 앞 자주 용하다딜리 샌드위치 젤라또 민트 초코 입가심 종종 대형 프렌 차 이즈 민트 인위 강하다 이집 민트 초코 순수하다 진하다 쫀쫀 부드럽다 식 말 뭐간단하다 끼 떼 우기 여 샌드위치 짐 가요 샌드위치 다양하다 음료 여 담 친구 옹샌드위치 배 카페인 충전 역시 난건여기 여기 요 젤라또 요물 젤라또 최고 쫜득 잡채 재 의사 프로샌드위치 가격 저렴하다 음료 배부르다추석 샌드위치 지인 려고 포장 맥주 덤요즘 최애 꼭 뚱샌 건강하다 신선하다 깔끔하다 오래오래 장사오전 샌드위치 야채 신선하다 배 차요 든든하다 아이스크림 당 충전 하루 즐겁다 망리 동사무소 근처 자주 자주 이용건강 다이어터 기도 고요 호밀빵 샌드위치 어서 처음 가게 일단 아주 깔끔하다 핫 치킨 샌드 위치 이비 양배추 양 혜자 다이어터 기쁘다 자극 히비스커스 시어 금방 이집 아마 드 히비스커스 체리 블렌딩 덜덜 덜 퀄 잉 운동 방앗간 당분간 여기젤라또 쫀득 도랑 질감 황금비율 샌드위치 배고프다 응대서교동 당황 다행 자주원래 여기 샌드위치 맛집 젤라또 한번 오잉 뭐 열 젤라또 고요 딸 데이트 공간 기쁘다 엄마 샌드위치 미안하다 딸 데리 데이트 요자두 이드 샌드위치 햄 치즈 샌드위치 양 이드 다음새롭다 이후 거의 매일 샌드위치 재료 신선하다 어떻다 가격 매장 넓다 깨끗하다 부담 강추샌드위치 신선하다 장님 심신 안정 분위기가성 비 직원간단하다 점심 샌드위치 구매 툼 아메리카노 원두 다음 아이스크림매장 깨끗하다 심샌드위치 맛집 요 야채 싱싱하다 치킨 바삭 젤라또 요거트 요 굿처음 뚱드 위치 젤라또 가격 대도 합리 가게 분위기 따뜻하다악 뚱 샌드위치 미가 최고 최고 최고 직원 샌드위치 예정가성 비 최고 자리 공간 분위기 무난 최고가격 착하다 샌드위치여기 샌드위치 분위기 직원 이간 친구지난번 포장 뚱뚱하다 샌드위치 한쪽 배부르다핫 거리 가성 비 화장실 깨끗하다 중요여기 리터 가성 비 최강 양도 하루 종일 샌드위치가성 비도 영양가 식사 가능하다리터 용량 매장 깨끗하다 샌드위치가성 비 샌드위치리조 비스 초코 특이하다 젤라또 가격 저렴하다 자주 듯합리 가격 샌드위치새롭다샌드위치 신선하다 집앞 자주 매장 깨끗하다 만족스럽다젤라또 맛집 매장 깨끗하다짐 가격 착하다 자주와사비 래미 샌드위치 강추 보기 만해 싱싱하다 채소 와사비 소스 에스프레소 딜리 치노 달 굿새롭다 오픈 매장 깨끗하다 브런치 샌드위치 먹기 재료 신선하다 음료 역시분위기데리야끼 샌드위치 성하다 신선하다 꼭 가성 비 드 워치오 굳다샌드위치 짐 젤라또밀크 티젤라또 맛보기 양도 적당하다
13,후와후와,1087879784.0,귀엽다 그냥 수가 고구마 카스테라 소금 빵 보늬밤밤샌드 다른 소금 빵 샌드 궁금하다 용 참고 내부 공간빵 중 가장 소금 빵 동굴 크게 촉촉하다 쫄깃합 거북이 모양 메론빵 소시지 꼬리 빵 비주 얼 화려하다 야끼소바 빵 등 귀엽다 빵 보장 꼭소금 빵직원 빵 자주 뿌 시기 도전고구마 카스테라 소금 빵 요쿠키 샾 새롭다 오픈 베이글 쫀득빵 종류소금 빵 이하 무화과 베이글빵 먹기 전이 포근하다 분위기 빵 냄새소보 밤 식빵 우연 찮 그거 가요 페퍼로니 베이글 쫀득하동네 빵집 소금 빵 식빵후추 소금 빵 초코 더더소금 빵 종류 다양하다보통소금 빵 소금 빵 에프 꼭굿귣
14,밀로밀,1837601021.0,소금 빵 중 베스 모카 번 모카 껍데기 를 소금 빵 기절 뻔하다 에그타르트 필링 부드럽다 겉 타르트 바삭 순식간 가격 저렴하다 빵 도민 이사최애 빵집 단골 소금 빵 시리즈 뿐 모든 빵 퀄 재료 량 세 상 어나더 레벨 밀로 밀 상권 일 완전 행운 직업 특성 고객 다양하다 지역 밀로 밀 오픈 선물 백이 백 에어 프라 이기 그냥그냥 좀 퍽퍽 전자렌지 정도 빵 소금 버터빵 유명하다 아몬드 크로와상 두번째 삿는데 보기 좀 소금 버터빵 가격 저렴하다 괜찬 듯 웬만하다 예전 비 해 느낌 착각 수도여러 빵집 소금 빵 여기 제일 괜찮다 기적 이번 바질 소금 빵 바질 진하다 바질 처 돌이 마음강아지 산책 줄 홀린 듯이 서서 요 소금 빵 바로 따뜻하다 피칸 파이 고소하다 고 진하다 행복하다 직원근처 볼일 쟁 빵 순이 어지간하다 빵 가격 퀄리티 빵 먹기 요 가격 저렴 바게트 소금 빵 원픽 외 움 과자 달 담 고소 맛남 인생 빵집소금 빵 바게트 소금 빵 가면 필수바개트 소금 빵 바게트 소금 빵 꼭 일반 소금 빵 바게트 겉 바짝 촉 어쩌구 다합 니소금 빵 다양하다 각자 매력빵 나쁘다늘 소금 빵 맛집 줄 이제 가격 바질 소금 빵소금 빵 에그타르트 소금 빵 냉동 자연 후 발뮤 크로와상 모드 땃땃 쫄깃하 에그타르트 얼 얼빵 대부분 준수 퀄리티 가격 착하다 소금 빵 바게트 소금 빵 가득 까눌레 겉바 촉 괜찮다 까눌레 금 버터빵 겉바 촉 버터 리하 짭짤하다 자극 소금 빵 원하다 바로 밀로 밀 소금 빵 그것 소금 빵 바닥 중요하다 완벽하다 바 닥 바게트 소금 빵 소금 빵 바게트 소금 빵 겉바 촉 정석 빠작 겉 과 촉촉하다 쫀득 버터 가득 버터 동굴기분 요소금 빵 라피 뇨 치즈 치아바타 최애 화 버터 리하 바삭 소금 빵 최고 치아바타 할라피뇨 치즈 완전 듬뿍 미치다소금 빵 맛남소금 빵 와이프 여기 소금 빵 젤 자주지난번 품절 못 오늘 구매 성공하다 당일 다음 날 발뮤 가면요즘 여기저기 소금 빵 밀로 밀 다르다 다르다 소금 빵 압도 유명하다 그렇다 기본 모든 빵 볼 가게 종류 계속밀로 밀 소금 빵 소금 빵 유명하다 이유 부드럽다 버터 가득하다 적당하다 질리 계속 치아바타 보 빵 촉촉하다 가요 촉촉하다 부드럽다 쫄깃해 소금 빵 맛집 치아바타 만족스럽다버터 스콘 비스킷 위 설탕 달콤하다소금 빵 휘 낭시 요것 가격 합리 빵 아쉽다빵정도 작다 포장 전문 빵집 작 자리 망원역 꽤 깊숙하다 안쪽 자리 편이 소금 빵 유명하다 주변 에그타르트 소소하다 에그타르트 구매 너 무 는걸 바로 알 다른 빵 무엇 직원밀로 밀 제발 오래오래 동네 최고 빵집소금 빵 바게트 소금 빵 에그타르트 대박 꼭빵참새 방앗간 소금 빵 사랑 혀굿에그타르트 아이스 카페라떼여기 소금 빵 굉장하다 그냥 오븐 배 바게트 소금 빵 조금 아쉽다 직원 매장 아담하다 정갈하다 기분다른 가성 비도가면 꼭 소금 빵 맛집소금 버터빵 다른 빵집 비교 안이 훤히 보이 빵결 아주 끝내손님 준 빵집 완전 처음 일주일 번 요즘 번 정도 편하다 원픽 할라피뇨 롤 치즈 치아바타 요즘 아쉽다 해일반 소금 빵 바게트 소금 빵 버터 느낌 둘 밀로 까눌레 대박 마다 무조건 포함소금 빵 버터 아주 굳다 까눌레 크기 가격 라면 무조건 가게 포장 손님 에그타르트 꼭 추가 요 따뜻하다 아메 모금 끝굿유명하다 전 빵 주말 소금 빵 살 다행 직원 매우 수도빵밀로 밀 모든 심 주말 느즈막히 가면 까눌레 등 잉끼 품절소금 빵 단연 코 밀로 밀 최고소금 빵 에그타르트 치아바타 다른 빵 공간 넓다 빵 좀 아쉽다에그타르트 피칸 파이 레몬 마들렌 까눌레바게뜨 소금 빵이름 좀 유명하다 소금 빵 좀 밀로 밀 소금 빵 인생 소금 빵 유명하다 줄 주변 소금 빵 지금 가게 앞 소금 빵 구매 가능 문구 보고 미치다 살걸 가슴 밀로 밀 소금 빵 그냥날 소금 빵 막 식 기 좀 어렵다 비 빵안 덜 상태 가방 좀 후 판매편하다 자주 애용 빵집선물 보고 가끔 특별하다소금 빵 치아바타 소금 빵 버터 꼬숩 부드럽다굿빵 제일 괜찮다 소금 빵 카눌레 에그타르트 등등 다른 무난 가격 적당하다 평일 오전 땐 빵 대기 점원 친절 도 보통바게트 소금 빵 최애 임 꼬숩짭짤 함소금 빵소금 빵 에그타르트올리브 치아바타 에그타르트 취저 휴일 금방 품절 사기 뿌듯하다빵다른 소금 빵집 저렴하다 크기 커서 아주 다음 다른 빵식전 후기오 소금 빵 삿는데유명하다 아쉽다궁금하다 밀로 밀 소금 버터빵 빵 보지 기대 에타 까눌레 대기 두근거리다소금 빵 맛집 소금 빵 솔드아웃 까눌레 소금 빵 다시 보고지난번 소금 빵 이번 스콘 에그타르트가게 아늑하다 아침 빵 이면 줄 서서 인상 개인 소금 빵 까눌레굿빵 향기 홀려 취향 빵 기쁘다항상 부드럽다 소금 빵 바게트 소금 빵 하루 그렇다 버터 미가 겉바 촉 식감 고소하다 짭쪼름 조합 가격 착하다빵 가격 합리 무엇 바게트 소금 빵 겉바 촉항상 아침 겸용갓 소금 빵 체고 바게트 소금 빵 요 바삭 촉촉하다 규 최고빵빵 냄새디저트 소금 빵 반하다 꿈 정도 잔슨 포테이토 속상하다 꼭 다시 계산 말 산 빵 확인 빵 잘못 서비스 마들렌 산 빵 주시 센스 그렇다자주 질리 빵이사 밀로 밀 생각 착잡하다 빵 진심 빵 맛집 가장 아쉽다 이유동네 이용 한번 소금 빵 웬걸 에그타르트손 꼽는 소금 빵집소금 빵베이커리딸 소금 빵 고해 도전 냄새 본격 크로와상 구매 크로와상 워낙 페스 츄리 크로와상 겹겹이 바싹굿성심당 소금 빵 소금 빵 가격 비싸다 이하 여럿 밀로 가격 모두 유명하다 회 사 점심시간 번 세번 번 일반 바게뜨 소금 빵 소금 빵 내부 인용 작다 테이블 빵 뜨끈하다 빵 준비 행복하다 점심시간 직원 모두 친보사 까눌레 묵직하다 에그타르트 올리브 치아바타 가성 비 소금 빵 전부저번 소금 빵 보고 이번 소금 빵 당근 버터 스콘 버터 미가 가득하다 순삭 버터 스콘 사진 다음소금 버터빵 버터 다만 조금 따뜻하다 듯 해 바삭 소금 빵 말랑하다 식감 소금 빵에그타르트할라피뇨 치즈 치아 바 가격 합리 인편가까이 이렇다 빵집 소금 빵 언제마음속 소금 빵 맛집 멀다 다행 가기 정신 문제 소금 빵 당연하다 라피 뇨 치즈 치아바타 까눌레 여기 지금소금 빵 에프 백배 바게트 소금 빵 그냥 일반 소금 빵 까눌레 잔슨 포테이토 가게 빵 귀엽다여기 빵 무조건 거나 사도빵에그타르트 아몬드 크로와상별로항상 간식 겸 요성공 늘 솔드아웃 웬일 오늘 소금 빵 구입 성공하다 에프 도 갓 운 빵 느낌 소금 빵 바게트 크기 가격 착하다 세상 욕심 내지 종류 이도 냄새 눈 다음 치아바타 가격 빵음소금 빵소금 빵 일요일겉바 촉 빵 표현 가능하다 준 밀로 밀 소금 빵 목적 무화과 바게트 지금 반죽 소금 빵 아쉽다 기네 가을 오니 밤 스콘 야무지다 밤 스콘 비스킷 담백하다 드라이 스타일 촉촉하다 밤 필링 숩 달달 보로 쿵짝완전 겉바 촉촉촉 역시 소문
15,티노마드,1407848569.0,꼭 찜 마침 친하다 언니 티 노마드 대박 래서 바로 예약 다음 날 이렇다 일행 오기 전 차갑다 좀 일행 도착 배려 뮤 감동 다른 곳도아늑하다 편안하다 분위기 일본 찻집 조용하다 대화 나누기 혼자 휴식 요 차빙 세트 노마드 차 프리미엄 녹차 카스테라 추가 카스테라 덕 나머지 다과 차 알맞다 친구 두번째 나중차 찻집 중 제일 친구 도 다과 빙수 차 혼자 차 빙수 차갑다 여기 분위기 편안하다 여유 벌써 번 앞 계속 친구 명오빠 생일 기념 데이트 위해 발견 온 미리 예약 딜 레이 어렵다 금방 차도 계속 리필 분위기 차 빙수 말차 디저트 치즈 공간엄마 데이트 블로그 리뷰 여러 보고 생각 실제 엄마 도 마음 뿌듯하다 조용하다 편안하다 분위기 차 마시기 구경 재미 빙수 차도 자주 적극여러가지 감동 여기 일본 필요 차 빙수 차 세트 차 빙수 어서 혼자 모찌 입 살살 여기 노마드 티 디카 페인 부드럽다 꽃향 리 거의 나무 도기 그릇 내부 인테리어 구경 재미 쏠쏠하다 단지 온전 보고 예약 제라 인 센트 팔고 각종 차 다기 용품 마음 상품 구매 내부 분깡 구경 재미 인 세트 차도 다식 맘 쏙차분하다 분위기 차 사랑 분 위 선 예약 후 차분하다 분위기 인테리어 마치 다른 세상 온 기분 인 빙수 차 세트 빙수 초코 신기하다 리지 널 고소하다 가운데 물 셀프 리필 가능 내부 미니 스토어 공간 구경 어머니 온 분 약간 조용하다 분위기 차평온하다 분위기 차 디저트 넉넉하다 내부 인테리어 구경 아무렇다 잡 생각 차 를 편안하다 기분 드 다음 혼자 위 강 추강 추오늘 벌써 첫 결혼기념일 괜찮다 찻집 파 완전 반하다 어제 갑자기 감기 빙수 못 아쉽다 차 괜찮다 구수하다 말차 진 한편 먹기 정도 농도 만족하다 고 기본 디저트 종류 앞 쭉 가게 자리 그대로 십년전 티 노마드 후회 정도 차도 직접 우려 그렇다 깊다 화과자 다양하다 만족하다 무엇 인테리어 일본 느낌 주어 조용하다 차마 시 힐링 아쉽다 짧다흔하다 데이트 특별하다 공간 인테리어 음악 조명 전부 차분하다 분위기 제로 운영 조용하다 시 간 인 차빙 세트 구성 알차다 그렇다 전혀 비싸다 가격 화 적당하다 달 말차 빙수 말차 말차 빙수 강추 다음 번만 친구 친구 최근 차 관심 분위기 구성 이번 만족데이트 분위기 말차 빙수 최고 인테리어 사진 찍기 얘기 나누기 딱이다 앞 종종평일 오니 한적하다 조용하다 대화 나누기 공간 안정 합리 운영 계시 생각 찻집 패키지 합리 특별하다 이용 재예약 바로 입장 라벤더 잔잔하다 풍경 넉 노래 힐링 티 빙수 평일 낮다 거의 찰 정도 인기 시끄럽다 이용 중간 물 계속 차 리필 시내 동떨어지다 느낌 겨울 눈 날 혼자 보고평소 차 중 차 빙수 바로 예약 차 차 꼭 차도 차로 가운 물 편하다 잔잔하다 편하다 느낌 다음 혼자 서도 다음 현미차 말차 도전약 전 재 그때 기억 간만 간 김 사이 예약 운영 내부 인테리어 살짝 여전하다 분위기 티 노마드차분하다 마음 편안하다 공간 말차 빙수 차 조합 아주 겨울 공간 아늑하다 차도 구수하다분위기 디저트 전체 말차 빙수 차 라떼 진하다 다만 의자 좀 불편하다예약 조금 도 빙수 진하다 티 따뜻하다 물 화과자 양갱 등 괜찮다 차갑다 가볍다 자주힐링 역시 차갑다 처음 디저트 쿠리킨톤 군밤 별미 개인 취향 라떼 차 차갑다분위기 차분하다 조용하다 얘기주말 마무리 차분하다 차 한잔 예약 제로 운영 그렇다 소란 소품 인테리어 고풍 데 음료 디저트 정성 가득 다음 빙수차 꼭 한번 차 덕후 찻집 특유 침착하다 분위기 꽃차 특유 떫 전체 인 매력 세트 모찌 등등 조합 적절하다 이용 제한 주차 근처 오시 면 관련 샾 작다 한번날 춥다 따뜻하다 분위기 잔잔하다 음악 때문 몸 기분 가게 아로마 차 다과 세트 일본 온 기분분위기 멀다 행온 듯 기분 차도 빙수 취향 말차 빙수 차 빙수 궁금하다 티 따뜻하다 물 자유롭다 추가 조용하다 가게 찾기 조금 려웠는데 골목 사이 건물 참고교토 필요 차 다식 소품 안목 정갈하다 소란하다 근처 이렇다 일부러 시기 아주분위기 매우 차분하다 분위기 대화 나누기 차 관심려고 검색 찻집 예약 아늑하다 분위기 조용하다 차분하다 예약 끌 버쩍 인원 꽤 나쁘다 다음열 모든 음식 음료 정성 느낌 조용하다 대화 요친구 주말 한적하다 분위기 잔잔하다 음악 완벽하다 말차 빙수 진하다 다식 망원역 차 얼음 추가 차갑다 따뜻하다세 소중하다 생각 일 오기아주 바삐 느리다 여유 안정 날 갑작스레 만큼 차 잔 필요하다 모로 만족스럽다다른 세계 어설프다 카피 느낌 넉 차분하다 분위기 차 빙수 보기 제한 약간 아쉽다 아쉬움 온 덕분 다시 생각예전 차 빙수 디저트 무조건 추가 분위기 넉 조용하다 이야기 조만간편안하다 고급 스워 눅차향 가볍다 다과 괜찮다 편이 춥다 빙수 오히려 제격조용하다 분위기 대화 집중 차갑다 디저트벌써 세번 마다 분위기 저녁 시간대 처음 분위기 차 디저트 여행 온 느낌 듭 즐겁다분위기 압도 음악 완전 취저 인 차빙 세트 차 세트 빙수 다과 구성 알차다 가성 비도 박 무조건 재 의사 분위기 완전 기절부터 티노 모리 분위기 차 말 차차 빙 진하다 일본 여행 화과자 카스테라 만 편안하다엄마 데이트 분위기 조용하다 이야기 오기 차 차라 다과 기분 재 의사마음 복잡하다 도심 속 분위기 분위기 남자친구 힐링 저희 인 차빙 세트 티노 이드 접 노마드 차 를 선택 생화 베이스 꽃차 느낌 강하다 꽃향 메밀 차 구수하다 만족하다 차 종류 빙수 처음 차 빙수 픽했어 약간 밀크 티 빙수빙 세트 노마드 차 차 빙수 모찌 떡 차분하다 편안하다 분위기 느긋하다 차 한잔 여유 은은하다 채광 감성 인테리어 공간 용음식 빙수 예전 달달 분위기 제일 매번 항상 꼭가도 누구 몇번 가도 즐겁다 티 노마드 이번 간 동생 친구 재가족 분위기 이야기 디저트 차도 따뜻하다 덕분 언니 어머니 즐겁다 데이 트가을 날 저녁 처음 문 향기 따뜻하다 차 담백하다 다과 마음 평화롭다 마음 안정 취하 담 재분위기 조용하다 음악 특별 한경 험하다 다만 조금 덥다 개인 무료 제공 물이부모님 차도 귀엽다 말차 빙수 다음 차 빙수분위기 말차 빙수 대화기념일 조용하다 대화 발견 예약 공간 마침 빈 자라 당일 저녁 용하다 평소 녹차 교토 우지 여행 적 추억 저희 특별하다 공간 차 빙수 차 셋트 말차 특별하다 차 빙수 차로 선택 다과 앙증맞다차 빙수 차 노마드 차도 분위기 찻잔 구매 예약 모두 실거 분위기 만족하다티 카페인 자마자 말 번 인테리어 노랫소리 분위기 차 향기도 말차 빙수 차 모찌 의사 프로한번 차 마음 편안하다 이색 경험 차따뜻하다 멋지다 고요한 오히려 감각 또렷하다 경험 화과자 다양하다 마음 혼란 스럽다분위기 조용하다 차도 디저트 최고 다기 세트 갈고차도 가게 분위기 케이크 여름 빙수 다시찻집 알 분위기 인테리어만 온 비 예약 단숨 정성 차 다과 투르 따뜻하다 손길 공간 마음껏 누리 눈 날 한번 마음분위기 디저트 치즈케이크 새소리 차 분위기 날 차 몸분위기 차 구매 정도 다시차분하다 분위기 만 만난 친구 얘기 친구 행온 기분 만끽 색다르다 기분 말차 가을 디저트 굿굿 휴가속 교토 제대로 노래 제대로 집중 디저트 재미예약 제로 운영 느낌 가게 인테리어 잔잔하다 노랫소리 노을 질 즘 오니 커튼 사이 은은하다 햇빛 노마드 차 차갑다 다과분위기 티 성과 비주 짱 이쁘다 편하다 얘기공간 분위기 친절 모두 훌륭하다 친구 연인 부모님 외국인 친구 다과 자극 재료 행복하다 재인 차빙 차 품 노마드 차 차 진짜진짜 차 고소하다 끝 뭐 깔끔하다 노마드 은 인 다식 조용하다 새소리 차 진하다 말차 빙수 예약 이유 알말차 빙수 꼭 말차 빙수 꼭 말차 꼭꼭 꼭 꼭 말차 꼭 빙수 데이트 분위기 아늑하다 안정 조명 편안하다 음악 힐링갑자기 다른 시공간 이동 듯 차분하다 간식 차 차 빙수인테리어 차분하다 분위기 찻집 차 미도 깊다 다과 모양 이쁘다 차 프리미엄 녹차 교토 씁쓰름하다 녹차 밤 다과 꼭 번 밤 깊다 제일조용하다 따스하다 힐링 차 다과일단 분위기 디저트 녹차 빙수 진하다 일본 말차 아이스크림 생각 다음도심 복판 산속 분위기 차 집중 따뜻하다 차차 경건하다 조용하다 장소 블렌드 티 생전 처음 기억 남 경험편안하다 분위기 따뜻하다 차 달콤하다 다과 겨울 밤 다시분위기 조용하다 차마 시기 커플 끼리 데이트 장소분위기 구성 가격 착하다 커플 끼리공간 비건 지인 분과 안내 필요하다 상세 비건 체크 다식 편하다 분위기 인테리어 센스 일본 전통 찻집 모티프 재 이전 다시 재차 예약 반 짧다 조용하다 대화 분위기 다음이렇다 느낌 찻집 처음 힐링와이프 만난 주년 어디 꼭 티 노마드 선택 분위기 화과자 차빙 특별하다 날 대신 예약 달 고급 단맛 싫어하다 티 노마드 지점 해입구 차분하다 분위기 일본 다도 조용하다 느낌 차 힐링 느낌 교외 멀리 리프 레쉬 장소 이용 반 넉넉하다 편조용하다 소담 분위기 따뜻하다 차 음미 혼자 조용하다 차 음미 가도 전체 작다 대화 소리 친구 이야기 집중 개인 다도 찻잔 볼 눈 호강 겸 다음 특별하다 경험 분 차 대한 경험 헤보늘 분위기 며칠 전 친구 예약 여러가지 차분위기 이쁘다 차도 차 덕분 차 카스테라 차 궁합 넘엄차 처음 분위기 인테리어 장님 무엇 말차 빙수 스타벅스 녹차 라테 비슷하다 텁텁함 진하다 차도 고소하다 담 예약인 차 세트 노마드 차 티 라떼 화과자 티 라떼 진하다 화과자 달 차티 노마드 후기 기대하다 분위기 잔잔하다 대화 차 빙수 제일 강추차 접 티 노마드 조명 음악 차분하다 편안하다 분위기 이렇다 차 거름 망은 처음 독특하다 차 화과자 차도 따뜻하다 따뜻하다 물 스스로 해 식지 차 계속 근처 아쉽다 정도 근처힐링 선물 순간 친구 차 티 세트 고소하다처음 익숙하다 다식 모두 눈 즐겁다 무엇 다른 경험 특별하다 분위기분위기 찻집 차 디저트 정성 느낌 인테리어 굉장하다 넉예약 가능하다 마침 예약 분위기 차 선택 차도 다과 차 여유감성 넉 분위기 취향 적역 화과자 크림 모찌 떡 두번째 재 의사 프로예약 제라 조용하다 분위기 차 말차 라떼 빙수 번잡 다과분위기 따뜻하다 마음 쏙 첫 바로 정도 티 노마드 덕분 기분 하루요즘 분위기 사뭇 다른 티 노마드 매우 만족 주변 어르신 조용하다 분위기 혼자 오 생각 정리 기도 재 의사 달 고소하다 감미롭다두번째 녹차 빙수 찾기 특유 분위기 친구 이모 차마 싫다 차 분 진하다 녹차 빙수 분데이트 장소 소란 편안하다 음악 차로 힐링 차 빙수 꼭 선택 달 번 꼭 예정 입 마음친구 여행 마지막 일정 티 노마드 예약 혹 확인 확인 예약 기대 이상 티 노마드 이름 그대로 여행자 로써 여기 누리 힐링 가게 감사 차 소품 분위기 모두 만점 여자친구 인생 중 등 말 소중하다겨울 친구 이번 여름 혼자 혼자 즐 기기 스탭 아기자기하다 다과 차갑다 라벤더 새 음향 마음 편안하다 해 차 집중이번 멀리 오기 충분하다 여유 꼭 한번 예약 저녁 처음 저녁 시간대 새롭다 분위기네이버 블로그 이야기 자세하다 내용 쪽 참고 이조 말 필요없다 이구 말차 빙수 차 엄지조용하다 차분하다 차 자주평일 니 완전 힐링 차 빙수친구 번 이상 부모님 분위기 아늑하다 다기 다식 모두 정갈하다 마음예약 제로 운영 분위기 아늑하다 조용하다 마음 녹차 구수하다 아기자기하다 디저트 류 고급스럽다조용하다 차 다식 빙수 차도 취향 저격 내부 음악 힐링 가요
16,베이코닉 브런치바,1548894301.0,음식 매장 계속 사진 소세지 미네스트로네 스프 지금 날씨 따땃하 몸 브런치 소스 직접 그렇다 케찹 오늘 친구 대부분 연인 도 짱짱 순삭미국 조식 브런치 아메리칸 브렉 퍼스트 퀄리티 베이컨 베이 크드 빈 노른자 반숙 프라이 존맛 처음 도전 소세지 스튜 미국 소세지 각종 야채 파스타 스튜 만두국 담백하다 국밥 버전 랄 독특하다 입맛 직원 모두새롭다 맛집 베이 코닉 브런치 바 내부 인테리어 아기자기하다 주말 아침 편안하다 마음 온 브런치 가게 외국 느낌 브런치 데이트그녀 이색 브런치 새롭다 오픈 장소 만 브런치 겸 깔끔하다 장소 베이 코닉 브런치 바 깨끗하다 감성 브 런치 처음 소시지 미네스트로네 파스타 샐러드 랩 만 바삭 거리 맛속 촉촉하다 부드럽다 싱싱하다 야채 건강하다 브런치 행복하다 다음 징 직원 감사 네온사인 저녁 예가정식 브런치 맛집 베이 코닉 브런치 바 아기자기하다 인테리어 건강하다 브런치 맛집 토마토소스 진하다 콤 미트볼 육즙 가득 버거 부담 건강하다 폴드 포크 아메리칸 브렉 퍼스트 베이컨 감자 김 계란후라이 신선하다 육류 모두 건강하다 감자 튀김 얇다 두툼해 여기 케첩망리 새롭다 카 식당 브런치 브런치 만원 초반 가성 비 전부 직접 레몬 통째 레몬에이드 꼭 인공 단맛 취향 저격매장 인테리어 음식 신선하다 크리스마스 얼마 안남다 크리스마스 데이트 친구 연말 장소 연말 데이트 장소베이컨 리얼리즘 베이컨 접 요리 재밌다 인 주말 점심 베이 코닉 브런치 바 친구 즐겁다 공간 넓다 아늑하다 조용하다 음식 대화 먼저 감자 포 스콘 스콘 짭잘하다 세트 달달 팬케이크 입 베이컨 빈 환상 수제 베이망원역 번 출구 도보 이렇다 브런치 바 팬케이크 버터 시럽 느끼하다 베이 코닉 샐러드 랩 두툼 베이컨 든든하다 소시지 미트볼 파스타 미국 친구 친구 어머님 어준 느낌 랄 친숙하다 가정식 브런치 자극 취향 아쉽다 조명 좀 어둡다 브모든 음식 욤 이색 브런치 미트볼 파스타 면 쫄깃 스프 프랑스인 친구 엄마 손맛 영 랩 아주 건강하다베이 코닉 누 바 브런치 바 햄버거 부드럽다 짤 샐러드 랩 가볍다 먹기 옹브런치 완벽하다 식사 오렌지 주스 착즙 주스 입맛 딱이다 미트볼 파스타 샐러드 랩 아침 가볍다 먹기 데이트 오시 여자친구 완전미트볼 파스타 감자 포 스콘 포함 후식 파운드 깔끔하다 후 속도 편안하다 스타일 요 헤비 라이트 브런치 다운인테리어 색감 스탈 짭조롬 스프 샐러드 랩 드레싱 건강하다 트러스 파운드 여기 진 시지 적당하다존맛 이렇다 느낌 가득하다 브런치 프렌치토스트 미치다 샐러드 랩 미트볼 파스타 수제 느 낌 가득하다 노노 직원 직원 간 합 미치다 개인 프렌치토스트 조합 명 이서 프렌치 샐러드 랩 파스타 기분 배부르다새롭다 브런치 바 친구 분위기 재료 신선하다 직원 지금 오픈 기념 리뷰 아메리카노 이벤트 진행 기쁘다 참여 깔끔하다 아메리카노 재 의사비주 얼 가격 괜찮다 양 배부르다 매장 분위기 브런치 매우 만족하다 자주 스프 베이 코닉 샐러드 랩베스트 메뉴인 샐러드 랩 말 잠봉뵈르 직접 사과 발라 단 식 재료 건강하다 다음 아기친구 정성 깜짝 손 디테 요리 간 친구 모두 감탄 뻔하다 직접아기자기하다 가정식 브런치 퀄리티 가게 아담하다 깔끔하다 맘 듭 아몬드 팬케이크 잼 버거 감 튀랑 소스 특별하다새롭다 연 가게 감자 포 프렌치 토스트 아메리칸 브랙 퍼스트 등 음식 모두 깔끔하다 음 식 간이 스콘 다음 인테리어 담만 브런치 훌륭하다 쉐프 오래오래 자주 전 궁금하다 볼 재 예정분위기 브런치 바 바 혼밥 가게 데이트 도우선 깔끔하다 화장실 귀엽다 음식 신선하다 재료 사용 부담 신선하다 만큼 음식 특별하다 브런치 먹기 알맞다 직원 반려동물 동반 가능하다 아주 영수증 리 뷰 한잔 무료 하니 이보 브런치 가게베이 코닉 잼 버거 빵 부들부들하다 스크램블 자극 건강하다 느낌 버겁다 사이드 감자 튀김 귀엽다 병 오렌지 착즙 주스 오렌지 프로 상큼 소시지 미네스트로네 스프 막 퍼먹었 요 프렌치토스트 겉 바삭 속 부드럽다 색다르다 무엇 일 분 기분 가요브런치 바 이렇다 국물 류 신기하다 완전 요즘 날씨 찰떡 적당하다 온도 환절기 먹기 뉴 프렌치토스트후기 여기 프렌치 토스트 오렌지 쥬스 꼭 식빵 브리 오슈 소스 너 그릇 오렌지 쥬스 프랑스 착즙 오렌지 쥬스 가장 나중 나머지 음식 사진 따뜻하다브런치 먹기 매장 분위기 시끄럽다 음식 잼 버거 팬케이크 둘 부드럽다 부담 브런치 적절하다 감자 통통하다 재료 신선하다 건강하다 재료분위기 맛집 직원 세상 음식 이제 다르다 정도 환상 자주오픈 한지 달도 안되다 따끈따끈하다 베이 코닉 브런치 바 따뜻하다 깔끔하다 분위기 음식잠봉 플레이 트 햄버거 스프 팬케익 스파클링 와인 뒷골목 근사하다 브런치 처사 친구 다시 예정 다음 요 조합 디저트오늘 오픈 신상 맛집 역대 비주 얼 브런치 대박 케찹 칠리소스 정성 요 조만간 모든 도장 미트볼 고기 실하다 브렉 퍼스트 빈가게 분위기 아늑하다 무엇 음식 브런치 가게 강추새롭다 가깝다 오픈 바로 신선하다 직원 다음 데이트 잠봉 존맛 임 포장 정도분위기 가깝다 장보 면서 브런치 먹기 맛집팬케이크 촉촉하다 잠봉뵈르 플레이 트 애플 시나몬 잼 도리 깨끗하다 따숩 직원음식 배부르다 안남 기고 사진 스프 포장 가능하다 테이크아웃 다음아늑하다 편안하다 인테리어 구성지다 인상 다양하다 취향 껏 퀄리티재료 신선하다 기분 산뜻하다 브런치 아담하다 깔끔하다 인테리어 여성음식 깔끔하다 심플 데 인상 요 식감 조화 매장 분위기 편안하다 깔끔하다 음식 인테리어 모두 브런치 충실하다 느낌세상 음식 그림 지브리 재질 핫케이크 반죽 미치다 베이 크드 빈 스랑 케찹 수제 미네스트로네 산뜻하다 그냥 브런치 특별하다 여요 코닉재료 신선 전혀 자극 담백하다 강 추하다느끼하다 그렇다 느낌 다음 부모님 모시 도장오픈 한지 얼마 안되다 평점 인테리어 분위기주말 이면 브런치 바 오전 일찍 가볍다 커피한잔 베이커리 따뜻하다 직원 아늑하다깔끔하다 다시 모든 도장브런치 핫케익 보들보들하다 프렌치토스트분위기 느무 주말 브런치 가용베이 코닉 잼 버거 점심 디저트 류 옆 테이블 보고 입맛 일단 스크램블 보드랍다 베이컨 잼 요 배부르다 브르 오슈 바삭 데 보드랍다 감 최고혼자밥 디저트 역시 팬케이크 넛츠 파운드 최고 늘프렌치 토스트누 바 식사 브런치 바 대서 겸 누 바 감동 채 가시 상태 별 기대 착 석 프렌치토스트 요물 요 입 진실 간과 헛 웃음 절로 퐁신 촉촉하다 예사롭다 입 기분 달콤하다 사르르 프 토 담 뿌실거새롭다 가게 멋지다 누 바 차하 브런치 바 차 웨이 팅 두렵다가요 다음아침 기분 식사인테리어 깔끔하다 이쁘다 음식브런치 핫반려동물 동반 가능하다 깔끔하다 분위기 음식 군더더기 느낌벌써 세번 닷 오늘 팀 사진 못일단 최고 간이 브런치 연인 친구 브런치 매 장 인테리어 귀엽다 사진 찍기 다음 강 추하다감자 스프 잠봉 팬케이크 브런치 매일 주말 오기 수제 케찹 넘사벽정성껏 요리 음식 서빙 접객 훌륭하다 분위기 조용하다 쾌활하다 여럿 가도 혼밥 한번최근 최고 여자 남자 부부 신지 분 가게 분위기 아늑하다 조용하다 무엇 음식 소시지 미네스트로네 스프 현지 현지 리칸 브렉 퍼스트 케첩 베이 크드 빈도 시중 판매 제품 직접 정성 팬케이크 꼭 번 입 미치다근처 새롭다 브런치 기대 일단 팬케이크 아메리칸 브렉 퍼스트 궁합 보시 꼭 아메리칸 브렉 퍼스트 서브 케첩 베이 크드 빈 독특하다 둘 직접 시판 베이 크드 빈 별로 미네스트로네 숏 파스타 든든하다 깊다무엇 맛집매장 아기자기 직원 음악 쌀국수 디저트만 브런치 팬케이크 여태 중 가장 팬 케잌 자주주말 친구 편안하다 샐러드 랩 아몬드 팬케이크 최고 욤장님 분위기 식사 동안 기분 음식사진 아쉽다 음식 퀄리티 수제 스콘 랩 어쩌구 그거 완전브런치 파스타 수제 버거 둘 디저트 파운드 케이크 완벽 분위기 깔끔하다 직원매장 깔끔하다 음식 재매장 청결하다 팬케익 브런치 먹기그냥 한번 꼭 프렌치토스트 필수새롭다 브런치 바 베이 코닉 잼 버거 샐러드 랩 직접 착즙 오렌지 주스강 추하다죤맛 용브런치
17,커피가게동경,33152234.0,커피가게 동경 커피가게 간판 입구 계단 만난 커피가게 동경 아늑하다 분위기 힙 커피가게명절 전날 그렇다 운 좌석 여유 아인 슈페 너 맛집 따뜻하다 차갑다 욥 개인 따뜻하다 크림 조화 근처 간다 보고아이 슈페 너 맛집 전 한번 땐 포장 다행하다만 재 여전하다 분위기 아몬드 모카 자바 크림 달달 부드럽다처 카테고리 아몬드 모카 자바 아이스 위 크림 쫀쫀 기분 정도 전체 굉장하다 원래 핫 엄두 못 주말 지하 여러 명 보고 명 자리 자리 패턴 영광 좌석 푹신하다 책 간 자리 흐느만 분위기 변하다 심하다 아인 슈페 너 단연 우리나라 위친구 여기 아인 슈페 너 꼭 야하다가도 변치 크림 라떼 늘 최고왜 동경 동경 비엔나 카페오레둘 음료아인 슈페 너손님 모두 대화 조용하다 아인 슈페 너 화장실 핸드 워 시가 아쉽다일단 인생 아인 슈페 고요 자리 간 간격 널찍하다 배경음악 분위기저녁 포스 앞 아무 계시 인기척 뒷쪽 려고 말 싸움 말 적도분위기 아늑하다 좌석지하아인 슈페 너역시 동경 변하다아인 슈패너 댠연코 여기 젤멀리 하루 만큼 불친절하다 처음 머리 문도 손님 자리 전 불편하다 표현 기분 수가 일평일 오후 은근 아인 슈페 너 산미 달달 크림 더위 지하 입구 불친절하다 리뷰 확실하다아인 슈페 너 맛집 냉큼 칭구 적극 아몬드 모카 자바 고소하다 처 음 입구 어두컴해 칭구 칭구 그냥무조건 아메리카노 아인 슈페 너 유명하다 중 최고입구 여기 계단 데 구 의 구심 초행 시 충분하다 장소 처 음료 아인 슈페 너 유명하다 이유 단 단 진리 다음 핫 보 고프다불친절 말 좀 걱정 친절 크림 묵직하다 아쉽다비엔나 동경리뷰 보고 아인 슈페 너 크림 달콤하다 조금 설탕 필요하다 아몬드 모카 자바 고소하다 몬드 하우스 밀크 티 무난 밀크 티 홍차아인 슈페 너 맛집 자주평일 조금 도착 웨이 팅 아인 슈페 너 맛집 데 갑자기 보고 다크 초콜릿 홀려 코코아 살짝 쌀 달콤하다 밸런스 완죤 원래 초콜릿 음료 별로 만족 아인 슈페 뿐 코코아 맛집 요 디 인 드립커피 깔끔하다 잔 매장 작 아늑하다 아주 살짝 두운 레트로 분위기 음악 지층역시 슴한강 공원 아인 슈페 너 맛집 도보 색상 생각 크림 달달 인테리어 음악 다방 느낌 지하 입구 찾기굿아몬드 모카 자바입구 보이지 지하 확인 아인 슈페 너동경 아인 슈페 너 제대로 맛집 아인 슈페 너 여러 두껍다 크림 거의 아인 슈페 너 연한 위 얇다 크림 화가 동경 역시 아인 슈페 너 진하다 블랙 진하다 크림 행복하다 한잔 아쉽다자리 대기 바 테이블 바로 앞 볼 아인 슈페 너 왜 유명하다 알요아인 슈페 너 이렇다 종류 드립커피만 아이스 시원하다협소해 아쉽다 아지트지하 위치 아인 슈패너 유명하다 에스프레소 더치커피 베이스굳다평소 아인 슈페 너 유명하다 분위기 담아인 슈페 너 역시 크림 적절하다 조화롭다카페오레 아인 슈페 너 말친구 아인 슈페 너 진득 부드럽다인생 아인 슈페 너 데넘 무뚝뚝하다 이그 어둡다 그늘 우울 그렇다 가게 축 느낌 암울하다 전체 분위기 왜 이해 가가 부분가면 꼭주말 머리 고뿔 태 직원 불쾌하다 매장 책 보라 닌지 조용하다 구경 근처 손님 방해 정작 손님 신경안 어이없다굳다아몬드 모카 자바 쫘악 기니 당 카페인 동시 음악 조용하다 모두 대화 간만 반갑다레트로 분위기 맛남아인 슈페 너아인 슈페 너 손가락 꼽는거 장안 공간 협소 작다 가야 부담 해 편 이야기 유명하다 항상 가야아인 슈페 너년전 웨이 팅 포기 이번 간김 다시 슈페너 아몬드 뭐 도 다른 매력처 모카 자바 역시 유명하다 이유 직원 신지 불친절하다 여전하다 유명하다분위기 오지 지리 렛잇고왜 그렇다 언제아인 슈페 너 인생 아인 슈페 너 최고 한잔 크림 부드럽다 밸런스아인 슈페 너 꼭가면 여전하다 아인 슈페 너친구 자주아인 슈페 너빈티 따뜻하다 디카 페인 아인 슈페 너 적당하다 산미 쫀득 크림 살살 쵝오개인 커피집몇 원래 아이스 여기 따뜻하다 반했어 디카 페인지하 냄새 안남 핸드 드립 괜찮다 음악 다방동경 아인 슈페 너 언제 훌륭하다항상 아인 슈페 너간만 역시 아인 슈페 너 꿀맛아인 슈페 너기적 아인 슈페 너 여기 탑따뜻하다 아인 슈페 너 처음 차갑다 크림 뜨겁다 조화아몬드 모카아인 슈페 너 첫 밀크 티 밀크 티 동경 역시 아인 슈페 요 드립커피 크림 중 제일물루 게타 타샤 번잡 만 깨 아주지하 줄 입구 엉뚱하다 독특하다 아인 슈페 너아인 슈페 너 강추 존맛맛존맛늘문신 불친절하다 무섭다 좀평일 웨이 팅 뜨겁다 아인 슈페 너 밀크 티 변치역시 무조 용아인 슈페 너 이인 산미 불호 아인 슈페 너 약간 산미 후기 원두 변경 후기 보 고 안되다 가든 크림 뒤 노 강하다 신맛 때문 별로 적 살짝 걱정 크림 조화 최고 아인 슈페 너 맛집 한잔 짧다 납입구 의외 중앙 투명 유리창 창고 의외클래식 음악 인테리어 분위기 밀크 티 평일 어중간하다 그렇다 손님 조용하다여전하다 인기지하 커피집 의자 구멍 창고 훤히 깔끔하다 분 듯꼭 아메리카노 달라 강추아몬드 모카 자바 디카 페인 원래 산미 싫어하다 얼만 여전하다 눈 날 동경가도 가도 환상아몬드 모카 자바 처음 날 따숩 달달워낙 유명하다 잔뜩 기대하다 대치 아인 슈페 너 유명하다 웬만하다 여기 으뜸 흠 라면 간판 찾기 힘들다동네 제일 사랑 아몬드 모카 자바 한번 제발 스크루 영감 저희 입 일요일 아쉽다 평일 토요일 언제 카드 호다닥
18,크림데이 글루텐프리 케이크샵,1000020305.0,기념일 자주 저번 무화과 친구 선물 가족 피스타치오 무화과 궁금하다 엄마 생신 기념 구매 크림 데이 최고갑작스럽다 밀가루 알러지 온갖 디저트 류 알러지 전 사실 특별하다 디저트 류 지장 갑자기 초코 칩 왕창 글루텐 프리 쿠키 구 일 일 훌 륭 쿠키 구매 쿠키 실물 높이 거의 초코파이 수준 멋지다아버지 생신 쑥 케이크 행복하다 자극 대신 입 기분 가득 쌉싸래하다 쑥맛 진하다 크림 부드럽다 질감 빵 고소하다 인절미 쿠키 건 역시 행복하다 아이 어른 모두 즐겁다 생일 아버지 한번 행복하다역시 가을 크림 데이 무화과 피스타치오 가을 역시 고소하다 피스타치오 달달 무화과 조합 줄 부모님 달 만족하다 얼른 기념일 이번슈톨렌 쿠키 놈 해 인생 슈톨렌 때문 다시케이크 부담 달 생크림 우유 미가 고구마 케이크 고구마 진하다 달 편입 니 건강 생각 분명 선택이번 빼빼로데이 빼빼 롤 구매 혜자 혜자 건강하다 밀가루 알러지 최고 체제 이자 세상 케이 중 가장 디저트 랍 담 베리 케이크 예약 오명 생일 파티 커다랗다 케이크 필요하다 케이크 전문점 발견 글루텐 프리 몸 더부 쌀 케이크 특징 달 건강하다 케이크 전문점 분 장점 예약 쉬움 다음 예약 요무화과 더블 예약 탁월하다 선택 미니 묵직하다 피스타치오 크림 고소하다 부드럽다만 케이크 만 어떻다 고민 얼그레이 복숭아 케이크 인위 단맛 깔끔하다 담백하다 얼그레이 복숭아 장님 역시 다음 기념일 크림 데이 최고 지인 광고만 크림 데이 쿠키 쿠키 쫀득 미치다 어떻다 쿠키 일상 줄기 빛과 소금선물 용이 케이크 선물 친구 케이크 케이크 중 제일 거리 멀다 종종애플 럼블 치즈케이크 완전 치즈케이크 산미 다른 치즈케이크 덜 디저트 계속 물 그렇다 깔끔하다 럼블 시나몬 다른 치즈케이크 럼블 완전 완전 안달 단독 슴슴 느낌 깔끔하다달 고오 음식 기분 포장 꼼꼼하다 해주시 부모님 생신최애 케이크 케익 필요하다 항상 크림 데이 사 작년 무화과 시즌 아웃 이번 일찍 무화과 청 무화과 쫀 득달 달 신선하다 피스타치오 더블 데코 신청 오래오래주년 축하 케이크 쿠키글루텐 프리 케이크 다크 초코 케이크 입 크림 우유 크림 부드럽다 단호박 치즈케이크 단호박 달달 함 확최애 케이크 취향 저격아내 글루텐 알러지 밀가루 크림 데이 글루텐 프리 제작 케잌 아주 최근 자주 년 번 이상은 건강 케잌 보통 포기 경우 건강 모두 최고 강 추강 추포장 꼼꼼하다 무엇 재료 신선하다 무화과 케이크어머니 생신 기념 알밤 케이크 모두 재 각글루텐 프리 요 크림 가격 대비 양 생각 괜찮다두번째 구매 여기 케잌 최고 어떻다 널 골 이번 밤 밤 잔뜩 내내 행복하다 아빠 생신 위해 사 다음빼빼 롤 한정판 자주 아쉽다 뿐 겨울 딸기 생크림 케익역시 크림 데이 건강하다 재료 값어치 충분하다 덕분친구 생일케이크 피스타치오 케이크 발견 체리 피스타치오 크림 꼬숩 달달 만족하다 다음 다른 케이크시트 부드럽다 달기적 야하다 케이크글루텐 프리 시중 케이크 다음 재 의사지인 생일 케이크 케이크 가게 알 크림 크게 느끼하다 과일 신선하다 굳이 단점 크림 부드럽다 모양새 다음 구매 항상 번창 건강하다친구 생일 늘 크림 데이 더블 체리 케이크 처음 체리 블루베리 완전 상자 열자 감탄 게다가 과일 신선하다 크림 데이 생 이제 상상 못 해체리 피스타치오 홀 케이크 과일 엄 청 빵 과일 처음 용알밤 홀 케이크 오 아빠 크림 글루텐 프리 매년 여기 밤 시트 도 조합 시즌 오프 전 다시생일 케잌시댁 선물 칭찬 이규 건강하다 모양 굳다항상 가족 생일 케익 사용 재료친구 생일 생일 크림 데이 타르트 사이즈 작 줄 생각 크게이사 간 후 제일 아쉽다 크림 데이 케이크 자주 전 인스타 보고 케이크 이제 일 케이크 예약 오늘 피스타치오 체리 케이크 예약 간만 고소하다여기 기대 이상 케이크 덜 달 덜 느끼하다 어르신 생각 의사어버이날 맞이 케이크 구매 오픈 런 덕분 당일 홀 케이크 득템 불편하다 위생 모 계시 보고 감동 글루텐 프리 케이크 운영 파티글루텐 프리 처음 약간 걱정 걱정 필요 존맛 생크림 별로 여기 크림 흡입 다음 번 사이즈 다른 케이크 사진다크 초코 케이크 크림 시트 반 밸런스 시트 약간 브라우니 느낌 브라우니 일지 칭찬 앞 지인 케이크 선물 크림 데이근처단호박 치즈 케익 달콤하다 단호박 자체 보냉제 구입 요즘 계절 필요 가격 지불앞 기념일 케이크 무조건 크림 데이 다른 케이크 느끼하다 무조건 크림 데이 케이크 편하다 깔끔하다 위 블루베리 신선하다 케이크 크림 진하다 부모님 가족 극찬제일 케이크 가게 이사해 자주 간만 홀 케이크 여전하다 케이크 기분케이크 특별하다 날 필요하다 크림 데이 케이크너 무 심지어 기대 왕창 다른 케익 보고 요 앞 류 매 생일 여기 확정만 최애 케이크 역시 장님 덕분 기분 픽업 어버이날 파티 글루텐 프리 케이크 그렇다 부담 달 부모님포장 나중 그대로 건 좀 아쉽다 당일 못 일부러 맛집당근 케이크 가끔 라거 쌀 정도 일반 케이크 똑같다 크림 데이 최애 단호박 치즈케이크 단호박 치즈케이크 단호박 크림 데이 케이크 덕분 행복하다 주말 당근 케이크 꼭쿠키 정성스럽다 케이크 파인애플 쿠키 처음쿠키 쫀득 인절미 달달 럼블바나나 타르트 처음 거도친구 모두 칭찬 정도 가격 합리 직원크림 빵 가족 끼리 꼭위 딸기 블루베리 산딸기 토핑 가득하다 행복하다 퀄리티 호텔 케이크 가격 오히려 가성 비 번창친구 브라 덜 샤워 모양 무엇예약체리 피스타치오 케익 속 신선하다 체리 가득하다 피스타치오 적당하다 고소하다 담백하다 달 무한 흡입 글루텐 프리 쌀 가루 반죽 시트 만족하다 특별하다 날 재료 특 별 케익 크림 데이제일 케이크케이크 평생 여기 만 항상가족 생일케이크 딸기 우유 케이크 달 딸기 우유 생크림 딸기 명 기준 사이 자리 후식 임 불구 순삭 정도 뿌듯하다 정도 케이크 볼남편 생일 케이크 반하다 축하 필요하다 날 케이크 속도 편하다 가깝다 케이크 자주 오늘트리플 베리 케이크 과일 케이크 처음 계속 앞 기념일 자주 애용이번 케이크 홀 케이크 두 종류 생일 레몬 머랭 케이크 단호박 케이크 어쩜 케이크 완전 뿌듯 크림 데이 케이크 고민 분 그냥 거나 성공하다 다음 기념일미니 사이즈 예약 명 이서 번과일 크림존맛 이예 과일 배부르다 지경 부모님 손 다음벌써 크림 데이 기념 케이크 간김 단호박 치즈케이크 조각 구매 적당하다 단맛 신선하다 재료 케이크 월화 휴무 전 주 일요일 픽업 화요일 괜찮다 크림 데이 사랑케이크 얼마 안남다최고 케이크 단호박 치즈 조각 케이크케이크 과일 내내 행복하다존맛 요 엄마 환갑 케잌 쑥 화이트 쇼콜라 홀 케이크 친척 포함 식구 전부 칭찬 자자하다 자리 홀 케이크 처음 요 건강하다 재료 신선하다 아빠 환갑 무조건 크림 데이 예약 가깝다 특별하다 날 먹기 완전 강추 유명하다 이유 한가지완전 촉촉하다 빵 크림 입오 건강하다 다른 케이크 궁금하다만 케이크 남발 홀 케이크 작다 사이즈 혼자 건강하다 기분 적당하다 단 생크림 속 딸기 생크림 못 분 꼭항상 재료 본연 픽업 케익 설명 좀 자극 단맛 디저트 다르다 꼭케이크 말모 크림 치즈 브라우니 덕질리 쑥 화이트 쇼콜라 독특하다더블 체리 답 케이크 무겁다 정도 과일 듬뿍사이즈 구매 크기 아담하다 생각 무게 치즈케이크 묵직하다 덕 맨 밑 타르트 바삭 굳다 굳다 달 가족 모두최고 케이크 돈 야하다케이크 건강하다 귀엽다말 모해 건강 신선도 최 곱다 다만 유지 보존 첨가제 장거리 이동 냉장고 바로 컷팅해 모양 과일 폭탄 만족쑥 절미 케이크깔끔하다 과일항상 친구 생일제일 크림 데이쑥 빵 시트 쫀득 브라우니 식감 엇습 니지인 알 크림 데이 예전 기억 아빠 생신 케이크 구매 모듬 여러가지 골 가족 모두포크 질 번 과일 적 정도 과일 빼곡 신선하다 남다르다 중요하다 날 선물늘욧 벼르 치팅 데이 인스타 보고 글루텐 프리 케이크 이쁘다 보고 꼭 생각 커피한잔 공간 거만 지금 입 행복하다 용서 건강하다 케이크 양심 쫌 행복하다산딸기 케이크 구매 산딸기 케이크 처음 부모님 상큼 케이크 깔끔하다 입가심 매우 만족스럽다 저녁 산딸기 케이크 아쉽다 마음 크림 데이 풀 케이크 산딸기 케이크최애 베이커리 짝꿍 생일 기념일 여기 답 녹차 팥 크림 케이크 가장 이번 엄마 생신 파티 구입 가족 달 행복하다케이크 과일 항상 신선하다 치즈케이크케이크 사진 크림 원래 케이크 그냥 분위 기용 생각케이크 다른 지인 생일 구입 예정엄마 생신 케이크 고구마 케이크 크림 데이 글루텐 프리 다가 결론 진 프랜차이즈 단 인공 싫다 고구마 케이크 크림 데이 밀가루 하니 손 케이크 기차 타고 사이 걱정 얼마나 아이스생일케이크 예약 건강하다 크림 부드럽다 특별하다 보존 제나 첨가제 안심 다음 기념일 생기 케이크녹차 팥 크림 알밤 케이크 궁금하다 배달 앱 사이사이 아이스팩 보냉 꼼꼼하다 달 담백하다 크림 밤 통조림 크림 데이 녹차 팥 크림 사이사이 통팥 은 은한 단맛 아아 천상 궁합 요즘 입맛 뭘 시큰둥하다단호박 치즈케이크 그냥 살 사서 혼자 퍼먹 고구마 케이크 무조건 마 성의 단치 케크림 데이 단호박 치즈케이크 등 평소 생크림 케이크 류 항상 조금 아쉽다 우유 딸기 생크림 밍밍 느낌 데 피스타치오 딸기 생크림 정도 힝힝 피스타치오 살짝 딸기 상큼 쌀 시트 부드럽다 그냥 부드럽다 후기 아쉽다 크림 데이 여러가지 생크림 케이크 매번 조금 아쉽다케이크 귀엽다 건강하다 재료 다른 가게 비싸다 처음 구매 다른 전부 보고조각 케익 몇 번 아빠 생신 쑥 케이크 아빠단골 약속 주말 이면 꼭 케이크 조각 포장 전 글루텐 거부 반응 여기 케이크 확실하다 다른 가게 편하다 주변 선물 실패하다 적 개인 피스타치오 크림 제품 항상 꼼꼼하다 단점 랄 항상 반갑다 더욱더 번창생일 케잌 픽업 초도 구매 가능하다 장내 취 공간 아쉽다 단호 박치 케 구매 사이즈 작 너 무 다른 케잌 보고
19,포트레이트커피바,1813667950.0,프토 둘 피넛 버터 조금 인지 무화과 달 아쉽다 인테리어 뻣토스트 촉촉하다 무화과 프렌치토스트 조합 굿 용 디카 페인 기분 디카 페인 찐맛집임돵발견 내부 우드 톤 식물 감각 인테리어 레트로 감성 센스 소품 시선 사 테이블 간격 넓다 각각 자리 컨셉 느낌 맘 종류 다양하다 뭘 고민 늘 떼 화이트 를 입 적당하다 고소하다 적당하다 바디 감 매우 만족스럽다 통유딸기 라떼 지금 크리스마스 분위기 따뜻하다 보이 제일 건 주말 도 직 원 꼼꼼하다 설명 분위기 음료 직원 재 의사고소하다 분위기 조용하다코코넛 라떼 맛집 옆 골목 자리 밥 한잔 가기 매장 넓다 조용하다 혼자 멍프렌치토스트 노래생각 의미 손님 사소하다 부분 굉장하다 섬세하다 풍부하다 크림 묵직하다 부드럽다 단맛 매력 꼭최근 제일 재 의사 뿜뿜 완전 고소하다 프렌치 토스트 위 살짝 복숭아 샤베트 계속 가게 분위기 완전 스탈대안 여기 토스트 따끈따끈 부들부들월요일 분위기 직원 심 꼬순내 진하다 프토 대박 복숭아 소르베 절임 프토 따뜻하다 보송보송하다 프토 야하다 편견 프토 한번 가야 반려동물 가능 댕댕 구가 혼자 바 오히려 선호 자리홍시 요 멋지다 공간 멋지다 바리스타 분 계시 유명하다 포트 이제 재미나 왔숩 쪽 주변 곳도만 감성 충만 대부분 감성 불친절하다 알바 마련 잘생기다 직원 계시 감동 분위기 음료 직원 삼박자 모든 완벽하다 오늘 하루 남자 직원 덕분 행복하다 경험식 폭행 마무리 겸 트렌디 인테리어 다른 분위기 인상 아메리카노 산미 편이 취향 프루티 단맛언제 오늘 토마토 바질 이드 완전 상큼 공간 분위기 테이블 간격 넓다 편 편하다 음료 디저트참외 다도 굉장하다 깔끔하다 인테리어 힙 다음 디저트 종류 보고따뜻하다 음료 빨대 컵 입 대고 립스틱 자국 선명하다 다른 부위 사방 입술 자 국 설겆 전 컵 체크 전혀 달라 귀찮다 입 컵 손잡이 부분 설겆 신경 조금라떼 진하다프렌치토스트 뭐 촉촉하다 말랑하다 달달 진심 먹기 시작매장 직원 항상 기분토마토 소르베여기 직원 기분 직원 잘생기다아메리카노 깔끔하다 무화과 프렌치 토스트 굳다전 기대하다 역시 이상 인테리어 멋지다 직원 디저트 다음분위기 오픈 런 한산하다만 엄마 데이 뚜 겉바 초가 여기 코코넛 달콤하다 상쾌하다 브레드푸딩 즐겁다 브 런 주신 참외 소르베 토마토 소르베 이따비엔나 크림 쫀쫀 매장 개방 편이 혼 친구 이야기 분위기 힙해일 꼭 만족스럽다 치즈케이크 라떼 조합 강추 라떼 직원 기분아이스 아메리카노 참외 널 프렌치토스트 토스트 눈 사진 원망 러울 정도 참외 음료 처음 신기하다 보기 떡 참외 소르베 었는데 미미 대충 비룡 짤 매장 재미 스티커 완전 움 바로 케이스 앞 합정포레스트 바 분위기 자유 모던 분위기 거기 딸기 소르베 코코넛 비엔나 강추 프렌치 토스트 소스 아이스크림 상큼 함 굿 무엇 매장 직원대화 분위기 직원직원 매장 이쁘다참외 개맛 꼭 위 참외 소르베 짱라떼 중 직원모든 직원 기분 공간 라떼 무난 티라미슈나들이 첫 코스 포트레이트 바 취향 껏 다양하다 컷 배고프다 프렌치 토스트 겉바 촉촉 분위기 깔끔하다 통 유리 구조 자체 개방 감 동네 노트북 포스팅 거나 책 가기 혼 공간 저녁 좀 아늑하다 분위기구경 공간 넓다 좌석 간격 커서 주말 여유매장 넓다 분위기 코코넛 비엔나최고라떼 고소하다 살짝 단맛박 배 캐릭터 힙 참외 새롭다 힙 손님하이 볼편안하다 분위기 적당하다 음악 여유 테이블 거리 특색 단골불친절하다계절 처 날 따뜻하다 창 야외 운 포트레이트 그대로 다른 새롭다 생기 동안 늘 자리 포트레이트 늘간 브런치 전문점 호텔 널 프렌치토스트 기 맥혀원래 프렌치토스트 계속 미치다 그레이 프 드립 가요 공간근처 친구 두번째 분위기 대화 카공 분 생각 서비스 주신 사과 샤벳 도 었는데 서비스 처음참외 프렌치토스트 소르베 신기하다 매장 넓다 주말 웨이 팅딸기 소르베 라떼 작고 귀엽다 사이즈 아쉽다 데 딸기 소르베 아래 우유직원여기 프렌치 토스트 미뗬어 게다가 다른 음료 모두 공간 이쁘다 웨안인기 중 특별하다 고 기대 충족 날 디저트 못 꼭 가시헤비 화이트 처음 묵직하다여전하다 성도 여전하다 포트레이트딸기 소르베 디저트 바스크 치즈케이크 프렌치토스트 바스크 치즈케이크 크기 아쉽다 프렌치토스트 만족새롭다 오픈 강 추하다프렌치 토스트 굿즈들 가게 분위기 아늑하다 힙해인테리어 감각 여서모든 키 워드 선택 타임 레전드 준 도리 임항상 일단 디저트 밥 꼭 휴식 기분 아지트특이하다 종류 분위기팔 꽃 타투 분 잘생기다바질 토마토 비주 얼 미치다 호불호 이렇다 줄제일 딸기 시즌 포트 딸기 소르베 라떼 딸기 생크림 토스트 뭘 야하다 무조건 멋있다디저트 제일 유명하다인테리어 음료 취향 가까이 분위기 확 전환 재밌다여유 넓다 인테리어 우드 초록색 식물 평화 깨끗하다 기분디카 페인느낌 도좌석 편하다 자주 이용분위기 사진 친구 셀카 편하다아메리카노 산미 고소하다 등 한쪽 밸런스 가볍다 바디 감 었어 대화 집중 기 분위기 푹 친구 얘기 뒤 감각 다른 테이블 핑크 핑크 음료 디저트 바지 자크 거의 배 침몰 당하다 엄두 못 건 아쉽다 부분잠봉 프렌치토스트바질 토마토 시즌평범하다평일 낮 처음 듯 여유 편안하다 분위기 기본 아메리카노 더하다 나위 모든 더욱 짙다 고조 포트레이트 잡채토마토 바질 음료 의자 불편하다근처 인스타 맛집 사진 빵 아주 다만 자리 편 나중 웨 이팅 처자리 뻔맛집프렌치토스트 편하다인테리어 특유 디자인 머그 감성바로 앞 처 코코넛 크림 기준 적당하다 크림 묵직하다분위기 아보 인테리어 이쁘다 디저트 이쁘다 걸 편 전체 조금 가끔처 코코넛 요굿굿치즈 케익 괜찮다티라미수 처 비엔나 자몽 이드 캐모마일 티 티라미수 존맛 용 빵 약간 바삭 매력 내부 인테리어 음료 담 찌 케이크프렌치토스트오늘 오늘라떼멋 주변 다른 좌석 거리 대화화장실 음료 꼭재료 조화 특색 궁금하다 공간딸기 소르베 라떼 보통 딸기 청 우유 조합 딸기 음료 딸기 소르베 딸기
20,레스피레,1727492792.0,인스타 용 가운데 아이스크림 위 치즈 소금 짭쪼름해 무난 고소하다 아메리카노 캐모마일 리치 베이스 보기 기본 소금 빵 아몬드 크림 치즈 소금 빵 기본 소금 빵 버터 향기 가득하다 아몬드 크림 치즈 입맛소금 빵 따끈하다 블루베리 라벤더 이드 인테리어 이쁘다 조용하다 담소번 재 항상 존맛임 잠봉 오늘 처음 개맛 도리 이름 안나 음료 개맛 담포장 사진 못 빵 미치다 크림 가게 분위기 다음 꼭 매장 이용도 빵만 인스타 바 스타일 까페 조용하다 대화 나누기 빵 빵 보지 아쉽다 다음 빵소금 빵 눈앞 소금 빵 맛집 던데 다음 기회 언니 카라멜 크림 아인 슈페 너 아인 슈페 너 좀 취향 아인 슈페 너 크림 단 곳도 적당하다 달 조화소금 빵 굉장하다 엔틱함소금 빵 역시 버터 소금 어우려져 아메리카노 산미 편이 아인 슈페 너 크림 진 기본 원두 산미 그렇다 느낌 좀 아쉽다 개인 빵 나은 듯분위기 빵레스 피레 빈티 인테리어 은은하다 조명 분위기 소금 빵 원두 선 택 소금 빵 종류 포장 후회소금 빵 맛집 빵팥 붕어빵 겨울 딱이다 빵 따끈따끈하다소금 빵 아이스크림 소금 빵 최고 처 목말 아이스 아메리카노 황 치즈 크림 롤 크림 초콜릿 그냥 그렇다 아이스크림 소금 빵 강츄입니댯소금 빵 부드럽다 스타일 소금 빵 촉촉 밑바닥 빠삭 버터 가득하다 짭짤하다 일품 기본 소금 빵 베이스 다양하다 더욱 성하다 잠봉 소금 빵 고소하다 버터 짭짤하다 햄 소금 빵 어울림 버터 소금 빵 버터 소금 빵 진정하다 맛없다 조합 고르곤졸라 곤 졸라 특유 그냥 제공 꿀 얼그레이 크림 빵 얼그레이 크림 우유 크림 빵 부드럽다포장 포장 부드럽다 짭짤하다 소금 빵 레스 피레 최고소금 빵 포장 무난일단 크림 수제 언제 질리 종류 다양하다 소금 빵아이스 소금 빵소금 빵 하루 전날 예약 웨이 팅 길다 매장 포장 프랑스 친구 소금 빵 구입 크림멀리 친구 놀러와 선물 겸 예약 처음 포장 개별 해주시 주말 한번 예약 신랑금방 소금 빵 바삭 아메리카노 처 카라멜 라떼 다음 예정완전 소금 빵 미리 포장 다음 친구 데리 공유 추가 아몬드 소금 빵 서비스만 제일 리뷰 예약 산 아쉽다 어머니 왜 다음 번 미치다처 라떼 갓 소감 빵그동안 아인 슈페 너 중 가장 테이블 간 간격 넓다소금 빵분위기 아몬드 크림 치즈 앤티앤스 프레즐 스틱 완전 비슷하다 바질 토마토 존맛 소금 빵 바질 크림 치즈 드 라이 토마토 감격 가격 소금 빵 크기 작다 해소금 빵 리뷰 예약 마침 픽업 대기 궁금하다 처 카라멜 크림 소금 빵 만족 달달 씁쓸하다 소금 빵 부드럽다 적당하다 버터 리해 직원 기분 재 의사리지 널 소금 빵 얼그레이 크림 공간 소금 빵 냄새 순리뷰 둘이서 빵 간 손님 포장 해 소금 빵 맛집 소금 빵 소금 빵 작다 양 좀 부족하다 사실 다음 장소 혼자 소금 빵 개인 롤 페스 츄리 이름 생각 부분 찌요즘 소금 빵 빵 순례 중 오븐 성격 나머지 뜨겁다소금 빵 맛집 빵 종류 다양하다소금 빵 겉바 촉 느낌 따뜻하다 나오니 버터 리 미가 인테리어 이쁘다소금 빵 맛집 임 일부러 원래 예전 보장 말 요즘 소금 빵 맛암소금 빵 유목민 여기 정착 모닝 빵맛 안나 소금 빵집 겉바 촉 버터 충분하다 버터 분 완전버터 강하다 개인 아이스크림 소금 빵 브라운 치즈 아이스크림 소금 빵 모두 음식 조합 시너지 나진 소금 빵 자체 만족스럽다소금 빵 맛집 편 여기 소금 빵 중 맛집 우유 크림 빵 폼 미치다 크림 부드럽다 고소하다 해 크림 뒤 빵 고소하다 바삭 꼭 야하다 소금 빵 종류 다양하다 다음 다른 종류갓 소금 빵좁다 공간 활용 소금 빵 유명하다부산 여행 분위기 유럽 느낌 레스 피레 따뜻하다 기억 무엇 소금 빵 포장 매장 토마토 바질 소금 빵 꼭 인생 빵 아인 슈 페너 처 특별하다 적 꼬숩 달달 크림 눈물 날 뻔하다 레스빵 무난 분위기웨이 팅 그냥 그렇다외부 내부 모두 만족스럽다 처음 분위기 음악 인기 댜 기해 야하다 좀 아쉽다 카페인 음료 못 음료 다만 음료 값 좀 음료 빵 괜찮다 편이운 소금 빵 입구 버터 냄새 솔솔 라스 피레 라떼 스트롱 아메리카노 리지 널 소금 빵 빵 고소하다 라떼 달달 아메리카노 원두 종류 스트롱 산미 고소하다 빵 포장 매장 인테리어 신경 보이 빈티 아늑하다빵 크림 듬뿍매장 외국 여행가 간 느낌 황 치즈 빵 진짜진짜인테리어 감각 맘 기분소금 빵 맛집 크림 소금 빵 캬라멜 렘 레스 피레 라떼 레스 피레 라떼 적당하다 달달 빵 그냥 소금 빵 애견 동반 가능하다역시 유명하다 소금 빵 평균 좀 카라멜 크림 라떼 달 빵 먹기 괜찮다근처 볼일 혼자 아늑하다 소금 빵 본적 카라 멜크 렘 그니 소금 빵 크림소금 빵 매장 포장소금 빵 원래 최고 소금 빵 예약 필수괜찮다 크림 과 적당 써머 라떼 아이스크림 달달 버터 냄새 매장 계속 냄새 소금 빵 다만 화장실 환기 안되다 벌레정확하다 소금 빵 건직원 매우 안내 무엇 빵 포장 매장 위 좌석 땐 웨이 팅소금 빵 종류 별로 사진다음 빵 소금 빵아이스 소금 빵 음료 직원 무엇 따스하다 섬세하다 인테리어소금 빵 분위기 맘 듭분 기도소금 빵 맛집 인정 아이스크림 소금 빵 꼭 위 브라운 치즈 단 가위 번거롭다 카라멜 크림 크림 위 샷 겉 느낌 조화롭다맛집 번 기본 소금 빵 포장 완료 겉 바삭 속 촉촉하다 입 버터 미가 버터 듯 요근처 소금 빵 플레인 크림 소금 빵 대체로 달달 레스 피레 라떼 그니 크림 라떼 양도 달달소금 빵 맛집 레스 피레 갓 소금 빵 작고 소중하다 레스 피레 소금 빵 아쉽다 습 버터 미도 고소하다 단 최고 개인 아인 슈페 너 레스 피레 라떼 강추 빵 고 포장 지하 인테리어 지하 계단 살짝 조원두 신선하다 소금 빵 젼맛탱입평일 낮 웨이 팅 빵 품절 살 처음 포장 재 매장 이용 종류 별로 빵 폼 미치다 처 캬라멜 크림 달달 궁금하다 직원 설명 편하다 재 의사고르곤졸라 소금 빵 포장 조금 느끼하다 담백하다 바삭 함 기대하다 취향 버터 촉촉하다 분 충분하다 맛집레시 피레 소금 빵 빵 버터 가득 촉촉하다 친척 동생 소금 빵 맛집 요 겉 바삭 소금 빵 부드럽다 식감소금 빵 존맛 미리 예약 소금 내부 버터 어우려져 이쁘다소금 빵 포장 예약 자리 중 그냥 자리 빈 손 무조건 재 여 최고소금 빵 맛집 포장 보통소금 빵 이항 카카오 아메리카노소금 빵 맛집 궁금하다 리뷰 종류 별로 온 아쉽다 정도 심지어뇸뇸 빵 냄새 대박 소금 빵 맛집소금 빵 거리 멀다 우유 크림 소금 빵 처음빵 분위기소금 빵 맛집 사진 도 빵빵 룬 모숩 스럽다 보이지 얼그레이 크림 소금 빵 완전 달 연말 돼지 느낌 음료 진 뭐시기 라떼 캐모마일 요 캐모마일 시원 달달 충전 딱이다 소금 빵 중독소금 빵 인테리어후 진동 벨 초코 라떼 위 먼저 소금 빵 초코 라떼 좀 그렇다 초코 라떼 주시 일행 혼자 먹기 그렇다 라떼 얼음 크림갓 빵 예약 대체 왜 여기 소금 빵 맛집 별로 소금 빵 입 정도 맛없다소금 빵 중 최고 소금 빵 오후 갓 도착 딸기 생크림 소금 빵 먼저 모두 만족스럽다 갓 소금 빵 순삭 정도 최고레스 피레 이용 여기 계정 리뷰 다시 리지 널 소금 빵 간이 세진 버터 담백하다 텍스쳐 자극 그렇다 자꾸 용소금 빠 아앙 역시 존맛 개인 아몬드 딸기 크림 소금 순서 아주인테리어 유럽 듯 느낌 거기 빵 음료 재굿입증 소금 빵 주말 오후 자리 거기 소금 빵 분위기 미치다 포장 해성공하다 인테리어굿크림 요기 빵 빵 어떻다 핫소금 빵소금 빵 처 돌이 마다소금 빵공간 이쁘다 포장점심 요 소금 빵 맛집 답 겉빠속촉 고소하다 소금 빵 포장 우유 크림 소금 빵 크림 환상 인테리어 아기자기하다 이쁘다 빵 종류 은근 보고굿소금 빵 맛집 일부러 그렇다에어 프라이어처 쫀득 부드럽다 크림 소금 빵 주말 웨이 팅 시길목 웨이 팅 갓 소금 빵공간 요소금 빵 맛집 정해진 빵 웨이 팅 인테리어 유럽 감성 빵 빵 느낌 준 그렇다 소금 빵 종류 다양하다 소금 빵 꼭저녁 자리 음료소금 빵 마니아 소금 빵 맛집 어디 바로 여기 소금 빵 리지 딸기 크림 소금 빵 주민 참고 리지 널 소금 빵 딸기 크림 소금 빵 추가 포장아몬드 소금 빵 존맛 특별하다어치 포장 간 날
21,망원 지튼,1618890289.0,디저트 음악 모두 만족스럽다 랍 아담하다 여유 공간 구성 초록 초록 가로수 뷰 창가 무엇 직접 디저트 덕 초코 케이크 행복하다분위기 디저트 가장 건 원두저번 재 갓파더 크림 계피브루잉 일반 디저트 조금 아쉽다 잔잔하다 일요일베버 리지 맛집 줄 디저트 맛집 완전 황 치즈 케이크 의 치즈 미가 강하다 깔끔하다 혼자 간단하다 먹기 디저트 수제 바닐라 조합 자주망원역 분위기 밀크 티 디저트 다음갓 부드럽다 크림 계피 특이하다 잔 살짝 크림 순 담백하다 처 작업 최고 분위기 좌석 편안하다 최고 자주약간 햇 빛 레몬 까눌레 창가 쪽 수운 다음 창가보이지 역시 인테리어 음악 담백하다 깔끔하다 디저트 음악 설명 맘 디저트 음악 맘 드 전 주로 홀로 이용 잔잔하다 노래 은은하다 조명 작업 거나 생각 정리 탁월하다 장소라 종종 역 갓 에그타르트 말차 까눌레 아인 슈페 너 갓파더 콜드 브합 정점 몇 번 망 원점 역시 황 치즈 케이크 최고 다른 디저트 망 원점 합정 매장 자리 차분하다 분위기 대화 선물 눌 케이크 에그타르트 포 장해 디저트 맛집 요기 딱이다통창뷰 케이크 존맛 재 각건너편 건물 위치 창밖 초록 초록 나무 뷰 를 볼 조용하다 힙 분위기 디저트 에그타르트 따뜻하다 버터 가득하다 촉촉 글 필링 가득여기 창가 뷰 수제 디저트 말 모해 사진분위기 덕 케이크 취향 저격수제 바닐라 바닐라 정도 담백하다 라떼 달콤하다 특유 미가 매니 말씀 꼭 웨이 팅 가능하다 전화번호 전화 말씀 자주한적하다 위치 잔잔하다 팝송 힙 감성 인테리어 인상 초코 덕 케이 여름 여름 수박 쥬스 자몽 에이 드 여기 처 디저트 황 치즈케이크 궁금하다 별 소년 블로그 자세하다 볼에그타르트 노트북 채광 맛집 작년 종종 노트북 짱 워낙 요기 조기 도장 걸 번 벌써 노트북 번은 꽤 완벼쿠 랄카 채광 창 나뭇잎 베이커리 류 다양하다 끼니 테이블 넓다 의자 편하다 노트북 블랙 인테리어 음악 힙 차분하다채광 맛집 덕분 분위기 디저트 황 치즈 맛집 황 치즈 갸또 진하다 단 에그타르트 부드럽다 갓파더 처 고소하다 크림 부드럽다황 치즈 황 치즈 맛집 냉큼 순삭 통창 분위기 듀 내부 분위기 낮 밤 성 대박 황 치즈 에그타르트 다음 까눌레 꼭베이커리 디저트 분위기 마음 듭고요하다 아늑하다 분위기 속 힐링 통창 통창뷰 따뜻하다 오늘 데 분위기 낼 디저트 까눌레 여기 처 메뉴인 황 치즈 케익 눌 레 겉 바삭 속 쫄 깃 식감 매력 다시 한번 전망내부 공간 꽤 넓다 매력 분리 구조 소음 와인 바 분위기 황 치즈 갸또 약간 덕 서도 촉촉하다 겸비 화이트 쇼콜라 갸또 시트 화이트 초콜릿 단맛 성하다 크림 황 치즈 미가 가득 크림 알갱이 아주 부드럽다 단맛 짠맛 조화 적절하다 물리 부드럽다 갸또 케이크 중 부드럽다 편이분위기 갑 항상 덥다 땡머반 에그타르트 싹 땡 모반 씨 에그타르트 사랑늘 노상 주차장 주차 때문 노상 주차장 바로 앞 가끔 통창 길거리 디저트 먹기 소품 음악 감각 랍갸또 진찌 진하다 카인 드뷰 집중 작업블러디 자몽 컴팩트 글라스 생 과일 그대로 느낌 특이하다 고급스럽다 자몽 이드 느낌 깔끔하다 처 자주지인 디저트 맛집 느낌 디저트 드립커피 극찬 편안하다 분위기 감각 음악 더하다 핫 기분 날 날 햇빛 사진 나름 비 날 사진 운치 행복하다디저트 종류 다양하다 독서 노트북 창문 넓다 풍경 라떼노트북 널찍하다 테이블 작업 분 까눌레이렇다 바로 근처 접근성 무엇 탁 통창뷰 여름 모히또 시원하다 상큼 디저트 다양하다 분위기 차분하다 여유 매일 저희 근처드립커피 브라질 걸 마셧는데 고소하다 베이스 약간 상큼 함 뉘앙스 스모 쿠키 그냥 그랫음디저트 케이크 까눌레 쿠키 에그타르트 황 치즈 케이크 에그타르트 케이크 듯 모히또 상큼 디카 페인 통창 뷰 노래 소리 편이 작업 데이트항상 디저트 가격 괜찮다 음료 핸드 드립 통창뷰 역대 지금 날씨 포근하다 선선 바람 시원하다 디저트 만 힐링 제대로 최고통창 밖 은행나무 뷰 힐링 직원산미 편이 구 황 치즈케이크 덕 에그타르트 요까눌레 창 시원하다 밖 분위기에그타르트 감동은근 넓다 조명 음악황 치즈 까눌레 맛집 픽 뷰 맛집 통창뷰 완전 인스타 성 뿜뿜 사진 디저트 맛있슴 치즈 타르트 이제 아숩합정 모두 굿분위기 대박 통창뷰 이쁘다 디저트 최고 인절미 케이크 꼬숩 달달 자체통창 뷰 비 날 운치 분위기 다크 세련되다 요분위기 힐링 자체 구 독특하다 음료음료 류 창문 테이블 넓다 작업 디저트 류 종류 합정 구조 가끔 주말 자리 수도직원 음료 디저트산미 조명 선곡 분위기 한몫 쿠폰 센스 애견 동반 안되다진하다 마틸다 초코 케이크디저트 가면황 치즈케이크 냉동 완전하다 해동 상태 충격 자체 맛임 까눌레 기본 해동 안되다 중 딱하다 메리트배부르다 케이크디저트밤 분위기 뜨겁다 아메리카노 쿠키 조합 최고작업 창가 나무 뷰 한적하다 작업 디저트 아쉽다 인절미 케익 그날 그렇다 반복 랄 못 요즘 디저트 가격 가격 솔직하다 그냥 먹기 힘들다 정도 케익 상태 점검 필요하다분위기 무엇 음악 혼자 작업 가도 집중 분위기 재 의사이름 처음 왜 유명하다 알 감성 자체까눌레 근처디저트 종류 다양하다 창문 넓다 대화선곡 조 나무 뷰 디저트생각 넓다 혼자 노트북 테이블 넓다 타트 르 그냥 무난 함 음악 통창 여름 가을 멍대화 플랫 스팀 아쉽다시원하다황 치즈 케익에그타르트 필링 푸딩 느낌 의자 편하다 테이블 커서 가기분위기 다저트갓파더 감동 선사분위기 디저트 맛집 요황치 케이크 도리디저트 이쁘다 라떼 짱짱 굿굿귯라떼 케이크 종류 별로가을 꼭 가야 은행나무 뷰 커플 브루잉 유명하다 만족하다 인절 케이크 까눌레 깜짝 인생 까눌레 까눌레 꼭 블러디 자몽 상큼 창가 쪽 자리 뷰 안쪽 자리 낮다 조도 아늑하다 느낌 공간 분위기 매력음료 대화 나누기 분위기 한몫번 새롭다 반갑다 역시 타르트 인절미 케이크 덕 고소하다황 치즈 디저트 야하다 황 치즈 타르트 황 치즈케이크 감유명하다 한번 기대하다 맘황 치즈 디저트 자몽 이드 달달 탄산 디저트 딱이다분위기 음악 크게 작업 대화 나누기 분위기햇살 음악 분위기 인석 좌석 테이블 아주 넓다 직하다가장 가게 분위기 테잌 아웃 종종타르트 케이크 거기 다가 진 별다른 건 괜찮다 황 치즈 타르트 냄새 심하다 느끼하다분위기 디저트 천국 행복하다 직접 디저트 었어 남친 행복하다 데이트 굳다단풍나무 뷰 이쁘다 음료핫 고해 웬걸 인절미 갸또 머리카락 깜짝 조용하다 말씀 죄송하다 한마디 솔직하다 머리카락 교환 그냥 걸 덕분 돈 머리카락 갸또 이렇다 대처 조금 신경완전 인테리어 감각 취저 브루잉 유명하다 지인 색다르다 도전 모히토 샤워 블 러디 자몽 얼그레이 무화과 케이크 당근 케이크 음료 상큼 달달 디저트 취저였 종류 베이커리 다양하다 선택 폭 넓다 장점 거기 분위기 갑 다음 다양하다 종류 브루잉 꼭야경 음악 공간 온도 이름 그대로 짙다 요디저트 자리 한번힐링 음료 디저트 모두근처 저녁 휴무 제일 가깝다 영업 뿐 베이커리 음료 분위기 맘 직원 한강 공원 길이 라면 빵 바로 앞 한강 공원 마을 버스 정류장분위기 디저트 무엇 시설 깨끗하다 합정 본점 분점 둘바닐라 까눌레 다크 초코 스모 쿠키 모히또 이전 한잔 이후 디저트 빵집 디저트 위주 디저트 인 잔 꼭 야하다 부분 다소 아쉽다 디저트분위기 디저트 가격 비싸다 편이 낮 가면 화창하다 해지 두운 무 드 저녁 요기 합 댜 꼭예전 베이커리굿음료 베이커리 매장 인테리어 깔끔하다 푸릇푸릇 뷰 다음 재베이커리 음료 가득 천국 베이커리 촉촉하다 초코 칩 쿠키 초코 종류 별로 가득하다 감동 감동 모히또 음료 상콤 시원 완전 스타일 베이커리 음료가을 가면음료 프렌치 토스트 조용하다아인 슈페 너 물어 직원 갓파더 콜드 브루 프렌치 바닐라 크림 조합 미치다 순간 모든 종류 브 루잉 생각여기 쿠키 맛집 요 베이커리 류 빵집 요 쿠키 따스하다 런데 초코 음료 류 참고 공간 무척 넓다 해 창문 벌레 요 담 낮 한번배달 직접 매장 인테리어 이쁘다 갓파더 제일 디저트 에그타르트 먹기 전 맛날분위기디저트 빵 음료 분위기 모두 한적하다 대화 다만 남자 향수 냄새 부담 분 좀 불편하다 수도아메 디저트 아인 슈페 너 그냥 그렇다디저트 취향 다음
22,커넥츠커피 망원,1923036804.0,완전 맛집 여기 장안 바리스타 대회 여기저기 처 커넥츠 진하다 라떼 맛잇늠 심지어 치즈 케익 원두 팔고 매장 쾌적하다 재 각분위기 후식 데이트 장소 콜드 블루 블 아메리카노 산미 카이 막 말차 나무숲 쿠키 디저트 모두 완전 강 추하다 가격 착하다 노래 재밌다요 텤 아웃 할인 점심 늘 요힐링 자체 도편 요 가성 비도 모바리스타 우승하다 신분 자주 요 선택 가능하다 테이크 웃 할인다섯 오늘 덥다 라떼 자꾸 생각 우리동네커넥츠 맛집 줄 스무디 커넥츠 크림 적당하다 달 쫀쫀하 진 끝 약간 산미 깔끔하다 마무리 크림 찰떡 망고 스무디 망고 양 최고 고요 완전 망 원 자세하다 후기 블로그 참고음 커넥츠 분위기 카이 막명 땡 모반 콜드 브루 아이스 아메리카노 더블 크림 라떼 크림 대표 커넥츠 크림 정도 퀄리티 여름 시원 아메리카노 원두 선택 분 고 디저트 배부르다 관계 다음 재 의사중간 급하다 덥다 라떼 우유 진하다 고소하다 라떼 아메리카노 산미 원두 선택 직원 기분 근처 자주회사 원두 전문가 직접 드립 역시 만족 요덥다 라떼 이름 진하다 산미 끝 깔끔하다 포근하다 조명 깔끔하다 인테리어 맘 흐물흐물 직원 업기분 음악 포근하다 공간 라떼 류카이 막 게다가 친절네 아메리카노 이번 카푸치노 누땜 알 단골카이 막 원두 종류 밀크 티 카이 막 양 빵 좀 아쉽다언니 바퀴 한잔무리하다 담 샷추 징요즘 자주산미치즈 케익 다양하다 고소하다 진하다 발렌타인 깊다 기분 매장 깔끔하다커넥츠 처 부드럽다 달콤하다 크림 입하 최고 인도네시아 만델링 드립커피 깔끔하다 부드럽다 산미 덜하다 고소하다 레몬 트 레이 케이크 상큼커넥츠 비 스커스 오미자 이드 크림 느끼하다 이드 상큼다양하다 신기하다카이 막도일 직원 요즘 보기 드물다 감동 카이 막도 다음직원 덕분 기분아늑하다 분위기 커넥츠 항상 처 편이 고민 크림 라떼 아이스크림 크림 라떼 레몬 즐 케이크 분위기 편하다분윅맛집 저번커넥츠망원역 처 음료 넘버원 디저트 맛집 내부 분위기 넓다 친구 혼자 기도 망원역 처달달 크림 처 보기 드물다 프레첼 쫀득 하드 식감 매력 프레첼 맛집여기 라떼 맛집 고소하다 하규 크림 아이스크림 덕친철 자주산미 원두 발렌타인 원두 취향 고소하다 진해 레몬 케이크 적당하다 상큼 적당하다 달 매우 촉촉하다 디저트 단 음식 이어도 과 건 케이크 아메리카노 궁합동네 최애 커피집 원두 종류 선택 햇살 맛집 테이크아웃 음료 할인드립커피 테스트 해주시 모두 베이커리 류 매장 분위기 차분하다 맘자주분위기 짱디저트 인테리어 사진분위기인테리어 멋지다라떼 킬러 라떼 최고봉 커넥츠 넘버원 매장 직원 기분크림 라떼 종류 드립 용량 다가 두고두고흔하다 프렌 차 이즈 적당하다 생각 첫 직원 설명 해주시 아쉽다 전 차 선호 스페셜 리티 준비 못 밥 얼마 안되다 디저트 섭하다 소금 빵 리프 레쉬 티 상쾌하다 소금 빵 처음 앞니 단골 커피집디저트 다양하다 분위기디저트 테이크아웃 할인카이 입맛 조금 아쉽다자가 제빵 실 망원역 디저트 그윽 오렌지 핸드 드립 생크림 아이스크림 커넥츠 던 처 더블 크림 라떼 디저트 힐링 욥디저트 욤 원두원두 산미 선택맛집 커넥츠 처 라떼아트 예술 요 프레첼 레몬 케이크고소하다 라떼 먹음 원두 중아주 처 분위기 대화 커넥츠장소 넓다아아 처 크림 살짝 달달 원두 진하다짙다 이름 파란색 보라색 신기 방기 브라우니 덕 자체 시나몬 프레첼 단 짠하다 더블 크림 라떼 풍부하다 크림 알바 얼굴 매너 상당하다 열 드립커피 럼블텤 아웃 할인 카피 도리프레첼 맛집 용 분위기 따뜻하다 완전굿콜드 브루 블 아인 슈페 너 크림 부드럽다 아침 일찍 오픈 운동 가기 전 자주 여유 요 자주 이용다양하다 매장 쾌적하다 맛집매장 일찍게이샤 원두 소문 합 정점 알 오늘 망 원점 발걸음 원두 솔드아웃 구매 그동안 식도염 때문 자제 그것 커넥츠 가장 바닐라 빈 라떼 회사 근처 종종 려고 요 게이샤 원두 디카 페인 원두 늘 핸드 드립 부모님 선물 해 새롭다 매장 그렇다뒷맛 깔끔하다 단골 확정최애 커피집 커넥츠 요 저녁 수영크림 아이스크림 크림 후기 기분항상 애용에스프레소 라인 테이크아웃 할인 매장 시원 조용하다 우드 톤 이쁘다비 급하다 분위기 좋쿠한번 덥다원두 겸 라떼 아메리카노 라떼 우유 조화 훌륭하다 아아 보통 싱겁다 묵직하다 원두 구매 시 설명 선택 수월하다티 쿠키 아쉽다드립 종류 커낵츠 크림평점 보고 온 커넥츠 처 뭐 고 설명 무엇 쬰맛 커넥츠 꼭 맛집빵 굿챔피온 다르다 지인 정작 자몽 블랙 티 선배 에스 프레 매니아 선배 에쏘 역촌 망 원점 이제 합 정점콜드 브루 블 리얼 망고 스무디 인테리어 아늑하다 날 손님 생각 조용하다모든 직원 음료덥다 날 산미 마음 시원하다 드 드립 금액 합리분위기 최고 강추허브 티 블랙 티 애플 블랙베리 상큼 진하다분위기 아보 매장 노래 잔잔하다 커넥츠 덕 고소하다 다음 디저트 도새롭다 구입 원두 대중여기 일단 별로 여기 반했어 밀크 티 프레첼 미치다 크림 치즈 꼭 담 의사 완전 완전근처 밥 사진 평소 아인 슈페 너 맛집 리뷰 길이 꼭 포인트 적립 즐겨찾기 추가 해 역 도 가깝다 커넥츠 포장 해 렵처 더블 크림 라떼 아이스크림 크림 부드럽다바리스타 자부심 보 아메리카노 발렌티노 원두망고 스무디 달달 약간 상큼 함 분위기 눈 호강 직원가장 중요하다 바로 여기 의 경험 매우 인상 적극 마들렌오늘 배부르다 빵 다음 빵프레첼 원두 선택드립커피 다음 다른분위기 아늑하다더블 크림 라떼 왕 구리 꼭 엽 바리스타 욥 친절 흔하다 힐링 고 가요
23,모을,1876359522.0,반하다 어쩜 이렇다 따뜻하다 공간 공간 섬세하다 감성 소유자 생각 공간 온기 마음 속 깊이 따스하다 공간 자체 기분 공간 뿐 제철 과일 디저트 마음 쏙 혼자 조용하다 책 대화 날 공간선 과점 알 선 과점 다르다 제철 과일 과 토스트 황 매실 박하차 에쏘 머신 드립커피 가능하다 추 천혼자 매장 아늑하다 조용하다 차 힐링 자리 테이블 데 분위기주택가 달달 과일 평일 오후 편안 자체 탄자니아 콜롬비아 아이스 겨울 가기 전 딸기 책 손님 계속 오시 편이 길다 편하다핸드 드립 과일 평일 오후 예전 여유 분위기 최고전 궁금하다 혼자 조용하다 깔끔하다 달달 과일 매장 작다 마음 두운 시간대 조용하다분위기 라즈베리 차도과일 아이폰 라이브 부탁 분위기 좀 숨막히다딸기 홍차 바나나 딸기 신선하다 조용하다 따뜻하다 분위기 속 힐링조용하다 따땃 서비스 귤 주시 주시 감동 과일 배 빵빵 아이폰 라이브 모드 이러하다 사항 네이버 인스타 공지 주시분위기 과일분위기 조용하다 최애따스하다디저트 과일 평일 낮 조용하다 노트북 사용분위기 항상 테이블 정리 시국 이렇다 컵 테이블 좀 찝찝하다잔 다르다 잔뜩 기대하다 밍밍 양 실망하다 물 솔직하다 꿀꺽 두 모금 이면 잔 아기자기하다 인테리어 분위기 치중 느낌분위기 맘 핸드 드립 그렇다 부드럽다 과일인테리어 과일종종 혼자 책 입맛 다음 가족 데리잔 너 강추사진 아무렇다 케나 설탕 바나나 젤좀 밍밍 아쉽다 음악 선곡
24,이이알티 망원,1536816099.0,분위기 조용하다 옥 느낌 통창 모던 느낌 드립 직접계절 파르페 무화과 헐레벌떡 위 피스타치오 크림 고소하다 무화과 신선하다분위기 깡패 맛집매장 청결하다 가기 적합하다 조용하다 얘기 앞 차 우릴때 드라이 플라워 아쉽다 일 남자 좀 설명 바람특색 분위기여기 도리 밀크 티 차 라떼 존맛공간 멋지다가게 외관 특이하다 디저트 눈길 사 메론 다양하다 디저트 한번음료 픽업 정리 불편간판 눈 찾기 어렵다 통창 내부 훤히 보 컨셉 독특하다 기억 차 전 차 친구 대화 재 의사마음평일 마감 시간대 직원 퉁 스럽다 껄렁하다 심 인테리어 특색분위기 달라 직원 화장실 용이 랍 음료수 밀크 티 아이스 오곡 라떼 아이 양 아쉽다차도팝업 스토어 특성 값 양은 굉장하다 공간 인터 스트리얼무드 좌석 넓다 편입 니 바쁘다 컵 세척 시 머신 과정 누락 부분 음료 립스틱 자국 그대로 교환 응대 직접 다른 알바생 죄송하다 사과밀크 티차매장 깔끔하다 티 일 직원 다음채도 낮다 우드 톤 인테리어 마음 편안하다 여름 차 과일 차 여름 차 상큼 달달 데 인공 단맛 전혀 특별하다인스타 감성 낭낭 인테리어 대화 뜻웨이 팅 제대로 전달 아쉽다 차 대해 처음 좀 설명 기존 차 깔끔하다 신기하다 전문 인지 텁텁하아기자기 만 티 정신 수양 힐링 직원 설명 욥단 디저트 박스 최고디저트 구성 이쁘다단 제철 과일 디저트 박스 볼 특이하다 분위기 겨울 제철 과일 딸기 인지 겨울 카 페 일본 찻집 느낌 인테리어 훌륭하다 잔잔하다 배경음악 티 윈터 티 상큼 달달 과일 다만 디저트 박스 사진 아쉽다 모든 디저트 기성품 샤를로트다양하다 디저트 눈 분위기좌석 넘협소해 단 디저트 기대하다 아쉽다 대구 땐 아쉽다 비 주얼 딸기 철 그렇다 단맛 다쿠야즈 눅눅하다깔끔하다 디저트 비주 걱정 기대 이상 주변 테이블 차 종류 다음 가면 차 종류오분위기 디저트 차도위치 찻집 매우 우선 포근하다 따뜻하다 과일 차 차 과일 상큼 특징 살짝 달콤하다 녹차 생각 몸 따뜻하다 노곤 차 생각 가격 조금 매우디카 페인 아메리카노 산미 참고혹시 정결 외관 봉변 당하다 리뷰 처음 아래 리뷰 언급 직원 절대 해외 온 친구 기분 날 오후 정도 무례하다 고객 직원 모두 소중하다 이렇다 태도 절대 용납공간 멋지다 분위기 차 깔끔하다 디저트 박스 달달 시크 심티 종류 다양하다 홍차 윈터 티 과일 콘센트 도 휴대폰 충전 급하다 그게 좀 불편하다 분위기 고요하다 조용하다 수다 떨기디저트 이쁘다 홀려 깔끔하다 무엇 인테리어 이쁘다굳다단 박스 디저트 진용 최고케이크 단 저트 세트 못 아쉽다디저트 박스 누가 인스타 성 굿굿 생각 칸 비싸다 사진 찍기 참고분위기 불친절 겉멋 친절 더하다 듯분위기 이쁘다 가을 차도 가을 차 달달 구입인테리어 특이하다 직원 디저트 박스 평범하다 다른 음료 그닥 인테리어 멋지다 찻잔 차 우리 기구 물때 위생케이크 아주 특이하다 좌석 주말 런가사진 맛집 뷰 맛집 감성 사진 맛집구성 세트 모카 번빵 자체 크림 느끼하다 피스타치오 케이크 음 딸기 조각 고 무난 휘 낭시 겉 딱딱하다 바삭 버터 치즈 쿠키 음 려 느끼하다 미스 테이크 제일 괜찮다 딸기모찌 쫀득 하진 피 얇다 팥 달분위기차 드립커피 음료 가까이우선 본인 촬영 중이 안내 문구 그거 멀리 야하다 자리 착석 안내 앞 손님 앞 서비스 엉망 친구 만 기분 리뷰분위기 특이하다 느낌평소 문신 남자 직원 내내 혼자 기어 목소리 씨 발 발 거리 몇번 똑똑하다 었습 갑자기 테이블 바로 앞 시끄럽다 스카 펑크 노래 볼륨 내내 한숨 혼자 말로 궁 시렁 대면 욕 해대 가관 지인 손님 온 모양 다른 손님 일행 시끄럽다 볼멘소리 신세 한탄분위기 차분하다 따뜻하다 차 디저트자리 젤 인기 못 아쉽다 차류 허브 티좌석 못 아쉽다 차 과일 차보 허브 티 진하다 식사 후디저트 디저트 맛집 전 아아차 꼭 겨울 차라떼 한참 공간 자체 아늑하다분위기 기대하다 디저트 상단 다쿠아즈 케이크 빵 퍽퍽 다쿠아즈 무엇 딱딱하다 기만 생크림 우유 생크림 만 제일 하단 쿠키 애매하다 전체 그냥 디저트 기대하다 먹기 부족하다 간만 디저트 경험 계절 계절 다시 생각 해디카 페인 비싸다 작다 컵 가격 대비 밀크 티 가격 비싸다 느낌 팍 디저트 박스 생각 기대 높다 실망 과일 제철 철 과일 무화과 케잌 조각 음 무화과 별로 위칸 케잌 밤 맨 아래 칸 치즈 쿠키 휘 낭시 샤인 머스켓 에그타르트 디저트 전체 입맛 에그타르트 제일굉장하다 이쁘다 찻집 따뜻하다 과일 차 처음 주시 작다 잔 잔 잎 모양 필터 이용 형태 유자 귤 감귤류 특징 과일 정도 산도 레 몬 여운 정도 편이 다소 아쉽다 레모 그렇다 듯 단체찻집 분위기 조용하다 데이트 장소 친구 이야기분위기 디저트 단독 판매계절 무화과 취향 빙수 여름 한번멋지다 공간 차도편안하다 따뜻하다 분위기 오기 차도비싸다 가성 비 이유 그렇다도시락 재미인테리어 멋지다 자리 아쉽다 과테말라 과일 약하다 좀 진하다디저트 박스 예전 딸기 시즌 딸기 디저트 박스 보고 망 원점 처음 망고 빙수 부터 다양하다 메론 디저트 최고 최고 망 원점 분위기라떼아트 약간 아쉽다 두유 라떼 달달친구 인테리어 멋지다 음료 과일 차분위기 차분하다 멋있다굿굿단 디저트 박스 두유 라떼 넉 인테리어 멋지다 다만 카운터 직원 벨 직원 직원 계속 야하다 카드 기도 제대로 작동 몇번 카드 자리 바로 비쥬 얼 다만 빙수 위 망고 인스타 사진 접합 니 더군다나 망고 요즘 빙수 우유 얼음 사용꼭 경험계절 차디저트 박스 배부르다 나중 가야대화 불편하다 의자 딱딱하다인스타 감성 드립 네오드립 직접 차 모습 볼 이색 적임딸기 디저트설명 차도분위기 악디저트 놉굳다매장 생각 넓다대화괜찮다덥다 수혈 필요하다 다음 번 차 보고음료 요분위기 의자 불편하다 역시 인스타 감성 못 생각 드친구 잎 거름 망 티백 선물 티백 가격 대가 선물노래 음료 편안하다
25,라바즈,1450830938.0,가을 신상 땅 사과 가볍다 바닐라 크림 조화 마일 드하 과일 케익 타르트 미니 카라멜 타르트 선물 레몬 산미 깔끔하다 레몬 라임 타르트 몇 담백하다 뒷맛 깔끔하다 물리 가을 알차다땡 존맛 주르르 륵 사과 조림 미춌습 아래 패스츄리 바삭 조림 부드럽다 바닐라 빈 크림 완벽 귀하다 디저트 왕전클래시 컬 프랑스 디저트 날수 유행 과 해석 기본 충실하다 느낌 디저트 신선하다 복숭아 끝 물이 달달 복숭아 복숭아 크림 진하다 느끼하다 녹진하다 조화롭다 느낌 전 다른 품종 아쉽다 다른 시즌 디저트 기대하다 리뷰 보고 포장 알엄선 재료 최상 디저트 항상 만족하다사과 잔뜩 잔뜩 땅 인용 사이즈 홀 케이크 인용 인용 역시 크게항상 매번 요뻬슈로제 일단 장미 복숭아 실하다 꼭최애 디저트 매번 멀다 원동력 아쉽다 근처 디저트 반입 단점재료 신선하다크림 이번 복숭아 지난번 황귀비밀푀유 미치다 움 과자 중 가장 뻬슈로제 시트 조금 눅눅하다 거의 과일 디저트 질병 크림 은은하다 장미 취했어테이크아웃 전문 뛰어나다사진 파블로바 모든 디저트 갸또 피칸 아몬드 카라멜 견과류 조합 살걸 말 절로 라바 견과류 카라멜 과일최애복숭아 타르트 가격 비싸다 재 의사라바 딸기 파티 원래 먹기 전 항상 사진 걸 편 라바 사진 칼 일도 양단 사진 걸 모든 특색 딸기 모두 다르다 탄생 질리 매장 내부 취식 공간 테이크 아웃 가능하다 참고 부탁드리다재료 기대포장 테이크아웃 갈수 공간 가격 조금 높다 생각 케이크 입 아름답다 감탄 절로 라바과일 타르트고급스럽다 디저트 과일 전국 최고 생각 과일 사고 정도태 이크 아웃 아쉽다 냄새 미치다신선하다 충격 선사 디저트 지인 다양하다 사서 포장 원래 옆 날 문 근처 스벅 스벅 식 기류 힘들다 근처 계획 분 기류 옆 운영 여부 확인프레지 타르트 류 사실 가격 정도 여야 한번 볼최고 최고 자주테이크아웃 가능 여기 도대체 어딧는 왼쪽 요기 기대 보통 디저트 가격 평균대 요즘 만원 완 아예 취향 밸런스 취향 문제 생각 혈육 지금 수많다 디저트 중 일등디저트 종류 독보 깊다 진하다 단맛 부드럽다 은은하다 단맛 음료 그냥 공간 넓다 고 깔끔하다 공간 조금 아쉽다 그렇다 불구 이유 휘 낭시 유자 배 타르트 밀푀유가격 살짝 부담 시즌 별로 신경 다양하다 디저트 포장 전문점 디저트 친구 선물라바 디저트 맛집 과일 맛집최고모든 제품 크림 질감 인상 파블로바 물이 주르륵 머랭 단단하다 먹기 힘들다 기대 좀 아쉽다 다음 시즌 다시라바 시즌 편 타르트 적 바삭 고소하다 이번 딸기 라임 조합 콤 라임 대조 달달 딸기 입안 최고 밀푀유 사기 아쉽다 구매 제일 면 카라멜 크림 개인 밀푀유 먼저 딸기 라임 타르트 베스트 일 다음 프레지올해 갈레 구입 새롭다 페브 기대하다 마음 핑크 골드 시계 개인 작년 얗 금색 가득하다 페브 취향 시계 소장 가치 무척 다만 이렇다 페브 틈 파이 성분 세척 굉 장하다 번거롭다 작년 페브 파이 분리 걸 마음 간단하다 상자 안쪽 테이 핑 해도 괜찮다시즌 보기 위해 그날 첫 설명 해주시 디저트 달 기분 선사가격 사악하다 특별하다 날 한번 찮 확실하다 고급스럽다 이구 음료 케익구매 선 입금 카드 결제 수단 변경 불편하다 카드 결제 자리 환불 선 입금 고객 명함 번호 연락 고객 직접 입금 금액 해 레트 값 번 뻔딸기 시리즈만원 가까이 만원 친구 눈 극찬 타르트 인생 타르트 라며 제대로 계절 기대비싸다 시즌 바 재미있다블루베리 산딸기 디저트 미치다 매년 스스로 다짐 함파리 브레스트 처음 헤이즐넛 고급 지네 포장 가능하다 아쉽다 만 사도 보냉팩 세심 함 다음 바닐라 타르트라바 최고 애 캐러멜 버터 고급 지네 홀홀 인테리어 멋지다굿존맛 공간 독특하다굿라바 다음비싸다 유자 배 타르트 짱포장 비싸다 편 조금 아쉽다 만족스럽다마다 재미바닐라 타르트 왕 무화과 타르트 레몬 크림 산딸기 잼 무화과 강하다 아쉽다늘 최고 재료 걸 골 실패하다좀 비싸다 그만하다 가치 제철 과일 디저트 영업 짧다 아쉽다클래식 타르트 파이 복숭아 퓨레 가득하다 과일 소복소복 뻬슈로제 크림 레몬 상큼 여름 여름디저트굿블루베리 베린느 상큼 신선하다 블루베리 가득 카라멜 토마토 블루베리 산딸기 귀욤사탕 바닐라 슈 시원 달콤지민 가격 사악토마토 타르트 여름 슈 겉 탕후루 처럼 빠삭 커스터드 크림 가볍다 진득시즌 이번 어떻다 제품 기대 맴버 장인정신개인 입맛 요즘 한국 디저트 오감 육감 자극 디저트 넘치다 재료 기본 충실하다 파티쉐 가게 색 뚜렷하다 디저트 누군가 고집 말 수도 그렇다 색감 뚜렷하다 디저트 차 구매 후 아래 찻 집겸 커피집 음료 다시 차로 에클레어 브루 통 사 리뷰 서비스모든 디저트 별로기대하다 픽업 예약 유자 캐러멜 타르트 마카 미아 차 캐러멜 무겁다 타르트 지도 얇다 퍽퍽 유자 은은하다 플 레몬 라임 타르트 다음디저트캬라멜 밀푀유역시 라바모두 이번 오렌지 꽃 지유홀고급스럽다 이쁘다 가격 대비 그닥배 밀푀유 슈가 유자 타르트 사진 사블레 짱역시 라바 디저트 최고이번 주타르트 크림 아쉽다 유니크 그게 존맛 지진각 철마 타르트 모양새 과 가게 이름 기본 충실하다아말피 레몬 타르트 최고최대한 베스트 피칸 카라멜 타르트 바닐라 슈 레몬라임 타르트 호불호 탈 레몬 타르트 최애 타르트 불호 라임 강하다 크림 묽다 바닐라 슈 겉바 촉 피칸 타르트 불호 종류 임 의사 만큼 나머지 나쁘다디저트 대명사 시즌 별로 새롭다 디저트 재미 당연하다 무엇 신선하다 정성벅스 자마자 유자 상큼 향기 유자 배 타르트 카라멜프랑스 디저트 맛집 타르트 바삭 가득 최고 인스타그램 미리 예약 가면 테이크 아웃 능 가격 대가 조금 섬세하다 신경선물가격 세지 선물파티셰 가게 공간 깨끗하다 프리젠테이션 아주제철 과일 사용 빼슈로제 말씀 그대로 복숭아 망고 푸딩 바닐라 도 최고특별하다 디저트흠 홀 케이크 재 의사부담 가격 자주완전 기회사진 좀 거지같다 일품 라바 의 디저트 역시 항상 이상 요바닐라 슈독특하다 특별하다쿠킹 클래스 금 토 이틀 판매 타르트 프랑스 베이 킹 관심 분 한번 생각 접근성 포장 가능하다 조금 아쉽다빼슈로제 최고 시즌 아쉽다 내년 시즌전문오렌지카라멜 타르트빼슈로제 궁금하다 복숭아 인스타 예약빼슈로제 바닐라 슈도 마찬가지 구납작 복숭아모든 성공 가격 장벽 다시주말 팝업 인스타 확인 원하다 디저트 인스타 예약 필수 모든 디저트 고급스럽다 고급 재료 사용 요 꼼꼼하다 낱개 포장토마토 타르트 연속 내년 꼭 다시진보
26,콘웰,1754355439.0,럼블 유명하다 힐링 전 럼블 유명하다 피스타치오 무화과 초코 컵 케이 보 컵케이크 디저트 기대 굉장하다 피스타치오 크림 고소하다 초코 플랫 이트 직원 아트 귀엽다 따뜻하다 잔잔하다 조용하다 평화롭다 작업콘웰 컵케이크 귀엽다 애플 페어 티 달 사진 백만 장콘웰 콘 콘 옥수수 빙수 옥수수 알갱이 고소하다 독특 눈 입 레몬 차 레몬 레몬 차 인테리어 깔끔하다 공간 넓다럼블 보고 옥수수 밤 중 고민 옥수수 위 바닐라 아이스크림 밤 위 밤 아이스크림 밤 럼블 선택 쫀득 아이스크림 밤 듬뿍 럼블 역시 디저트 아메리카노 매장 깨끗하다 벌레 조금 신경콘 럼블 솔드 밤 럼블 처 마심 달달 디저트 적당하다 단맛 테이블 간격 편이 대화 편하다 다음 콘도리뷰 꼭 망원역 초 근접하다 인테리어 보고 깜짝 놀람 미드 추리 모던 미치다 옥수수 빙수 너 무 재밌다 성비 직원 가게 사재 딸기 프렌치 토스트 촉촉하다 역시 겨울 딸기옥수수 빙수 궁금하다 간 콘웰 사실 옥수수 빙수 색다르다 경험 만족 오히려 옥수수 크림 치즈 럼블 케이크 케이크 위 바닐라 아이스크림 무척 꼭 여기 맛집 요 아메리카노음료 대화 나누기옥수수 옥수수 빙수 옥수수 크램블 무엇 콘웰 꼬소 옥수수 가득하다 빙수 소스 흡사 옥수수 콘 스프 비슷하다 인공 단맛 옥수수 자체 로부터 단맛 감 감 장난 테 이블 중 그릇 채 드링킹 몇 옥수수 럼블 옥수수 부드럽다 조합 럼블 빠싹 질감 덕분 질리디저트 퓨레 아래 옥수수 부족하다 퓨레 옥수수 진하다 여자 혼자 분 빙수 양은 혼자 충분하다 양 화장실 깔끔하다 테이블 간격 적당하다 원래 여름 싫다 콘웰 옥수수 빙수 때문 조금성만 옥수수 빙수 럼블 옥수수 디저트 류명 먹기 인 빙수 명 가면 그냥 빙수 달 옥수수 껍질옥수수 빙수 고해 근처 위치 훌륭하다 빙수 아쉽다 빙수 인 느낌밤 럼블 렛 화이트 멋지다 라테아트 세팅시즌 메뉴인 옥수수 빙수 새롭다 인 빙수 혼자 먹기 정당하다 양 톡톡 옥수수 알갱이옥수수 빙수 요 분위기분위기초당 옥수수 빙수 우유 얼음 안내 부어 해 인용 후식 둘 먹기 전 혼자 인용 좌석 좀 아쉽다밤 크림 치즈 럼블 천상계 임 이렇다 한번 보라 사정 사정 리뷰 군침 싹 다시 냠밤 치즈 럼블 오래오래 장사 해이번 성공 밤 럼블 피스타치오 컵 케잌 취저꼬 소한 라떼 다른 음료 종류 설명 널찍하다 공간 군더더기 깔끔하다 감각 인테리어 편안함 랍미치다 혼자 굳이 음료 빙수 내부 넓다 음악 소리 커서 소리 빙수 호다닥가을 디저트 새롭다 가을 느낌 물씬가을 시즌 메뉴인 밤 럼블 가을 분위기 넝넝하 고소하다음료 그냥 그렇다헤헤옥수수 빙수 고소하다 다음 럼블 보고 인기 그렇다산책 취저 자체 깔끔하다 음료 담 용디저트 맛집 당연하다주말넓다 테이블 생각 노트북대해 음료 공간 깔끔하다 요즘옥수수 빙수 크기 한번 매장 깔끔하다 인테리어 멋지다두번째 가도 만족하다빙수 굉장하다빙수옥수수 빙수 특이하다 인용빙수 썸머 티장님 매장 깨끗하다 시원하다 옥수수 빙수 음료 양도콘웰 애플 페어 티 카페인 섭취 어렵다 애플 페어 티 생각 친구 훔챠먹었죵 화장실 깔끔하다매장 테이블 간격 넓다 커서 콘웰검색 간 평일 점심때 그렇다 한가하다 음료 다음인테리어 깔끔하다 자리 간격 가깝다 대화 직원 음료 디저트 가격 무난양 좀빙수 상상 옥수수 빙수 욥 징챠루 모 일 버세여러 빙수 통틀어 최고인스타 용럼블 미치다 매일 정도대화 나누기직원 음료 설명 디저트 설명 디저트 퀄리티 무엇 분위기 인테리어 괜찮다초당 옥수수 빙수옥수수 빙수 특이하다감성 사진 찍기 커피집 인테리어 깔끔하다 음료 조용하다 수다 떨기꼭 디저트 음료 모두 이번 새롭다 베리 도 다음 꼭카라멜 크림 직원 분 심발견 인테리어 이쁘다 분위기 맛집 쇼콜라 컵케이크 별로 괜찮다쇼파 디저트 종류 촐 인테리어 쇼파 리뷰 쇼파 사진 보고 디저트 기대 이상 디저트 종류 완벽하다 느낌 듯 디저트 종류 럼블 머핀 블랙 화이트 소품 조명 포인트 인테리어 여유 안정 느낌 한적하다평일 조용하다 자주 음악딸기 크림 기대 맛집 요 아메리카노아이스크림 애 디저트멋지다 하얗다 깨끗하다 자리 다양하다 가구 신기하다주말 플레이 팅음료 양은 좀 아쉽다컵케이크 귀엽다 매장 넓다 깔끔하다한적하다음료 직원디저트 항상 대해숟 약간 진하다딸 온 콘웰 딸기 바닐라 밀크 라떼오레오 아포 카토 콘웰 위 크림 조금 달달 조금 아쉽다 분위기만석 자리 잡기 어렵다 운 저희 자리 바 콘웰 아이스크림 라떼 콘웰 크림 아주 작다 해프닝 신경 다음콘웰 크림 꼭이쁘다항상 아포가토 데매장 깔끔하다 음료 느낌핫 그렇다 평일 도 직원 다음저렴하다 편이 분위기 디저트 못 아쉽다컵케이크 덕 처 애플 페어 티 민트 좀 민트 싫어하다 분 불호 일 민트 지인 써머 티 상큼콘웰 크림 짱짱하다 매장 심플 모던 아기자기 포 불호 일 이용 두 제한 웨이 팅 주말 럼블음료 양은무난 처 디저트 직원 공용 화장실스탭 불친절하다 중간직원매장 전체 하얀색 깨끗하다 이쁘다 럼블 아래 좁다 생각 넓다블루베리 럼블 자체 아이스크림크림 맛집 옹라떼 블루베리 럼블 아이스크림깔끔하다 넉넉하다 공간 사진굿멋있다 낮 채광 형광등 꼭 입구 자동 문 눌러보셍용
27,두두리두팡,1058857466.0,두번째 최애 디저트 조금 디저트 걸 두 치 케이크 고구마 물맛 진하다 인공 고구마 고구마 케이크 취향 고구 마맛 감동 트리플 황 치즈 치즈케이크 단맛 짠맛 비율 럼블 바삭바삭하다 부분 크림 짠맛 조두두리 당장 용 용기 할인 짱 욘 왕 해피 모든 그렇다 맘 자제 케이크 옛날 율 가면 애애애 일 직원 미소 아룸다워 상콤두두리 까눌레 유명하다 아시 겉바속쫀 식감 비건 완전 취저입 뚜 이크 케이크 스몰 사이즈 부담 콤달콤 자두 뚜 이크 초코 입맛 좀 민초 케이크 초코 좀 덜 민초 두유 크림 바우트 초코 필링 어요 자두 치즈케이크 두유 크림 상콤 가볍다 소화 두유 크림 최고 비건 치즈 부드럽다 담 오도독 귀리 크럼비건 비건 건강 일단 호감 여기 건강하다 비건 디저트 안내 케이크 촉촉하다 고소 짭잘하다 황 치즈 케이크 웃 산미 옅다 느낌 아메리카노 웃 매장 조용하다 대화 좌석 불편하다편안하다 분위기 비건 디저트 비건 크림 치즈 살짝 톡톡 산미 흑심 맘 뚜 덕 시트 고 소한 부 재료 신맛 비건 입 문자 부담 붕어빵 뚜눌레 더욱 붕어빵 스럽다 겉 바삭 속 촉촉하다 비건 까눌레 중 손 꼽 혼자 디저트 두 편안하다 든든하다두두리 단골 오늘 기준 단골 팁 황 치즈 분 황 치즈 케이크 비건 치즈 어떻다 이렇다 진하다 황 치즈 구현 단골 팁 텀블러 매장 취식 시 음료 할인 해주시 필수 단골 팁 이제 손님 원하다 오픈 시간대 단골 팁 논 비건 초딩 입맛 지인 초코리지 널 까눌레 까눌레 맛집 매장 따땃하 겉 바삭 데 속 쵹쵹챱챱 두 까눌레 밥오 쑥스럽다 단호 단호박 단맛 쑥 함 치 케인 데 느끼하다 술술 단 위 인 절미 샹티 크림 질감 스탈 고 조 아숩 안녕 복숭아 뚜 이크 요 복숭아 두유 크림 적응 먹기유제품 일반 베이커리 소문 베리 크림 덕 초코 굿 가깝다 매일애플 시나몬 럼블 붕어빵 까눌레 설탕 대신 다른 재료 죄책감 먹기 혼자 슬슬 배부르다 부담 크기 까눌레 붕어빵비건 건강하다비싸다 재료 상관없다 별로 맛없다 재비건 디저트 특별하다 대신 가격 사악용기 할인 케이크 생각 초코 라즈베리 케이크 엄청나다 달 번 정도 무척치즈 바 중 밤 쑥 까눌레 절미 텀블러 할인 파격 최고 응대 분 목소리 얼굴 일요일 의 오픈 동시 품절 분두두리 꼭 어어 무 담백하다비건 디저트 황 치즈 케이크 텁텁해 입맛 좌석 날 파리 무트 레이 쑥색 크림 보고 조금 실망하다 음료 좀 밍밍사실 그냥 비건 음식 비건 디저트 그래듀 꽤 재 의사 정도케이크 제과 파티 날 비건 치즈 바 고심 끝 맘모스 쑥 기대 비건 디저트 특유 밀도 높다 은 뻑뻑 식감 덕 입 뭉치 부드럽다 도 제일 높다 표시 살짝 걱정 일반 디저트 좀 달 먹기 달 았 쑥맛 제일 팥 완두 잼 비건 치즈 밀크 티 달 라떼 밍밍 반 둘 간맛았 용기 할인달달 비건 케이크 디카 페인뚜 이크 넛트 프리 비건 중 크림 덕 부드럽다 질감 두 다른 비건 캐슈 크림 속편 푸딩 바나나 단호 팥 크림 부 재료 듬뿍 푸딩 브레드 느낌 묵직하다 바나나 푸딩 무 설탕 해도 데이 츠 카라멜 바나나 그렇다 녹진하다 단맛 입 단호 팥 크림 듬뿍 행복 크림 스콘처음 왓어텀블러 음료 시 아메 리 말 케이크망원역 두두리 만 빵 넉넉하다 구입 밀크 티건강하다 맘 뚜 케잌 입맛 저격 일찍 케잌 종류 다음 좀 일찍비건 케잌 맛집 늘 못목었던 전설 쑥 모스새롭다 요밤 쑥 디카 페인 두유 그릭 요거트 좀 아쉽다 다음 일찍 도전단백 치즈 바 요 다음 케익 도전유지 터 빛 가격 비싸다비건 일부러타요 자비건 케이크 귀엽다블로그 작성 두두 외국인 직원 케이크 비건 인생 케이크 자리 좁다 아쉽다 담비싸다 가격 부담 자주 건 한번케익 요 디카 페인몸 사과 초코 오지 뚜눌레 라우 포장 전부 다음 일찍 고해 진열 어떻다 궁 급하다 앞 복 두 포스트잇 완전 귀엽다 위 친구 전부 전부케이크 말 뚜눌레 권 주민 부럽다케잌 저번 실패하다 케잌 비싸다 묵직하다 은근 배부르다 건강하다 텀블러 할인 해 주시 담 땐 일찍 성공하다왜 불친절하다 휴대폰 보이 한숨 짜증 비건 지향 가격 팔면 대단하다 자신감 방일 분 머리 길다 첫 기분 다가 잡 포크 다시 끝 돈 싸움 괜찮다 분까눌레 별로 두 푹 강 추하다맞은편 바버샵 가기 전 잠깐 디저트 맛집 하니 혼자 먹기 양 조금 덩치 아저씨 혼자 아기자기하다 디저트 가게 사진 도끼 장관케이크 이름 귀엽다 비건 케이크 닉네임 시밤 밤 밤 네 처음 비건 치즈케잌 치즈 덕폭 신한 달콤하다 바닐라 오히려 몸 사과 카라 리즈 애플 퓨레 특이하다 사과 젤리 다음 가면 케이크신기하다두 귀엽다 덕 케이크 보고 역시 상상 치즈 사과 케이크 논 비건 시절 보지 못 케이크 진하다 덕 크림 치즈 상큼 사과 젤리 조합 최고굿귀엽다 디저트 크기 작 밀도 높다케이크 꼭 건강하다 장사 제발비건 뇨두유 흑임자 귀리 포장채식주의자 요최애 요거트소화도 환경남자친구 케이크 남자친구 조만간 미수 초코 치즈케이크 계속 야하다뚜눌레비건 카페인 케잌 두유 케이크 칼 귀엽다 기억사과 치즈케이크 신기하다최애 두거트 맛집매장 굉장하다 작다 편이 유지 까눌레 하니 필링 상큼 비건 베이커리 일부러 케잌 달 사과 물이 포장 빅스 약하다 포장 분 용기 편이케이크 독특하다 비 싼값 해 비건 밀크 티디저트 다양하다 직원치 고치 비건 치즈케이크 부드럽다 텍스쳐 마음 인절미 크림 살짝 크기 커서 까눌레 테이크아웃 포장 귀엽다 에너지 할로윈 쿠키 모양 평소 다르다 신나다 말 실 소소하다 즐거움 귀엽다 느낌비건 베이커리 류 종류 다양하다 비건 그렇다 데 조금 비싸다 와플 두부 대요 바삭비건 케이크 판다 고구마 케이크 단 아쉽다 주의 전주 마감 아쉽다 마음 초코 치 케이크 비건 케이크 처음 인지 텁텁 약간 느글 비건 도전적당하다 달 얼그레이 적당하다 적당하다 담백하다 식감 완전 뭉글 뭉글 꿀떡 꿀떡 그대로 식감 위염 달 살 소화 글루텐 프리 비건 그렇다 속 편하다 가격 케이크 조각 건강 양보 생각 다음벌써 잔잔하다 크리스마스 캐롤 아기자기하다 분위기다른 비건 디저트 가격 대가 좀가격 퀄리티 높다 디저트 덕 케잌 텀블러 음료 할인비싸다 해비건 글루텐 프리 요 걸 감안 가격 심하다 비싸다일단 두거트 부드럽다 덕 두거트 시도 앞 도전 님들 음료 실수 음료 다시 한번 죄송하다 정리 일 듯이 괜찮다 앞 두두리 짱조금 기대하다 케익 생각 조화 안되다 흑임자 흑임자 크림 부분 별로 진하다 아쉽다 어요 그렇다 케익 만 원 음료 매장 좀 충격 정 바쁘다 그렇다 명 정도 론 유 도리 면 아쉽다 개인 재건강하다 재료 이렇다 신기하다매장 작다 자리 잡기 텀블러 용기 할인 산미 강하다 입맛 디저트 두 유향 강하비싸다비건 비건 베이 킹 입장 안달 사실 약간 비싸다 음료 텀블러 할인 가격 좀 비건 음식 비싸다 편견 걱정 기도직원 디저트 입맛 재 건강하다 재료 요즘 장마 날씨 습하다 크림 속상하다 다행하다 바로 냉장고 복구 냉동 실 하루 요즘 날씨 냉동 보관 꿀팁 갸또같 느낌 시원하다비건 요가격 좀 든든하다 비건 디저트가성 비코코넛 그렇다 크림 매우 가볍다 화장품 그거 딱딱하다 럼블 과자 처 럼 계속 정도 치즈 바 쫜떡쫜떡 언제비건 와플 뚠뚠 크림 비건 와플 샌드 오늘 두거트 만족하다댕댕 귀욤 요굿케이크 나니 밥 기분매니아 확실 케익 조각 원주고 정도 적당하다 가격 먹킷 한번 경험 정도포장 할인 만우절 한정 찌리 후 자전거 소스 머쑥 파하핱 케 맨 위 크림 기분 적당하다 달 팥 앙금 달 물리 거의 끼 대용 습양 모양 왜 두 인기 용기 포장 번창픽 블루베리 봄 오늘 옴비싸다 맘 뚜평소 궁금하다 오픈 런 테이블 걱정 열두시 괜찮다 생각 포장 넷 다행하다 모든 케이크 확실하다 삼삼하다 건강하다 디저트 강 추하다 다음희한하다 입 속 흡입
28,딥블루레이크,37654332.0,드립커피 레몬 오렌지 파운드 케이크 망원역 유명하다 로스 터리 코스타리카 원두 선택 드립커피 강하다 단맛 첫 모금 입 가득 과일 예술 산미 강하다 약간 묵직하다 레몬 오렌지 파운드 케이크 파운드 케이크 답지 부드럽다 상큼 디저트인터넷 원두 드립 라떼 밸런스 상당하다 고소하다 지중해 분위기 파란 건물 모두 사용 자리 넓다 쾌적하다첫 사진 마지막 오늘 간 사진 그때 리뷰 금보 다른 그것 죄송하다 마음 그때 예전 일부러 멀리 서비스 주신 온두라스 근처 간 드립 팩 아쉽다 케냐 드립 팩 서비스 감덩 오늘 블랜딩 콜롬비아 원두명불허전 라떼 맛집 딥블루 레이크 장오 멀다 꼭 코스 그니 파 아란 라떼 잔 이쁘다딥블루 레이크 얼마 전 드립 잠시 만 여전하다 내부 깔끔하다 조용하다 오트 카푸치노 트 라떼 테이크아웃 오틀리 브랜드 드립 백도 구매 원두 구매 갈래원두 구매블루리본 원조 종류 다양하다원두 자리 은근 파랑색 쨍 인테리어 시원하다정신 무난원두 매장 원두 구매 원두 종류 다양하다 매장 자리 이용 여자 화장실 남자 화장실 주차 주차장 매장 바로 앞 공영 주차장유투브 보고 명불허전괜찮다 비 날맛집 딥블루 레이크 블루 화이트 조화롭다 인테리어 시원하다 느낌 건물 넓다 좌석 걸 볼파랑 파랑 인테리어 디저트시즌 새롭다 블렌딩 취향 저격 이번 골드 베릴 레이크 블렌딩 산미 풍부하다 진하다 아이스 핫 예술아메 리 가노 레이크 블렌딩 고소하다 콩맛 콤함 디카 페인 마다 다양하다 매장 시원하다 잠깐 여유계단 타고 대화 레몬 오렌지 파운드 케잌 디저트 맛집 인정가면 항상 차례 후 처음 리뷰 산뜻하다 하늘색 건물 외관 눈길 매장 온몸 원두 인상 기적 스페셜 티 원두 드립커피 고소하다 라떼 트 라떼 어떻다 실패바닐라 라떼 라떼아트 끝내주다외관 내부 성 뿜뿜 괜찮다 자주드립 원두 다양하다 볼라테 가볍다 깔끔하다 레몬 파운드 케잌 아주 좌석 먼저 잡고 해레몬 파운드 트 라떼대해 진지하다 고민매달인테리어에스프레소 에티오피아 싱글 오리진 단맛 잘나다 콤 건물 외관 파랑 파랑 멀리 부터 확 눈 바로 앞 공 주차 차블루리본 보고 호기심 원두 신선하다 착즙 오렌지 쥬스 홀 넓다 아늑하다 이쁘다원두 자리 넓다날 새벽 스타 유튭 처음 보고 스페셜 티 처음 왜 산미 산미 기 마자 대표 만남 여기 국내 탑 뭐 힘들다 좀 확실하다 듯매달최애 커피집유튜브 보고 직접 목동 바이크 타고 분위기깔끔하다 산미 원두박 음료 예술유명하다 커피숍 샷 바 아늑하다 깊다 블랜드 아메리카노 마시기 편하다 온도 음료 묘 단맛 여운 인상따뜻하다 플랫 화이트 원두 산미 느낌 산뜻하다라떼 딥블루 레이크 특유 안온하다 무드 자주 여기 레몬 파운드 좀 달 사실 공간 효율 조금 보이 나름 아늑하다 분위기 진득 대화파랗다 하얗다 인테리어 아이스 아메리카노 원두 두 종류 블렌드원 싱글 오리진 모두 산미 평소 산미 덜하다 고소하다 원두 그렇다 보지 가볍다 마시기 실내 감각 편하다블루 통일 인테리어 귀엽다 분위기 테이블 적지 색다르다 귀엽다 디자인굿라떼 맛집 강 추강 추근처 자주 이번 제리 라떼 빨대 달라 짜증 말트 응대 기분 별로 차 수저 불편하다 빨대 빨대 수저 말 치즈 어차피 빨대 필요하다 수저 사용가끔 가요내츄럴 특유 산미 에티오피아 몰루 게타 딥 블렌딩 아메리카노 산미 싫어하다 부드럽다 맛집가체 프향 진하다 여운 남아 좌석 편안하다 대화디카 페인 알고향 이사오 근처 원두 분쇄 좀 기분 나쁘다 리뷰 남자 직원 퉁 말투 표정 어떻다 수정 안되다 어떻다 드릴 어떻다 어디 사용 요 전 대화 그냥 오늘 전 그냥 하니 분 동시 네 말투 상당하다 무안하다 습원두 굿 스킬 아싑 분위기굿옆 주택 개조 넓다 자리 확인 해 플랫 화이트 산미 조금 트 라떼 처음 고소하다 디저트 아쉽다맛집원두 원두 구입 후 아메리카노 한잔 써비스 써비스 딥블루 레이크 블랜딩 선택 원두 신선하다 적당하다 산미 재 의사터 줏대 감음 개인 입맛 가볍다 시나몬 바닐라 라떼 플랫 화이트 산미오트 밸런스분위기레몬 오렌지 파운드워낙 유명하다 불친절하다 손님 신경 귀찮다 듯이 대충 그것 내부 청결하다 대체 왜 유명하다 리뷰 불친절하다 내용 지속 피드백 전혀 안되다 기분인테리어 인상 딥블루 레이크 인상 거기 라떼 아트 저런 아트 처음분 무엇 표현 이정 원두 진심 카페인 듯공간소문 드립 세트 삿습 기대아바직접 옆 계시 더욱 믿음 취향꼭 한번 디저트 분위기분위기 모두가다가 건물 아메리카노 원두 사면 한잔 제공 귀엽다 요소 전체 좌석 편하다 직원 느낌유튜브 보고 산미 고소하다텁텁 잡맛 실망원두 주차 바로 엎 주차장산미 적당하다레몬에이드 레몬에이드 끝 장미 솔솔단발 여성 바리스타 덕분 이분 계시 바로만 왜 불친절 눈치캐리어 끌 직원 보관 매장 밖 계단 매우 감사 무척 레몬 오렌지 파운드 케익 폭 폭 신하 부드럽다 진심 매장 고객 소중하다 생각 느낌 기분다음 만족풍부하다 세트 마음 인테리어 원두 살처음 오렌지 라떼 엊그제 정도 새 블루리본 맛집 항상 자리 드립 김포 무조건 딥블루 제일브라우니 계산 분 좀 불친절하다에티오피아 사무엘 데겔 뇌 문신 읍 최고 친구 딥블루 레이크 카피 쫄레쫄레 역시 은 완전 레몬 파운드 케이크 왜 완전원두 리뷰 보고 구매 원두 아메리카노 한잔 무료유명하다 외관 인테리어 인상 습 다만 알바생 정신 불친절하다일 태도 별로 듯 바리스타 로써 창피하다원두 구입시나몬 바닐라 라떼 양도 아트 플렛 화이트 차갑다 후회 무조건 따뜻하다 사진 편하다직원 인테리어 무엇 굿굿 다른 원두 분 이름 딥블루 레이크최애 커피숍 원두 구입분위기 맛집분위기 연하다 부탁드리다 에스프레소 한샷 감동아기자기하다 인테리어다양하다 근처 원두 자주최악 물탄 아메리카노 맛없다 샵 추가 최악맛집 인테리어 멋지다레몬 파운드 케이크 존맛 원두 고소 산미 무난 산미 원두 뜨겁다 여기 햇살 맛집 음악 잔잔하다 맘 듭여기 편하다 이쁘다 자세하다 블로그
29,보통공원,1412734296.0,바로 코앞 가깝다 거리 분위기 취향 저격 보통 공원 여기 왜 이제야 알았쬬 산도 맛집 멜론 무화과 부드럽다 금방 순삭 개인 무화과 산도 완전 직원 세상 다정하다 인테리어 분위기 워 겨울 산도 무조건 인 산도 함 디카 페인 부담 라떼 진하다여름 가을 즈음 오니 분위기 한가운데 여기 무슨 다락방 느낌 후르 츠 산도 매실 차 레몬 티 조합 다음 번 가게 재 의사 주말 웨이 팅 야하다후르 츠페 코 궁금하다 지금 무화과 페코 크림 얼그레이 크림 무화과 필터 음 발레 처음 원두 콤 끝맛 쌉싸름하다 느낌 산도 습 내부 분위기 약간 두우 면서 차분하다 느낌 평일 혼자 온 손님 조용하다 창가 워낙 유명하다 내부 좁다주말 평일 널널 고프다 산도 사르르 인테리어 아유인스타 딸기 산도 게시 물 다른 산도 비싸다 가격 단번 납득 단맛 딸기 단맛 입 하자 마자 포장 정도 고민 꼭 딸기 산도 항상 꾸준하다 얘기 별로 굉장하다 맛집저녁 쯤 웨이 팅 길다 금방 고소하다 과일 샌드 맛집 무 드 저희 창가 보이 실내 어둡다 차분하다 분위기 손님 조용하다 아주 산만하다 그렇다 느낌새롭다 알 동네 용 음료 담 다른 후르 츠 산도생각 장소조용하다기대하다 공간 산도 조금 아쉽다 매실 차도 괜찮다 인테리어 공간 분위기 전부 무엇위치 전체 브라운 어둑하다 분위기 대화 은근 넓다 좌석 있드라구 카라멜 라떼 적당하다 직원 전체 어둑하다 사진 막 감성 책 분도 계시 노트북 분도 계시 아늑하다 분위기 보통 공원우드 인테리어 도 여름방학 푸릇함 느낌 포근하다 느낌 후르 츠팡 과일 산도 분위기 이야기 나누기직원 머스켓 산도 무화과 산도 모두분위기 조용하다 무화과 코페분위기 동네 예전 평일 혼자 가면 한적하다 요즘 후르 츠 산도 유명하다 평일 금방 자리 차요 산도매장 아늑하다 산도 산도 처음 담이제 최애 음료 달달 시원하다 내부 넓다 시원하다 쾌적하다 인테리어 귀엽다 코지 보고 실제 오 힐링 자체 여행 온 느낌 뿜뿜 꼭딸기 산도 음료 외관 교 신세계 임산도 분위기 아늑하다 재 예정 닷후르 츠코페 이상 공간 분위기과일 샌드위치 요분위기 자주보통 공원 겨울 딸기 산도 봄 후르 츠 산도 역시 분위 기도 최고 혼자 고요한분위기 산도 편하다 성공하다분위기 산도매장 깔끔하다 혼자 서도 둘이서 가도 대화 나누기 메론 산도두 두 분 모두 항상 매장 깔끔하다 조용하다 가게 후르 츠 산도 매번 과일 도도 높다 식빵 결 부드럽다 항상 오후 매진 이유 보통 공원 오시 후르 츠 산도 꼭후루츠코페 두 짱분위기 창 밖 나무 용재뻥 안치 후르 츠 산도 기대하다 생크림 느끼하다 빵 쫄깃 과일 듀 상콤 고요 무엇 모든 직원 선생님 심 실수 아메리카노 부다 조금 주시 따뜻하다 잔뜩 헝헝 창문 초록 잎 무성 여름 분위기 물씬 보통 공원 덕 동네 단골 구 월요일 한시 쯤 조용하다 자리 집중분위기라떼 그냥 음료 내부 아늑하다 엄청나다편안하다 분위기산도 좀분위기 아늑하다뛰어나다 분위기 최고 인테리어 최고개인 애정 무화과 코페 새롭다 속 얼그레이 크림 조화보고 딸기 산도 가능하다 보고 가능하다 일단 아메리카노 잔 핸드 드립 걸 서비스 쫘 잔 서비스 먹었슴둥 후 유명하다 딸기 산도 번 갬동했구 기회오픈 햇빛 기분 딸기 산도 크림 산뜻하다 다음 다른분위기 아늑하다 고요하다 무엇 산도 진 부드럽다 산도 염메론 산도보통 요런 직원 무뚝뚝하다 불친절하다 살짝 놀람 후르 츠 산도 카라멜 라떼 아주 혼자 온 손님밀쿠 비엔나 특별하다창가 책 바람 기분 추가 매실 차 도 강츄산도 때문 필터 꼭분위기 동안 굉장하다날 창가 책 차 마시기 분위기 잔잔하다 따뜻하다 멍 여매실 차 샤인 머스켓산도 혼자 조용하다 공간딸기 산도 식빵 쫄깃쫄깃 편안하다 잔잔하다 분위기 책 당근건물 분위기 상상 분위기 구 자리 채광 좀 달라 안쪽 두운 편이 직원 기분 용 프렌치토스트 신기하다 모양 다음 다른 산도 류 보고뷰 비 날 해 비 오지 주말 북적 해핫 만족하다 디저트 음료 조용하다 분위기 음악 인테리어 전보 좌석 소문 해피뉴이어훌륭하다 다만 건물 오래되다 화장실 냄새 나프탈렌 냄새 심하다가게 이쁘다 후르 츠 산도 상큼넓다 인테리어원래 은행나무 노랗다 저장 지금 계절 따뜻하다 소박하다 일본 어떻다 온 느낌 여기 딸기 라떼 왕 딸기 라떼 반 차지 딸기 왕창 남아 계속딸기 산도 채광 조용하다 분위기공간 필터 최고책 주말 그렇다 핫 음료 정갈하다 분위기 아늑하다 채광 은은하다 규모 작고 개성 선곡 개성 호불호 갈릴 전 제일 중요하다 재즈 듣기 통일 감 오히려 줄 편하다감성 톤 응답 시리즈 누군가 아날로그 묘 아늑하다 감성 동네 톤 굉장하다잔잔하다 가요창가 멋있다 작고 귀엽다 다음 꼭 창가 차낮 보고 밤 번 밤낮 말 마감 얼마 전 디저트 다음 보고 요망원역 주변 뷰 거의 숲 인테리어 분위기 따뜻하다 분위기 디저트 막 시끄럽다 정도 데이트 도 장소공간 차분하다 빛과 음악분위기 최고 맘 편안하다연차 낮 조용하다 음악 감상 책 인원 좀 공간 특색 때문 조용하다 편이 휴식 느낌잠깐 분위기이기 이전 비건 당일 공간 자체 지금 주말 평일 조금 조용하다평일 오후 손님 가득 인테리어 깔끔하다 분위기볕 고요하다 편안하다분위기굳다산도 시리즈 산도 지고 음료굿직원 아주 책 꽤 조용하다 분위기두번째 언니 언니산도 좌석 협소해태풍 비 조용하다 인테리어 무난 약간 어둠 조금 나이 불편하다 조용하다 힐링평일 낮 분위기 책최애 딸기 산도 러스크 새해 즐겁다 시작 어요 오래오래 새해 복딸기 라떼 겨울 조금 쓸쓸하다딸기 샌드위치 인테리어 멋지다 자리 오픈 런다음 매장 조용하다 다시 딸기 산도가야 만날 분위기 핸드 드립 자주햇살 분위기 자주조용하다 목소리 신분분위기 디저트최애 도 분위기 최고저녁 햇볕 다시 딸기 완전 신서 재료후르 츠 산도개인 딸기 라떼 중 위 덕 크림 딸기 과육 듬뿍 완전 딸기 산도 취저 조용하다 노래 햇살 맛집 우드 톤 인테리어 어울림 계속 듯아늑하다 편안하다 분위기 산도 티라떼 분위기분위기 각도 사진 지금 인기 화장실 내부
30,광합성카페,37659034.0,너므 가끔 힐링 기분 애정 까페 치킨 샐러드 알차다 구성 고 새우 꼭 야하다 프렌치 토스트 샐러드 부들부들하다 빵 구성 끼 딱이다 대표 브런치 까페 입 오시광합성 신뢰 여기 점심 약속 음식 생사 기분 요 우선 매장 리 은은하다 분위기 음식 사진 개인 다른 브런치 가게 비 양도 가성 비도 은 완전 청첩장 모임 데이트 뭐웨이 팅 공간 따뜻하다 아늑하다 조금 협소 햇볕 음식 정갈하다 바질 토마토 이드 어요 오픈 샌드위치 에그인헬 다른 보고 싳 재벙문 의사인테리어 조명 옐로우 계통 따뜻하다 느낌 음식 프렌치 토스트 갓 운 바나 나빵 몽글몽글하다 식 스크램블 도지킴 광합성 만 휴일 역시 광합성 대표 브런치 매 시즌 계절 별로 몇개 새롭다 요즘 날씨 때문 샥슈카 따뜻하다 트 라떼 조합 애견 동반 가능하다 귀요미 볼 제대로 힐링 마무리 광합성 트레이드 마크인 티라미슈 쓱싹 무려 수제 티라미슈 때마처음 포근하다 분위기 마음 식물 그렇다 편안하다 느낌 음료 음료 당연하다 프렌치토스트 중 가장 퐁실퐁실 팬케익 머쉬룸 베네딕트 버섯 너 어무 근처검색 브런치 분위기 좌석 편하다 무엇 브런치 여 자 주올 다음친구 주말 아침 추억 음식 음료 모두 조화 따스하다 일요일 분위기 좌석 완벽하다 힐링 제대로 멋지다 인테리어 음식 사랑 추억우선 분위기 아늑하다 자연 분위기 음식 동안 편안하다 식물 인테리어 인지 다른 가면 산소 부족하다 답답하다 느낌 내내 편하다 음식 정성 다음친구 브런치 먼저 머쉬룸 완전 스타일 느끼하다 싫어하다 약간 매콤 빵 호밀빵 루안 조합 해 식물 따스하다 분위기 맘삭슈카 샐러드 볼 샐러드 볼 양도 삭슈카 약간 매콤 빵 가게 분위기 인테리어 생화 눈 호강브런치 기대 사진 좌석 불편하다 의자 편하다 강아지 편하다 시 품절 담 좀브런치 맛집 검색 처음 온 만족스럽다 평일 그렇다 웨이 팅 아예 분위기 차분하다 조용하다 무엇 음식 처음 모자 명 적당하다 먹기 계란 부드럽다 샥슈카 치즈 계란 조합 재 의사브런치 광합성 치킨 살사 샐러드 볼 삭슈카 생각 음식 일단 티라미수 퍼펙트 싱싱 아보카도 상큼 살사 샐러드 호밀빵 즐겁다 브런치 동생 삭슈카 비슷하다 완전 만족 노릇 운 호밀빵 튜 듬뿍 입가 득 각 오붓하다 친구 끼리 상큼 너리 인테리어 속 감미롭다 음악 담저번 다시 브런치 처음 아보카도 브루스케타 위 새우 실하다 결 샥슈카 말 모말 모 호밀빵 싹싹 든든하다샥슈카 버섯 나중 음료수 직접 키위 신선하다 음식 재료 신선하다 브런치 기 은근 강력 나중 친구 여분위기 포근하다 힐링 분위기 인테리어 깔끔하다 식물 곳곳 배치 푸릇푸릇 음 식이 샥슈카 아보카도 브루스케타 아보카도 용 새우 아보카도 소스 인지 조화 대박 샥슈카 자극 샥슈 재 의사 합격프렌치 토스트 제일 양도 짐 분위기 오늘 근처 일 면서 오늘 팀 굿 초이스평소 보고 마침 손님 운 웨이 팅 일단 분위기 식물 런가 확실 다른 브런치 신선하다 싱그럽다 음식 기대 기대 상상 작다 신경 감동 포인트 간도 적당하다 음식 도리 브런치 중 단연 탑머쉬룸 베네딕트 치킨 샐러드 친구 둘 배부르다 재료 싱싱하다 내부 인테리어 식물 조화롭다 점심시간 분위기브런치 다양하다 재미 다른 몇개 다른 보고 일단 오 늘 눈 즐겁다 사진 블로그 리뷰 듯 데 관부만 역시 친구 싹싹 분위기 친구 모임 장소 딱이다 재 의사 프로매장 분위기 아늑하다 편안하다 여유 음악 무엇 음식 양도 든든하다 망원역 가깝다 접근성 재 의사초록 초록 식물 분위기 브런치 아보카도 브루스케타 새우 왕 프렌치토스트 야채 았 밥 사진 용브런치 샥슈카 따뜻하다 재료 신선하다 운동 따뜻하다 여유 끼 식사 행복하다식물 채광 분위기 개도 머쉬룸 베너딕트 소스 완전 미치다 새우 아보카도 달콤새콤 양도 적당하다 만족하다아침 오픈 런 팀 고용 멀리 역시 강추 프렌치 토스트 부드럽다 달콤하다 너 무 아보카도 브루스케타 매일 머쉬룸 벤딕트 매콤 톡 수란 조화 헤헤 즐겁다 브런치여유 주말 브런치 좀 그렇다 품절 다행하다 프렌치토스트 아보 새우 멜론 처음 메론 이드 위 아이스크림 새롭다 용 다음 바질 토마토 이드망원역 번 출구 가깝다 생각 인테리어 한강 공원 가기 전 딱이다 재료 신선하다 다음평소 표시 평일 여유 토스트 두껍다 보통 촉촉하다 경우 완전 계란후라이 맘 음료 특색 가게 인테리어 깔끔하다 음악 시끄럽다 브런치벌써 세번 광합성 은근 브런치 맛집 음식 다양하다 인테리어 멋지다 오픈 오픈 자마자 정도 인기 둘이서 개시 꼭 가세 료친구 둘이서 분위기 식물 푸릇푸릇 프렌치토스트 아보카도 브루스케타 아보카도 브루스케타 둘이서 두 양브런치 깜짝 프렌치토스트 부드럽다 계란 도 샥슈카 추가 음악 잔잔하다 가게 분위기리뷰 보고 사진 매장 만남 장소 정 여기 생각 정도 분위기 습 브런치 양식물 전부 우드 인테리어 창 커서 자연 광 도 찰떡 음식 흠잡다 프렌치토스트 저희 테이블 반응 전반 담 달콤하다 샥슈카주말 웨이 팅 바로 좌석 안내 아보카도 브루스케타 스크램블에그 스크램블에그 강추 부드럽다 매장 조용하다 좌석 간격 넓다 대화오픈 런 생각 프렌치 토스트 브런치 가게 존맛 아보카도 브루스케타 간 날 창가 풍경 그냥 주말 브런치 타임만 가족 에그베네딕트 치즈 모두 버섯 베네딕트 소스 마음 강아지 동반 음 의사늘 오픈 런 성공하다 햇빛 날 이름 광합성 프렌치토스트 보 폭 천상 샐러드 볼 추가 담 오픈 런작년 디저트 보고 분위기 실내 화장실 만족하다 만 다시 입장 후 이번 브런치 치킨 살사 샐러드 볼 기대 이상 든든하다 해결 다음 번 뭘 기대 강추중요하다 약속 늘 광합성 해 만족도 아주 높다 아주 찾기 위치 위치 빠르다 도착 아늑하다 분위기 모임 약속 잔 여유 브런치 최애 요여기 브런치 일부러 삭슈카 레시피 궁금하다아침 브런치 데이트 인테리어 음식 데이트 장소 강 추하다 아보카도 브루스케타 빵 잼 꼭아보카도 브루스케타 머쉬룸 베네딕트 두 소스 빵 훌륭하다 브런치 평일 애매하다 오 조용하다 여유 분위기샥슈카 아보카도 치킨 샐러드 아보카도 스케 소스 여기 새우 닭 가슴 살 굽프렌치토스트 머쉬룸 베네딕트 치킨 살사 샐러드 자몽 블랙 티 사진 좀 분위기 조금 일찍 원하다 자리처음 인생 브런치 프랜치 토스트 부드럽다 메이플 소스 달콤하다 미가 소세지 후 라이 조합 샐러드 신선하다 에그인헬 따뜻하다 치즈 넉넉하다 둣둣요 매일 브런치 맛집 용인 온 친구 데리인테리어 새우 아보카도 셋 이서 종류 재광합성 예전 궁금하다 오늘 프렌치 토스트 양 짐 빵 겉 부분 고소 달달 채소 버 무리 드레싱 처음 접 분위기 최고 여요신선하다 음식 사진 연발 용 공간 감성 규 직원 도 유명하다 덴 이유브런치 맨 처음 부터 분위기 풍경 배경음악 에그베네딕트 브루스케타 유럽 느낌 에그베네딕트 버섯 조화 브루스케타 아보카도 새우 잼 게다가 추가오픈 런 브런치 조용하다 분위기 음식 재료 신선하다 고 프렌치토스트 브런치 계시 완전 강추 재 의사 혼자 기도친구 점심 브런치 먹기 머쉬룸 베네딕트 만족 스크램블 도 부드럽다 간이 서도 응대 기분 식사남자친구 주변 스타일 리뷰 보고 매장 깔끔하다 인테리어 이쁘다 브런치 토스트 입 녹음 양도 배부르다 야채 신선하다 만족 담브런치 처음 분위기 프렌치토스트 에그인헬 도리 브런치 꼭 여기만 친구 브런치 음료 지금껏 샥슈카 중 제일 적당하다 매콤 전부 빵 물리 명 머쉬룸 베네딕트 제일 그렇다 명 스타 제일 최고 브런치플레이 팅 매장 조용하다 브런치머쉬룸 베네딕트 힐 매장 분위기 직원 다음 아보 타도 보고 다음 남자친구 데이트가격 조금 편이 찰나 양 가성 비 아보카도 새우 조합낮 분위기 노래 따뜻하다 분위기 친구 머쉬룸 베네딕트 마늘 소스 발린 바삭 빵 버섯브런치 검색 특별하다 분위기 따뜻하다 보 음식 가게 만족하다 스크램블에그 부드럽다 재 의사 욥갑자기 브런치 급 프렌치토스트 퐁신퐁신 샐러드 싱싱하다 에그인헬 살짝 매콤 느끼하다망원역 번 출구 가깝다 위치 이름 답 초록 초록 분위기 데이트 무엇 음식 개인 아보카도 빵망원역 근처 브런치 발견 저장 해 감성 이구 재료 신선하다 아인 슈페 너 존맛 장해 다시 덕분아보카도 브루스케타 위 토핑 토핑 무화과 잼 샐러드 볼 신선하다 덤 친구 놀러와 다가 가용부드럽다 애그 스크램블 전체 자연 친 적 분위기 브런치 직원 또한 재 의사 가득 요 데이트 장소 도 호밀빵 다른 다르다 부드럽다 미가머쉬룸 베네딕트 빵 바삭 버섯 가득하다 샥슈카 토마토 진하다 치즈 계란 멋 최고 광합성 이름 식물 가득하다 인테리어 행복하다음료 트 라떼 음식 아주 귯 다음 머쉬룸두 명 이서 프렌치토스트 아보카도 브루스케타 양도 적당하다 기분 배부르다 플레이 팅 아보카도 밑 소스 독특하다 계속 평일 낮망원역 근처 맛집 편하다 디저트 마시기 여기 공간 작다 식물 인테리어 편안함 다른 손님 고양이 보 반려동물 동반 가능하다프렌치토스트 샥슈카 프렌치토스트 샥슈카 그냥 평범하다 생각 위 편하다 중독 바닥 건 승하 세티라미수 옆 브런치 음식 디저트 음료 깔끔하다 아인 슈페 너 크림 진쩌 쫀쫀 느낌 매장 깔끔하다 조용하다 브런치 주변 종종평일 낮 매장 분위기 힐링 가분 내내 기분 당연하다 음식 고욤 매장 위치 지하철역 금방 거리 데이트 장소 왕분위기 오픈 첫 손님 넉 대화 적당하다 적절하다 이쁘다 음식 말 마음 편하다 느낌브런치 검색 인테리어 분위기 재료 신선하다 우선 새우 오픈 샌드위치 강 추하다 프렌치 토스트 아쉽다 다음아보카도 브루스케타 약간 달콤하다 아보카도 미가 에그인헬 토마토 산미 빵 고소하다 조화 가게 이쁘다 식물 이쁘다친구 브런치 앞 먼저 오신 손님 계시 금방 계란 보들보들하다 빵 바삭바삭하다 삭슈카 입맛손님 아보카도 브루스케타 잼 아보카도 새우 건강하다 엄마 도 보고 둘 티 독특하다 다양하다주말 아침 브런치 동네 처음 분위기 음식 요 아보카도 브루스케타 치킨 살사 샐러드 깔끔하다 부담 키위 캐모마일 캐모마일 티향 키위 청 달남자친구 일 분 음식 아보카도 브루스케타 바질 토마토 이드 그것 토마 토마 아이스크림 주말 웨이 팅 수도 평일 널망원역 브런치 친구 인테리어 감성 음식 머쉬룸 베네딕트 꼭 종종 브런 치브런치 최애 브런치 분위기 브런치 종류 다양하다 추가에그베네딕트 혼자 내부 인테리어 아늑하다 분위기 동안 마음 편안하다 브런치 종류 다음 자주분위기 볕 이름 그대로 광합성일단 매장 분위기 사 햇살 맛집 푸른 식물 직원 리뷰 샥슈카 샥슈카 프렌치 토스트 조합 담 아보카도 뭐시기브런치 종종 오늘 오픈 런 깨끗하다 강아지 동반 자주아보카도 브루스케타 종종 샥슈카 처음 감칠맛 빵 전부 맘 듭 실 망 브런치아보카도 토스트 특이하다 다음머쉬룸 베네딕트 생각 외로 매콤 질리 톡 계란 재미 맛집평일 낮다 좌석 꽤 햇살 따사롭 가게 분위기 음식 기대 이상 화장실 넓다 깨끗하다 너 무 기분 가게 기억 다음브런치 아보카도 브루스 게타 프렌치토스트 굿 초이스 자극 은은하다 끝 요 재료 신선하다 기분 평일 날 브런치 다른 도전브런치 강추 머쉬룸 베네딕트 왕왕 소스 특이하다 가면 분위기 기분 기도 강추강아지 브런치 강아지 자 프렌치토스트 겉 바삭 속 촉촉하다 샥수카 진하다 강아지 음식인테리어 분위기 테이블 간 간격 넓다 식물 바질 이드 샥슈카 아보카도 브루스 게타 기본 다음 새롭다 음식 도전채광 사진 찍 남 음악 조용하다매장 분위기 역 친구 만 기분 스탭 재 의사 완전 브런치 완전 강 추하다지난달 혼밥 분위기 다시 최애 머쉬룸 베네딕트 베네딕트 여기 최고 이름 광합성 식물 햇빛 힐링두 명 이서 양 모든 그릇 스크램블 브런치 스크램블 두둑하다 계란 최애 음식 다른 계란 부족하다 절대 만족 개취 머쉬룸 베네딕트 버섯 뮤 조건 사실 맘속 원픽 아보카도 브루스케타 자체 간단하다 깔끔하다 끼세번 남자친구 여기 프렌치토스트 샥슈카 오늘 먼저 오자 폭 신하 부드럽다 달달 프렌치토스트 언제 분위기 편안하다 화분 편안하다 대화프렌치토스트 머쉬룸 베네딕트 음식 엄청나다 홀랜다이즈 소스 버섯 읶 맛읶어 야채 성하다 인지 트 라떼 고소하다 여태 트 라떼 제일친구 밥 방 해결 겸 브런치 가성 비 샐러드 야채 상태 드레싱 프렌치토스트 부들부들하다 최고 용응대 노래 분위기 프렌치 토스트 폭 폭 통통하다 무조건 인테리어 재 의사 넘치다분위기 음식 브런치 맛집 머쉬룸 배네딕트 완전수많다 브런치 중 골 아보카도 후 빵 발린 스프레드 달달 처음 그게 오히려 프렌치 토스트 샐러드 조 화도 아메리카노 굳다 굳다 예정원래 급 문 주변 어슬렁 걸 맛집 에그인헬 빵 바질 토마토 이드 상콤 달달 만 친구 맛집 알날 실내 분위기 아늑하다 뽀송하다 식물 휴식 느낌 음악 조용하다 대화 신선하다 프렌치 토스트 테 린 바삭 속 촉촉하다 에그인헬 빵 용 다만 토스트 사이드 소세지 추가 해처음 식물 공기 인테리어 멋지다 깔끔하다 브런치 맛집 인정이 스튜 프렌치토스트 살살 반하다 최고가정 분위기 식물 푸릇푸릇하 배치 오픈 키친 냄새 음식 기대하다 음식 비쥬 짱짱 먹기 전 매우 매우 만족 댜
31,모아새,1028057366.0,구매 수제 사탕 평소 사탕 빵 디저트 재 간접 경험 동생 사탕 눈 앞 자꾸 아른 거려 지하철 타고 옴 웨이 팅 애 선물 돌림 데이트 김 구매 함 종이 파우치 구매 컨셉 확실하다 심 제일 특별하다 소품 구매 중 사탕 아기자기하다 귀엽다 캐릭터전 기회 안되다 추석 날 기대 귀엽다 추석 당일 문 인스타 팔로워 수락 메모자주 어린이날 할로윈 이렇다 애재 예전 줄 사탕 주시 기억 젠 사진 해함 메뉴판 혹시 안되다 밖 밖 메뉴판 잠깐 핸드폰 아래 친구 부탁 간 뭐 바닥 카톡 오해 행동 안해 말씀다시 모아새 아쉽다 휴가 전 마지막 날 직접 사탕 매번 사탕 다양하다 모양 디자인 감탄 가요 보기 먹기 입 기분 선물 용 스스로 선물수제 사탕 대서 보통 웨이 팅 듣기 오후 부랴부랴 잠시 소강 상태 아무 편하다 먹기 아깝다 정도 아기자기하다 단 강하다 아이 먹기전 기대하다 사탕 귀엽다 기억 다음수제 사탕 가게 달 글 보고 다른 사탕 가게 검색 모아새 지도 보고 간판 가게 가게 바로 앞 우왕좌왕 사탕 달불친절 불친절 불쾌 뭐 괜찮다 사탕 정도 가격 당연하다 맛없다 안되다 그람 기본 용량 건 좀수제 사탕 퀄리티 대충 흉내 모양 모두 캐릭터 다만 무조건 구매 생각 입장 가능하다 품절 캔디 캔디 구경 마음 만큼 구매 생각 그렇다 분위기 전 친구 얘기 멀다 친구 무안하다 미리 사이즈 포장수제 캔디수제 캔디 선수제 사탕 맛집 그날그날 새롭다 추가 직접 별로 담 점도 팩 파우치 과 원형 볼 틴 케이스 선물 용 이집 처 모아새 로그 버터 다만 호불호 캐릭터 모양 더욱더 눈 가요 처음 문 옆 작다 만화가 어렵다선물 용 수제 캔디 자세하다 리뷰 블로그 확인캔디 최고예전 평일 낮 괜찮다 사탕 재미가게 달콤하다 이나 기분 가게 운 사탕 눈 앞 신기하다 갓 따뜻하다 사탕 구매 몽글몽글하다 기분 지인 선물 도 선물 도 사탕 구매 기분 따뜻하다특별하다 수제 사탕 모아새 마음 알 선물 용 한번 가면 욥선물 용 구입 사탕 귀엽다 모양 기분귀엽다지난번 구매 이번 선물 임 불구 다음 구매조카 려고 몇개 조카조금 품절 틴 케이스 상황 구매 별로 만족스럽다 모아새 사탕 동생 저번 처음 다음 일찍젤 작다 사탕 처넌 생각 수도 직접 갯수 혼자 사탕 단면 모양 섬세하다 귀엽다 종류 좀선물 사탕 알록달록하다 귀엽다 시선 아주 마음 듭화이트데이 친구 줄 선물 구입 쇼핑 백도아이매장 좁다 사탕 기도 힘들다 그날 하루 종일 고 기분 수제 그렇다 종류 캐릭터 제품 달사탕 귀엽다 가게 협 소한 데 댕댕 두 마리 강 진 귀엽다 좀 정신예전 이쁘다 정류 종류 귀엽다선물사탕 귀엽다 다양하다 주변 선물 웨이 팅 쯤 줄 서서 정도 기억포장 이쁘다무난작다 각각 다른 양 생각 가게 협 소한 데 그람 하니 눈치 보이 정신 좀항상 줄선물 용 구매캔디 귀엽다친척 동생 선물 완전 사탕 모양 확인 사탕 귀엽다 다양하다 선물 심지어 쇼핑 백도사탕 귀엽다 다양하다 할로윈 캐릭터 센스귀요미 사탕 강아지 관심 으르렁 거려찾기 좀 어렵다 민가 상황 아담하다 어둑하다 달콤하다 캔디 파네 이쁘다 그림 생각 먹기웨이 팅 생각 심하다 괜찮다 유니크 선물버터 사탕 바나나 사탕 바나나사탕 전문점 전 별로수제 사탕 선물 용여러가지 맘 굿수제 사탕사탕 이쁘다동그랗다 유리 병 처음 사탕 값 비싸다 직접 보 정성 기술 값 대단하다사탕 귀엽다사탕굿오픈 자마자 줄 앞 여명 계시 뒤 뒤 명 정도 계시 기다림 품절 사 탕 다소 아쉽다 직접 통 캔디 볼 통 남아 완전 완전 여러가지 모아새 사탕 작고 귀엽다 앞 사탕 신기하다 사탕 특별하다 특별하다 특별하다 선물 드릴사탕 특색 평일 낮 웨이 팅 오픈 가치 사탕 재미 쏠쏠하다 번창 번창귀엽다특이하다카카오 보고 핫 인사 템 생각 확진 고생 사촌동생 줄라 판매 분 오픈 한지 얼마 안되다 그닥 핀 절하 진 금방 날 생각 선 온 아깝다 사가수제 사탕 직접 담 생각 양도 요 담사탕 귀엽다인기 줄 서서 사탕 가격 좀 기술 가격 생각사탕 수제 별로 모양 달라 귀엽다 웨이 팅 굿굿굿크리스마스 선물 지인 선물 귀엽다굿굿깜찍하다 특이하다 사탕별로 모양 달라 재미웨이 팅 캔디 여우오픈 전 웨이 팅 좀 사탕 귀엽다 여러 종류 다양하다사탕 요여자 불친절하다 사탕 영업 방식 이해 비 효율 귀엽다중간 개정 아쉽다 사탕 달일단 특별하다 수제 사탕 웨이 팅 도 아깝다 사탕 안드 시 저희 엄마 친구 마 성의 수제 사탕 지금 크리스마스 시즌 맞이 트리 조명 설레다 느낌 눈 앞 사탕 모습 볼 점도 매력 훈훈하다 오래오래굿사탕 모아새 사탕 계속 손굿캔디 작고 귀엽다그냥 사탕가게 입구 사탕 냄새 단맛 적당하다 먹기수제 캔디 귀엽다 선물비 오늘 날 패키지 판매 전환 전환 뒤 병 원하다 분 미리 팔 남자 직원 본인 머리 못 그렇다 말씀 인스타그램 가게 운영 방식 보라 인스타그램 비공개 덥다 뒤 말 무작정 방식 습캔디 다양하다 남자 직원 불친절하다굿판매 방식 매우 비 효율 줄담 도구 장갑 바로 직전 제공 위생 일 듯 본인 취향 사탕 선택 용량 별로 몇 은 미리 다양하다 구입아이이쁘다달달 구리 사탕 제격웨이 팅 귀엽다동네 신기하다 오늘 입장 후 포장 용기 선택 장갑 스쿱 장갑 기자 중 미리 장갑 끼 손 핸드폰 지고 머리 지고 얼굴 지고 본인 차례 손 사탕 그냥 장갑 미리 주지 담굿 캔디가오 나시 등 존귀 다만 스스로 측정 진땀 계 기 세느 식은땀사탕 비교 안되다 가혹하다 현실 평일 지난번 실패 일도 사탕 사납다 슬프다 이번 성공하다 조아욯 꼭사탕 다음 일찍줄 냄새 이쁘다 눈치 해도 볼 넣기 힘들다 파우치 구매 사탕 봉지 이쁘다
32,이스트우드 망원점,1484279080.0,신도림 주민 시절 이스트 우드 접 최애 움 과자 맛집 유지 갈수록 승승장구 모습 뿌듯하다 맛집 역시 조용하다 수가 법 이스트 우드 필수 코스 입 디저트 남친 여기 빵베이커리 빵 순이 눈 겉바속쫀 휘 낭시 휘 낭시 맛집 라자냐 버니 브런치 딱이다 햇살 촤르르 사진 분위기 디너 여왕 통해 제품 제공 작성휘 낭시 겉 바쟉 쫀쫀해 소금 휘 낭시 대박 짭쪼롬 소금 완전 킥 포인트 말돈 소금 도리 위 쫀쫀 크림 말돈 소금 조화 넛츠 바닐라 버니 대박 페스 츄리 바삭 바닐라 크림 위 가득 캬라멜 코 팅된 피칸 휘 낭시 맛집여기 욤 라자냐 버니 진심 꼭꼭 왕 흡입 함 식사 대용 휘 낭시 솔티 초코 그거 존맛 담 다르다라자냐 패스 추리 처음 신기하다 단 극치 바삭바삭하다 겉 달달 패스 라자냐 소스 기 신 헤즐넛 휘 낭시 식감 위 각설탕 바삭바삭하다 촉촉하다 잡채 무화과 휘 낭시 말모 밀크 티 롱블 랙 아이스도림 점도 롱 블랙 처 중 플랫 화이트 롱 블랙 어디 어울 리 깔끔하다 플랫 화이트 역시 처 정석 말 정도 매장 인테리어 힙 깔끔하다 고 통창뷰 사진 온 휘 낭시 맛집 라자냐 버니 초코 몽블랑 휘 낭시제일 음료 디저트 페이스트리이스트 우드 휘 낭시 패스트리 꼭 초코 휘 낭시 초코 초당 옥수수 휘 낭시 초당 옥수수 달 넛츠 바닐라 버니 패스트리 고소하다 견과류 말돈 소금 콜드 브루 라떼 분 즐겁다휘 낭시 페스 츄리 맛집 밀크 티 맛집 딸기 라떼 맛집 디저트 종류 초코 휘 낭시 라자냐 버니 꼭 대화 나누기 분위기 맘 쏙 평타 이상 편하다 듯디저트 빵류 휘 낭시 겉 초크 초크 쫀득쓰임 구 소스 파이 약간 매콤 고기 든든하다라자냐 버니 모든 섭렵 간다 시가 야하다 가면 꼭 가야 함버니 제품 처음 말돈 라떼 바닐라 빈 라떼 휘 낭시 일 휘 낭시 랏던 이제 휘 낭시우선 디저트 계속 휘 낭시 맛집 게다가 페스 츄리 바삭 쫀득 크림 최고 친구 다음 오기 망원역 가깝다 찾기디저트 맛집 휘 낭시 종류 라떼 버니라자냐 버니 베스트 점심 다소 헤비 버니 선택 존맛 이스트 우드 처 여기 만 달달 페스 츄리 라자냐 토핑 피자 빵 생각 완전 여기 꼭 롱 블랙 야하다언제 꾸준하다 피낭 시 한번 아주 소금 베이글 제과제빵 품류 모두 만족하다페스 츄리 제시 최고움 과자 천국 이스트 우드 날수 다양하다 휘 낭시 에그타르트 버니 패스츄리 나볼가볍다 인생 맛집 라자냐 버니 완전 미니 피자 고급 진 피자 무조건 꼭 휘 낭시 고민 초당 옥수수 꼭 필수 어디 서도 보지 못 하루 앞 진쯔 데 그래듀 멀다 주간 출석 도장 욤 밀크 티 샷추 미첬습 대장님 군간단하다 대화 에그타르트 휘 낭시 둘 채광 분위기여기 디저트 맛집 휘 낭시 겉 바삭 속 촉촉하다 지금 휘 낭시 달라 피스타치오 퀸 망 은 크림 깔끔하다 크림 가득 바삭 빵 조합 최고 당 충전 바로 여기 분위기 디저트 힐링넛츠 바닐라 바닐라 크림 가득하다 위 견과류 촉촉하다 겉 바삭 한편 이구 휘 낭시 종류 짱짱이스트 우드 말 뭐 휘 낭시 맛집 새롭다 사과 마들렌 궁금하다매장 넓다 쾌적하다 빛 이쁘다 제과 류 무척 다양하다 종류 모두 달콤하다 디저트 친구 즐겁다 가면 디저트 때문 꼭 다시 오이스트 우드 망 원점 밀크 티 츠 바닐라 버니 맛집 분위기 베이커리 이스트 우드 강력힙 멋지다 포토 존 움 과자 대박 휘 낭시 덕 쫀쫀 겉 바삭 속 쫀쫀해 설명 움 과자 이스트 우드 휘 낭시 존맛 여러분 꼭 믹스 베리 스무디 별로 달 블루베리다양하다 휘 낭시 퀸 망 페스 츄리 디저트 핫 레이스 디저트 찰떡 궁합디저트 밀크 티 디저트 맛집 맛집 에그타르트 겨우 분하다 다음 오픈 런 얼그레이 마들렌 가운데 필링 짱 부드럽다 밀크 티 조합 역시 도리 짱채광 야외 테라스 가을 딱이다 욤 직원 디저트 츠 바닐라 버니 다음 욤진심 휘 낭시 개도 크림 빵 담백하다 휘 낭시 걸 그렇다 휘 낭시 파삭쫀득 달달 짭짤하다 초코 휘 낭시 사랑도림 유명하다 휘 낭시 맛집 더니 휘 낭시 맛집 테이크 아웃 오픈 얼마 좌석 만석 맛집 추정휘 낭시 겉바속쫀 겉 빠싹 콰작 휘 낭시 얘 그렇다 걸 얼마나 베이커리 종류 에그타르트 미치다 담 베이글디저트 버니 페스 츄리 식감 진하다 포장 주말 인기다른 디저트 보고 이스트 우드 취저취저오지 아이스커피 메뉴판 네이버 가능하다 처음 아이스크림 땐 네이버 사진 다른 음료 깜놀 여기 롱 블랙 저렴 아이스크림 조금 이유 평가 느낌 휘 낭시 이정 하는덴매장 분위기 디저트 말모에그타르트 다른 디저트 유명하다 대서 다음 예정유지 크러쉬 색깔 영롱하다 소금 휘 낭시 강력 직원 테이블 라자냐 브레드처음 료 꼭 이스트 우드 디저트 강점 휘 낭시 꼭 권장 다음 호주 카푸치노디저트 배부르다 아쉽다 다음 디저트조용하다 디저트 이스트 우드 망 원점 휘 낭시 더블 초고 버니 요 깔끔하다 조용하다 이스 드 우드 망 원점이스트 우드 망 원점 디저트 맛집 인정 처음 넛츠 바닐라 버니 초코 휘 낭시 몽블랑 휘 낭시 모두 처진하다 피스타치오 여기 휘 낭시 바삭휘 낭시 버니 됸맛 버니 처음 계속 고소하다 계열 타입 테라스 애견 동반 가능하다 망리 디저트 짱 무조건 이스트 우드 망 원점 가세 궁서체방 버니 파사 삭 자체 그동안 휘 낭시 그냥 빵 이스트 우드 몽블랑 휘 낭시 겉바 촉 무엇 깨 겉 빠작 쫀득해 식감 미치다 담 답례 선물 사 음료 이쁘다 쵝오 평일 조용하다 분위기 딱이다친구 다른 데 가기 전 움 과자류 좀 사 오늘 레몬 파운드 케이크 휘 낭시 마들렌 오늘 볼 생각일단 더블 초코 버니 테라스 분위기 남자친구 맘 함 그렇다 맘 에드 곳임휘 낭시 맛집 휘 낭시 중 여기 제일 옆 계단 후회 존맛 분위기말돈 소금 휘 낭시 존맛피낭 시 최고 맛집 패스츄리분위기 디저트도림 반하다 요새 가깝다 망 원점 휘 낭시 버니 자주 편이 피스타치오 버니 차선 초당 옥수수 버니 알 크림 조화 최고 용 말 모말 모 이스트 우드 최고디저트 새롭다 버니 에그타르트 이스트 우드 스타일 계속 재완전 이스트 우드 망 원점 완전 짱짱 분위기 음료 완전 마음 쏙 이스트 우드 완전 강 추하다휘 낭시 대한 편견 디저트 입 입 감탄 먹음 다음디카 페인 원두 고소하다 디저트 다양하다 가게 화장실 깨끗하다 정리 매장 의자 사진인테리어 깔끔하다 라자냐 버니 미치다 페스 츄리 번 고급 평균 이상 휘 낭시 쫀득 마들렌 다른 음료겉바속쫀 정석 휘 낭시 충전언제 디저트 옥수수 시즌말 매장 분위기 기분 프레 해지 옥수수 티라미수 옥수수 토독토독 부드럽다 요 포장 다음 매장 이용이스트 우드 디저트 말모 직원 센스 최고 디저트 무조건 이스트 우드 선물 베이글 다시 요다음휘 낭시 움 과자 쫀득곳느해카페라떼 휘 낭시 초코 휘 낭시 디저트 진심 굉장하다 종류 다양하다 준비 휘 낭시 종류 쫀득 속 부드럽다 만큼 디저트 여기 심플 모던 내부 디 자인 속 구석구석 아기자기하다 모습 가깝다 자주그냥 심하다 탑 버니 휘 낭시 꼭 디저트 맛집 인정도림 점도 디저트 커스터 마이 징 회사 간식이스트 우드 버니 제품 보고 역시 움 과자 말음료 휘 낭시 겉바 촉 휘 낭시 선물 도 밀크 티피스타치오 퀸 망 라자냐 버니 최고휘 낭시 맛집달 페스트리 짭짤하다 소스 적당하다 단 밸런스 라자냐 나머지 버니 대한 대감 초코 디저트 선호 요 초코 휘 낭시톡톡 초당 옥수수 달콤하다 크림제일 자주 선물 먹기 디저트 모두 번 깜짝친구 고해 신기하다 디저트먹기 선물 이스트 우드디저트 독특하다 편이 구 디저트 포장 사진 없네욤 여기 디저트 정복망리 최애 이스트 우드 정 분위기 무엇 디저트 미치다 퀸 망 초코 가득 페스 츄리 바 삭 바삭 악 움 과자 휘 낭시 다양하다 음료 말 모해 비주 최고 위층 옥탑 요즘 봄날상 가득 페이스트리 류 피낭 시 항상휘 낭시 페스 츄리 완전 꿀맛 요 움 과자 이스트 우드초당 옥수수 티라미수 역시 어머니 만족하다 점원휘 낭시 버니 구매 작고 귀엽다 알차다이스트 우드 망 원점 디저트 여기 라떼 맛집 용 휘 낭시 라떼 맛집 도해 신지 직원 신지 디저트 종류 별로 나이프 센스 두피스타치오 퀸 망 디저트 최고에그타르트 쟌맛 비 날 영업 마감 거의 프로 할인 날뻔 지금껏 에타 중 가장 기도 나중 얼그레이 마들렌 레몬 코코 휘 낭시 파운드 케익 가깝다 묵직하다 습하다 덥다 날 아이싱 거의 맛집 임됴여러가지 빵 선물 피칸 무화과 파이 대박 파이 바삭 피칸 무화과 식 적당하다 달달 물리 다른 빵 분명 존맛 담 매장퀸 망 궁금하다 생각 다른 디저트 서비스 주신 소금 초코 피낭 시디저트 맛집 기대 음료 초당 옥수수 휘 낭시 미치다 더블 초코 버니 다음 꼭만 빵 음료 빵 직접 전 콜드 브루 카라멜 메이플 은은하다피스 차 피오 버니 라자냐 버니 데 브런치 페스 츄리 토마토소스 기 기대 양종종 테이크아웃 움 과자류 전부디저트 최고생각 디저트 큼직하다장님 디저트 말 완벽하다 다음 라자냐 레몬 코코넛 휘 낭시 강 추하다최고 휘 낭시 맛집댕 디저트 아쉽다 최애 피스타치오 최애 얼그레이 휘 낭시보고 궁금하다 검색 후기 궁금하다 디저트 퀸 망 크림 느끼하다배달 자주 매장 인테리어 무엇 디저트 체고 피스타치오 꼭휘 낭시 마들렌 페스 츄리 류등 디저트 종류달짝지근하다 부드럽다 크림 초콜릿 파우더 매력 소이 크림 라떼 디카 페인 저녁 부담 휘 낭시 종류 다양하다 정성 가득하다초코 퀸 망 초코 무난 루프 메인 자리 리뷰 사진 자리 느낌 빵류 디저트 가기디저트 다양하다시원시원하다 디저트 시즌 오지 차 그린티 베이스 헤이즐넛 그거 꼭 미치다늘 가득 이스트 우드 종류 늘이스트 우드 최고 최근 디저트 맛집 페스 츄리 종류 다양하다 디저트 음료 과 달 선택 키 워드 아쉽다 뿐자타공인 휘 낭시 맛집 종류 다양하다 별로 선물 만족스럽다채광 휘 낭시 맛집 데니 보 전 손님 마지막 데니 피 꼬숩 직원 전 미리 연락 강아지 분 매장 반 정도 카펫 테이블 정 도 강아지 마킹 이동 필요하다 외 타일 위 테이블 은 제약 애견 동반 가능하다 하니 참고저희 픽 라자냐 버니 에그타르트 진촤 완전 적극휘 낭시 맛집 친구 쫀득 달달 버터 미도 종류 다양하다
33,락떼스피릿,1243135733.0,웨이 팅 맛집 운 바로 잠시 후 계속 웨이 팅 포장 아인 슈페 너 라떼 쿠키 브라우니 단것 분위기 가면 무조건아인 슈페 너 그냥 적 운 염 기대하다 크림 짱 쫀쫀 브라우니 달달 함 충전 제대로 웨이 팅 심하다에티오피아 말몬 드립커피 락떼 브라우니 대박 흔하다 박 하향 고급 진 이나 락떼 부 드럽다 움 잡채 호주 부드러움 한국 경험 쿠키 브라우니 고민 다가 브라우니 강 추하다 브 라우 브라우니 겉바 촉속 장님 바삭바삭하다 두 브라우니 쿠키크림 덕 바닐라 미가 깊다 맛집 아주 카페인 잔 가능고해 예전 꼭 인테리어 아늑하다 근처 간다 다시대표 라떼 맛집 늘 웨이 팅 라떼 이유 납득예전 겨우 왜 이제야 후회 소문 산미 선호 도전 최고 바쁘다 와중 세심 함 친절 나이스매장 협 소하 분위기 사 미국 힙 쿠키 강추현장 웨이 팅 후 입장 웨이 팅 아깝다 정도공간 다행하다 웨이 팅 아인 슈패너 애플 크램블 살짝 밀가루 풋내가게 분위기 디저트자칭 라떼 순이 라떼 돌이 부부 오늘 최애 라떼 소개 해 죄송하다 사실 다음 락떼 스피릿 글 남편 그렇다 글 리지 말 핫 우리 알 핫 영수증 리뷰 요즘 꼬숩기 뻔하다 라떼 맛집 독보 이예 미가 가득하다 깔끔하다 전 드립커피인테리어 멋지다 아인 슈페 너 크림 쫀득 스타일 굿 가게 협소해 분위기한번 꼭 보고 이상 한잔 아쉽다 정도분위기이사 가도 꼭 항상 기분분위기 간 각 라스트 죄송스럽다 마음 빠르다 호다닥 잠깐 동안 힐링 자체리뷰 대충 여자 불친절하다 댓글 꽤 오늘 후 공감 남자 여자 기본 손님 응대 다시거나워낙 소문 디저트 브라우니 꼭 최 곱다아이스 라떼 에티오피아 드립커피 산미 깔끔하다줄 브라우니 브라우니 중 탑 다이어트에티오피아 모모 내츄럴 배전 문 순간 타임머신 타고 시간여행 온 듯 다른 세상 사진 영상 담 특별하다 공간 낯선 공간 어느새다 여유 친숙하다 분위기 마스터 미소 다음 애플 럼블변하다 피곤하다 락떼 한잔 락떼크림 완전 비엔나 중 일등 감히달달 크림가게 작다 웨이 팅 좀 편 비엔나 음악락떼 라떼 최고왜 인기 크림 조화 기 진쫘 다만 매장 작다 가볍다 다른 분유명하다 엄두 마감 간전 자리 라떼 존맛매일또또 필수 코스비엔나 여기 젤인테리어 멋있다 라떼 왕맛웨이 팅 금방 징 무겁다 크림 조화 보통 크림 과 끝맛 좀 잔 끝 인테리어 분위기 다만 조금 협소 단점 라면 단점 요라떼 주말 웨이 팅아메리카노 락떼 둘 좌석 인 인 좌석 구성 해당 인원 수가 경우 빈 자리 웨이 팅 그냥 분 좀 시스템 신기하다 굿겨 여자 자리 손가락 명 명 명 본인 손가락 안내 거의 옆 귓속말 지금 명 웨이 팅 계속 저쪽 명 자리 인 햇 면서 미안하다 말 전혀 바로 간다 가라 말 그것 혼잣말 거의라떼 꼬숩 요 매장 인테리어 다만 내부 좁다 그게 좀 아쉽다 재 의사존맛 락떼 달콤하다 가득하다 아인 슈페 너 멋지다 인테리어 커피집라떼 맛집 크림 라떼 볼걸 그렇다 대안 브라우니 자리 협소 주말 런가 응대 조금 아쉽다분위기 작다 매장 음료 취저 꽤 듯 해 라떼 굉장하다 진 생각 보기 진하다 워낙 진하다 라떼 덕후 비엔나 닐 위 휘핑 굉장하다 쫀쫀해 쫀쫀 달 휘핑 쫩쫩 아래 진하다 바닐라 닐 라가 취향 오시 한번 만 락 음악 대화비엔나 닐 분위기 다만 여자 조금 대해진하다 라떼 분 꼭 락떼 한번 필수 코스 항상 하루 종일 기분라떼 비엔나 애플 럼블 파이 뭐 미친쫀맛 사진 촬영 다른 손님 방해 정도 분위기 촤 친구 가기 애인 가기 낌 매장 다소 협소해 인 테이블 개정 웨이 팅 필수 전 바로 앞 소품 구경 보 이름 불러쥬셔 호다닥 저장라떼 맛집 락떼 인정 비율 완벽하다 라떼 에스프레소 진하다 고소하다 일품 요 가게 분위기 락떼 스피릿 가게 이름 완전 히피 히피매장 분위기 어요여자 임의 테이블 어디 지정 소지품 참고 전 손님 두 커플 테이블 동시 비어 장 안쪽 테이블 가방 친구 명 데리 가방 다른 의자 본인 임의 저희 두번째 가운 데 좌석 착석 지시 날 친구 저희 손님 임 지시 응 나쁘다 생지인 말 알 정도 알 워낙 유명하다 속상하다 뿐 장님 편하다 강제 여기락떼 재타이밍 자리 비엔나 닐 크림 쫀쫀한곳 부드럽다 입 놀래다 아쉽다 마음 테이크아웃 한잔 여자 신지매장 협소 편하다 기 잠깐 음료비엔나 라떼라떼 맛집 말모 락떼 스피릿 왕라떼아주 도리취향 저격 미국 성 가득 가득하다 바닐라 닐 크림 밑 시원하다 주말 점심 이후 약간 웨이 팅맛집 무조건 락떼 스피릿인테리어 걸 최고일단 양 아쉬움 재 의사 좌석 꽉 차서 둘이서 인 석 자리 나니 먼저 자리 마지막 왜 말씀 선물 진 정 손님 먼저 생각 마인드 멋있다 어떻다 하나요 감사비엔나 닐 명 좀 럼블 애플파이 아이스크림비엔나 닐 록 혼자 맞이 락 음악 분위기 다음 라떼 브라우니락떼 스피릿 아인 슈페 너 아주 핫 매장 좁다 포장 작고 소중하다 너 손바닥 폭 역시 크림 샷 바닐라 시럽 조화롭다 포장 이어도 좀 이유 언니 분 고백미국 감성 인테리어유명하다 입 자극 랄 아쉽다인테리어 역시 공간 디저트 음악 멋있다시나몬 초콜렛 내내 냄새 취하 디저트 취함 마스크 때문 기분 애플 럼블 파이 달달 먹기여자 매장 협 소하 좀 예민하다 브라우니양 내부 좀 주말 아숩네용비엔나 닐 부드럽다 쫀쫀직원 디저트 둘굿굿전 왜 주민 요 매일 매장 생각 작다 전 오히려 아늑하다 매장 분위기 느낌 라떼 마시기 락떼 감동 브라우니 얼마나 브라우니 애플 럼블 파이 포장 다음 날 이사 뻔공간 멋지다 락 음악브라우니 꼭분위기드립커피 스타일꽉 차있엇어 테이크아웃 햇 더니 할인처 브라우니컨셉 확실하다 꼭 매장 웨이 팅 좀덥다 나머지 처음 료 못 부드럽다 욤비엔나 닐 크림비엔나 닐 크림 달달비엔나 유명하다 락떼 스피릿 크림 고소하다 묵직하다 밑 우유 조화 굿 아메리카노 약간 산미 가게 리 이쁘다 자리 조금 협소 편이 일요일 오후 웨이 팅 앞 이름 야하다 조금 불편하다 테이크 웃 분주말 웨이 팅 꽤 독보 분위기 꼬 수운 라떼 매력 재 의사 매장 좁다 편이 테이블 서로 거의 참고 플레이 리스트 정도자주 라떼 맛집비엔나 미국 힙 분위기 아늑하다 느낌 달달 완전 자리 테이크아웃 분 입 바로 이해 함 다음 여자 락떼 스피릿 비엔나 닐 락떼락떼 고소하다 진하다 인상 비엔나 닐 락떼 라떼 베이스 아주 살짝 연한 편 바닐라 크림 집중 크림 달 두 음료 전반 보통 시중 라떼 진해 샷 그렇다 요 진하다 라떼 여기혼자 번 항상 락떼 처 메뉴인 비엔나 닐 아인 슈페 너 를 날 공휴일 아이 과 오픈 갅 오픈 간전 밖 조금 기 아이 신경 오픈 전 아이 우유 매번 항상 일언제고소하다 크림 달달 묵직 주말 웨이 팅라떼 락떼 스피릿 고소하다 깊다 보기 드물다 귀하다 디저트 아이스크림 덕 브라우니 식감 럼블 완벽하다 조합 디저트 나날이 때문 웨이 팅 기본 정도 흔쾌하다 공간 협 소하 규칙 한번 확인 가시 락떼 스피릿제일 착하다 항상 중 락떼 그렇다 디저트 그렇다 제일 제일 제일유명하다테이블 간격 좁다 다소 좁다 자체 분위기 아이덴티티 라테미취 디저트 유자리 테이크아웃 락떼 진하다 가게 내부 인테리어 다음 매장 보고바깥 실내 인테리어 멋있다 분위기 대화 나누기항상 비엔나 닐 처음 브라우니 아이스크림 달달크림 하루 잔찍 엇어 야하다 정신차리다 락떼 후회마감 제주도 겨우 락떼 스피릿 친절 감사 감사 제주 진심 인분 번 말씀 해 녀 고기 유정 해녀 최애 구 올께욤비엔나 닐 크림 항상 반갑다 맞이 분도 인테리어 모든 완벽하다 슬프다 매장 이용 요 비엔나 닐 를 뭔들진심 차 에이 분 필수 코스 디저트 브라우니 감동 인 랍 분위기 외국 듯 느낌 힙하답비엔나 닐
34,필리커피,1580287003.0,소심하다 세상 귀엽다 강아지 친구 보기 만해 힐링 날 날 햇빛 눈부시다 정도 디저트 그냥 날 조용하다 입소 타 금방 유명하다 매장 자리 아주 편 타이밍 안좋다 자리 해재 다시 편안하다 기회 꼭 새롭다 푸딩 다음 어떻다 기대 귀엽다 댕댕 친구 항상 기분 속 작다 휴식 처 분위기 늘 다음댕댕 기엽 이번 크림 푸딩 미치다 장님 멋쟁이 최고 매 번 최고 최애월드컵 바로 옆 아기자기하다 앞 뷰 편안하다 느낌 날씨 테라스 오픈 볕 바람 라떼 귀엽다 얌전하다귀엽다 상주 견 브래드 푸딩 류햇살 이쁘다 음악 디저트 음료월드컵 입구 위치 무엇 힙 혼자 커피한잔 밖 풍경 감상 분위기 덕 기분 반려동물 오기 콜드 브루 트 라떼 꼬 소하 면서 살짝 달콤하다라떼 공간 강쥐 귀엽다 예정음료 아담하다 공간 사방 창 답답하다 산미 살짝 호불호 정도 미디움 느낌 가볍다 콜드 브루 오트밀 화채 혼자 이틀 동안 음료 잔 말다했쥬 필 리 최고 담햇빛 날 힐링 일본 오픈 주방 테라스 아름답다 움신상 오픈 만석 웨이 팅 걱정 다행하다 금방 자리 분위기 아늑하다 코지 분위기 신경 소품 인테리어 빈티 테이블 곳곳 배치 식물 편안하다 따뜻하다 러프 분위기 네 꼭 비 날 위치 근처 주변우선 존잘 존예 무엇 깔끔하다 인절미 상도 도리 햇볕 사진 이쁘다 아늑하다 따뜻하다 분위기 언제 편하다 느낌동생 데리 디저트 음료 장님아름답다 힐링음료 종류 별로 이드 상큼 디저트 일부러 종류 별로 양 완 도리 햇살 가게 장님 만족소리 절로 아기자기하다 내부 음료 전부 귀엽다 유리창 내부 느낌 아늑하다 통창 바람 기분 꼬숩 디저트 핀 처음 크림 여기저기 손길 다음 근처 욤테이블 전부 달라 색다르다 귀엽다 강아지 후르 츠 믹스 잔 조금 비싸다 굉장하다아담하다 분위기 아기자기하다 날씨 날 한잔라떼인절미 크로와상 분위기 여운그냥 자체 느낌 콜드 브루 트 라떼통창 탁 요즘 날씨 가면 딱이다오픈 귀엽다 인테리어 취저 인절미 크루아상 쫀덕하 꼬소해 디저트 담 오픈남자 멋있다 인테리어 사진 이쁘다 무엇 디저트 존맛매장 협소 바깥쪽 테이블 우유 우유 기분음료 디저트 다음여기 오트밀 라떼 진심 강추 인생 음료 중 제일 인테리어 사진 맛집 장님 망 원동 가시 여기 번 가세분위기다음음료 내부 인터 리 깔끔하다 아기자기하다 사진 찍기장님 음식인절 라떼 최고 거강 추 인테리어 이쁘다 아늑하다 자주리아 아기자기하다 이쁘다 장님 기본 디저트 미치다 디저트 맛집아기자기하다 앞 람사 냄새 도나 아늑하다 편안함 디저트 깔끔하다 쪽 가면 재 의사신상 아기자기하다 인테리어 디저트 최고 자주인절미 라떼 깔끔하다 디저트 인절미 크로와상 강추 천장 팬 햇빛 사진 찍기인절미 라떼 단 짠하다 전체 음료인절미 슈패너 인절미 롸 분위기 따뜻하다 자주 예정 닷사진 햇살 맛집 용 강추귀엽다 공간 디저트햇볕 공간젊다 활기차다
35,구스커피앤바,1234832125.0,재즈 바 커피한잔 분위기 연말 느낌 물씬 인테리어 음료 배경음 관성 구성 이야기 음료 숩재즈 바 앤 알 분위기 내부 인테리어 넉 하니 편하다 직접 수제 버터 얼그레이 무화과 눈 혔 오늘 드립커피 고소하다 중 최애앤바 제공 공간 분위기 재즈 음악 롯 기분 칵테일 디카 페인 음료 모두 품 공간 디저트 도 안주 도 브래드 버터 재즈 아티스트 음악 재즈 바로 손색 공간 음료 정성바삭 빵 버터 조합 완벽하다 얼그레이 무화과 선곡 재즈 음악 인테리어얼그레이 무화과 버터 루아 크림 아인 슈페 너 호기심 루아 아인 슈페 너 매장 분위기 인테리어 마음 음악 주말 바 자리 금방여기 조용하다 분위기 구스 감성 센치하다 느낌 당연하다 브레드 버터 얼그레이 무화과감성 분위기 미치다 재즈 무엇 통창 우드 인테리어 사진 모든 자리 분위기 미춌 진대 가능하다 낌 사이 접근성 망원역 도보 앤바 무족 가세오픈 자마자 오픈 창문 덕분 가을 날씨 가게 인테리어 재즈 음악 음료 디저트 재 각라떼 브라운 톤 노랗다 조명 분위기 아늑하다 이어폰 선곡 연차 날 즐겁다 친구 재앤바 초입 주택가 위치 내부 잔잔하다 조용하다 짙다 나무 색 널찍하다 바 테이블 명 둥글다 테이블 푹신하다 편안하다 의자 특별하다 분위기 바 온 듯 멋지다 재즈 알콜 등 다양하다 브레드 버터 산미 플랫 화이트 위 고소하다 실크 크림 운 토스트분위기 음악 잔잔하다 인테리어 대화 무엇 분 만족하다 공재즈 바 온 듯 재즈 음악 독특하다 칵테일 낮술 가능하다 겸바 버터 바 칵테일 한잔 데이트 주말 피크타임 약간 시끄럽다차분하다 분위기 멋지다 음악 약간 알콜 칵테일 바 입구 구스 분위기 라운지 바 느낌 디저트맛집 분위기 공간 재즈 음악 데이트 성공위치 무드 바 낮 칵테일 못 다음 밤 칵테일 보고 넉 드 인테리어 재즈 음악 무드 매일 아침 대용 브레드 한잔 행복 덕 크림 선호 분 부담 디카 페인분위기 노래 째즈 자주매장 우드 톤 분위기 재즈 조합 구스 위 그림 귀엽다 크림 티라미수 아이스크림 밑 쿠키 잔잔하다 오후 라면 오기근처 밥 준비 생일케이크 정도 마음 전화하다 케이크 를 흔쾌하다 괜찮다 얼마나 반갑다 보지 포크 감동 덕분 가족 간단하다 생일 축하 전분위기 완벽하다 게다가 재즈 그렇다 그냥 계속 요 데이트 앞 자주 야하다분위기 운치 칵테일 전부 컨셉 독특하다 게다가 도수 따라서 선택 일단 리 브금 분위기 꼭 앤바고급스럽다 분위기 처 크림 달달 데 캬라멜 한적하다분위기 아늑하다 고소하다 산미 겉 바삭 속 부드럽다 빵 먹기 디저트 잔잔하다 노래 힐링음악 편하다 귀엽다 구스 크림버터 중 토마토 바질 버터 토스트 음료 시원하다 분위기 노래 분위기 멋지다 노래 제일 분위기분위기 저녁 위스키 한잔 해 얼그레이 무화과 버터분위기 혼카 최애 장소 듯 알날 오 음악 분위기분위기 재즈 음악 완벽하다 인테리어 햇살 규 사진 디저트 최고 의칵테일 신기하다 낮 얘기 다음 밤 데이트 분 소개팅 분 강추 개인 루아 크림 아인 슈페 너분위기 조만간 데리채광 디저트 분위기 차분하다 이야기 기분 인테리어 깔끔하다 사진라떼 이이이 꼬숩 내부 인테리어 분위기 넘치다 디저트 노래 재즈 노래 귀가 즐겁다앤바 칵테일 매력 내부 인테리어 세련분위기 색다르다 다음 책인테리어 분위기 수제 버터 베이스 칵테일 짱칵테일 에스프레소 토닉 위스키 토닉 워터 에스프레소 첨가 처음 신선하다 음료 분위기 바 기분 짱 심부드럽다 분위기분위기 달달 고소 루아 크림 아인 슈페 너 조화롭다 복숭 버터 복숭아 은은하다 빵 조합 굿재즈 대화 힐링 공간망원역 맛집 앤바 오트 디카 페인 라떼 깜놀 라떼 진하다 달 완전 취향 저격 망원역 오시 앤바 커피한잔 감미롭다 재즈 선율 힐링 제대로 깔끔하다 심플 인테리어 맘 드 망원역 맛집 앤바 강력골목 완전 감성 분위기 주말 데이트 개인 논 좌석 의자 푹신하다 편하다 창가 쪽 열 오후 노을 분위기 최고 망리 금방 인기 닷인테리어 멋지다 한산하다 좌석 콘센트 아주 괜찮다 아주 훌륭하다 조금 그렇다 나머지 커버 무엇분위기 맛집 최고구스 오리 모양 귀엽다 망원역 근처 골목 복잡하다 칵테일 궁금하다 다음 칵테일멋지다 인테리어 특별하다 칵테일 심 인스타 각 무조건플랫 화이트 라떼 진하다 무화과 얼그레이 버터 빵 온도 개인 조명 쫌 어둡다칵테일 기 준비 기호 음료 분위기 최 곱다음료 정성 복숭아 버터덥다 가정 편안하다 인테리어노래 우디 인테리어 킬포 공간 킬포 음료 덥다 날씨 창문 공간 완벽하다 일반 아메리카노 산미 도 취향 분 왕 평소 달달 구스 그냥 단 아인 슈페 너 디 은은하다 단맛 캬캬 금주 기간 칵테일깔끔하다분위기 바 발견 재즈 우드 톤 자연 광 편안하다분위기 인테리어 멋있다 취향 기분 칵 테이 피치 크러쉬 코코아 밀크 진하다 달달 실내 화장실 편하다 빈티 사랑 분 인테리어 반하다분위기 잔잔하다 칵테일 아인 슈페 너 아이리쉬 조용하다 한잔 재 의사덥다 급 바 분위기 화장실 깨끗하다작가 작업실 멋지다공간 평일 그렇다 별로인테리어 멋지다 주택가 골목 위치 조용하다 음악 멋지다 바 답 위 구스 컵 모양 뒤늦다 알 감동괜찮다 한가하다 오후 네시 재즈 음악 다음칵테일 앤바 크림 라떼 부드럽다 원두 담백하다 계속 모금 수면 위 거위 온전 휴식 취할라떼 깊이 감 다르다 라떼 모양 이쁘다 조용하다 차 칵테일검색 사진 재즈 음악 이상 저녁 낮 다른 매력 최근 중 제일 마음 정도 만족도 높다내부 인테리어 재즈 음악 취저 저녁 다른 무드 다음 번 저녁루이보스 피치 티 물 필요하다 리필 롤 케익 달달 꿀 케이크 느낌 베리 식 고소하다 취향 전체 아늑하다 느낌 생각 분위기발견 후 한번 다른 행온 듯 멋지다 인테리어 잔잔하다 재즈 분위기 화장실 쟁반 등 사소하다 젊다 센스 곳곳 바 창가 어디 장소 오픈 한지 얼마 안되다 손님 알 젠 알맛집분위기 인테리어 멋지다 화장실 완전 깨끗하다 날 창가 바람 기분 업업와인 바 느낌 음악 디저트 음악 여유 분분위기 바 일단 분위기 미치다 겨울 밤 코코아 한잔 감성 따끈하다 코코아 비주 얼 롤케이크 롤케이크 단일 품목 라즈베리 초코 허니 블루베리 조각 쫀득 찌 인하다 행복하다 낮 보고원목 인테리어 중후 통일 감낮 에스프레소 바 밤 위스키 바 변신 앤바 그니 음료 다르다 우유 진하다 분위기 음료원두 분위기 에반스 엘피 판 껍데기 전시 재즈 조예 깊다 걸 알닭장 자리 배치 널찍하다 공간 대화 편하다 음량 재즈 음악 짱 음료 설명 자리 음료 시 심지어 물 주심 다만 바쁘다 물 정도 셀프 일 매장 인테리어 심혈 보임 트 레이 집기 테이블 의자 모두 전체 신경 심지어 화장실 인테리어 우드 톤 관성 화장실 매우 매우 깨끗하다 온수 음악 히노키 핸드 워시분위기 넘사벽 킹스 영화 인테리어 잘생기다 라떼 달달 고소하다 전체 분위기 어둡다 고 적당하다 소통 좌석 인석 인석 인석 편하다 대로 선택 노래 분위기 안성맞춤 센스 곳곳 인테리어 취저 혼자 성 오거 조용하다 노트북 일시원하다 노래 서비스 삼박자 아주 덜 시끄럽다 움유사 유럽 분위기 노래 음질 짱 음료 가격 편 분위기 때문 자주인테리어 귯새롭다 조용하다 분위기 매장 깔끔하다사진 보고 꼭 표시 공간 역시 분위기 동행 분과 이야기 재 의사미국 느낌 바 분위기 창쪽 사진 찍기 진하다 진하다분위기 즇아메리카노 고소하다 트 레이 감성 사진 아쉽다 용 직원아주분위기 낮 음료 저녁 칵테일 분위기 위치 전체 깔끔하다 초콜 릿 베이스 아메리카노 분위기 다음분위기 재즈 노래 낮 재즈 기분 당연하다맛집분위기 따뜻하다 좋아욤음료 디저트 분위기분위기 직원 레몬에이드 단맛 아쉽다 여크리스마스 이브 계획 우연 오픈 얼마 술 디저트 분위기멋지다 운영 앤바 바 테이블 편하다 에스프레소 마티니 존맛뉴올리언스 재즈 바 분위기 카베 날 오니 더욱 분위기 처 아인 슈패너 느낌 크림 좀 진하다 묵직하다 다음 코코아 밀크분위기 티 간단하다 술 한잔 장소노래 잔잔하다 책 아이스 초코 달 인테리어인테리어 재즈 외 말 맛집아아 산미새집 냄새 처럼 직원 디저트 영맘 단골 용초콜릿 아메리카노 이름술퇴근 후 한잔 먹기아이스 초코 평범자리 좁다 불편하다인테리어 넓다 깔끔하다 나용 넓다 쾌적하다
36,미완성식탁,1837274244.0,옥수수 슈 가을 마카롱 별미 올리브 단호박 물맛 잘나다 갠취 초당 옥수수 아쉽다 마음 스노우볼 호불호 미완성 식탁 실패 재료 사랑 초당 옥수 슈도 여름안국 이전 오픈 북촌 인테리어 직원 디저트 원래 탑 티어 말 필요없다 최고 담 포장 매장 취매달 다르다 마카롱 맛집 주말 갸또 궁금하다 무화과 산도 포장 다른 무화과 단 면 이쁘다 싱싱하다 머랭 라즈베리 부드럽다 상큼 티 쌉싸름하다 크림 뭐 궁금하다 조합 마카롱 전문 마카롱 구매 꼭 여름 고수 파인애플 달 낯선 재료 질감 재료 자체디저트 중 마카롱 미완성 식탁 마카롱 맛집 다른 마카롱 흔하다 마카롱 미완성 식탁 처음 마카롱 고급스럽다 직원 가게 고급스럽다 마카롱 맛집 맛집 이유만 인생 디저트 맛집 미완성 식탁 추석 시즌 마카롱 구매 여전하다 뚝딱 늘 멋지다 패키지 선물 최고제일 마카롱 다시한창 마카롱 자주 만 계절 새롭다 의 마카롱 재미 한창 유행 뚱카롱 기본 충실하다 마카롱 촉촉하다 디저트 음미 고급 진 워낙 유명하다 마카롱 맛집 꼭 매장 규모 아담하다 편이 테이크아웃아유 언제 어떻다 디저트 대체 마카롱 특별하다 미완성 식탁 마카롱 이번 초당 옥수수 재미있다 파인애플 고수 코코넛 조화마카롱 맛집 데 보기 독특하다 선택 정도 덕 크림 뚱카롱보 작 마카롱 재료 충실하다 재료 미가 진하다 소금 카라멜 소금 우유 초당 옥수수 고수 파인애플 상큼 달콤하다 여름 자체 타르트 품절 마카롱 케이크 못지않다 다양하다 경험마카롱 각 크기 작다 편이 특이하다 전반 달 편입 니 유자 바질 유자 바질 강 무화과 요거트 요거트 강하다 편입 니미완성 식탁 왜 이다지 재료 소금 우유 존맛 블루 치즈 꼬릿 취향 봄 시즌 별로 미완성 식탁 짱 평가마카롱 간다 하니 좀 아쉽다 이사 곳도최애 사건 대하영업 마지막미완성 식탁 문 전 마카롱마카롱 매장 분할개인 안좋다 요즘 스스로 뭘 대접 인스타 보고 오늘 디저트 라인 만 오 여전하다 먹기 전 기분 크림 꼬끄 뚱카롱 별로 그렇다 샘플 초콜렛 쿠키 사서 덕분 오늘 식탁 완벽하다소식 마카롱과거 네이버 지도 저장 골목길 발견 다른 흔하다 마카롱 생각 치 못 조합 신기하다 응대 기분 구매 습 바질 레몬 녹음 초당 옥수수 초당 옥수수 바질 레몬 상큼 녹음 여러가지생일 케익 대신 마카롱 색감 다양하다 재미 차례 동안 어디 오사카 듯 느낌 인테리어클래식 마카롱 필링 박하사탕 마카롱 신기하다 선물 용 마카롱미완성 식탁 마카롱 마카롱 완성 이름 미완성 추구 요 우주 존맛 화이트데이 에디 션 품 치즈 미치다 평가주 디저트 판매 퇴근 자마자 솔드아웃 된거 제외 디저트 구매 개별 상자 쇼핑 왜 생각 대중교통 조금 장거리 불구 상자 디저트 모양 흐트러 유지 포장 이유 모두 재료 본연 간직 채 단맛 밸런스 적당하다 입 코 매우 즐겁다가깝다 멀다 듯 미완성 식탁 마카롱 영롱하다 이쁘다 무난 새 박 종류 다양하다 어렵다 직원 설명 자세하다 보냉팩 센스 감동 오 자마자 순삭 단골 인 여기초당 옥수수 마카롱 존맛 요 바질 특이하다 마카롱 존맛이번 여름 존재 이유 초 당 옥 꼬끄쫀득 필링 완벽 개인 버터크림 필링 미완성 식탁 마카롱 디저트 여름 여름 이번 라인업달마 최고 마카롱 파인애플 고수 코코넛 밤 패션후르츠 캐러멜 둘 괜찮다 여름 최고 역시 녹음 초당 옥수수 유자 바질마카롱 정석 제일 요즘 거의 뚱카롱 크림 원래 마카롱 재료 본연 회 용기 서비스미완성 식탁 갸또 기쁘다 꼬끄 필링 완벽하다 블루 치즈 굿인생 마카롱 뚱카롱 달기 마카롱 미완성 식탁 이름 이쁘다 녹음 이란 마카롱 초당 옥수수 마카롱 최고마카롱 맛집 미완성 식탁 마카롱 러버 유마카롱 탑 계절 다양하다 재료 저서 음미 소중하다 요 오늘 종류 별로 사고 초당 옥수수 개사 아주 행복하다 예정예전 낱개 선물 도 직원 뚱카롱 싫어하다 리지 널 마카롱 스탈 분 꼭시즌 재미 쏠쏠하다초당 옥수수 기대 잔뜩 생각 지도 녹음 베스트 최애 녹음 우유 소금 도리파리 브레스트 초당 옥수수 녹음 피스타치오 우유 소금 복직 전 기분 디저트 잔뜩최고 마카롱마카롱 여기 마카롱 쿠튀르마카롱 꼭 이집 마카롱 앞 오래오래다양하다 선택 폭 넓다 더위 좀마카롱재료 본연 고급 선물 주기 세트 다음 선물 용 땡큐선물 용 자주 리뷰 침 일 정도 뚱카롱 이렇다 귀하다워낙 유명하다 애 생각 꼬끄 말랑하다 부드럽다 식 선 드라이 토 마토 밤 말차 얼그레이 블랙 커런트 산딸기 밤 말차 좀 아쉽다 개인 입맛 기준미완성 식탁 마카롱 예술마카롱 다르다 선 먹기 힘드다 특색선물아담하다굿미모발사믹 최애 마카롱길가 다가 그냥 보 필링 작다 꼬끄 필링 진하다 다른 디저트 좀 오후 거의 솔드아웃 덥다 보이 보기 듯 해뚱카롱 홍수 기본 베이직 마카롱 피스타치오 위스키 마카롱 신기하다 소금 우유 장미 쫀득파작 기대하다 말차 딸기 오늘 아쉽다미완성 식탁 마카롱 계절 별로 종류 달라 포장 이쁘다 박스 선물 용 웨이즈 협업 에스프레소 티라미슈 마카롱좀 비싸다 굿조금 사면 포장 종이 펀칭 또한 매우 감각 품절 아쉽다 다른 날 베스트 밤 블랙 커런트음식 예술 차별 최고자주 구매 곤 영업 종료 아쉽다마카롱 만듭 이번 꼬끄 굳다 딱딱하다 나머지 아쉬움마카롱 선물 특이하다 여기 처가 가장 반응 다음 쪽디저트제일 사랑 마카롱색다르다 마카롱 뚜렷하다 선물여름디저트 개인 소금 우유 제일매장 분위기 종류 전부마카롱 요 이름 디저트 가게마카롱개인 사랑 마카롱 가게 이구 기적 앞 계속 마카롱 직원 불친절하다 플라스틱 발생 포장 용기 마카롱 이야기 고객 케이스 때문 뚜껑 상태 팥 바닐라 서비스 최악마카롱 맛집뚱카롱 마카롱 디저트 가게 계절 특이하다 마카롱 한번 사진 마카롱 뽐므타탕 왼 과 쟈스민 오 뽐므타탕 기대하다 직원 친절 도 보통오늘이 화이트데이 딸 할아버지 선물 구 박스 우리 개별 구매 대부분 올리브 취향굿최근 마카롱 제일 다음굉장하다 마카롱 년 오늘 사과 역시 설명 종이 있는쥴 알 마카롱 아쉽다 꼽 위크림 마카롱 선물 용 마련늘 단점 멀다사이즈 작 꼬그 바삭 필링 덕일반 색다르다 경험 마카롱 정석 주변 지인 선물프렌치 마카롱 맛집 독특하다 조합 밸런스 품절 아쉽다 뿐 팥 바닐라 강추제일 마카롱 각 재료 특성 화악테이크아웃 티라미수역시 미완성 식탁 개인 칠리치 옥수수 탕 밤맛 아쉽다 꼬 술 평점기본 충실하다 마카롱 간만 특색 조합가게 분위기 마카롱 무마카롱 구매 전통 재료 사용 인상 이름 재료 메바메 생각 매력 조화 직원 친절 보통 매장 오픈 숙지 가야 그냥 구매 못 수도 포장 개별 무슨 사진 확인 불가하다 참고마카롱 재미별로 구 마카롱 비싸다 가끔 여기 더블 바닐라 씨 솔트 초콜릿섭섭하다고급스럽다 작고 비싸다 내일 왜 포장 건 가격 낱개 사도 개별 포장 해주시 이름흑임자 미숫가루 언제 건강하다 기분 랄최애 마카롱 년 가도마카롱독특하다 가게 분위기 정성 포장 기분마카롱 맛집 순식간 코크 순식간마카롱 싫어하다 여기 마카롱 달 재료 본연마카롱 맛집 예전 이제 포장눈 사라 마카롱 귀엽다눈사람 마카롱 구매 조카행복하다욥포장 정성 해주시 더블 바닐라 메모 메모
37,프레쎄,1746012756.0,쿠키 달 쿠키 부분 바삭 데 재료 미가 아주 필링 다양하다 재미 매장 나머진 포장파르페 다양하다 식 말 바삭 쬰득 여러가지 밤맛 풍부하다 다음 시즌 파르페 무엇 기대평일 낮 조용하다 파르페 이후 가능하다 아쉽다 쿠키 만족하다 다음 파르페 꼭 쿠키 안주 찰떡몽블랑 파르페 출시 바로 네이버 예약 각각 재료 조화롭다 최근 디저트 중 제일 담 번창초콜렛 바닐라 피스타치오 종류 지금 피스타치오 가장 쿠키 버터 가득하다 눅눅하다 크림 고급스럽다 풍부하다밤 덕후 몽블랑 파르페 기대 요 밤 크림 보늬밤 차 파운드 커피젤리 무슨 일지 예상 은은하다 부드럽다 밤맛 차 파운드 커피젤리 조합 먹기 모든 조합 번 푹 요 양 적지 브런치 컵 바닥 싹싹 든든하다 샌드 쿠키 존맛 파르페 도 자주 오몽블랑 파르페계절 가을 파르페 예약 예약 안해 당일 뒤무화과 디저트 아름답다 샌드 쿠키 매력 지고 아이스크림 드흑임자 카페라떼 담 프라 페 도디저트 불친절하다꼬 수운조용하다 디저트 쿠키 여름 파르페 용 담 그거 매장 날 파리샌드 보고 다만 비 날 그렇다 조금 눅눅하다 시원하다파르페 조만간 쿠키아기자기하다 드 쿠키 진리 초콜릿 바닐라 다른 사실 마차 전반 막 니 잔잔하다 느낌 맛임 참고 선물 용파르페 보고 생각 못 쿠키 호기심 한가지 사서 친구 내내 쿠키 몇 번 말 파르페 에스프레소 뿌리 달달 함 쌉싸름하다 조화 가장 음료 무척 즐겁다고구마분위기 하트 모양 쿠키 딱딱하다 식감 알차다 크림 종류 다양하다 진해 허니 라벤더 밀크 티 은은하다 달콤하다 포근하다모양 이쁘다 궁금하다 초코 바닐라 제일분위기 작다 쿠키샌드흑임자 라떼 흑임자 쿠키 분위기 직원 완전굿파르페 기대하다 겸사겸사 쿠키 기회 자주파르페 예약 완전 만족 손 간다 정성 젤리 수제 더니 기도파르페 맛있엇어 매장 작다 디저트 승부선물 쿠키 거의 선물음료 쿠키 유 횟집 오픈 런 선물 용 종류 다양하다 재미앞 말씀 개인 초코 얼그레이 줄 얼그레이 꼭 사 실 레몬 약간 아쉽다 얼그레이 반했어 재 의사 백프로 매장 깨끗하다 따뜻하다 창가 쪽 웃 햇빛 블라인드 시공 다시 한번 얼그레이 강추굿조금 비싸다 쿠키 선물 용 딱좋다 만 고급 쿠키 선물 사기굿굿 선물 용 굿예약 일찍 도착 죄송하다 안내 가격 아깝다 조화 비주 순삭매장 쿠키 잔뜩 포장 통 카빈 초코 바닐라음료 쿠키파르페 출시 바로 예약 국내 파르페선물 쿠키 거의 선물음료 쿠키 유 횟집 오픈 런 선물 용 종류 다양하다 재미앞 말씀 개인 초코 얼그레이 줄 얼그레이 꼭 사 실 레몬 약간 아쉽다 얼그레이 반했어 재 의사 백프로 매장 깨끗하다 따뜻하다 창가 쪽 웃 햇빛 블라인드 시공 다시 한번 얼그레이 강추굿조금 비싸다 쿠키 선물 용 딱좋다 만 고급 쿠키 선물 사기굿굿 선물 용 굿예약 일찍 도착 죄송하다 안내 가격 아깝다 조화 비주 순삭매장 쿠키 잔뜩 포장 통 카빈 초코 바닐라음료 쿠키파르페 출시 바로 예약 국내 파르페잠실 팝업 스토어 궁금하다 보 일단 구매 젤 중 레몬 취향 패스 초 코 바닐라 쿠키 흑임자 쿠키 초코 바닐라 조합 개중 고급 진맛 가격 그렇다 야하다 가격 요 선물 흑임자 흑임자 갠취 그렇다 초코 바닐라 기본발렌타인데이 선물 자리롯데 백화점 잠실 팝업 스토어 본점 멀다 늘 생각 근처 구 버터 가득 쿠키 샌드된 부드럽다 크림뭘 이름 그대로 쿠키 유일하다쿠키 버터 쿠키 부드럽다 샌드된 크림 피스타치오 초코 얼그레이포장 유산 포장 박스 시즌 유산 지도 여유 준비 안되다 무슨 직원 설명 이상하다 태도 안일하다 기분 나쁘다 조카 선물 려고 듯흑임자 라떼 크림 쿠키 고급스럽다 전부 영어 로만 아쉽다 한글기본 카페인 줄 쿠키 마카롱 쿠키 모양 바삭 쿠키 달콤하다 레몬 크림 퇴근 피넛 버터 구매 괜찮다인테리어 디저트 정갈하다 느낌 선물 시원하다 디저트 색다르다 가격 비싸다 특별하다 테이블 몇 주방 오픈 소음쿠키 선물크리스마스 쿠키 생각남자 알바 쿠키 선물 반응가격 사악하다 몇 백원 사악하다 완전 인정종류 별로 쿠키 필링 강하다 둘조금 비싸다 느낌팝업 포장 가격 좀 선물 쿠키 개인 에스프레소 제일 쿠키쿠키부드럽다 쿠키 크림선물 디저트 시즌 디저트 모양 바자리 별로 디 디저트 담 달달 고소하다피치 요거트 초코 얼그레이 다른 자극 음식 샌드 쿠키 입하 담 고급 진맛 분 적합하다 디저트 듯 슴슴하쿠키 맛집 분위기 맛집프레 쎄다 쿠키 다짐 순삭 시킴 단단하다 두께 버터쿠키 크림 딩 이겅 선물 용 흑임자 생각 연한 함 입맛 조금 바램 숨 피넛 버터 레몬이 세상 환상 꼭 염 주말 한적하다 조용하다 쿠키 힐링깔끔하다 가나 슈 샌드 쿠키 적당하다 얼 클래식 티타임주민 디저트 샌드 쿠키 맛집 고급스럽다 디저트 합정역 망원역 조금 걸 어오 바로 레몬 쿠키 얼그레이 쿠키 초코 쿠키 강아지 강아지 물 먼저 직원 친 절 포장 다음굿필링 크림산미 강하다 취향 쿠키쿠키 가격 값어치 레몬 바닐라 초코 얼그레이 취저 선물 도 완전쿠키 맛집 흑임자 라떼 위 크림 꼬소 베 일리 헤이즐넛 쿠키 흑임자 쿠키 최고달 고소하다 선물아이스 아메리카노 샌드 쿠키 조합쿠키피스타치오 선물 도지인 선물 중 행복하다 얼 짱 매장 사진 깜빡 아숩흑임자 라떼 위 흑임자 크림 쿠키 배부르다 다음 다른 쿠키쿠키 달 아메리카노 먹음디저트샌드 쿠키 맛집 흑임자 레몬 바닐라 피넛 버터 픽 셋 가볍다 먹기 굿 흑임자 라떼 크림 진하다 흑임자 강하다 최고 라떼 고소하다 적당하다 산미 짱 가게 아담하다 청결하다 선곡쿠키 모양 특이하다부드럽다 고급 쿠키 근처쿠키쿠키얼그레이 초코쿠키 거리짱 프레 쎄다 사랑 초코 얼그레이 에스프레소 꼭 샌드 쿠키 여기 최고다 증말쿠키 선물 용쿠키 맛집 여기 밀크 티 처음드 쿠키 맛집 영 쿠키 고급 버터 필링 느끼하다 비싸다 선물 용 여름 꼭 아이스팩 달라 부탁롯데 백화점 본점 입점 아주 고오 진 샌드입처음
38,블랑제리코팡,41256488.0,매장 생활의달인 바게트 크루아상 유럽 빵 베이커리 종류 퀴니 망 까눌레 베이글 바게트 상 스콘 등 음식 바 질 크런치 베이글 모양 크림 치즈 듬뿍 어니언 바질 페스 토 조합 빵 바삭바삭하다 조심 입천장 해 단점 라면 바닥 빵부 스럽다 지네 후기 평일 오후 빵 종류 아쉽다 바질바질 크런치 인절미 크라상 바게트 샌드위치 미니 브리 오쉬 식빵 구매 바질 싫어하다 신기하다 바질 크런치 가장 바질 페스 토 특유 조금 어렵다 어니언 크림 치즈 베이글 모양 바삭 빵 빵 바질 다른 버전 도 출시 바람빵 크로와상 바삭마켓 컬리 입점 빵집 궁금하다 바게트 걸 바게트 정석 겉 바싹 속 촉촉 입천장 그렇다 해 간이 왜 생활 달인생활 달인 빵집 한강 공원 구매 바질 크런치 무화과 바게뜨 바삭 풍부하다 크림 치즈 매우 만족하다 다른 빵 의사빵 가면 꼭 바게트 크루아상 바질 크런치 사꼭 함 뭐 꼭늘 계속바게트 샌드위치 포기 제발 장사 오래오래크루아상 맛집 바질 빵 진짜진짜 바게뜨 크루아상 바질 거리 조금 멀다 편 덥다 날 보람 직원 모두 기분고양이 생선 가게 앞 꼭 마 성의 빵집 버터 제발 바게트 빵 바삭 촉촉하다 리뷰 작성 갑자기 배고프다항상 구매 빵집가끔 여기 빵 재료 속도 안부 륵해 빵식빵버터 프레즐 빵 부드럽다 여기 제일 바질 크런치바질 크런치빵 바질 크런치 갈릭 치즈볼 콘치 소세지 크라상가깝다 자주 요즘 빵 비싸다 합리동네 빵 맛집저녁 빵 별로 바질 크런치 얼그레이 빨미까레 괜찮다 알바 불친절하다 후기 걱정 분여기 바질 크런치 대서 왓 바삭바삭하다말 뭐 빵굿전 바질 크런치 뻑 김 바로 이번 바게트 샌드위치 잠봉뵈르 잠봉 원래 비싸다 가성 비 잠봉뵈르 역시 존맛 다이어트 미치다 비주 얼 크루아상 모조리빵 종류하프 바게트 바게트 왜 유명하다 밍밍 데 묘 자꾸 손 다음 바질 크런치 바게트 샌드위치 어봐 일요일 오후 웨이 팅 동네 빵집 익숙하다 바게트 샌드위치 모습 신기하다 바게트 구매바게트 유명하다 가게 절반 사이즈 살 항상 퉁 접객 기분 안좋다 최근 굉장하다 응대바질 크런치 바로 요 하루 정도 바삭 애 직원 다음 날 눅눅하다 하루 권 아쉽다 구매 하루 빵집 그렇다 카운터 보시 분 빵 응대 빵 생각 작다 빵집 바질 크런치생활 달인 빵집 주저 대로 레몬 레몬 케이크 바질 크런치 상도 고소하다최애 바게트 햄 치즈 바게트 꼭 바게트 따뜻하다 바게뜨 한번 크로와상 구매바질 크런치 사면 바보바보저녁 빵역시 버터 빵 작다 작 여기 바게트 맛집 버터 통팥 버터 두툼 최고 조합한강 피크닉 여전하다블 제리 코 샌드위치바질 크런치 샌드위치 다음 날 담백하다 퀸 망은 위 설탕 코팅 두껍다 딱딱하다요빵 진열 오픈 조금 찝찝하다 맛집 자주 빵 맛집바질 크런치 콜비잭샌드위티 최애빵 새벽 배송 직접 바게트 크루아상 바질 크런치주차 불편하다 빵 다시햄 치즈 바게트 요제일 빵집빵사진 식빵 부드럽다 폭신 결 쭉바게트 냉동 바질 크런치 남편 가면 사굳다바게트 맛집 년 동안 여기 바게트 그냥 햄 치즈 바게트피스타치오 롤 베스킨라빈스 피스타치오 아이스크림 생각빵굿바질 크런치빵 종류 가성 비 기본버터 부들 바게트 바삭최애 빵집퀸 망가면 항상 최애 햄 치즈 바게트 빵 짱 바질 크런치 전자렌지 한번 요것너 무 요 바게트 샌드위치 빨미까레 바질 크런치 다음 주 다시 사우연 단골 개인 요 퀴니 망 요 가격 살짝 저렴하다빵굿입 짧다 우리 조카 블 제리코 소금 빵 제일 여기 껀 땐 개도 먹음 눈 휘 둥글다 오 난리 발동 구리녹차 스콘 처음 스콘무난바질 크런치 퀸 망가면 바게트 일찍 겟하 바질 소스 바질 크런치 잠봉 샌드위치 존맛 사진바질 크런치 미치다 빵 순례 탑 조금 보 사서 친구 둘 반 띵하다 지금 땅 후회 바게트 샌드위치바질 크런치 바삭 양파 크림 치즈 바질 페스 토 조합 바게트 샌드위치 빵 질 기지 바삭 부드럽다 재료 자극 맛없다 담백하다 건강하다밤 식빵 밤 가격 정도 밤 밤 물 오히려 위 코팅 딱딱하다 부분 최고 인절미 크로와상 도 른맛 크림 노른자 슈크림 크로와상 눅눅없 바삭빵빵빵마켓 컬리 바질 크런치 사 보고 실제 빵집 가성 비 완전 빵 햄 치즈 바게트사진 반성 여기 최대 단점 홀 빵 자리 아쉽다 까눌레 까눌레 자체 처음 봄 바삭 촉촉 아주 묘 매력 바질 크런치 바게트 바삭 빵 사이 크림 치즈 바질 생 양파 수가 크림 치즈 무조건 딸기 크라상 원래 블루바질 크런치 하루 크런치 아쉽다생활의달인 맛집 오전 도착 대기 자마자 바게트 샌드위치 순삭 역쉬 대표 상품 답한강 뷰요 퀴니 망 달달 최고말 뭐 크라상 티어굿버터 프레첼 욤만 생 딸기 크라상 직 직 먹음 직 스럽다 생 딸기 가득하다 크라상 강추빵바게트 샌디 치 밤 식빵바질 크런치크로와상 맛집매장 아쉽다 빵오전 가면 따뜻하다 바게트 누룽지 바삭 고소하다 인생 바게트생활의달인 빵굿바질 크런치 제일바게트바게트 바질 크림 치즈 빵두 역시 담 샌드위치바게트 뿐 샌드위치 밤 식빵 리도 모든 아침 일찍 따끈하다 갓 빵 길이 기분 블 제리쌀 베이글 오븐 토스터 기 살짝 쌀 런가 고소하다 느낌
39,카페뎀셀브즈 망원동 소아과점,1353180628.0,블루리본 문 앞 왕창 호기심 만족하다 일반 다른 확 연하다 다르다 묵직하다 고소하다 공간 달리 인테리어 재미 멋지다인테리어 재밌다 보 편 한자리 공부 자리 다양하다 소아과 그대로 재현 재밌다 한몫밀크 슈페 너 산미 원두 달달 걸 편이 좀 계속 손 다음 에스프레소 어보 주말 점심 즈음 낡다 병원 간판 아래 궁금하다 매장 넓다 인테리어 구경 재밌다 공부 편하다 콘센트 자석 단체 작다 방도 개정 테라스 쾌지인 첫 병원 분위기 깜놀 독특하다 특색 지인 음료 직원 기분 사진 찍기 방이 방해 이야기 구경 재미 쏠쏠하다 망리 핫 해이렇다 색다르다 컨셉 처음 독특하다 음료 다양하다 쿠키 대박 대형 포근하다 레트로 완전 강추소아 변경 운영 병원 그대로 구경 재미컨셉 신기하다 이색 카페인 뎀셀브즈 적 소아과 그대로 모습 신기하다겨울 와중 초코 라떼 따뜻하다 몸 친구 인절미 크림 라떼 위 떡 크림 조화 인상 다음산책 중 아내 발견 블루리본 여러 획득 커피집 힘 옛날 병원 개조 독특하다 인테리어 건 덤 발걸음예전 종로 자주 뎀셀브즈 다시 역시 공간 색다르다 원두 설명독특하다 컨셉 인테리어 웨이 팅 컨셉 병원 독특하다 습 케이크 음 폭 신한 느낌 치즈 무엇 애매하다 취향 독특하다 컨셉 즐겁다매장 넓다 집중 작업 공간 대화 공간 분리 공부 작업 가기 괜찮다 케이크 레드 벨벳 그렇다 달 콤 크림 치즈 덕함 끝판 레몬 그라스 차 하니마다 공간 독특하다 아늑하다 뿐 논소아과 원장 실 처치 실 당황 병원 일부러 시내버스 혼자 타고 온라인 공수 드립 뎀셀브즈 클라시코 오늘 바리스타 손 빌어 사케 라떼 담 해구경 소아과 인테리어 재미있다소아과 변신 컨셉 재미있다 분위기 깨끗하다 엄마 동생 즐겁다 추억브루잉 엘클라시코 정도 솔직하다 기대 최근 중 원두 판매 시 매장 인테리어 병원 개조 이색 공간 일행 훌륭하다 인테리어옛날 소아과 변신 신기하다 추억 음악 분위기 차분하다 따뜻하다 느낌 인테리어 이기 꼬수 독서레드 벨벳 케잌 엘 클라시코 드립커피 레드 벨벳 케잌 덕 식감 적당하다 달달 먹기블루리본 잔뜩 병원 인테리어 신기하다 음료인테리어 신기하다조용하다 이야기 독립 공간 친구 못 디카 페인컨셉 독특하다 재즈 음악치 적 병원 평소 엄두 연휴 마지막 날 꽤 조합 디저트 즐겁다 자주남편 데이트 분위기 직원 그냥 디카 페인 드립 디카 페인깔끔하다 시원하다 아메리카노 오 블루리본 맛집 깔끔하다 슈톨렌 마들렌 꼭병원 컨셉 특별하다 음료병원 리 모델링 내부 독특하다 밀크 슈패너 인절미 크림 라떼내부 공간 특색 멋있다 블루리본 기대 음료책 글쓰기 공간 훌륭하다버번 캐스트 독특 관 장소 공간 재미있다망리 핫 일 줄 소아과 인테리어 군데군데 남아 독특하다 통밤 마들렌소아과 그대로 병원 이색 요 숙성하다 스페셜소아과 컨셉 특이하다 좌석 뒷마당 공간 날씨 커피한잔 국밥 든든하다 식후땡 절실 여기 산뜻하다 고소하다컨셉 재밌다 원두 진하다 분위기 아늑하다옛날 병원 분위기 물씬 힙 핫 레이스 분위기 취하 꼭 다시자리 인테리어 독특하다 재미 흠잡다 완벽하다 랍분위기소아과 컨셉 신기하다 인테리어 집중 작업인테리어 특이하다 이쁘다 기대병윈 분위기 유쾌하다 장소 꼭뎀셀브즈 원두 직접병원 줄 알 깜놀 독특하다 이색 분위기 구경 재미 음료일찍 아쉽다건물 특이하다 분위기 마음 디저트만족하다 인테리어 박물관 구경 음료 그냥럼블 완전 내부 좌석 왕 편하다 채광스페셜 티 인테리어 자리 영감 뿜뿜소아과 리 모델링 볼거리베버 리지 음료 바리스타 젠틀 공간 멋지다 즐겁다스페셜 티 주차 안되다 분위기 독특하다 선택 가능하다 디카 페인 원두인테리어 감각 블루리본 보장 맛집소아과 자리 그대로 재미있다 디저트 테마 특이하다 재미디저트 분위기 옛날 소아 그대로 유지 컨셉 재밌다병원 컨셉 신기하다 버번 캐스 콜드 브루 신기하다블루리본 스티커 입증 질 멋지다 공간로투 스크림 오마쥬 블랙 귀리 우유 허니 애플 유자 티 분위기 가면 늘다른 느낌 재미있다구경 한적하다 공간 구석구석 재미나 음악 취향루 토스 크림 라떼 토핑 사진 밍밍 달달 루 토스병원 컨셉 처음 구경 편하다종로 뎀셀브즈 이전 본점 소아과 병동 개조 인테리어 독특하다 카라멜 마끼야또 왜 아쉽다분위기 독특하다망리 접수 전학 온 종로 짱주민 추억분위기구경 특별하다 컨셉 청포도 이드 상콤 굿귀엽다 소아과 컨셉 핫 커피빈벌써 세번컨셉 재미있다 반려견 입장 제한 아쉽다유명하다 분위기 행복하다진하다 분위기 멋지다테마 공간 아늑하다 조용하다 공부 곳도 자주디카 페인인테리어 특이하다 블루리본 궁금하다 디카 페인 아메리카노 처 허니 애플 유자 약간 시럽 호불호 갈릴 약간 소아과 물약 약간특이하다 원두 깔끔하다 강 추하다원두 선택 공간 넓다 이야기 개인 업무 보기분위기 색다르다 데이트 장소 강추분위기공간 방 대화 좌석 요즘 날씨 땨 야외 좌걱인테리어 컨셉 자리 편하다매장 방 컨셉 즐거움컨셉 독특하다 다음 친구 끼리 이야기소아과 공간 분위기 특이하다청결하다 인절미 라떼 인절미 마들렌 인절미 맛집간판 보고 특이하다 디저트 분위기 조용하다여유 로움 쾌적하다이쁘다 처소아 과점친구 둘 좌석 넓다 쾌적하다 다행하다 크게 편하다 대화 좌석 간 간격 넓다 픽업 부분 아쉽다 근처 약속 재 의사분위기 힐링 오기레트로 분위기 옛날 병원 분위기 귀엽다 특색분위기 대화 장소분위기 독특하다 매력 음료인테리어 특이하다 사진 찍기 분위기 음료 디저트컨셉 신기하다 재밌다 원두 선택 가능하다 기도근처 커피숍 중 실내 외 분위기 여기 테이블 간격 적당하다 별도 룸 꽤 대화 자연 광 사진다른 발견 소아과 뎀셀브스 원래 촉 편이 저기 비상하다 블루리본 연속 와우 바로 킵 차 병원 건물 개조 빈티 뒷마당 야외 테라스 공간 정감 도자기 다시 그렇다 공간 느낌 랄 디저트 수다 알차다 핫분위기 테이블 간 간격 공간 활 용도 높다 일행라면 누구 알 뎀셀브즈 종로 지점 아쉽다 발견 기쁘다 날 덥다 산미 가장 강하다 엘클라시코 원두 아아 잔 필터 미가 다양하다 다음 매장 다른 음료 보고 반려견 동반 가능하다 아쉬움 조금만 역시 좌석 편하다 인테리어 컨셉 독특하다 무엇컨셉 독특하다 재밌다 밖뷰디저트 공간 재미있다병원 인테리어 개조 분위기 대박 사진반려동물 동반 테라스트 라떼 뎀셀브즈 처음 고소하다 무엇 라떼 원두 선택사진 이쁘다
40,흐쎄트,1213764678.0,모든 빵 움 과자류 하드 계열 빵 구매 취향 추 천 덕 실패하다 빵 그냥 흐쎄트빵 휘 낭시 바통 마롱 오늘 구매 못 빵 다음 재 상세 설명 뻔하다 덕분 즐겁다못 빵집 오픈 중이 셨던 오픈 도 빵 종류 플레이 팅 꽤 정리 우유 식빵 처 우유곽 모양 박스 주심 식빵 무난 스콘 베이직 은은하다 계속 제일 다른 움 과자류 궁금하다 빵오 쎄다 레알 종류 다양하다 듯지인 빵 맛집 일단 인상 프라이드 빵 입 무니 촉촉하다 식빵 고급 진 그득 행복하다 자주 애용 새롭다 이사 대박빵 보 휘 낭시 마들렌 까눌레 최고 우유 식빵 맛집 큰일 날 뻔하다 욥 서비스 여수 순간 다음 번 움 과자 맛집 졍오픈 기념 당첨 우유 식빵 선물 빵 요즘 쌀 빵안 시도 올리브 치아바타 크림 치즈 보고 바로 구매 식빵 얇다 두껍다 빵 배부르다 다음 날 구매 빵 하루 딱딱하다 사여수 적 반갑다 소식 기본 빵 알 새롭다 도전 마롱 밤 찰떡 쫀득 느낌 휘 낭시 밤 첨가 랄 요즘 날씨 느낌 굿굿굿바퉁 겉 딱딱하다 속 쫀득 러스크 과일 빵 어찌 촉촉하다 찰지다 죵 까눌레 겉바 촉 짐 까눌레 중 가장 소화 능력 빵 더부룩하다 흐쎄트 빵 정도 편하다 가깝다 단골 흐쎄트발견 신상 빵집 가게 작 빵 종류 다양하다 까눌레 크림 치즈 빵움 과자류 효모 빵 종류 알차다 다양하다 휘 낭시 까눌레 마롱 전부 순삭 바통 고소하다 건 빵 부 재료 득 우유 식빵 촉촉하다 보드랍다 재료 가득식빵 휘 낭시 마들렌 건강 빵 모두 빵 맛집우유 식빵 부드럽다 토스트 기 고소하다 식빵 주시 빵 설명바게뜨 씨리얼 강추 느슨하다 제빵 제과 경계 선 기강우유 식빵매장 분 빵 나중 쪽 근처 꼭겉바 촉 까누레 맛집 서비스 움 과자새롭다 뺑 쫄깃 촉촉하다식빵 소금 빵 보지 새롭다 빵 불편하다 곳빵 편안하다우유 식빵 다가 빵 최고까눌레 마카롱 스콘 마들렌 등 다음 우유 식빵네 자녀 가족 레시피 우유 식빵 아기 그냥 밥 앤줄 빵 입맛 고급바통 겉 부분 넛봉 하드 안쪽 찰빵 살짝 깜빠뉴 딱딱하다 싫어하다마감 직전 서비스 빵 번창식빵 비롯 빵 오늘 라떼 항상 기분 자주 이용빵조용하다 마시기바게뜨 빵다른 빵 크리스마스 시즌 슈톨렌 기대통밀 빵 식빵 치아바타 건 과일 빵 식빵 치아바타 퓨어 건강하다 평소 건강 빵 다음 통밀 빵 구매 성공하다빵 종류 다양하다 인테리어 조용하다빵 냄새 매번 눈 뒤집힙여수 빵 맛집모텔 옆 빵집빵 올리브 치아바타 팥빵빵건강하다 빵처음 빵집 냄새 너 빵 막 시작 뭐 빵 맛집 담빵 꼭빵 요빵빵식빵 구매의자 불편하다빵 자주빵음료굿굿굿편하다 빵집바통 까눌레다음 빵 볼 계획마이 까눌레빵 종류 다양하다빵 꼭빵굿까눌레 사이즈 별로 구매부드럽다광 제일 빵 맛집바게트빵 종류 다양하다여수 빵 맛집빵 크렌베리 견과류 바통 마음여수 잠시 빵집 유럽 정통 빵 꼭 가세 꼭 바게트 호밀빵 요 이렇다 바쁘다 시간대 담소 프로 페셔 열정 멋지다 빵 확신 었습 유럽 일본 비슷하다 찾기 힘드다 재료 쓰시 건강하다 설탕 범벅 싸구려 밀디저트 음료흐쎄트 빵움 과자빵 번창빵 담백하다자주여수 빵 맛집재료 빵 아주굿빵빵편하다밀떡 쵝오빵 대해 휘 낭시 편이 휘 낭시 계속 겉 쫀득 느낌 휘 낭시 뿐 만 빵 완젼빵빵빵종류 대형 베이커리 조금 비싸다 편 자주 감굿굿빵빵말씀 설명 빵가게 조그마하다 빵 욤빵빵여수 빵 맛집까눌레 최애 까눌레집 촉촉하다 휘 낭시 충격 살걸 후회되다빵굿굿굿빵처 식빵 말 크로와상 치아바타 까눌레
41,루아르 망원,1746391981.0,루아 떼 매장 분위기 조용하다 맘 편하다차 선호 탓 하동 쑥차 우리 대해 서도 설명 다른 일 집중 우려 문 사진 팟 차엽 우려 식 찻잔 번 정도 건 찻잔 밑 용도 알 포르투갈 스페인 어로 책 소품 궁금하다 파파 결과 자유 대한 내용 흥미진진검색 간곳 매장 심플 강추 강추괜찮다 버터 바 맛집 기대하다 이상 맛집 주차 토요일 차끌 겨울 춥다 그렇다 주차 자리 넉넉하다 다음 버터 바 분위기 만점분위기디저트 담 다시 루아 디저트지난번 주차 때문 여전하다 언니주차 가능하다 애견 출입 가능 뷰 직원작업 공간매번 케이크 종류 처음 치즈케이크크림 크림 과 아쉽다치즈 케이크 부드럽다 원래 이상 디저트 이쁘다아이스 아메 쑥 라떼 쑥 라떼 쑥향 달달 가볍다 우유 느낌 조금 아쉽다 고소하다분위기 디저트 쑥 밀크 티 처음 건 직원 분 앞 가면 여기 알음료 입맛 꼭 직원 언니 매장 분위기 종종근처 발견 완전 만족 약과 럼블 무조건 약과 때문 쫀득 달콤하다 바닐라 아이스크림 완전 찰떡 조합잔 크기 작다 크림 라떼 제일루아 떼 두번째 버터 바 아이스크림 애플 럼블만 여전하다 만족하다 가게 이용 주차 불법 때문 피해 제발 좀 그렇다 마약과 럼블 맛있숩펫프렌들리처음 한번 벌써 세번 동네 이렇다 직원 화장실 깨애끗 약과 럼블 싹 좀 아쉽다 한번 음악 소리 커서 귀가 쫌 아프다 음악 작업 오래오래 자리 단골 찜크림 묵직하다 기본 버터 바 아메리카노레몬 로즈마리 이드공부 노트북 책 공부 자리 혼자 여럿 팀 플하 살짝 애매하다버터 바 쑥 밀크 티 오묘하다반려동물 가기 먼저 강아지 용 물 쿠폰 혜자 스럽다 유 용 넓다 깨끗하다 쾌적하다 자주요기 서비스 설명 더더 스탬프 리트만 버터 바 작업 편하다카공 위해 소리 좀 소란 스럽다 치즈케이크재루아 떼 크림 라떼 맛집 요 쫀득쫀득 달달 루아 떼 입 숟가락 못놨어 매장 분위기 넓다 친 절하 시구 햇살 그냥 최공 살짝 신맛 신맛 분하동 쑥 밀크 티 냉침차 강추루아르 주차 가능하다 쾌적하다 음료 디저트카공 업무 회의 노래 소리 대화 소리 테라스 디저트 애플 럼블 사과 슬 라이스 어서 루아 크림 나중 아아 고소하다 당 심지어 쿠폰 잔 한잔 무료 혜자 앗 알바 신지 왕 심 기분장 보고 늘 루아르 디저트 타임밀크 티 요 쿠폰 주시 자주분위기 차분하다 넓다 공부 조용하다 디 자트 음료 직원 듀레몬에이드 로즈마리편하다유기농 아이스티 디저트 요루아르 알 고난 후 벌써 네 작업 오시 분 적당하다 소음 직원레 치즈케이크 리얼창문 커서 탁 깔끔하다 넓다 분위기 작업 거나 대화다행혼자 곱다 분투 와이파이 번호 센스죄송하다 정도 토스트 좌석 분위기 편하다주차 가능하다 자리 응건 책보 기도 대화 레몬 로즈마리 이드망원역 가깝다 사이즈자주 루아르 토요일 약간 음료카푸치노 반갑다 알 카푸치노 건물 외관 멋지다 화장실 분 한참 구조 바로 앞 테이블 기도 애매하다 위치 매장 음악 제법 크게 손님 말소리 음악 소리 크게 마음 건 달 유기농 아이스티 카푸치노 실망편하다 마시기만 재 여전하다 인테리어 공간 목 조금 부다 레몬 홍차쑥 밀크 티 최고 바닐라 빈 라떼쑥 밀크 티 겉 우유 쑥맛 약간 달달 주차자리 편안하다크림 루아 떼 완전 도리 베이커리 종류 편안하다작업 만석 일찍 자리 선점루아 떼하동 쑥차 주차 가능하다 잠시 노트북 작업굿쑥 밀크 티 디저트 쾌적하다 대화 자주 듯작업 공간 테이블 아래 다리 맘 테이블 널찍하다 세번 사진 센스 감동 소금 빵 젠 살짝 아쉽다조용하다굿분위기 여유 크림 덕인상쑥 밀크 티 완전조용하다 실제 존재 토요일 꽃놀이 한창 쾌적하다 약과 럼블 존엄왜 여기 사진쑥 밀크 티 쑥향 은은하다진해 주차공간쑥차 처음 레전드저녁 못 무화과 식빵 아아 노트북 작업 공간 마련공간차분하다 분위기 만족하다 근처 가게플랫 화이트 버터 바 모두 전부 넓다 공간 직원 작업처음 레몬 로즈마리 이드버터 바 라떼 세트 작다 주차공간 용특이하다 디저트 버터 건물 모던따뜻하다 레몬 홍차 맛집 레몬 웨 조각 투하 주심굿버터 바 여기 종류 다양하다 생각 딱딱하다 쫄깃 디저트 달콤하다 이탈리안 카푸치노 담백하다 아메리카노 원두 매장 분위기 아늑하다아메리카노 다크 따뜻하다 엽 버 타바 종류 여자 화장실 센스직원 공간 넓다 작업하동 쑥 밀크 티 건강하다주차 가능하다굿굳다루아 떼디카 페인 잔 조금 아쉽다 조금예비 창업 위해 팝업 스토어 볼거리 공간 조용하다 편 스터디분위기괜찮다 딸기 피스타치오 푸딩 징쨔징쨔버터 바신상직원작업아아 양 아쉽다 이탈리아 카푸치노 미지근하다 아쉽다깨끗하다 쾌적하다 좀 아쉽다쑥 밀크 티
42,도쿄빙수 망원본점,37837603.0,부모님 구경 유명하다 빙수 대서 강아지 유모차 동반 입장 가능하다 차 감동 빙 크기 문의 명 먹기 충분하다 보통 부족하다 유도 안내 저희 엄마 양심 시라 차 감동 애플 망고 빙수 크기 비쥬 달콤하다 중간 중간 꽉 망고 차 감동 일가을 도쿄 빙수 그니 토마토 빙수 우유 빙수 마지막 깔끔하다 달달 깔끔하다 당고 어요 직원 자꾸피스타치오 다소 느끼하다 라즈베리 콩 포트 잼 뙇 전체 밸런스 개인 토마토 빙수피스타치오 빙수 피스타치오 강하 라즈베리 청 과 조합도쿄 빙수 말 모말 모 피스타치오 빙수 특이하다토마토 빙수 둘 먹기 적당하다토마토 빙수 독특하다 후추 토마토 강하다 느낌녹차 생 초코렛 조합 날 덥다 실제 줄 웨이 팅 조금 불편하다 빙수 순환 빨 품절 품목 조금 블로그 검색 지금 판매 소금 얼음 빙수 시즌 상품 찹쌀떡 구이 오링 데쓰 매니저 알바타이밍 빙수 먹기 아쉽다 떡 구이 추가 저희 다음토마토 토마토 싫다 피스타치오 크림 물의 느낌 라즈베리 상큼 우유 빙수 안쪽 피스타치오 크림 더더도쿄 빙수 유명하다 이름 여름 가기 전 특이하다 빙수 토마토 빙수 피스타치오 빙수 등 분 위기 아늑하다 일본 아기자기하다 감성 커플 친구 남자 부부 등 주변 주택가 편하다 분위기과일 신선하다 빙수지난주 망고 빙수 오늘 토마토 빙수 요디저트 유명하다 도쿄 빙수 본점 빙수 일단 모양 신기 자두 빙수 흔하다 빙수 한번 픽 리얼 자두 엑기스 보통 합성 리얼 본연 매장 테이블 타이밍 기다림 깝 정도 시원하다 직접 통팥 추가 굿 초이스 팥 추가 강력망고 빙수 망고 젤리 식감 망고 시럽 보기 덜 빙수 우유 얼음 빙수 재 의사덥다 알 유명하다 빙수 고여 망빙 허겁지겁 재빅이슈 잡지 동생 비 부슬부슬 오기 빙수도쿄 빙수 자주 여름 꼭 저번 소금 빙수 이번 망고 빙수 요 망고 골 땡아아 여름 줄 이유 뭐 토마 토마토 빙수 후추 부분 환 상이 구 빙수 속 얼음 토마토 얼음 토마토 얼음 부분 마지막 빨대 음료 먹듯 줄 서서 팍 그대로 힐링 서비스 빙수 맛집 손님 근처 일 악 물 런 친라즈베리 퓨레 좀 피스타치오 속 속 피스타치오 흑임자 단호박 차 빙수 설빙 우리동네여름 줄 서서 날씨 쌀쌀하다 바로 입장 여웨이 팅 해도 도쿄 빙수 번 망고 빙수 달콤하다피스타치오 토마토 짱 듯세상 가장 빙수아이 망고 빙수 토마토 제일빙수 프렌치토스트 모두 웨이 팅할 의미 토마토 빙수 제일토마토 빙수피스타치오 빙수 궁금하다 피스타치오 시럽 고소 달콤하다 위 산딸기 소스토마토 빙수 찹쌀떡 구이 그냥 직원 끼리 굉장하다 친하다 다소 시끄럽다 뭐 특별하다 의치 계 절 빙수 복숭아 빙수 솔드아웃 못 직원 아쉽다빙수 가끔 항상 변하다빙수매장 밖 포도 넝쿨 빨갛다 문도 방토 빙수 제일토마토 빙수 강추강아지 산책 달 토마토 신선하다 평소 웨이 팅 오늘 운부끄부끄 복숭아 빙수 웨이 팅 빙수 그렇다 회전 율 대기토마토 혐 처 옆 테이블 망빙 드셧는데 보빙수 녹차 빙수 초콜릿피스타치오 텁텁한데 베리 콤포트 상큼방울방울 토마토 다음 복숭아 가야줄 서서 도쿄 빙수 실망손 작다 빙수 왜 유명하다 납득도쿄 빙수 본점 토마토 빙수 평일 한가하다 사이드 모두 품절 라며 별로 토마토 빙수 자체 독특하다 직원 좀이유토마토 빙수 강추 달달 설탕 절 토마토 우유 얼음 달 시원하다 순삭 매장 조금 협소 래서 아기자기 엽기 해토마토 녹빙 입맛 평범하다 토빙 용리뷰 그닥 오픈 키친 옛날 방식 얼음 산 위 말차 물 부어 염색 하얗다 림 생 초콜렛 다인 데 물가 전 금액 과 키 오스 종류 디저트 류 품절 시즌 안되다 종류 무더위 웨이 팅깔끔하다 빙수토마토 빙수 좀 색다르다 매장 좁다 아늑하다 느낌토마토 빙수토마토 빙수 먹기 불편하다 아주 토마토 빙수피스타치오 개존맛 자두 빙수세상 토마토 빙수 천재 요 이색땡볕 속 토마토 빙수 일단 나쁘다 비싸다 아쉽다 생 과일 그닥 부빙 본적 나로 더욱 아쉽다 웬만하다 카 페 우유 빙수젊다 감성 색다르다 분위기도쿄 빙수 방울토마토 빙수 기대 이상예전 상수 점도 지점 몇개 코로나 때문 중심부 망 원점 뿐 웨이 팅 가게 협 소하 기도 저녁 피스타치오 빙수 둘이서 먹기 아주 쪼금 양토마 토마토 잔빙수 부드럽다 달달 술술 인테리어 넉 일본 느낌토마토 빙수아기자기하다 빙수 망빙토빙 빙수 제일 키 리모 찌 쫀득쫀득 꿀 존맛완전 요토마토 빙수 다음웨이 팅 도쿄 빙수토마토 빙수 새 보고 마감 그릇 반납 반납 좀 아쉽다토마토 빙수 마시쓤 주민 규 줄토마토 빙수 처음주차 조금 어렵다 근처 주차장 주차 오픈 자리 처 토마토 빙수 시원 깔끔하다 끝소스 아주 달콤하다 도쿄 빙수 못참쥬애플 망고 빙수 토마토 빙수 우유 빙수 얼음 빙수 시원하다 가요말 뭐 도쿄 빙수 토마토 빙수 만 여전하다 싱그럽다 요즘 여름날 다만 매장 대기 좀 가게 앞 차양 그늘 가게 바로 건너 장미 사진 구경 심심하다토마토 빙수자두 빙수 당고 비싸다예전 보고 토마토 빙수 미처 궁금하다 욤 은근 매력 토마토 말 쮸쮸바맛 살짝 비슷하다 여기 빙수역시 유명하다 이유 굿굿인 빙 필수 듯방토 빙수 기운 바로 빙수 이상 매장 작다 배달 거저 토마토 제일 강아지 동반 다음 파스타 보고역시 도쿄 빙수 토마토 빙수 짱토마토 빙수 여름처음 방운 방울 토마토 빙수 모 우리네 빙수 달달 구리 최대 장점 어머니 생각 바로 포장 완료 자주토마토 빙수 특이하다꼭 최애 가게 토마토 빙수 별미주말 포장 역시 매장 에어컨 바람 용 다음 기 매장 용자두 빙수 콤달콤무방울토마토 빙수 다음내사 토빙토빙토마토 빙수토마토 빙수 젤 매장년전 만 자리 반갑다 여름 달콤하다 방울토마토 빙수 맛집덥다 날씨 빙수도쿄 빙수 처음 토마토 빙수 처 던데 다음 가면비주 얼 압도 최고 여요단가 안되다 자두 빙수 자두 시럽 자두 알 사탕 알방울토마토 빙수 복숭아 빙수 새롭다 복숭아 빙수 인위 적당하다 달여름 빙수 줄 서요 회전 률 빠르다 편 토마토 빙수 전 녹차 녹차 진하다처음 방토 빙수 지금빙수 공간 좁다 늘 아쉽다여기 토마토 빙수토마토 빙수 처 보지 못 색다르다 빙수 요 토마토 우유 얼음 거기 후추 가루 그게 신의 한수인 듯 색다르다 꼭 한번 볼 듯 담 다른 빙수 기대토마토 빙수굿좁다굿굿굿
43,HHSS HOUSE,1237365247.0,뷰 보고 여기 질문 위치 의심 다른 세상 느낌 공간 신발 바닥 뜨뜻하다 난방 일자 테이블 창밖 잔잔하다 대화 친목 목적 라면 롯 조용하다 공간전 궁금하다 만큼 창문 뷰 내부 인테리어 차분하다 직접 스콘 고소하다간판 아예 알 찾기 어렵다 분위기 독특하다 겨울 얇다 샷시 어떻다 보완 궁금하다 화장실 옛날 변기창문 뷰 보고 생각 자리 간격 좁다 조금 모두 일 모습 자극 씨 유명하다 공간 신발 양말 구멍 나진 확인 가세동남아 분위기 냥 이색 창문 가득 나뭇잎 뷰 힐링 자체 바람 날 인 센스 에어컨 바람 자연 바람 기어 개미 자연 친 적 시끄럽다 사색 분위기 얼음 시원하다 아이스커피 모 색다르다창가 앞 나뭇잎 뷰 멋지다 공간 책 작업 멍 제일 에어로 프레 이용 드립커피 팔고 위스키 술 판매 이기 때문 밤 혼술 기도아웃 테리어 인상 핸드 드립 머신 보이지 그렇다 음료 공간 격 창가 자리 푸릇 나뭇잎 마음 평평하다 전체 면적 좁다 시간대 피 권장 유념 애로 사항 창가 에어컨 구형 덥다 편 화장실 노후 건물 각오 야하다 그렇다 공아늑하다 한여름 좀 덥다만 취향 저격 치앙마이 다음 작업뷰 강아지 행복하다오픈 한지 얼마 남아 공간 학생 할인 가능하다 콘센트 카공낮 보고 밤 술 저렴하다 밤 분위기벌써 번 특유 감성 창밖 나무 스무디 강력잔잔하다 멍 매일 하루 한번 꼭 멍 마음 편안하다 종종분위기 작업 입맛창밖 연두 연두 나무 집중 작업조금 힘드다 창밖 나무 근처 자주오늘 스무디 말모 스무디 최고도심 속 작다 터 앞 자주 이렇다 알 행복하다인스타 보고 앞 아무 생각 이렇다 작업 북적 간단하다 술 종류 뷰 자주뷰 드립깔끔하다 작업 다음 의향공간 시원하다 아늑하다 다정하다원두 쓰시 편하다 가기 공간 요초록 초록 나뭇잎 뷰 아늑하다 편안하다 가을 작업음료 뷰 지역 오기굿작업
44,단고당,1272551533.0,지인 선물 냥 화과자 구매 가볍다 케이크 날 기억 귀엽다 선물 최고 음료 디저트 다음 시즌 냥 화과자 기대하다무화과 가득 롤케이크 고양이 화과자 디테오늘 덥다 빙수 차 빙수 처음 차갑다 달 냥 일본 리키 리 매실 귀엽다 아깝다 가게 분위기 힐링 슈크림 다른 뉴무화과 롤 케잌 화 속 알차다 화 만족하다 케익 맛집 인정 홍차 머그잔 디저트 홍차 디테 좀 아쉽다귀엽다 심장 아프다 매장 분위기음료 달 신선하다 시럽 쓰시 과일 그대로 착즙 오히려 단체 테이블 대화 분위기타 드물다 예전 미리 저장 고당 비 억수 날 면접 근처 간 김 힐링 겸 결론 말 재 예정 여기 건 입 아프다 화장실 깨끗하다 중 요한 건 여기 망고 롤 케익 망고 타르트 어어 무 선물 지인 극찬 망고 이인귀엽다 사랑스럽다 화과자 사진 달 차 라떼 평가단체 석도 꽤 테라스 날 테라스 아쉽다 무난 우도 디저트 엇어목포 기전 칭 마침 자리 냐옹 화과자 귀엽다 모자 유자 차라 살짝 실험 고소하다 계속 중독복숭아 파이 곶감 파이 바삭 냥 달콤하다 곶감 수가 응대여름 팥빙수 꼭 화과자 과일 롤케이크 매우디저트 종류망고 망고 롤 케잌 중간 망고 덩어리달달 팥 디저트 솔직하다 태운 느낌 패션 플릇 팥 팥빙수 강력빙수 분위기깔끔하다움 선물 짱 짱 움 앙금 달달 유자 맛남 녹차 원래 팥맛밀크 티 아이스 아메리카노 고양이 화과자 시즌 메뉴인 호박 푸딩 호박 푸딩 달 호박 마음 어요 화과자 달 줄 적당하다 밀크 티 달 체적 달기 적당하다 오히려 마음 개방 감 분위기 라면 차분하다 분위기고양이 화과자 귀엽다팥빙수 날 춥다 카페라떼 조금 밍밍 데 티 종류 주스귀엽다 능음료선물 용 화과자 세트 선물 용 딱이다가게넝무 움 아이귀엽다 크리스마스 냥 근처 선물 냠화과자 귀엽다 전체 어른 먹기소품 디저트 귀엽다 나무 크리스마스 트리 계시 다음 의사딸기 롤케이크 크림귀엽다 고양이 화과자 달달그저께 오픈 오픈 할인 중비건 디저트 뷰 한가하다 평일 듯 이렇다 사이즈 뷰 시원하다 듯빙수 발견 차 빙수 빙수 인분 차 종류 가격 저렴하다 편이 못 다시 요 리뷰 고양이 화과자 지금 아기 돼지 귀엽다 데구르르괜찮다 항상고양이 화과자 귀엽다화과자 구매 달 앙금 자체 화과자 처음 먹기 민망하다 정도 귀엽다 눈 감고 왜 움 일본 동경제 화과자 전공 쉐프 디저트 매장 진열 냉장고 귀엽다 화과자 잔뜩 직원 여름 국내 산 팥빙수 개시달콤하다디저트 아쉽다 타르트동네 알탕집 가깝다 케익 이쁘다 비싸다 물가 비싸다트리 친절 케잌 저렴국산 팥 팥빙수 가성 비도 편하다 야외 테라스 달달 간식 잠시 이집 말차 빙수 화과자 달 괜찮다앙금 동물 디저트 재밌다 디저트 만족팥빙수 롤 케이크간 다쿠아즈 늠 달디저트 기엽 빙수 독채 넓다레몬 타르트 자주굿앤쿨돼지 냠팥빙수연신내 작년 온 고당 역시 딸기 디저트팥빙수 딸기 음료 굳다요굿고양이 화과자 귀엽다 선물딸기 듬뿍 롤 케익 마들렌 서비스화과자굳다 굳다옛날 디저트 원래 사과 모양 화과자 곰돌이 모나카 귀엽다 사진 찍 겸 왔댱 보 니 다른 디저트 훨존맛 부드럽다 고급 진 밀크 초코 바닐라 무스 브레스트 달달 프랑스 애플파이 타르트타탱 무 먹음고양이 화과자 유명하다 음식 응대타르트자알 먹기 아깝다 비주 얼고양이 귀엽다 귀엽다 괜찮다 편입 니팥빙수 맛집깜짝 놀랫딸기 디저트 딸기 음료 말차 좀 약하다 말차 딸기 디저트 도 상 딸기 전부빙수 화과자굿 아주역대 비주 얼올해 딸기 디저트 중 제일 테이크아웃 멀리 간다 아이스팩 신경 직원 다음 재 의사굿좀디저트 직원 모두 매장 아늑하다 사진 찍기아아 크림 브륄레 타르트 외양 이쁘다 카운터 뒤 일본 수료증 인상 디저트 라인업 양과자 화과자 다양하다 계단 차 높다 쟁반 좀 무거워 근력 분 살짝 힘들다 화장실 인용 인용 좌석 배치 다양하다 크림 브륄레 타르트 음료 궁합 디저트 힘 준어멋 디저트 오늘 너 무 덥다 공 아이스 라떼 오 꼬숩네용 라떼 느낌 사이즈 다음 디저트 볼 용 제로 페이도재 의사 프로분위기 굿책상 땅따땃 라떼 레몬 타르트 다음 날딸기 파티수제 레몬 청 이드 디저트 레몬 타르트 신선하다 요덥다 빙수 빙수 대요 욥디저트 유명하다 만족빙수 깔끔하다 다음 간다 인 빙수스타일 자주롤케이크 요푸딩 작다굳다굳다
45,바이어리셔,1513540731.0,동생 재 이동 빵 맛집 거의 에그타르트 여기 최고 욥 까눌레 겉바 촉 진 정성 휘 낭시 딱하다 스타일 요기 껀 견과 무화과 조화롭다 치즈케이크 이번 테린느 궁금하다 살살 진하다 부드럽다 말차 테린엄마 생신 치즈케이크 읍 치케 입맛 까다롭다 매가 계속 치즈 아주 덕 엄니 생신 케이크 성공하다 읍 번창항상 검색 반갑다 치즈케이크 마운 선물 도초코 테린느 부드럽다 진하다 생 초콜렛 느낌 에그타르트 두툼 달달치즈케이크 맛집 서치 리뷰 어머니 생신 겸 예약 부드럽다 무엇 진하다 됴 밀가루 맘 픽업 말차 까눌레 서비스 담 까눌레 앞 번창에그타르트 맛집 요 타르트 높다 먹음 직 스럽다 크림 부분 부드럽다 크리미 휘 낭시 생각 바삭 함 덜하다 아쉽다 부드럽다 식감 분 만족하다 재료 전반 미가까눌레 에그타르트 일부러 까눌레맛 패스매일 문 모습 오픈 걸 보고 구매 완전 치즈 케익 까눌레 에그타르트 완전바스크 치즈 케익 둘 먹기 사이즈 살 번창말차 테린 밀가루 설탕 바스크 치즈케이크 밀가루 일단 말차 테린느 입안 녹차 미가 살살 완전바스크 치즈케잌 퀄리티 만족치즈케이크 원래 여기 치즈케이크 엄마 보고 계속 서비스 주신 까눌레 존맛 담번 스마트 스토어 배송매장 휴무 무엇 습산책 디저트 잠깐 에그타르트 바스크 치즈 케익 아주 재료 용한주말 발견 맛집 부모님 어른 본연 밀가루 설탕 그렇다 달 고급스럽다 다음 다른 디저트재료 움 과자 케이크디저트글루텐 프리가 최애 바스크 치즈케이크디저트 맛집 유명하다 겉바 촉 까눌레 에그타르트 감동여기 에그타르트 바스크 치즈 케이크 에쉬레 휘 낭시 에그타르트 계란 필링 마치 부드럽다 계란 푸딩 바삭 타르트 스타일 바닥 바닐라 빈 밀가루 바스크 치즈케이크 은은하다 크림 치즈 인상 부분 마치 치즈 빵 느낌 스모키 까눌레 바닐라 까눌레결 부드럽다 누구 디저트 에그타르트 다음 세트 사서 생각 동네 깔끔하다 이쁘다 디저트말차 테린느 바스크 치케 존맛포장 순간 달콤하다 냄새 보기 전 은은하다 움 과자 반하다 재료 에그타르트 왜 작다 타르트바스크 치즈케이크 다음 구매빵바스크 치즈케이크 에그타르트 구매 선물 극찬 아마 선물 용 간식 용 종종 애용 건강하다 디저트 오래오래에그타르트 까눌레 짱에그타르트 까눌레 겉바 촉 미치다 다음 다른 보고남다르다 에그타르트 빚 매장 당일 재료 베이 킹 에그타르트 디저트 선물 바로 포장 비 별도 추가매우 인생 맛집 추가 크리스마스 다시 예약 후기 얼른 작성 치즈 케이크 가끔 보고 어디가 바스크 치즈케이크 거부 감 덜하다 기억 친구 맛집 맛집 고민 걱정 인생 치즈케이크 제일재료 당일 매장 베이 킹 근처 디저트 선물 선물 데 행복하다 경험 만 바닐라 빈 에그타르트 말차 테린느 심지어 바스크 치즈 케이크 모두 납품 직접 베이 킹 전부 외관 사진 확인 지도 보고 가다가 헷갈리다치즈케이크 중 제일 덕분 행복하다바스크 치즈케이크 바닐라 빈 에그타르트바스크 치즈케이크겉바 속 촉촉 에어 프라이 느낌 사진 생각 못 순삭디저트 에그타르트 까눌레 최고 내부 공간 테라스 비 분위기여러가지 까눌레 겉바 촉 럼맛 에타 묵직하다 커스터드 느낌 좀 타르트 지도 휘 낭시 쫄깃해 무화과 젤 바스크 치즈 케익 냉장고 둿다 하루 이틀 덕 먹엇어친구 아이 자고치즈케이크자전거 타고 깔끔하다 내부 자꾸 눈길 촐 내공 갠 에그타르트 까눌레 괜찮다 다음 번 처 보고디저트 맛집 용번케익 맜있어 동네 맛집바이 요즘 유행 디저트 정석 개인 입맛 선 호도 디저트 선물 한강 공원 근처 디저트 가도 디저트 맛집솔티드마들렌 휘 낭시 까눌레 등 다양하다 먹기 크기 가격 괜찮다 한강 공원 가깝다 피크닉전 치즈 케익 보고 감동 바이 처 에그타르트 는걸 당장 여 윽 시 다르다 에그타르트 처음 걸 후회 혼자 직성 다음 왕창 계획 이렇다 에그타르트 고맙다까눌레미치다 녹차 디저트 테린느 정석 파베초콜릿 무게 감 덕 쫜득함 초콜릿 쓴맛 녹차 서로 너 무 완전 에스프레소 디저트 키토 닉 식단 중이 밀가루 설탕 디저트 행복하다 타르트 필링 개미 엄마 대체 대요 얼그레이 까눌레 얼그레이 진하다 달까눌레중 최고 미슐랭 스타 아무나 가요 몇개 아쉽다 정 도예매장 깔끔하다 움 과자 저녁 가면 품절 꼭 예약 한강 공원 도보 디저트 픽업 해 기도 용특별하다친구 직접 그때 보고 오 겉 바삭 속 몽글몽글하다 에그타르트 반하다 처음 직접 존맛 에그타르트 외 버터 휘 낭시 역시 가격 좀 감 에타 만세빵 중 움 과자 까눌레 휘 낭시 에그타르트 오픈 종류 별로음 얼그레이 약하다 처음 잘못 줄 친구 의견 다음 가면 테린느한강 원가 빵크닉 바이 바치 케 이번 버터 프레첼 꿀 발라 진짜진짜 포장까눌레 타르트 케익 요 식 부드럽다 쫀득 우무 얼그레이 까눌레 짱짱 선물 종종제일 디저트 에그타르트 휘 낭시 까눌레 바스크 치즈케이크 존맛회 용기 할인 까눌레 진하다 생각 모양 눌 레인 종종 이번 까눌레 에그타르트 풍부 흡족하다까눌레 맛집 다른 움 과자 까눌레 꼭 얼그레이 까눌레 담번 까눌레 세트 구매 보 고프다빵 순이 천국 동네 유명하다 빵집 역시 역시 사 휘 낭시 겉바 촉 미치다 처음 분 축복골목 구석 운 과자 맛집매장 오픈 첫 골인 디져트 가게 깔끔하다 깨끗하다 부부 마들렌 까눌레 바스크 치즈케이크 말차 테린느 입 살살 가시 꼭인스타 보고 느낌 꼭 디저트 오늘 영접 진짜진짜 말차 테린느 구 바닐라 마들렌 어떻다 해 매일 에그타르트 처 돌이 진하다 종종 쟁여오렵맛집 요 맛집 발견움 과자 종류 다양하다 진하다움 과자 종류 다양하다 디저트한강 공원 도 가깝다 피크닉 기전까눌레 겉 바삭 에그타르트 바닐라 빈 말차 테린느 파베 초콜릿 브라우니 라면 꼭 쪼 득바스크 치즈 케이크 맛집 확실하다 구매 후 냉장 실 후바스크 치즈케이크 버터 프레첼 깔끔하다 용평소 움 과자 디저트 찾기 어렵다 움 과자 디저트 전문 확실하다 비주 다르다 다르다 서비스 쿠키 짱짱 한강 공원 요즘 날씨 바이 움 과자 피크닉 딱이다바이까눌레까눌레 중 최고 까눌레 마니아 로서 중 제일 맛집 댓글 보고 다른 땐 그냥 앞 까눌레 바이고급 지고 풍부하다 말차 테린느 강추 포장 선물 용선물포장 한강 원가 덕분 분위기 까눌레 용기대 그렇다 생각 그냥 건 디저트 로서 평범하다 디저트 가면 조금 아쉬움늘 마다 마음에그타르트 강 추하다 부들 부들하다 겉 바삭 데 속 부들 푸딩 식감 고급 진 차갑다 선물단면 좀 모두 사진 상 까눌레 모 스탈 에그타르트 추가 결 감동 서비스 주신 일 처음 경험 구매 정도 바삭디저트 고급 지고 미도 진하다 가격 퀄바스크 치즈케이크 까눌레 마들렌 휘 낭시 전부 순삭 리얼 맛집 에그타르트 한번에그타르트 패 시브 사고 가야에그타르트 바스크 치즈케이크 꼭 판매 중인 디저트 껄 후회말차 테린느 종 까눌레 상당하다 행복 선사 합정 꼭빵종류 별로 분 지금 까눌레중 제일치즈케이크새롭다 디저트 맛집 바스크 치즈케이크 버터 프레첼 말차 테린느 가면 품절 주차 가능하다 차 포장 오기 바스크 치즈케이크 제일 덕 묵직하다 가격 비싸다 느낌 완젼 혜자 스럽다 윰 선물 세트 부담 사이즈 가격 가볍다 선물에그타르트동네 유럽 스탈 빵집 걸음 역시 재 의사 퍼센트 케익 아메리카노 야하다 입 가득 입맛 살짝 욕심 껏 못 아쉽다 꿀 프레첼 미네 굿굿 마지막 타르 최근 은 최고 서비스 주신퀄 디저트 직원 최고바닐라 빈 에그타르트 묵직하다 자주구매 후 다른 매장 구매 확실하다 바이 매장 합리 생각 듭 가격 중량 확인 구매에그타르트 다이어트 중 입 소름언니 생일 선물 케이크 다른 빵 구매 칭찬리뷰 전 주말 치딩 음식 바스크 케잌 유일하다 스트레스 전문가 말 나름 여러 타입 치즈케잌 타르트 바이 제품 전빵집 움 과자 여기 주위 영업 재료 가격 착하다 퀄리티 그렇다 워낙휘 낭시 발견 에그타르트 휘 낭시 까눌레 식감 대박 데디저트 사진 못간 보람 바치 케 부드럽다 에그타르트 굿 만족하다 매장 직원 기분완전 완전 테린느 덕 고급 지게 부드럽다 까눌레 겉 바삭 속 쫄깃 그렇다 말차 잘나다 서비스 오 주신 쿠키 고급스럽다 근처 가면 자주
46,키오스크,38015307.0,요새 프토 유행 궁금하다 프토 맛집 잉글리쉬 블랙 퍼스트 티 프렌치토스트 사과 절임 토핑 자마자 따뜻하다 그냥 입 요새 사과 철 런가 사과 어요 달달 삭 계피 솔솔 토핑 사과 절임 막 달 그냥 촉촉하다 부들부들 자체프렌치토스트 부드러움 고소하다 뜻 달달 함 조합 입맛프로슈토 맛집 유우 키 오스 매장 좁다 발길 이유 기본 토핑 추가 가능하다 토스트 가능플레인 위 가격 착하다 플레인 음료 그게 만원 행복만 키 오스 녹 차단 팥 토핑 만족하다 키 오스 번 매력만 키 오스 프렌치토스트 여전하다 뚝딱 주시 반갑다 소중하다프렌치 토스트 키 오스 퐁실퐁실 크림 굳다 다른 토핑들 보고 마지막 느끼하다 살짝 아메리카노 수혈 좌석 협 소한 데 불편하다촉촉 프렌치 토스트 달달 아주아이스크림 디저트 아이스크림 아래 빵 적절하다 먹기 딱이다 바나나 블루베리 토스트 그것 비 재료 간 느낌 어쨌든 매장 어떻다 특유 느낌 그것 인상 건물 화장실 깨끗핟다촉촉 달달 프렌치토스트 다른 크기 작다 편이 가격 저렴하다 괜찮다다음 꼭 가야 징프렌치 툐 슈트 덕 땅콩 고쇼 토 슈트 용구 다음만족하다 고재 이번 빵 크기 작고 그냥 그렇다 빵 양도 작필수 코스 키 오스프렌치 토스트 명가 망키 나용 가성 비 비무조건 함 동네 놀러와 키 오스 프렌치토스트 못 간다 부산 돼지국밥 못 온 격임 바 보태 정도 강추 블루베리 허니 뭐시기 함 음료 진저에일 함 캐나다 드라이 예상 진저에일 진 매력 매장 협소 편이 좌석 편하다 생각촉촉하다 프토 쫀쫀 바닐라 아이스크림 조합 환상 접시 뻔위치 투떰즈업 건너편 어쩌다가 약간 구석 금방 프렌치토스트 기본 사천원 토핑 추가 오천원 가격 착하다 가격 대비 크기 적당하다 마카 처럼 절 블루베리 치즈 뭐시기 프렌치토스트 겉 살짝 토스티 단단하다 데 가운데 뭉근하 달달 부드럽다 극락 솔직하다 쿠키 사천원 가격 자리 구프토 맛집 좀 좁다 협소 분위기 혼자 프토 먹기 혼자 먹기 적당하다 양으로공간 추억 설레다 그리움프렌치 토스트 자리 협소프렌치 토스트 여기 짱공간 협소 의자 작다 대화 편하다 아메리카노 다른 양 프렌치 토스트 식사 후 디저트 명 먹기 적당하다 절 블루베리 허니 크림 치드 프렌치 토스트디저트 프렌치 토스트 비 날 따뜻하다 달달 프렌치토스트 최고자리 협소합 음악 소리 커서 대화 적합하다 환경 다른 리뷰 좌석 마 불편하다 토스트 혼자 개도프토중 젤인생 프렌치 토스트토스트매장 작다 테이블 간격 협 한편 매장 난방 매장 춥다 디저트 손 합격 목걸이인스타 보고 딸기 토핑 콤 달콤하다 땅콩 버터 바나나 단 고소하다여기 계단 타고 안쪽 그렇다 인 음료 필수 망하다 놈 힙 스탈 불편하다 좌석 데 공간 좁다 인석 다인 석 불편하다 감수 인 운영 바쁘다 나중 안쪽 벽 빔 볼 수도 입구 쪽 테이블 위 아이패드 볼 왕 친절 분위기토스트 어어 무 담 크기 협소해 대화 나누기 편안 한편 디저트 가야라떼 굿 토스트 생각 작다프렌치토스트 아주 좌석 편하다토스트 요프렌치토스트프렌치토스트 건 아메리카노토스트 미치다 놈 개존맛토스트뽀글 머리 남사 장님 프렌치토스트 키 오스 정도굿매장 좀 협 소하 착하다 가격 굿토스트 라임 글 레이즈 토핑 건 신의 존맛 감탄 갠 생각 작고 아담하다 딱하다 불편하다 건 토스트 진심 토핑 보고프렌치토스트 음료 밀크 티프렌치토스트 음료 토스트 토핑 레몬에이드 전부 시럽 과일협 소하 가격 합리서비스 아쉽다차별 프렌치 토스트 타르트 속 폭신 몽글몽글하다 테두리 얇다 페스 츄리 비슷하다 식감 식감 완전 반했어 재 의사 오후 명 정도 자리젤 토스좌석 좁다 불편하다 감수 정도 프랜 치토스이유 촉촉하다 프토프렌치토스트 맛집 분위기 조용하다굳다토스트 처음 왜 깨달음 해먹 확실하다 다르다 빵 겉 살짝 바삭 데 속 촉촉하다 부드럽다 순삭토스트 몽글몽글하다 카페라떼 공간 협소합프렌치 토스 토 꼭프렌치토스트 종종 음료 가격 좀 프토 존맛프렌치토스트생각 장소 협 소하 키 오스 분위기 프렌치토스트 음료 양 좀 편이물이 싱겁다 밀크 티 마음 그러하다 빈자리 테이블 시끌벅적하다 에어팟 끼 오늘 아쉽다 항상 기분 이렇다 날 여유 항상 애정토스트 달달토스트 냄새 기분 양 아쉽다사랑 씁쓸하다 따뜻하다 밀크 티 겉 만 쫀득 속 촉촉하다 토핑 프렌치 토스트 레몬에이드 토핑 뭘 증말 인 토스트 꼭프렌치토스트 말 가격 공간 협 소하 생각 가게맛집 천국따뜻하다 티 바닐라 아이스크림 스쿱 프렌치토스트세상 밀크 티 시럽 미가 깊다 토스트미치다굿굿굿굿레몬 글 레이즈 시 쫀득 부드럽다 모든분위기 아지트좌석 작다 아쉽다 가격 나쁘다어제 춥다 카페라떼 온몸 기분 고소하다 원샷 뻔하다 라떼 게다가 프렌치토스트 인생 프렌치토스트 땅콩 버터 바나나 조합최고최고양 인 토스트바나나 땅콩토스트레몬에이드 프렌치토스트키 오스 역시토스트 양도 적지 다음 다른 토핑 토스트 공간 협소했 그것 모두 만족하다토스트 푸딩 밀크 티
47,푸쉬오프 커피앤바,1369333799.0,매번 새롭다 자극 뒤 휘발 분초 사회 경쟁 매우 치열하다 간다 어떻다 분야 막론 본질 기본 중시 점점 입지 탄탄하다 마련 디저트 훌륭하다 주말 모든 소모 깝 공간 이상 장소프렌치 토스트 완전 만족스럽다 카라멜 매우 강하다 강의 단맛 달콤하다 카라멜 부드럽다 아이스크림 부드럽다 촉촉하다 빵 매우 조화롭다 다음 친구 땐 인 프토카라멜 라이즈 드된 프렌치토스트 극락 근래 프렌치토스트 중 부드럽다 식빵 위 아이스크림 촉촉하다 부드럽다 브루잉 베리 베리 프렌치 토스트 토피 넛 크림 맜있 에스프레소 금방 한잔 바로 옆 접근성 컨셉 자체 스케 터 느토피 넛 크림 라떼 크림 덕 녹진하다 달달 견과류 고소하다 프렌치토스트 빵 부드럽다 시럽 덕 시원하다 아이스크림 거기 목재 가구 인테리어 힙 노래 전체 분위기 앞 자주프렌치 토스트 맛집 여기 수제 솔티드 카라멜 소스 단 겉 바삭 촉촉 선셋 이드 바닐라 라떼 진하다 왜 맛집 알 분위기 힙 데이트 맛집프렌치토스트 엄청나다 그냥 그렇다 프렌치토스트 비교 안되다 달달 카라멜 소스 아이스크림 촉촉하다 프렌치토스트 조화 꼭 카라멜 소스 일단 그렇다 카라멜 푸딩 바나나 푸딩 맛날 칵테일 판매 분위기 다음 바나나 푸딩 꼭 귀엽다 댕댕녹진하다 느낌 푸딩 묵직하다 질감 농밀 바닐라 적당하다 단맛 요 만족 만족 장님 매장 머싯어 가깝다바나나 푸딩 밀도 높다 크림 바나나 크림 바나나 조합 뭐 맛없다 기 힘들다 카페라떼 만 양 편 분위기 음식 평일 기준 한가하다 작업 괜찮다미치다 듀 우유 덜 뜨겁다 정량 달라 요청 센스 잔 몹시 감동 덕분 플랫 화이트 기분 프토 바 카푸 싹 미치다 프렌치 토스트 아이스크림 념긋 토스트 폭신 달콤 시나몬 굳다 바나나 푸딩 걸 바치 카라멜 푸딩 계란 제법 강하다 편 쌉싸름하다 카라멜 소스 중화 줌 환상강아지 귀엽다 혼자 디저트 못 디저트 보고 혼자 바나나 푸딩 뿐 다만 전 푸딩 화장실 깨끗하다프렌치 토스트 시럽 달달 아주 프토 때문 산미 원두 아아 한번강아지 귀엽다 프토 짱 의아 프토 예정 닷동그랗다 푸딩 바나나 푸딩 티 아아 궁합아메리카노 푸딩 산미 원두 깔끔하다 완전 푸딩 다음 꼭 바나나 푸딩 귀엽다 강아지 매장 음악 분위기 재프렌치 토스트 위 아이스크림 일부러 아이스크림 달라 요청 부들부들하다 촉촉하다 캬 소스 단 거리 아이스크림 쫀득 토스트 기절프렌치토스트 대충 식빵 차원 다르다 꼭 산미 선택 가능하다 착하다 초코 강아지 매장 넓다 프렌치토스트여자친구 토스트 보고 눈 만 주민 부럽다토피 넛 크림 라떼 존맛 디저트푸딩 푸딩 꽤 만족 해씁 다용 원두 어차피 납품 뭐 푸딩 꽤 인테리어 정도 꽤괜 존귀 강아지캠핑 보드 연성 눈 매장 인테리어 특이하다 편안하다 바나나 푸딩 크림 시원하다 부드럽다 바나나 슈가 코팅 캐러멜화 재미 오감 만족 대화 았던 반전구성 알차다 다양하다 위스키 칵테일 게다가 진토닉 다양하다 주류 분 카 분 바 낮 밤 언제 고 분위기 동시 디저트 미치다 도리 꼭 프렌치토스트 머릿속 샹투스 시 인테리어 구경 재미 데이트 혼술 작업 가기 업체 제품 서비스 제공 작성 리뷰크림 라떼 존맛 꼬숩꼬숩 달달 구리 쭉쭉 가유 매장 컨셉 계속 분위기 강쥐 기엽구 리얼 최고프렌치토스트 존맛 분과 댕댕 기엽 여사 장님 매일 가면 심심하다 바 얘기 훌쩍 가요 혼자 기도 그냥 오프 단골 오늘 디저트 허겁지겁 사진 디저트 궁금하다 꼭 프렌치토스트 부들부들 존맛힙 깨끗하다 분위기 샌드위치 든든하다골목 안쪽 조용하다 공간 아기자기하다 스트릿 감성 인테리어 노래 카라멜 푸딩 여태 푸딩 제일 여러분 무족 푸딩 다음 바나나 푸딩 볼 크로크무슈 치즈 듬뿍 다음 재 친구 영업 당하다분위기 재밌다 골목 끝 오프 앤바 동네 아지트 느낌 녁 간단하다 한잔 술 모두 가능하다 바나나 푸딩 크림 부담 달달 술 과도 다음 낮 해힙플 구경 칵테일 바나나 푸딩 힐링 선곡 센스 아주 분위기 미치다 아지트 삼고 사진 만장 가세일단 분위기 대박 앤바 운영 딱이다 밤 두운 느낌 자리 명덕 칵테일 먹기 거기 다가 솔티 카라멜 프렌치토스트 강추 난건 마지막 으루 가게 강아지 귀엽다 사랑 자체프토 맛집 상주 귀엽다바나나 푸딩 미치다 바나나 푸딩 무조건 여기첫 프렌치토스트 보고 다시 생각 크기 커서 아이스크림 촉촉하다 프렌치 토스트 카라멜 소스 시나몬 가루 조합 환상 임 프렌치 토스트 꼭 분위기 가도 선곡 최고 임돠매력 공간 음식 시원하다 칵테일 완벽하다 카라멜 푸딩 진심 핫 일찍 핫 재 의향 퍼입분위기 맛없다 오프 앤 바 일단 분위기 바나나 푸딩 꼭 화장실 실내 냄새 쾌적하다바나나 푸딩 일반 푸딩 형 크림 푸딩 신기하다 위 시나몬 가루 바나나 브륄레 조합 음료 모두 진하다 음료 음료 노래 선곡 취향 플레이 리스트 다음 솔티 토스트바나나 푸딩 분위기 노래 만족루벤 샌드위치 못 혼밥 짐 오늘 특별하다 음악푸딩 배부르다 계속 움힙 신상 샌드위치 노래 선곡 마음 다음 저녁 꼭 술 장님 최고 들숨 건강 날숨 부자유일 무 분위기 랄 조심 대체 불가능하다 말 추억 멋있다 공간 음악 라떼 꼭 루벤 샌드위치 갑자기 드 패션 드 패션 중 제일음식 맛없다 사진 바나나 푸딩 꼭 진짜루바나나 푸딩 완전 분위기 칵테일 다양하다 막 그냥 사진 감성 카페나 힙 여기 꼭힙 멋있다 공간 노래 인테리어 모두 세련되다 감각 용 음료 디저트칵테일 매번 강아지 편하다토피 넛 크림 라떼 푸딩 바나나 푸딩 장님 여자친구 진토닉 한잔 사진 아쉽다 데이트 오기 다음루벤 샌드위치 요 고기 양도 풀드 포크 고기 도리 소스 진토닉 다음 푸딩 저녁 여러 음악 굿음악 선곡 아유 음악 가기 아메리카노 크림 종류 욥다음가게 분위기 디저트 다음칵테일 라스트 달라친구 분위기 한잔 인터넷 검색 돈 산 세 솔직하다 말 일단 음식 말 가게 내부 분위기 음악 끝내주다 마지막 칵테일 솜씨 미치다 날 칵테일 여 종류 그냥 미치다컨셉 독특하다 스케이트 보드 인테리어 크렘브륄레 바나나 푸딩 가격 쪼금 쎄다바나나 푸딩 빵 식사 후 디저트 작업 데이트 오기 잠깐 집앞 기도 좌석 넓다 쾌적하다페 검색 분 완전 친절 애견 참고 굿굿에스프레소 마티니 술 분 꼭 전 가게 인테리어 감각 장님 모든자리 넓다 아늑하다 건물 외관 사진 찍기 음악 조용하다 편이 널찍하다 테이블 공부 일 오렌지 샤인술 샌드위치 푸딩 나들이 듯이 오기 벌써 번심 일단 음식 양도 짐 배 부족함 맘 듬 저녁 변신 샴페인 병 호르록 사실 칵테일 일 계속 댐 분위기 아늑하다 따뜻하다 햄뽘 징구경 덥다분위기 신상 샌디 치 종류 존맛 음악 힙해 오렌지 샤인 오렌지 에스프레소 개존맛 토피 넛 크림 꼭 야하다 장님 분위기 꼭 종류 별로 시 켜 브런치 도프렌치 토스계속 물리디저트 옆 몸 분위기 괜찮다장님 분위기 낮 밤낮 밤 바로 운영 디저트 종류 다양하다 밤 술 선택 매장 편이 혼잡하다 작업 지인 끼리 조용하다 얘기 나누기아메리카노 디저트 가게 힙합 니마자 힙 분위기 취저 당하다 심쿵하다 프렌치토스트 바나나 푸딩 존맛 분위기 매장 음악 다음 배부르다 못 샌드위치 말 뭐 짱짱크리스마스 가기 크리스마스 푸딩 푸딩 자주 해 번창크림 브륄레디저트 싹싹 꼭 가야 가게 장님 꼭 가세 난 집앞 행복하다루벤 샌드위치 처음 단백 남성 끼 식사 충분하다지인 온 진자 루벤 장난 토피 넛 라떼영등포 장사 얼마나 슬프다 갑자기 다시 오픈 허겁지겁 사진 역시 대한민국 최고 진 토스트 어디 최고 토스트 최고 번창토피 넛 라떼 크림 아주 덕 취향 바나나 푸딩 크렘브륄레 조금 구석 힙 핫 그렇다 보드 분 도 특색 아주 딱이다 희다 희다입구 바로 옆 찾기 어렵다 루 샌드위치 토피 라떼 루벤 조각 배붏개업 한지 얼마 안되다 깨끗하다 인테리어 완전 센스 모든 포토 존 장님 완전 착하다 천사 잡채 피 한잔 다음 번 다른 재 예정 바 저녁 친구 한잔 분위기 즐 기기 딱이다 무엇 게안 남여 화장실 제일 대박 그렇다 비밀 아지트 맛집 웨이 팅 생기직원 음료루벤 샌드위치 재료 배부르다최애 바 칵테일 종류 음료 퀄리티 두 분도 멋지다 유명하다 전 얼른 여러분 완전인테리어 멋지다 음료 음식술 디저트 전부 꼭새롭다 오픈 분위기 디저트 다양하다 술 판매색다르다 공간 인상 칵테일 꼭 완전 강추할로윈 와이프 기분 동네 눈알 주 엘 디아블로 올드패션드 정성 주시 바텐더 대답 해주시 술 기부 니 쵝 오입 니처 메뉴인 샤인 독특하다 밤 분위기 듯 바루벤 샌드위치 잠깐루밴 샌드위치 오렌지 에스프레소 라떼 모두분위기 음악 술 모두 칵테일 존맛 낮술 옴프렌치 토스트 아이스크림 자주세상 무엇 장님 이쁘다 잘생기다새롭다 샌드위치 푸딩 보드 컨셉 귀엽다양평동 럼 디저트루 샌드위치 아메리카노 조합 최고다 다음 저녁 발 베니 음악 감성 자극칵테일 디저트훌륭하다 가게프렌치 토스트 오시 꼭 장님 분다 매장 분위기 힙합 니논 알콜 토스트 입 매장 힙 자주낮술 굿 음악 힙함바나나 푸딩 부드럽다 목마 아메리카 탄산 오묘하다 부드럽다 저녁때 조명도 분위기샌드위치 위스키 맛집 최고샌드위치 신상 쾌적하다
48,엣모스피어,36883540.0,편안하다 느낌 동네 편안하다 창문 너머 낙엽 보고 귀엽다 장면 오늘 쿠키 볼 귀엽다 심각하다 케이크 가끔 멈머 조용하다 옆 친구 자리 미안하다 가끔 자리 괜찮다마카롱 맛없다 편견 여러 케이크 매장 넓다 자리 쾌적하다 크리 스마 이렇다 시즌 마카롱 재미 쏠쏠하다새롭다 산책 루트 워낙 힙 멋지다 혼자 자주 만 루트 무엇 귀엽다 강아지 모양 버터쿠키 가게 도전 케이크 마카롱 잔뜩 조용하다 편 그날 분위기 마음디저트 맛집 오 복숭아 케이크 미치다 식 생크림 살살 강아지 땐 쿠키 모 기엽 인테리어 곰 의자 편하다음료 괜찮다 화장실 가깝다 점도 마음 재 의사디저트 모두복숭아 케이크 배부르다 사르르 순삭 맛보기 어렵다 엄청나다 사진 당근 케이크 시즌 케이크 외 늘 마카롱 이제 케이크 자주 파티쉐 최고강아지 마카롱 맛집귀엽다 마카롱 판매 처음 귀엽다 댕댕 마카롱 포장 포장 비 추가 괜찮다 선물 용마카롱 만해 바스크 치즈 케익 치즈 안나 쑥 절미 갸또 쑥 크림 취향 여미카 롱 케익 당 제일 마카롱 케익 사서 바로 삶 낙 주말 평일 공부분위기분위기 오미자 이드 세상 진하다강아지 귀엽다 화장실 생각 싫다선물 항상 칭찬 마카롱 아이스 포장 귀엽다 항상복숭아 케이크 테이크 아웃 포장 편하다케이크 마카롱 모두 합리 가격 여기 케이크 임신 중 계속모든 오아시스마카롱 이쁘다 다크 초코 오레오 쿠키 산미 살짝음료 디저트 굳다 굳다최애 마카롱 케이크마카롱 요 마카롱 븜디카 페인 처음 디저트디카 페인 판매 마카롱 맛집쇼콜라 케익 모나 복숭아 케익 읍 도 진하다 번창귀요미 마카롱 맛집조용하다 습마카롱 맛집동네 편하다마카롱 요마카롱 맛집 음료 선물 꼭 해 강얼쥐 귀엽다마카롱 귀엽다 자주 가요조용하다 넓다굿강추평 마카롱 맛집 처음 마카롱 냄새 다른 케이크 가격 괜찮다 사진 마카롱 덕 깔끔하다 느끼하다 분위기 애견 동반 가능하다마카롱 맛집 다양하다 모양 색 마카롱 귀엽다마카롱 선물 자주 케이크 음료오늘이 귀엽다 마카롱발렌타인 데이 기념 마카롱 포장 특별하다 디자인 이쁘다이제 마카롱 중 제일 마카롱 선물 완전 만족 전화 응대 해주시 굿단맛 쫀득 마카롱 상급 마카롱 가게 심지어 마카롱 디자인 꽤 귀엽다 편 순하다 강아지 귀엽다 털 좀 아쉽다 마카롱 선물 예정음료 분위기 편안하다화이트데이 마카롱 귀엽다여기 딸기 케이크 최고 입 살살 케이크 중 젤 빵 생크림 딸기 돈 까운마카롱 맛집 딸기가면 항상 마카롱 항상음료 디저트 귀엽다 이도 자주케이크 사진 깜빡 못 귀엽다 돼지 마카롱 딸기 케이크 손님 마카롱 궁금하다 돼지 마카롱 추가 구매 생각 안달 딸기 우유 부드럽다동네 마카롱 맛집 듯 글구 완전 적당하다 산미 개운하다 마무리케이크 포장 한텐 조금 친구망원역 저녁식사 조금 비어 디저트 가게 구경 차 발견 귀염 뽀짝 디저트 마카롱 가게 발견 귀 여운 디저트 가게 마침 주 빼빼로데이 빼빼로 마카롱 사려 품절 대신 귀염 뽀짝 아이 구매 언제 생각 왕창 구매 직원 박스 낱개 추가 구매 박스 포장 귀엽다궁금하다 필링 진하다 특색디저트 음료 여유 종종크리스마스 케이크 마카 홍 바쁘다 그렇다마카롱 마카롱 맛집 동안 마카롱 민 구매 고객마카롱 귀엽다귀엽다 걸 못 덜 달 부탁드리다 부탁 귀엽다 초도교초 근처 유일 디카 페인 조용하다 강아지미치다 움 자랑 오늘이 디저트 따뜻하다 아메리카노 디저트 먹기 농도 오늘 케이크 후 레쉬 파이 초고 버전 느낌 리뉴얼 후 처음 좌석 편안하다 종종 책 일 가도 음료 가격 저렴하다 편이자주 편하다 마카롱 케이크 달마카롱 맛집 동네 몇 디카 페인쫀득쫀득 마카롱 귀엽다 마카롱 엣 스피어 마카롱 최고굿굿마카롱 이쁘다디져트 직접 미가 가득하다고소하다마카롱 선물마카롱 맛집귀엽다 가격 박스 포장 주신 좀 숴워 귀엽다 디자인 보이 포장마카롱 귀엽다마카롱 열 귀엽다딸기 생크림 강아지 평화롭다마카롱 케이크 구매 달 재료 적당하다 존재 감 무엇 움 디저트 선택 폭 다양하다 재 의사딸기 라떼 딸기 케이크가게 아늑하다 케익아윽귀엽다 마카롱 선물 용 다양하다 만족스럽다 포장 고급 고요 매장 강쥐 귀엽다 쿠키디저트 귀엽다 화장실 외부 사용 조금 불편하다마카롱 기대마카롱 선물 용 구매마카롱 귀엽다 나용귀엽다 선물로컬 브랜드 성장하다 위 노력 필요하다딸 밀크 티 맛았 고해예전 이제 마카롱 이쁘다 선물 더더 던쑥 뭐시기 갸또 케이크 아아 쑥 케이크 위 인절미 크림 고소하다 느끼하다 케익 시트 크림 시트 사이 얇다 겹 정도 어떻다 갸또 원래 그렇다 처음 끈 그것 괜찮다 입맛 정도 씁쓸하다 시끄럽다 직원디저트여기 마카롱 케익디저트 애견 동반귀엽다 마카롱 아이 선물 정작 비싸다동생 생일 수제 케이크 월넛 디자인 요청 동생 만족하다 겉 크림 꽉 찬 내용물 고급스럽다 마카롱 몇개 고용귀엽다 마카롱마카롱 귀엽다마카롱 귀엽다 분위기패션후르츠 이드 스모 쿠키마카롱 행복하다
49,로우머,1219761996.0,분위기 처 둘이쁘다조용하다 분위기 대화 화장실 내부 편리하다좌석 편하다 차분하다 우드 톤 비 분위기 약간 서늘하다 따뜻하다 한라봉 차 얼그레이 쉬폰 달 일인근 골목 골목 야외 테라스 자리 매장 자리 마음 주말 이용 제한 참고 로우 머 라떼 간이 슴슴해 음식 치면 평양 냉면 비슷하다 느낌 매장 인테리어 분위기 모 두 박자 느낌 관성발견 주말 도 어수선하다 시끄럽다 잔잔하다 대화 나누기 분위기 처음 밍밍 느낌 수록 괜찮다 편하다무엇 테린느 매장 우드 분위기 깔끔하다대화대화 괜찮다산미 원두 마음 얼그레이 케이크 평일 낮 한적하다 인테리어 맘인테리어 이쁘다 조용하다 수다 떨기 말차 플롯 적당하다 진하다 로우 머 크림 라떼 밸런스주택가 골목 위치 아늑하다 따뜻하다 분위기 로우 머 디저트 테린느 덕 분위기 포근하다아늑하다 분위기 가요크림가게 포근하다 조용하다 편이 고요 과묵 느낌한강 피자 둘 먹기 딱좋다굉장하다 조용하다 대화 아메리카노 산미 원두 좀 아쉽다 로우 라떼 부드럽다 커피우유 약간 달 해 샷 양은 진득 진하다 거란 희망이 연한 커피우유 취향 다시 연하다 부 드럽다 라떼 분 괜찮다 요 양도 진하다 양도 가격 꽤 산미 아메 리조용하다 이야기 케이크 굿분위기듯 아늑하다 포근하다 줗았습 로우 머 라떼 고소하다 바 자리 피 소리 힐링따뜻하다 느낌 분위기 감성 넘치다 말차 테린 부드럽다 진하다치즈케이크 폭 폭신 해 대화 나누기 굿밤 길이 좀 어둡다 무섭다 아늑하다 그날 그렇다 은진 조용하다 분위기 대화 신경 낮 어떻다 모습 일지 궁금하다케이크 디저트 맛집 산미 강하다감성 가득하다 밀크 티 달달 처소형견 가능하다 우리 동네 분위기 감성여기 로우 머 라떼 꼭 고소하다 라떼 로우 머 라떼날씨 춥다 루이보스 캐모마일 티 내부 아담하다 인테리어 이쁘다 사진 몇장수많다 편안하다 분위기 마음 주택가 위치 내부 공간 아늑하다 모처럼 휴식 기분 테린느 달 요직접 굉장하다 분위기 고급스럽다 가정 분위기 아기자기하다 편 속 밀크 티 아메리카노 입맛 재 의사인테리어 맛집아몬드 무슨 음료 요아기자기하다 분위기 따뜻하다 느낌 테이블 조용하다 로우 머 크림 라떼 크림 부드럽다외관 궁금하다 햇살 소박하다 대화주택 개조 어디 분위기 키위 이드 비주 얼 깡패 아메리카노말차 테린느 애견 동반 가능하다 점도인테리어 라떼 맛집한강 가깝다 편리하다 무엇 응대최애밀크 티 라떼 인테리어 분위기처 라떼 작다 조용하다 분위기테린느로우 머 동네 한번 분위기 깡패 마침 눈 최근 간 제일음료 대체로 꽤 달달 편이 조용하다 인테리어 대화 좌석 막 편하다 그렇다손님 내부 사진 별로 못 특징 일단 외관 인 이상 좌석 외부 외부 날 햇빛 사진 무엇 아인 슈페 너 아인 슈페 너 꼭 추 천 바 처럼 완전 인 타 감성 문 작고 계단 좁다 비올 계단골목 은근 넓다 발견 야외 테이블 말차 테린느테린느 분위기 아늑하다반려동물 동반 지정 자리 야하다음료 분위기 공간 협소했조용하다얼그레이 테린느적 쫀드기크림 피넛 초코 밀크 티 말차 플롯분위기 조용하다 얼그레이 테린느 원래 얼그레이 쉬폰 유명하다 린드종류 얼그레이 테린느크림 라떼 괜찮다분위기주택 개조 공간 아기자기하다로우 머 라떼 연유 라떼 여기저기 좀 다르다 단골 인테리어 멋지다부늬기분위기조용하다 편안하다오시 한적하다 주택가 골목 위치 조용하다밀크 티 사진깨끗하다요즘 날씨 테라스 한잔 마시기 매장 쇼핑몰 촬영 함 휴무 보고 가면 듯유명하다 만족하다 아인 슈페 너 맛집 이구 분위기음료 주말 평일 한적하다 바람 통매장 생각 작고 테이블 별로 분 좀 계시 야외 테이블 매장 분위기 이용 제한 영수증 전 이용 달라 식 말씀 조금 당황 착각 다시 말씀분위기크림 라떼 카페인 카페인 쎄다 밤 인테리어 분위기 굿인테리어 이쁘다 로우 머 크림 라떼 최고가게 이쁘다아인 슈페 너 창밖 힐링로우 머 크림 라떼 인생이쁘다 멋지다 있다뇨굳다굿부드럽다 라떼 비 밖 창 분위기 깡페 바스크 치즈케이크 덕 아쉽다매장직원 좀 심디저트 인테리어조용하다 분위기 뷰 크림 라떼 달달 직원야외 테이블 음료 괜찮다햇살 광 맛집 아주기분 식사괜찮다라떼음료 내부분위기젛아요오분위기근처 검색 발견 이쁘다 가정 골 인테리어 멋지다 해 테린느 로우 머 라떼 완전 고소하다 진하다 아주 살짝 단맛 모금 강추조용하다크림로우 머 라떼 조용조 용하다 깔끔하다
50,온리디스베이커리,1675098813.0,핫초쿄 달 부드럽다 위 머랭 쿠키 초코 조합 곡 핫초쿄 몸서리 여기 단맛 살짝 정도 부드럽다 미짱 소금 빵요 향기 소금 빵 빵 이참 정갈하다 생기 벌써 소금 빵 최고신뢰 가게 해 첫 사진 속 다급하다 손짓 저번 주 주말 이번 주 전부 청귤 이드 청귤청 직접 소금 빵빵 완전 매장 사서 길빵 낭 시에라 휘 낭시 낯설다 피자 빵 스타일자주 베프 같아욤 낭시 두번째 사진 자꾸 눈 다시 수가 소금 빵빵 선물 일 뭐 고민 베 선물 포장 정성껏 포장 선물 욤 다음역시 매장 소금 빵 오늘 새롭다 미쯔코상 최애 음료 청귤 이드 시즌 사실 알 충격 청귤 이드 전 자주 친구 가족 줄 빵 쟁지난 번 한강 나들이 휘 낭시 맛집 일부러 매장 웬걸 사서 생각 지난번 꽤 움 과자 구매 이후 꼭 디저트 류 사랑 재료 심지어 디테 일과 섬세하다 최고 이번 땐 연말 분위기 물씬 어쩜 신지 카운터 분주천국 매장 포장 낭시 치 속상하다 해 인테리어 벌써 크리스마스 분위기 낭낭해 오 최구 화장실 청결하다 예뽀 매장 군데 군데 정성 베왕창 어제 넌치 지금 어제 죠오 자꾸 베 짝사랑 최애 암 베 최구 갈래빵 종종 이용앞 오후 이전 완판될 예정 여기 레몬 글 레이즈 피낭 시 대파 피낭 시 요 오미자차 청귤 차도 달가족 모임 피낭 시 종류 별로 소금 빵 만족 난리휘 낭시 맛집 두번째 디스 베이커리 따뜻하다 분위기 빵 오늘 선물 오늘 오후 늘 별로 아쉽다 다음 번 빵 가득하다 오픈 꼭완전 감동 계단 앞 햇살 아아 잔 아쉽다 야하다 이유 무 카피 장난 휘 낭시 소금 빵 완전 감동 아우 가깝다 매일 번창소금 빵 그냥 매우 고소하다 치즈 담백하다 질 기지 청귤 에이 얼마나 상큼 달달 한지 담 힙 디스 베이커리 우후레몬 생강차 휘 낭시 레몬 생강차 생강 즙 액기스 겨울 목 약 은거바람 차서 빵 향기 가득하다 디스 베이커리 빵 빵 미치다 제발 일단 무조건 무조건추석 특별 빵 빼빼로데이 역쉬 아들 친구 빼빼로 빵 대박 다음 특별 빵 기대 기대친구 소금 빵 갈릭 소금 빵 낭시 빼빼로데이 시즌 김 포장 디저트 천재 재시 후 돈길 계세후다닥 대파 치즈 휘 낭시 사고 짭쪼롬 달달 치즈운 소금 빵 조금 바로 휘 낭시 포장 청귤 이드 상콤동네 멋지다 아들 바스크 치즈케이크 포장 역쉬 빵 케이크 미니 초매일 아침 제빵 청 이드 달 후기 보고 취향 저격 조금 가면 매장 깔끔하다 무엇 화장실 깨끗하다 처음 휘 낭시 포장 해 레몬 휘 낭시 대파 휘 낭시 먹물 치즈 소금 빵 짤 바삭 오미자 제청 이드 배망리 아주 고급스럽다 정성 가득하다 베이커리 휘 낭시 인기 동시 거의 완 판이 덥다 담 미리 팁 제청 오미자차 강추 강 추하다디저트 움 과자 조합 최고 가게 분위기 아늑하다 자주 용하다피낭 시 종류 다르다 인스타 팔로우 기본 피낭 시 선물 라떼 바스크 치즈케잌 치즈 떡 살살 오픈 날 응대 신조 가게청귤 이드 오미자 이드 직접 대단하다 소금 빵 피낭 시 말잠깐 그냥 쭈욱 빵 음료 주변 이제 모임 소금 빵빵 음료 베이커리 류 매일 아침 직접 해 매일바로 소금 빵 고 오픈 추석 선물 세트 미리 예약한번 자꾸 계속 재 죵맛 유럽 계속 파리 귀국 자마자 여기 빵 젤 갈릭 버터 빵빵 도 바로 징 빵집 발견 행복하다아늑하다 친구 얘기 소금 빵 지대 화장실 깨끗하다 핸드 크림 손 유지 가능빵 시원하다 디스 인테리어 친구 오기휘 낭시 소금 빵 빼 낭시 세트 빼빼로데이 그렇다 부럽다인생 휘 낭시 솔직하다 여러 디저트 생각 적 휘 낭시 처음 신상 여기저기 자랑 중 휘 낭시 널리 세상 이롭다 욧 아차 차 소금 빵 겉 바삭 속 촉촉하다 야들야들 최고바스크 치즈케이크 피낭 시 굿굿 가격 굿 화장실 내부 완전 깨끗정성 듬뿍 빵 음료 집앞 매일발견 맛집 휘 낭시 입맛 솔티 카라멜 대파 치즈 포장디저트 단 자체 바로 옆 오기 편하다빵요 요보 분위기 아늑하다 원목 인테리어 취향 디저트 달달 먹기 번창치즈 케익 피낭 시 소금 빵 아기자기 공간 요군더더기 깔끔하다 인테리어 오미자차 느낌 기분소금 빵 여태 소금 빵 단연 최고 요 휘 낭시 선물 용 포장 이쁘다 고급 자주 이용 요발견 원목 분위기 옴 지게 발견 발걸음 자동 여기 못 나로 사진 여기 아메리카노 완전 원픽 바치 케 아아 심지어 비주 방 스임 피낭 시 포장 지인 예정 댱 오래오래 여기 계시 아시 쬬인테리어 이쁘다 존 맛집 발견 휘 낭시 맛집 젤 굿 덕분동네 베이커리 베이커리 레몬 마들렌 입 휘 낭시 종류 오리 편 특별하다 휘 낭시 대파 무화과 등등 봣 딱이다 담 솔트 카라멜 보고 글구 여기 옴총 미인 네 조만간 갈꼬새롭다 빵 음료 이야기빵 종류 신선하다 거기 자주 듯새롭다 갈릭 소금 빵 미숫가루 라떼 강추훠 낭시 맛집 대서 카페라떼 레몬 휘 낭시 직접 청귤 이드 감동 다가 자주 디스피낭 시 포장 소금 빵 핫 플로 맛집 담 재방피낭 시 마들렌 즌별 케잌 시즌 수제 청 직접 디저트 음료 자주 크리스마스 시즌 케잌 돱 굿인생 피낭 시 무화과 달콤하다 파의 함 라떼 잔 행복하다케잌 핫 등음 소금 빵 꼭 담겨울 음료 핫초코 달 부드럽다 굿 센스 데코 머랭 이쁘다 계절 별로 나오니 재미 원하다 피낭 시 쿠키 가능하다 굿작다 골목 우후죽순 빵집 대세 이처럼 특별하다 주변 자주 검증 밋 감동 감동 빵 빵녀 미소인절미 마들렌 인절미 처럼근처 새롭다 소금 빵 미치다 움 과자 전문점 당연하다 움 과자 훌륭라떼 중청귤 이드 직접 청귤 무화과 휘 낭시 이제 입 옥시즌 별로 특별 출시 주니 빼빼로데이 수능 맞이 선물 키트 완료 크리스마스 장식 아기자기 이쁘다 사진디저트 비타민 음료처 라떼 기분 빵 요미숫가루 라떼 아이 먹기 음료 굿 갈릭 소금 빵빵 완전 반함 고급 버터 속 꽉 갈릭 소금 빵 조합 꿀운 과자 전문점 요 오늘 마들렌 담 휘 낭시분위기 대파 치즈치즈케잌 마들렌 피낭 시오늘 점심 낭시 츄러스 카페라떼오픈 자마자 전날 바스크 치즈 케익 추석 선물 세트 수령 당일 새벽 이쁘다 포장 분 어깨 으쓱 짱아이 수제 빵 새롭다 출시 초코 케익 역시 달 촉촉하다 입안 착 크림 조화새롭다 오픈 매장 깔끔하다 직접 베이 킹 빵 고소하다 살짝 산미 감 블랜딩 조합 쿠폰 이쁘다 거울 셀카 키링 선물 귀엽다빵 계절 음료 시즌 한정 청귤 이드 직접상큼 레몬 마들렌 과 피낭 시 부드럽다 진하다 아이스 라떼소금 빵 얼 구매 가격 착하다 굿마들렌 피낭 시 맛집 말차 마들렌 라떼 찰떡 궁합 가성 비 쿠키 셀카 조명도 은선물 용 구매 이쁘다 포장 후 마무리 문해 피낭 시 픽했어갈릭 버터빵 우연 찮 인테리어 이쁘다 빵 잔 빵 담 구
51,프렌치 망원,1380774665.0,오 아늑하다 편안하다 분위기 브런치 류 디저트 류 모두 브런치 류 중 잠봉 바질 페스 토 생 바나나 카야 잼 등 이중 생 바나나 생 바나나 싱싱하다 전체 부드럽다 식감 폭 신한 느낌 라테 깊다 진하다 깊다생 바나나 프렌치 토스트 세상 부드러움 요 시럽 달 줄 음 적당 추 천해 주신 레드 트로피 칼 아이스티 완전 상콤 디저트 먹기 제격 이구 음악 아쥬 느긋하다 듣기 혼자 친구 연인 대화 평일 낮 디저트 번 분위기 두 번 반하다 갑바나나 토스트 밀크 티 특 우유 쉐이크 견과류 바나나 빵 조합 완벽하다 엄 청 누가 응대 이렇다 짱 완전 기분 아늑하다 분 조카분위기 따뜻하다 무엇 잠봉 토스트 예술 퐁신퐁신 토스트 빵 곁 잠봉 여기 매력 디저트프렌치 바나나 프렌치토스트 시나몬 은은하다 겉 바삭 속 촉촉하다 여기 프렌치토스트 맛집 바나나 자체 달달 밀크 티 진하다 취저 아메리카노 매장 잔잔하다 감성 대화코지 따뜻하다 분위기 브런치 맛집 기존 프렌치 토스트 이미지 완전 프렌치 프렌치토스트 꼭 잠봉 브런치 바나나 디저트 도 손색 여유 오전 잠봉 아메리카노 한잔 이면 가득 여유 로움한적하다 골목 위치 프렌치 여기 대표 메뉴인 잠봉 프렌치토스트 핸드 드립 에티오피아 잠봉 프렌치 토스트 프렌치토스트 햄 치즈 단 정석 빵 결 프렌치토스트 여기 핸드 드립 맛집 덥다 고급 진 컵 따라서 해주시 부분 에티오피아 적절하다 산미 취분위기 생 바나나 토스트 아메리카노 완전 최고 바나나 달달 토스트 연유 조합 달달 땐 아메리카노 최고 조용하다 편 친구 얘기 혼자바나나 프렌치토스트 빵 부드럽다 시럽 촉촉하다 먹음 최근 프렌치토스트 중 제일 습 포장 여기 라떼 맛집 고소하다퇴근길 위치 프렌치 잠봉 아이스 카페라떼 원래 잠봉 딥 크림 쉐이크 잠봉 조합 고고 금방 음악 분위기 다가 촉촉하다 폭 폭 신한 프렌치토스트 햄 치즈 소스 연유 메이플시럽 단 단 조합 역대 최고 고소하다 라떼 궁합꺄 치즈 잠봉 조합 맛없다 프렌치 토스트 빵 촉촉 부드럽다 단 최고 처 딥 크림 라떼 아이스 살짝 당황 토스트 먹기 따뜻하다 혼자 브런치 먹기조용하다 분위기 프렌치토스트 부드럽다 생 바나나 아몬드 가루 프렌치토스트 강추 조용하다 사색 거나 조용조 용 대화 구석 구석오늘 아침 동동 프렌치 동동 산책 겸 주차장 말 차 끌 편하다 주차장 토스트 부드럽다 빵 생각 위 신선하다 잠봉 후추 매콤 함 연유 의 달달 함 더하다 어나더 레벨 우리 동동 냄새 책상 몸 반 듀 존맛 바디 감 진하다 등 완전 맘디저트 최고 칭찬 적당하다 프렌치 프토 그렇다 쫄깃 입 살살 프토 식빵 걸 촉촉하다 쫄깃 밖 부드럽다 시나몬 메이플 시럽 여기 크림 치즈 발 단 조합 바나나 프토 바나나 크림 밀크 티 조합 왕 둘 단맛 밸런스 아주 과 조합프렌치토스트 맛집 여기 프토 통 바나나 처음 연유 달달 종류 다양하다 다음 잠봉 프토 요분위기 대화 독서 듯 해 밀크 티 이드 상콤 달달 프렌치 토스트 빵 완전 두 껍 폭 신하 재료 신선 가득하다 분위기 디저트 음료 맛집 다음프렌치토스트 매장 넓다 아늑하다 프렌치토스트 촉촉하다 부드럽다 잠봉 프렌치토스트 단 고소하다 브런치 맛집바나나 프렌치토스트 바닐라 밀크 티 데 힘드다 독특하다 평일 저녁 별로 잔잔하다 집중생 바나나 프렌치토스트 생각 바나나 빵 찰떡 빵 부드럽다 식 폭 신해 아이 아주 환상프토 맛집 바나나 프렌치토스트 달달 함 기분 아아 살짝 산미 프토아기자기하다 감성 프렌치토스트 카야 잼 생 바나나 둘 폭 폭 신하 바깥 풍경 자리 다음 번 공부 식사 겸친구 프렌치토스트 유명하다 인테리어 목재 가구 감성 조명 사진 조명 유명하다 생 바나나 토스트 팥 토스트 꿀떡 꿀떡 기전 밥 인 토스트 거뜬하다 정도 개인 바나나 토스트 담번프렌치 토스트 처음 폭 신한 식감 매장 조용하다 대화 나누기 맛집 산미 가미 바디 감여기 바나나 이번 팥 도전 요 소보 막 글구 맛집매장 분위기 차분하다 잠봉 바나나 고민 저희 음료 바나나 바나나 크림 치즈 꼭 추가여기 프렌치 토스트 꼭 야하다 부드럽다 폭 폭 신한 토스트 바나나 통 도리 쉐이크 궁합 찰떡 분위기 아늑하다 조용하다 혼 기두우드 톤 인테리어 감성 가득 분위기 조용하다 프렌치 토스트 밀크 티특별하다 토스트 프렌치 달달 토스트 행벅 라떼 꼬숩 처 딥 크림 라떼 생 바나 프렌치 토스트혼자 브런치 잠봉 프렌치 토스 존맛 딥 크림 라떼 조합 최고 재 각바나나 프렌치토스트 미치다 번 세번 번가 세 다음 잠봉 프렌치토스트 갈껍 강력잠봉 토스트 새롭다 모든 부분 촉촉하다인생 프토 프토 러버 여러 까페 프토 보드랍다 빵 시럽 견과류 바나나 조합 요 말모 다음 따뜻하다 커피한잔 매장 분위기 깔끔하다 무엇 음악 프토 맛집 인정 인정 합완전토스트 두껍다 촉촉하다 브런치 잠봉 토스트프토 맛집 가게 아기자기하다 감성 사진 찍기두번째 최고 프렌치토스트 맛집 저번 모짜렐라 콩가루 토스트 바나나 장사미치다 꼭 꼭공간 음료 디저트 기분 전환 아주 평일 오후 한적하다편안하다 분위기 고소하다 폭 신하 프렌치 토스트 힐링 편안하다 공간쫄깃 달달 토스트 진하다 쉐이크 찰떡 궁합얼그레이 밀크 티 촉촉하다 부드럽다 바나나 프렌치토스트인테리어 디저트프렌치 토스트 조용하다딥 크림 라떼 치즈 부드럽다 오시 분 강추 지인 자몽 차 라임 차 레몬 차프렌치 토스트 이름복숭아 가득 프렌치 토스트 아메 리 약간 산미 편입 니프렌치 토스트 든든하다 바나나 단 퐁신 식감 빵 은은하다 시나몬 전부 조화 크림 치즈길가 다가 인터 리일단 아늑하다 조용하다 실내 프렌치 토스트 완전 만족 여태 계란 푹 스타일 다르다 겉 시나몬 강하다 메이플시럽 연유 듬뿍 촉촉 달달 속 폭 쫄깃 부드럽다 빵 바나나 아몬드 조화 디카 페인 아메리카노 괜찮다 디카 페인 추가 비용 배부르다 아쉽다역시 맛집 고드 지금 프렌치 이름 줄 알 상호 변하다프망 디저트 달달 디저트 땐 프망굿이름 요디카 페인 추가 가격 착하다고드 클래식 때문 넉넉하다 시럽 양 마지막 달달 매장 깔끔하다딸기 케이크 시즌 얼른인생 토스 트집 프렌치 토스트 다양하다프렌치 토스트 맛집 근처 행복하다토스트 구리디저트 주택가 쪽 역 조금 거리시원목적지 정해 산책 겸 직원 디저트 충전 제대로 음식 설명 해주시 분위기밀크 티 강추 토스트 욥매장 편하다 노트북 독서점점 프렌치토스트 유명하다 까페 드 힐링 타임 위해 혼자 평일 테이블 조용하다 분위기 제철 일인 샤인 머스켓 프렌치토스트 야무지다 엽서 서비스 주시 드 까페 오래오래중 생각 아메리카노 라떼 브루잉 스티 이드 폭신 폭 신한 빵 프렌치 토스트 재료 생각 보기 해도 배부르다 느낌 프렌치 토스트 종류 여럿 다음 다른 보고 공간 깔끔하다 무엇 세심 머무프렌치토스트 딸기 우유왈왈 왈 와르르 왈 왈왈 멍 멍머머 여기 디저트 디저트 맛집 음료 로투스 제주 공항 프렌치 토스트 꼭 몇 번 기적 토스트 수혈 필요하다일단 프렌치 토스트 다른 프렌치 토스트 다르다 빵 두껍다 퐁신 바나나 위 견과류 엄 청 풍족하다 다음 번 다른 프렌치 토스트 보고 아이스티 대표 메뉴인 고드커 피 스무디 완전 레드 레몬 이드 달달 차 차도 단프렌치토스트 아아 조합 맛집디저트 무엇 편하다 자주 가게 친구 가기 혼자 작업 앞 자주프렌치토스트 원래 두툼 촉촉하다 처음 여기 그니 음료 다음 디저트 음료 모두 만족스럽다정성 연구 제조 티 음료 말 디저트 사진 보고 생각 보더 프렌치 토스트 꼭토스트 시나몬 강하다 디카 페인 아메리카노 중 가장 고소하다 스타일이렇다 귀찮다 돈쭐 야하다 근처 친구 햄 디저트 빵 존맛 이후 책상 작업 딱이다 재택근무 자리 번창프렌치 토스트 드 강추 근처지금 이렇다 토스트 세상 토스트 거기 재 의사 퍼쎈또지인 플랫 피넛 모카 달달 바닐라 라떼 맛있넹새롭다 겹결 어머 졸맛 네 드립커피 아메리카노 라떼 뭐 프렌치토스트 꼭 빵 폭 폭 신한 에이스침대 리가 리뷰 볼 어서미치다 땅콩 싫어하다 친구 다음 가면 토스트 해 진심 디저트 진심 듯항상 보장 디카 페인 판매 아주디저트 음료 무엇 사진 찍기오늘 자리 아쉽다 테이크 아웃 처음 오픈 보고 만 기억 깜짝 놀래다 왕 다음 땐 자리 드 라떼 오늘커피집 요즘 테이크아웃 항상 북적 북적 애정 오래오래 항상 만석 마음 오래오래 오새롭다 단골 음료 모 유쾌하다 여 사진 성여기 완전 미치다 디저트 이세 분위기 전 자주 재 의사일단 훈훈 훈남 이세 만 새롭다 음료 잔 다음 프렌치 토스트 꼭 다른 테이블 샤인 머 스캣 토스트 찜 혼자 완전 분위기 도 전문 재 의사 백프로음식 분위기 주변 만족스럽다역시 맛집 드드 꼭 호불호 남자 토스트가도 프렌치토스트 무한 재 굴레비 날 퀄리티 매장 분위기 풍경음료 분위기 편하다가면 꼭 완전 목소리 꿀 보이스디저트 땅콩 싫어하다 남친 입 김 무슨 도넛 땅콩 토핑 디저트 직접 아침 함 드 라떼 쉐이크 박하 동네 새롭다 재 의사벌써 세번 프렌치토스트 맛집 전체 음료 탄탄하다 느낌분위기 음료프렌치 토스트 분위기 평화롭다꼭 아메리카노 라떼 티 디저트 류 적극 매장 분위기정성껏 브루잉고드 콜드 브루 영 역시 가면 고 꼭무료 엽서 감성 봉투 매장 깔끔하다비 날 상상 이상 오늘 하루 행복하다 다음키피커피집 테이크아웃 이쁘다 인테리어 때문 기분 오래오래프렌치토스트
52,마떼아,1876676836.0,마들렌 움 과자 처음 마들렌 크림 가득 촉촉하다 자리 순삭 종류 별로 구매 다음 재비주 얼 이쁘다 디저트 마들렌 크림 마들렌 기존 마들렌 확실하다 다른 매력 모양 선물 분 여기 구매빼빼로데이 선물 귀엽다 빼빼로 마카롱 취향 저격 재 여전하다 말 뭐 선물 움 과자 마떼 꼭 야하다수능 동생 선물 무화과 크림 브륄레 밤 소금 카라멜 특별하다 선물 필링 두껍다 깔끔하다 마카롱 마음 디저트 자리 다음 마들렌 보고빵 돌이 움 과자 은근 자주 편 여기 크기 가성 비도 일단 움 과자 자체 달 아이 명 가족 행복하다 완전 친절 재 의사마카롱 마떼 만족하다 꼬끄 아몬드 확 정도 재료 티 저렴하다 가격 사이즈 기본 연구 종류 다양하다 다음나긋나긋하다 마들렌 피낭 시 마카롱 모두 수준 자랑 일부러 디저트 아메리카노 만큼 피낭 시 느끼하다 양도 꽤 커서 후식 디저트 먹기 딱이다 아무 마 스크 계시 위생 청결하다 마들렌 선물 려고 준비 쟁마카롱 움 과자 편 여기 마카롱 제일 특이하다 꼬끄 쫀득선물 마카롱 항상 여기 크림 브륄레 제일왜 디저트 맛집 알 마카롱 크림 마들렌 둘다양하다 준비 깔끔하다 매장 디저트마들렌 겉바 촉 망원역 요런 디저트 매장 선물 용 지인 선물마카롱 여기 최고 메리 인생 마카롱 보신 요즘 마들렌 감동 추석 택배크림 마들렌 휘 낭시 종류 별로 뭘 고민 필요없다 정도 평소 취향 취향 재 료 고급스럽다 포장 위주 테이블 코 산책 가능하다 디저트 맛집 제대로 앞 퇴근길 힐링 코스필링 마카롱 무화과 솔티 카라멜 오페라 크림 버터크림 크기 편이움 과자 특별하다 크림 마들렌 마카롱 흔하다 선물 크림 마들렌 비싸다 발 로나 사용 마떼 움 과자 마떼꼬끄 쫀득쫀득 정통 마카롱 잡채 마들렌 우주 승천 기세 통통하다 촉촉하다 보드랍다 꼭마카롱 디저트 맛집 마 마카롱 움 과자 마카롱 남다르다 열정 보기 마카롱 탄생 마카롱 비싸다 다른 과자 이유 달걀 흰자 머랭 반복 손 과자 기 때문 먹기 귀하다 과자 명확하다 단조롭다 최상급 재료 첨가 물 쫀뜩 꼬끄 특징 마떼 마카롱마떼 마카롱 기본 충실하다 아몬드 가득 꼬끄 성하다 잼 필링 특징 원래 뚱카롱 라뒤레 스타일 마카롱 재 료맛 성하다 마카롱 재료 티 매장 오픈 주방 깔끔하다 위생 티 마들렌 또한 크림 버터 미가 가득하다 부드럽다 특징 내공 디 저크 감동마카롱 포함 디저트 무조건 가야 최고 디저트 맛집 조금 인기 무조건 솔드아웃 차 차 차 재 무조건 최고 디저트 맛집 손님 선물 포장 손님 최고 맛집뚱카롱 마 이탈리안 머랭 꼬끄 특유 쫀득함 과 필링 잼 조합 완벽 자체 퍼펙트 연 남동 메리 시절 스럽다 슬프다 정도 이제 디저트 맛집 다행 마카롱 뿐 크림 마들렌 매우 기대 크림 쭉쭉 모 뭐 휘핑 추가 가득 매우 행복하다 크림쫀쫀 꼬끄 과 마 특색 필링 인생 마카롱 애플 바닐라 마카롱 가나 슈크림 부드럽다 식감 바닐라 빈 망드 무화과 마카롱 무화과 잼 망드 쇼콜라 콕 식감 완벽 마들렌 종류 고소하다 밤 마들렌 필링 느끼하다 전혀 바닐라 가나 슈 마들렌 또한 바닐라 빈 달 남녀 노만 마카롱 맛집 발견 행복하다 마카롱 특색 크림 마들렌 진짜진짜 크림 가득 허니 요 강추 마카롱 꼬끄 쫀득 필링 가득하다 대박 임 마카롱 디저트 블들 진심마카롱 마들렌 프레첼 머랭 얼그레이 마들렌 도리 잡채 크기 큼직하다 마카롱 쫀득 꼬끄 스타일 무화과 휘 낭시 그냥 달기 적당하다 조화롭다 용 디저트 맛집디저트마들렌 마카롱 모두 다양하다 크림 재료 다양하다 별로 공 제작 심지어 약과 쿠키 약과 우시 크림 치즈 바닐라 듬뿍 제작 정도 힘들다 고급스럽다 라즈베리 초코 모카 마들렌 캬라멜 가득 고소하다 헤이즐넛 휘 낭시 오페라 크림 브륄레 웨딩 임 페리 얼 마카롱마들렌 완전 인생 디저트동네 반려동물 동반 디저트 가게 산책 중 부담 마카롱 마들렌 예 정크림 마들렌 존맛 마떼 마들렌 반하다마들렌 마카롱 휘 낭시 머랭 쿠키 움 과자 종류 무화과 초코 헤이즐넛 카라멜 휘 낭시 머랭 쿠키 자리 여기 디저트 맛집 고민 끝 약과 바닐라 크림 마카롱 종류 별로 포장 구 움 과자 디저트 이나 친구 선물마카롱 적당하다 달 재료 본연 표현 프랑스 정통 스타일 포장 귀엽다 선물 용크기 필링 맘 에드 마카롱 고급 지고 특별하다 실패하다 디저트 가득하다 주로 포장 테이블 좌석 잠깐 자리매장 깨끗하다 마카롱 맛집 느낌 물씬 기대하다 쫀득 바싹 달 아몬드 가루 고급스럽다 진하다 퀄 마카롱아기자기하다 골목 디저트 맛집 매장 내부 테이블 박스 포장 선물 용 마카롱 마들렌 통통하다 바질 치즈 색다르다약속 홀린 듯 마떼 마카롱 종류 별로 마들렌 휘 낭시 종류 별로 마 카롱 적당하다 일 분 마떼너 무 움 과자 탑 일단 움 과자 흔하다 연구 요새 약과 유행 약과 활용 디저트여기 선물 용 자주 디저트매장 덥다 여름 당 충전 제대로 디저트 가면 재 각가끔 소식 김 역시 변하다 굿굿 가게 깨끗하다 사진 이쁘다 용 심 포장 지도 이쁘다 선물크렘브륄레 마카롱 레몬 유자 크림 마들렌전 거리 아쉽다 여전하다 마카롱 품절 못 솔티 바닐라 최애포장 매장 매장 고소하다 빵 냄새 진동 필링 크림 아주 가득 크림 굳다 맛날 느낌 디 저트 맛집 담이전 만 선물 지인 뿌듯하다 마카롱 기본 크림 마들렌 맛집 듯움 과자 마카롱 마들렌 머랭 택배 앞 계속움 과자 맛집 행복하다 여기 처 약과 바닐라 크림 그거 꼭 후회 안해매장 깔끔하다 마카롱 종류 다음 다른 움 과자 포장 메리 마카롱마카롱 다른 움 과자 재료 수제 정성 과자 섬세하다 우리 애 머랭 앞 자주디저트 배 아이 오페라 마카롱 홀라당 바로 필링 구리 디저트최근 디저트 제일 마카롱 쫀득 계속 약과 쿠키 완전 취향 저격포장 마카롱 적당하다 달 존맛 꼬그 쫀득 수제 필링 수제 크림 마들렌 통통하다 완전 가나 슈가 덕 촉촉하다 크림움 과자 라인업 다양하다 핫 약과 쿠키 게다가 포장 깔끔하다 선물입 왜 마카롱 유명하다 바로 이해 종류 다양하다 선택 움 과자 맛집 요최애 마카롱 유자 생강 휘 낭시 무화과 초코 약과 쿠키본가 간식 거리 사 다양하다 마들렌 통통하다 귀엽다 꽤 든든하다 피스타치오 마카롱 담번 마카롱 번창지인 알 요즘 약과 쿠키 완전 약과 쿠키 제일 다른 디저트 다사 기 어렵다 주말 간식 금요일 퇴근 마떼 알 행복하다크림 브륄레 마카롱 택배 직접 구매 처럼 정성 포장 오히려 이집 마카롱 인생 절반 손 해 마카롱 싶잖슴완전 인생 마카롱 증 말로 통통하다 꼬끄 필링 완벽 알맞다 달달 함 말 외 정성껏 포장 소듕 보 냉포 탄탄하다 무사하다메리 마카롱 여기 마카롱 선물 꼭 요기 구매 다르다 마카 롱 요맛집 마떼 종류 다사 아이 방학 간식마카롱 쫀득 안쪽 과육 밤 마들렌 몽블랑 밤 크림잔뜩 몇 매장 종류 다양하다 마카롱 마들렌 옆 빵 냄새 계속메리 마 새롭다 변신 최고 마카롱 휘 낭시 마들렌 류 특유 쫀득 반죽 감 무화과 초코 휘 낭시 꼭꼭디저트마카롱 바보 꼭 꼭 마카롱 매니아 별로 다사인생 마카롱 멀다 욥홍차 밀크 티 얼그레이 덕후 관련 마카롱 가격 대비 마카롱 크기 나름 만족하다 꼬끄 쫜득하 았 필링 음 살짝 아쉽다 전체 겉돈 달 딱이다 애매하다메리 마떼 크림 브륄레 한결 재고 별로 몇개 사고 택배 꼼꼼하다 포장 이번 달 정성 다만 자극 단맛 원하다 면 조금 취향 걸 나이 조금 부담스럽다 동년배 마 크림 브륄레 마사진 못 마카롱 개성 앞 마카롱 여기 정착자주 간 김 여전하다 손맛 비주 얼 이름 바 좀 낯선 데 오래오래골목 발견 마카롱 인테리어 깔끔하다 다양하다 오페라다양하다마카롱 최애마카롱 색 조합 이쁘다 완전 작품 용 오페라 약과 쿠키 찜콩이사 무화과 초코 휘 낭시 번만 번살짝 반도체 장마 깨끗하다 베이 킹 경력 분 느낌 크림 브릴레 마카롱 라즈베리 초코 마들렌 고급 진 의사 특이하다 제법메리 마카롱 마떼 마카롱 이제 이전 역 근처 접근성 마카롱 쫀득 꼬끄 고급 진 필링 기 맥혀 마들렌 크림 가득망드 무화과 달 제일 다른 직원마카롱 제발 여기 꼭마카롱무화과 마카롱 제일젤로 사랑 마카롱 포장 사진 일찍 달선물 포장마카롱 최애마들렌 종류 좀 보고 걸메리 마카롱 예전 만 마카롱 제일마들렌꼬끄 달 직원 분도 매우디테 다양하다 마카롱 포장 시 보냉팩 구매 가능완전 마카롱 맛집 필링 끝내주다마카롱 왕 번창마카롱 재마카롱 요디저트 맛집 디저트 디저트 가깝다 매일 최고마들렌요마들렌 다음 꼭 마카롱 먹기 약속마카롱마카롱 움 과자 항상메리 마카롱 마카롱 꼭 사서 가야 여기 마카롱 마카롱 못 인물 보장계속 해 디저트마카롱 맛집 케잌 사서 소프트 안달 다만 케잌 가격 초 비싸다 단점 기념일 마카롱굿굿쫀득 꼬끄 적절하다 양 크림 클래식 마카롱
53,파사도 망원,1367658278.0,힙 분위기 파사 끝판 다양하다 컨셉 재미 특별하다 전시 데이트 코스 도 채광 가득 힙 한잔 원하다 파사 이용메리 크리스마스 음료 첫 날 트리 마법 바깥 눈 건물 외관 화려하다 달리 내부 아늑 따뜻하다 세월 보이 벽 천장 곳곳 돌 동굴 느낌 디저트 디스플레이 독특하다 장작 타고 듯 소리 거대하다 벽난로 듯 옥상 옥탑방 화장실 특색 화장실 안도 따숩 낙서 듯 자유롭다 분위바로 인스타 자체 성 땅 햇살 땅 햇살 미치다 사진 분위기 다르다 디저트 특이하다 인슈페너 크림 딥 초코 딥 달 씁쓰름하다 초콜릿 본연 음료 이렇다 분 듯 옥상 그림 그릴 수도 감성 미치다파사 슈페너 위 쫀쫀 달달 크림 휘 낭시 로투스 찍 도리 스콘 초코 스크림 가득 말차 크로칸슈 도 공간 넓다 분위기 대박 공간 디저트 완전 만족하다 추 천하다 닷멋지다 갤러리 파사 도망 완전 최고 멋지다 미디어 아트 미술 작품 볼 굿즈들 무엇 음료 블루베리 에이 블루베리 블루베리 주스 듯 진하다 파사 라테 라떼 우유 가득 부드럽다 진하다 듯 건물 전체 갤러리 멋지다첫째 유명하다 에세이스트 정영욱 작가 운영 까페 생기 둘째 편이 가성 비 최고 뿐 음료 특별하다 디저트 대표 디저트 로만 준비 파사 직접 따뜻하다 마음 따뜻하다 넷째 분위기 사진 찍기감성 년 동안 앤 감성 토박이 로써 클스 마스 탑인 듯 아늑하다 크리스마스 분위기 이규 트리 이쁘다파사 슈페너 파 사도 벌써 크리스마스 이쁘다 트리 하얀색 트리 보고 화이트 크리 스마 마음 크리스마스 그렇다 달 연인 끼리 꼭 번 마음 따뜻하다 요 밖 따뜻하다 불멍 캐롤 행복하다 여러분 메리 크리스마스가까이 생각 음료 알차다 규 디저트 특이하다 차별 영상 물 작품 전시 관람 재미 음악 은은하다 평화롭다발견 감각 각각 매력 별로 다르다 조용하다 파사 슈페 너 크림 쫀쫀 휘 낭시 로투스 크림 추가 플레인 휘 낭시 스콘 존맛지금 크리스마스 시즌 트리 더더 독특하다 용 데이트 장소 완전아인 슈페 너 맛집 노출 콘크리트 인테리어 영상 미가 아늑하다 편안하다 분위기 아인 슈페 너 완전 잔 배부르다 옥상 느낌 조금 다르다 영상 음악 때문 편안하다 느낌마음 파사 건물 전체 별로 느낌 달라 처 파사 슈페 너 시즌 곶감 쉐이크 구 말차 칸슈 약간 겉 말차 초코 슈 숴그니 독특하다 매장 향기 홀림 분위기 힙해 감각 디저트 퀄리티 아인 슈페 너 크림 퀄리티 굉장하다 계단 위험하다 보임 보수 개선 필요하다인테리어 정 욱 작가 분위기 아인 슈페 너 처음 개인 자주 크림 다음 디저트 고합인더스트리얼 스타일 인테리어 멋지다 실현 분위기 음악 멋지다 심지어 팔로 산토 가득하다 더욱 특별하다 파사 처 크림 휘 낭시 로투스 디저트 동시 파시 도의 이미지 꼭 크로칸슈 말차 피넛 매력 만점말차 여기 위 크림 다양하다 디저트 빔 모닥불 영상 소리 분위기파사 그때 그때 분위기 브금 장점 화장실 깨끗하다 옥상 공간 지금 연말 트리 오직원 근처 아이 소아과 남아 되엏는데 분위기 포토 존 데이트 담엠 남편 둘이서 요디저트 무조건 야하다 파사 특색 기본 류 요즘 유행 약과 곶감 이용 전적 인 크로칸슈 파사 도망 처음 완전 오레오 과자 초코 아이스크림 가득 차 말차 림 조합 단 곶감 쉐이크 호두 마루 곶감 느낌 고소하다 달 약과 휘 낭시 진조용하다 메뉴판 즐거움 현재 사진전 싫다 중이 조용하다 책 인 손님보고 인테리어 크로칸슈 오레오 피넛 버터 존맛 욤두번째 역시 디저트 그때 아예 컨셉 보 감각 남다르다 그때 스몰 갤러리 기분인근 크리스마스 느낌 감성 낭낭 파사 라떼애정 카페인 파사 인테리어 고급 지고 감각 세련되다 요즘 감성 잡채 월 여러 분야 작가 전시 콜 라보 진행 전시회 필요없다 파사 가시 작품 소장 디저트 처 모두분위기 독특하다 감각 디저트 파사 처 음료 데이트 오기 진하다 말차 음료 추하다크리스마스 분위기 인테리어 멋지다 다음애플파이 크리스마스 분위기 뿜뿜친구 파사 디저트 특이하다 바로 처 파사 라떼 꼭 완전 달달 구리겨울 파사 처음 날 다르다 차분하다 분위기 크리스마스 느낌 가득분위기 디저트 야무지다 친구 가볍다 대화 혼자 마시기 괜찮다 조용하다크리스마스 음료 괜찮다 허니 케이크 달달 아메파사 크리스마스 이쁘다 트리 몸 분위기 보시인테리어 이쁘다 햇살 힐링 특별하다 음악 분위기 완벽하다 요 바로 옆 가까이 디저트 분 꼭 규모 넓다 인스타 감성 뿜뿜파사 전 인스타그램 팔로우 정영욱 작가 감각 인테리어 단독 건물 아인 슈페너벌써 크리스마스 분위기 가득하다 딥 말차 브라우니 잘생기다 어유딥 초코 크림 반하다 까눌레 스콘 평소 스콘 스콘 파사 스콘 스콘 먹기 담백하다 비주 얼새롭다 힙 분위기 파 사도 직원 응대 마시기 전 기분 요 처 고민 느낌 실제 도 차라 컵 크기 커서 양 섭 습 연유 크림 베이스 음료 아인 슈페 너 기대 크로칸슈 디저트 초코 크림 보드랍다 빵 조화특색 주차장 바로 앞 접근성 공간 흥미 로움 응대 심분위기 친절 모두 완벽 직원 연예인 임 완전 전시 볼 아늑하다 바로 옆 접근성인테리어 힙해 크림 엄 청 덕 휘 낭시 처 음료 배고프다 듯뎅 분위기 까놀레 한번분위기 음료 디저트 꼭분위기 특이하다 디저트 음료 약간 다크 우주 분위기분위기 비 날 딥 초코 진하다 이드 직접 청 그렇다 막 달힙 인테리어 갤러리 디저트 음료 독특하다짙다 조용하다 미팅 가능하다 인테리어 고급스럽다 분위기음료 디저트 이상 다른 분위기 다음 달 전시회 기대허니 케이크 호두 달달 주신 휘 낭시 겉바 촉 인테리어 특이하다 숯 냄새흔하다 곶감 쉐이크 데코 이쁘다 곶감 쉐이크 시즌 구영 시즌 전 자주 꼭 완전 강추사진 크리스마스 노래 포근하다 분위기디저트 휘 낭시 종류 보 이집 휘 낭시 맛집 다음 번 다른 종류 인테리어 유니크 새롭다 공간 재미분위기 짱 장작 소리 따뜻하다 느낌 말차 라떼 진쯔점심 분위기 매장 조용하다 분위기 일행 이야기 나누기 습 디 처 파사 슈페 너 위 크림 부드럽다 도 아주분위기 몽환 대화 파사 슈페 너 크림 달 씁쓸하다 크로칸슈 조금 매장만 온 분위기 따뜻하다 느낌 오비 피해 간 선택 루프 탑 건물 통채 파사 도망 전시 진행 구경 그림 멋지다 옆 바로 엽서 바로 구매 디저트 고 강추이이 인 매장 분위기 사진따뜻하다 분위기 벽난로핫 이유 아인 슈페 너 크림 존맛 인테리어 전시회 온 특이하다 사진구경 작가 정 욱 유명하다 분위기 라떼 아인 슈페 너 직원 굳다 굳다크리스마스 분위기 이쁘다 음료 진하다 아주인스타 감성 인테리어 디저트크림 쫀쫀해 휘 낭시 배경음악 잔잔하다 대화 인테리어 아늑하다초코 아이스크림 말차 크로칸슈 서여 직원 분위기 차분하다 조용하다 힐링 가요분위기 멋지다 처아인 슈페 너 크림 굉장하다 쫀득쫀득해 사진 맘껏 컵 아래 생크림 스콘 스콘 분 꼭 한번직원 완전 파사 슈페 너 칸슈 말차 완전 욤크리스마스 트리 음료 조용하다 작업인테리어 독특하다 말차 꼭파사 도망 친구 겨울 시즌 메리크리스마스 파사 슈페 너 허니 케이크 작가 전시 보고 독특하다 컨셉 볼거리 풍부하다 파사 도망 꼭일단 인테리어 세련되다 힙해 건물 전체 사용 작가 세련 파사 라떼 파사 슈페 너 크로칸슈 눌 레시 인테리어 데이트 꼭 야하다 킥 포인트갤러리 온 줄 감각 전시 그림 음료수 날씨 날 가면 뷰 인생 샷 망리 제일 예술 힙 분위기 단체 석도 화장실 깔끔하다햇살 맛집 파사 분위기 색다르다 데이트 기도 디저트 다양하다 보 담 디저트 용 번창저녁 남표 산책 언제 데 열 젊다 찌 말 주시 입 호강 기분 호강 인테리어 컨셉 독특하다 음악 힙 감성파사 정 욱 작가 여기 이쁘다 인테리어 이쁘다 계속 느낌 성업완전 겨울 분위기 왕파사 도시 처 파사 슈페 너 파사 라떼 달달 분 평일 오전 전세 조용하다 분위기인테리어 말 렌카 케이크분위 다음늘 디저트 다음일반 카페인 줄 알 작품 전시 곳곳 쪽지 문구 사랑스럽다 구경 리 그림 작품 의 마음 찡하다 그렇다 감성 충만 작품 예상 도 충전파 사도 분위기 처 직원 바로 옆 접근성 조용하다 혼 딱이다매장 분위기 조용하다 다양하다 디저트 주변 자주와이파이 화장실 기도 번거롭다 평범하다 장소 자체 느낌처음 매장 깔끔하다단연 으뜸 산미인테리어 요즘 유행 감각 힙해 디저트 파사 라떼 여기 만편안하다 분위기 겨울 크리스마스 느낌직원 노랫소리 잔잔하다 조용하다 집중매장 분위기 아늑하다 음악 잔잔하다 크리스마스자주 모두 내부 인테리어 독특하다 혼자 조용하다 작가 전시 볼거리 가득하다 월 하니 월 는걸 디져트 주인 작가 멋지다 반하다이쁘다 음료알파사 선택디저트 보 아늑하다 편안하다 힙 최고디저트오렌지 이드 크리스마스 진심 인테리어 음료 옥상 뷰 체고여기 분위기 바로 앞 주차장 편하다 이용조용하다 대화 크리스마스 분위기인테리어 이쁘다 알바차분하다 회색 빛 분위기 여러 소품 전시 그림 볼 조용하다 수다 떨기 음료분위기 햇살 사진 무지 음악 취저 파사종종 디저트 종류 분위기 짱짱분위기 조용하다 즐겁다 가요 디저트 최고독특하다 분위기 디저트 공영 주차장 바로 앞 위치 편리하다 노래 영상 분위 기 너므아메리카노 파사 크로칸슈 조합 파사 라떼 각 층별루 테마 층별 분위기 다른 매력매장 분위기 인테리어 컨셉 마음 직원 굉장하다칭구 점심 분위기 크리스마스 분위기 물씬 데이트언니 둘 눈뎅 선물 책 전시 카페인 뎅 논 룽 음료 잔 뎅
54,비고미,1886899395.0,레몬 마들렌 아메리카노 모두 담백하다 레몬 아이싱 상큼 고소하다 디저트귀엽다 간판 빵 포장 곰돌이 팥빵 팥 가득하다 호빵 빵 소금 빵 금 레몬 마들렌 레몬 레 몬해취향 고스 란 공간 아늑하다 따뜻하다 편안하다 느낌 사실 비건 디저트 처음 일반 디저트 생각 전혀 디저트 정성 해 미네 팥빵 궁금하다 생각 빵 푹신하다 팥 가득 팥빵 무조건 야하다 팥 직접 다른 디저트 음료 오트자주 비건 얼마 빵 오트 라떼 진 모든 도전 야채 빵 소금 빵 피넛 버터 쿠키 취향 장님 기분땅콩 라떼 빵 직원 무료 코코넛 케이크 주시 다음이전 첫 아기자기하다 아늑하다 빵 여전하다 근처 비건 식당 밥 코스 가기이사 비고 비건 건강하다 신선하다 빵 비고 라떼 아메리카노 분위기 노래 디저트 힐링늘 비고 종종 새롭다 빵 소금 빵 쫄깃 미네 팥빵 팥 가득 든든하다 요 비 스코티 독 고소하다 테디 셀러아몬드 비 스코티 초코 헤이즐넛 휘 낭시 비 스코티 생각 두툼 식감 휘 낭시 애도 달달빵 달 마들렌 쿠키 비 스코티 포장 두유 다음 꼭 매장빵늘 멀다 못 근처 볼일 겸사겸사 심 진심 임 간 적 단식 이슈 당장 최고디저트 빵 게다가 비건 귀엽다 캐릭터 인스타 팬 평택 비고 용산 귀엽다 비고 미사 장님 보고 인스타 로만 여기저기 경도 디저트 포장 용산 쪽 일부러 멀다 아쉽다 소금 빵 슬프다 뻔담백하다 바삭 움 과자 짭쪼름 쫄깃 소금 빵 제과 제빵 모두 트 라떼 처 장님덥다 더위 피하 려고 맛집 용 오트 크림 라떼 완전 스타일 장님 소금 빵 밤 색다르다 담비건 소금 빵 마들렌 모두 프레첼 포장 담백하다 식사 대용 아기자기하다 분위기 이용가깝다 비건 베이커리 담백하다 라떼 굿비건 빵집 빵 비고 라떼비건 움 과자 아몬드 비 스코티 바삭 비건 마들렌 겉바 촉이틀 연속 도장 중 개인 팥빵 팥맛 그대로 살 쿠키 종류 오도독 타입 티 푸드 카레빵 해먹 감자 가득 노랗다 카레 가득 분 기분 가득 다음 팥빵 나머지 못비고 베이커리 낮 소금 빵 포장 대신 커다랗다 미네 팥빵 방금 차액 가방 묵직하다 세상 귀엽다 팥빵 커다랗다 먹음 직 스럽다제일 비건 왜냐면 유당불내증 아버지 밀가루 평소 빵 라떼 매우 힘드다 가족 비고 베이커리 발견 우리 가족 디저트 항상밀크 티 유향 고소하다 브라우니 덕 꽉 서비스 비 스코티 아주 고소하다트 라떼 리얼 무 여태 트 라떼 비교 안되다 정도 부드럽다 찹쌀 브라우니 쫀득하 찰지다 굳다조용하다 시원하다 넓다 직하다 시원하다 인테리어 용 심지어 비건애정 비건 비고 아몬드 비 스코티 재 꼭비건 접 어렵다 종류 빵 재료 재료 그렇다 고급 자주원래 리뷰 행복하다 빵 쿠키 부담 달 아이 말 요 항상 대박어떻다트 라떼 고소하다 움 과자 장님 계시 모든 귀엽다빵 귀엽다 해 오트 소이 등 대체 유가 기분 먹기 장님 귀엽다 곰팥빵 오말 굉장하다 재밌다 빵 표현 집중 종류 디저트 제과 제빵 식후 식전 가볍다 장님 유기농비고 미네 귀엽다빵집 왜 이제야 지척 고도 비건 도 번 세번 자주동네 가장 다음기분 좌석 넓다 편안하다 일 거나 대화 미네 팥빵 곰 입체 얼굴 팥귀엽다귀엽다 비건 처음 예정 프로내부 깔끔하다 빵보통 친구 가면 디저트 마지막 조각 나누기 애매하다 양보 여기 처음 가위바위보 경쟁 귀엽다 비고 오래오래음 도리빵 사랑 장님 착하다 재 의사 무조건장님 귀엽다 호두과자 타르트 휘 낭시 서비스 심지어 생색 표시 알구 자주 비건 속편 고소하다 재료 신선하다 재택하 울 뻔 호두과자 원래 팥 고구마 앙금빵 청결하다 넓다 매장 이용 매장 기물 아기자기하다 군데군데 귀엽다 그림 따뜻하다비건 생각 만큼 초코 강하다 쫀득 브라우니 초코 칩 녹차 라떼 우유 오틀리 유라 고소하다 었는데 오히려 녹차 포 서비스 혼자 하니 포 식사 대용 동네 종종 쿠키 류 포장 이제 브런치 자주귀엽다 고소하다 쿠키 귀엽다 가게 내부 행운 쪽지 덕분 몇 주 행볻했어 그림 귀엽다 꼭 쿠키 가게 해비건 베이커리분위기 디저트 친구 즐겁다비고 호두과자 주 번은 출석 장님 서비스 늘 기분 인사 감동 제곱 세상 비고 가시 호두과자 비 스코티 처 비고 미쿠 키 살짝 차갑다 최고만우절 스페셜 파떡 꼬치최애 비건 빵집 어쩜 귀엽다 가성 비두 분 급하다 와중 기억 남고 기분 어떻다 아시 고민 단호박 머핀 서비스 전체 도 아주 낮다 편이 물 음미 먹기 개인 비건 익숙하다 분 호두과자 내일 에프 굽 구황 작물 처 돌이 고구마 베이커리 위주 구매비건 베이커리베이커리기분 베이커리소소하다 점심 감자 스프음료 쿠키 비건 라면 비고 베이커리 강력얼마 전 오늘 회 용기 가면 할인 가세 서비스 쿠키 바삭 비 스코티 동네 최애따뜻하다 분위쿠키 비 스코티 잼 쿠키 서비스 쿠키 빠작빠작 재료 미가 비건 가격 저렴하다 다음모든 비건 다가 할인 이세 제일 착하다 가게 비고 미님 빼꼬미님 비 스코티 야채 스콘 등 빵 비건 맛집비고 빵 싹서비스 심지어 어떻다 말씀 봉투 그냥 어렵다 수고 스럽다 움덩달아 행복하다 공간 빼빼로 데이 빼빼로 소정 선물 각박하다 세상 감동비고 미님 팬 비고 베이커리 진작 정상 지금 만 봰 여전하다 사랑스럽다 귀엽다 포장 아포가토 아몬드 비 스코티 아몬드 비 스코티 정 말 고소하다 적당하다 달달 비건 다른 비건 빵집 사 여기 탑 여기 가시다양하다 특별하다 재 의사코 코고미 위 덕분 역시 마켓 처럼 분 가게 곳곳이 귀엽다 사랑스럽다 가시 행운 쪽지 꼭 재료 맛없다 수가 포장 덤 주시 다음 기 분비고 미네 타당비건 디저트 모두 매장 아늑하다 테이블 간격 넓다 가사 음악 대화 혼자 작업 따뜻하다 편안하다호두과자굿 요남자 비건 가면 주로 라떼 오틀리 아몬드 브리 라떼 아기자기하다 깔끔하다 디자인 기억 남비건 음식 맛없다 퍽퍽 인식 준 베이커리 심지어 스콘 다음 날 아침 쵹쵹 구리 가족 뻔밀가루 유기농 재료 신경 동물성 우유 버터 부드럽다 중 호두과자 꼭 꼭 번 세번 사서 엄마 엄마 호두과자 처음 달래 밤 속도 편안 비 건빵 매력깔끔하다 아기자기하다 계란 음식 계란 거의 빵 계란 냄새 예 민 사실 지인 빵 계란 말 실제 예민하다 베이 킹 계란 보고 만 빵 입 안대 기억 우유 냄새 때문 이렇다 자체 매우 기쁘다분위기 용문동 비건 베이커리 비고 타르트 비건 크림 색다르다 서비스 마들렌 차 산뜻하다비 건빵 비건 재료 유기농 밀 국산 팥 등 재료 사용 그렇다 편하다유기농 비 건빵 맛집 팥소 직접 그렇다 팥빵 호두과자 말 가볍다 비 건빵 과자 동생 쌀 쿠키 그렇다디저트어떻다 건물 궁금하다 다른 경로 비건 궁금하다 신기하다 내부 쾌적하다 직원 쿠키 귀엽다 선물 용 괜찮다 다만 피넛 쿠키 딸기 잼 시판 용 강하다 전체 밸런스 의외 부 분 느낌 조금 아쉽다 비건 다음 음료 서비스 말재료 쓰시 느낌 단호박 미가 가득하다 쿠키 잼 넉넉하다 비건 쿠키 류 유사 가격 기준 아주 만족 원래 쿠키 텁텁함 싫어하다 우려 스럽다 촉촉 부드러움 아주 입 마르지 류 일반 티 남녀 매우 과 덩달아 기분 상쾌하다 비건 생소하다 덕분 입문 간식 요기멀다 재 의사비고 캐릭터 귀엽다 케이크 진지하다 완전 팬아포가토 제발매번 즐겁다 비고 베이커리밀크 티 사랑 비 건빵 사랑 분 번 비건 빵집 요즘 비싸다 양은 슬프다 뎅 비고 베이커리 재료 본연 진하다 가격 굉장하다 착하다 편이흑임자 마비고 미님 빼꼬미님 두 분 비건 디저트흑임자 마들렌마들렌흑임자 케이크 고소하다 달 작다 공간 이야기 나누기여기 최고 비건 관심 여기저기 비건 베이커리 으뜸 매장 깔끔하다 포장 조차 비닐 사용 모습 감동
55,웅파이 망원점,1856313483.0,처 비프 파이 매장 끼 식사 정도 든든하다 비프 피자 예상 토마토소스 뒤 비프 토마토 뭉근하 자극 치즈 감자 퓨레 고소하다 부드럽다 딸기 잼 파이 디저트 느낌 드 반갑다 인사 크림 종류 다음 보고웅 파이 흔하다 흔하다 파이 반쪽 간식 식사 도 안주 도 손색 듯꼭 코스 웅 파이 항상 응대 파이 건 젠 당연하다 말 얼마 전 친구 커플 도 뿌듯하다 매번 포장 다음 기회 매장 요 항상 파이냄새 홀린 듯 눈 반갑다 기분 비프 파이 양송이 파이 두 번갈아 조화롭다 파이 끝 부분 딸기 잼 발라 사워크림 서비스 취향 저격 음번 오늘 품절 파이일찍 솔드아웃 파이 이번 보고 다음 보고날 은근케찹 딸기 잼 도 묘냄새 맛집 냄새 피자 파이 집임 주민 맛집 주심 처 비프 개취 비피칠 리 친절 상 도착 비프 칠리 개꿀맛 예정 담 동네 주민 메뉴인 머쉬룸 예정파이 아주 촉촉하다 육즙 풍부하다 끼 딸기 사워크림 개취 사워크림 다른 파이 재 예정양송이 파이 든든하다 끼비프 파이 강렬하다 분위기 보데 담 치킨 파이양도 육즙 장난 배부르다 체인 특별하다 인기대박 가게 엄 청 맞이 미트파이 대만 땅 대만 땅 걸 존맛 시금치 파이 품절 아쉽다 머쉬룸 비프 파이 저희 영 계 속 고민 걸 파이 보라 구 영숙 앞궁금하다 혼자 장 간 김 직원 토마토 베이스 고기파이 딸기 잼 었는데 찰떡 궁합 도 요기 양미트파이 아침 버스 타고 비프 파이 존맛 나중수가 채반한 미트파이미트파이 특별하다 바삭 쫄깃 파이 미트 소스 가득 분위기입맛파이꼭 포장 웅 상자 귀엽다 파이 비프 칠리 비교 신상 처음 역시 명불허전 항상 파이데 양도 무적 놀래다 용량 작다 캔 콜라 한번사가 기전 리비프 매장 비프 머쉬룸 포장 맥쥬 캔 좀 아쉽다 파이 나중 꼭 포장파이인 파이 도 양은 충분하다 인 파이 가능하다비프 파이 양송이 파이 숙 파이 치킨 파이 보스 파이 포장 맛집 인정 요다시 컴백 선호 파이 기억 계시 감동아침 일찍 웅 파이 마자 포장 끈 끈 치즈 양송이 파이맛집햇살 미소 반갑다 인사 어제 오늘 걸 기억 감동 천재신 듯 비프 머쉬룸 보보스 아주 특별하다 간식 기분 번창비프 칠리 냉큼 포장 진하다 비프 입맛머쉬룸 파이 강력 솔솔 머쉬룸 강력 매장 안이 바깥 아담하다 자리 아쉽다 라면 음료 정도 닭고기 우유 크림 어쩌 그것 담백하다심 머쉬룸 파이 앞 컷 슬픔 갓 뜨겁다 바로 좀 후 비프 근본 누구 치킨 커리 보스 파이 살짝 움 포장 박스 움매번 보기 한강 포장 가기호주 온 분 고기파이 재미있다치킨 파이 좀 스프 스튜매장 앞 테이블 머쉬룸파 미트파이 바로 포장 이렇다 용기운 예전 웅 파이 토마토소스 상큼 함 비프 파이 페스트리 파이 가득 소스 치즈 매장 케챱 스리 라차 소스 스리 라차 살짝 매콤 웅 파이근처 파이 숙 겉모습 실하다웅 파이 파이 속 고기 육즙 소스 상상 이상 오딸기 최고다비프 파이 뜨겁다 치즈 소스 굿굿 비프 파이 계속 양송이 파이 굿굿 다음 꼭 픽전 사 강가 기억 포장 바로 제일 집앞 주 한번 도민 설움 센스 넘치다 기분 복권 당첨양송이 파이 최고미트파이독특하다 신선하다 충격양송이 파이비프 칠리 파이 파이 도 크리스 피 부드러움기분 미트파이 웅 파이 최고어쩜 미소 파이 기운언제 웅 파이 이번 선택 항상 포장 에어 프라이어 도 적당하다치킨 파이 그냥 부드럽다 느낌 정도 나중 다르다 보고사랑 웅 파이 멀다 자주 못 아쉽다 사진 작년 크리스마스 이브 사진 특별하다 날 최애 비프 파이 다음 도장처음 미트파이파이 양은 작 각 파이비프 파이 최고 따뜻하다 제발비프 파이 시금치 파이 봉투 시금치 파이 상대 좀 담백하다 비프 파이 고기 듬뿍 개인 비프 파이 케첩 딸기 잼 전 딸기 잼 개인 진 베 클래식 미트파이 웅파 비프 파이 진 베 치즈 불고기 약간 느끼하다 감 웅 파스타 소스비프 파이 치킨 파이 보스 파이 숙 파이 양송이 파이 시금치 파이 소세지 롤 봉투 경찰서 바로 앞 위치 보이 끼 파이 이상은 먹기 힘들다 정도 포만 감 가득 양 전체 그렇다 버터 감 가득 보드 란 최고 대치 보스 예상 외로 시금치 파이 양송이 파이 보드랍다 크리미 취향 꼭 습비프 파이 맛집 롤미트파이 완전미트파이 처음 포장 강가 딱이다 다음 시금치 머쉬룸꽉 찬 웅 파이웅 항상 분위기 빵 가게 꼭 용맥주주말 아침 가게 외국 여행 온 느낌 동안 설레다 파이 모두 보고애플사 맥주 정 말 음악 신나요쟁여놓 에프 먹기 봉지 그냥 추가 에코 백도 한번 말텐션 실로 어마어마하다 기분 바이브유명하다 고해 포장 스타일비프 파이 보스 파이 반 보스 향신료 치킨 카레 비프 소스 소고기 패스츄리 덜 바삭 부드럽다 식 전반 좀 보스 파이 매력 담 양송이 꼭처음 미트파이처음 말 값어치다른 한번 개인 미트파이 가장 제법 커서 아침 간단하다 식사 먹기 도해파이 처음 독특하다 다만 간이 조금 일회용 나이프 종이 포장 위 조금 아쉽다 가게 확장 스텐 접시 나이프 번창굿비프 파이 파스타 끼 식사 든든하다 약간 향신료 완전 취저 하루 에어 프라이어 바삭 치즈 피자 느낌 파이 맥주 직원 매장 인테리어 분위기 유쾌하다 느낌숙 파이 품절 아쉽다 나중미트파이 구매 남자친구 코로나 땜 격리 생일 선물 줄겸 포장한식 비프 파이 비프 파이 겉 파이 바삭 거림 조금 아쉽다 양 작다 배 조금 배 가성 비 조금 만족하다 식기 일회용품 편하다 환경 생각 일회용품고기파이 좀 아쉽다 다음 따끈하다아침 파이 우시 냄새 몇번 구매 포장 귀엽다 파이칠리 파이궁금하다 괜찮다비프 호불호 먹기 보스 향신료 향신료 싫어하다 분 싫어하다 수도 머시 룸 아이 먹기 빵 바삭재 종종굿직원 이렇다 류 파이 처음 라자냐 미트 소스 분 이면 비프 파이 다음 도전매장 작 깨끗하다 무엇 장점 파이 가격 적절하다몇 번 리뷰 처음 파이 어디 서도 그렇다미트파이 스타일따뜻하다 소세지 롤 느끼하다친절 빵미트파이시금치 파이원픽 머쉬룸 파이 딸기 잼 꿀맛임 주차양송이 파이 최애 등 크림 베이스 감자 양송이 치즈 가득 포만 오래오래웨이 팅 바로 구입미트파이 맛집파이 전후 비싸다 느낌 크기 속도 실하다 아침 한잔 끼 식사 충분하다느끼하다 매콤 둘 조화 술파이 다양하다 이번 처음 알 다양하다 다양하다 끼 도 아주 적합하다 명 가면 다양하다 볼 수도 만족 최고요즘 파이 파이 치킨 처음 시금치 파이 궁금하다 실험 시금치 파이모두 배부르다미트파이 제일 강하다 향신료 매력 겉 파이 특유 크리스 피함 든든하다 꽉 찬 최고웅 웅고기파이 처음따끈따끈하다 비프 파이 일품 좀 머신 분 에어 프라이어 겉바 촉 진심 완벽하다 파이 지도 부드럽다 벌써여기 강력가격 조금 비싸다굿
56,키토빵앗간,1544764300.0,새롭다 온 동네 이웃 아주 빵 가게 빵 당뇨 환자 밀가루 설탕 그렇다 도 아주 예비 부부 시라 이웃 사촌 이자 단골일단 모든 밀가루 정제 설탕 요즘 이렇다 빵집 모든 성분 재료 아주 꼼꼼하다 관리 무화과 잼 직접 설탕 달콤하다 감격 휘 낭시 따뜻하다 회사 급하다 하루 그냥 그렇다 따뜻하다예전 한번 보고 밀가루 설탕 최대한 줄 그렇다 키토 빵앗 간 소중하다 보시 전 설탕 밀가루 생각 정도 요 최고 간식 행복하다대파 치즈 스콘 늘 휘 낭시 과 대파 치즈 스콘 꼭 고기 야채 잔뜩 담백하다 빈대떡 느낌 포만 감 커서 식사 대용 먹기 따뜻하다 준비 미가 맘 포장 어요 휘 낭시 늘 항상 항상 대해일반 디저트 가게 오히려 개인 말차 갸또 말차 큐브 말차 쿠키 말차여기 디저트 마카 세 성공 밀가루 설탕 이렇다 오늘 밀가루 설탕 살 휘 낭시 쿠키 선 포장 빈 그릇 심지어 분도 강아지 귀엽다 네이버 지도 저장 근처 오시 꼭입 짧다 사이즈 마음 드 건강하다 재료 믿음요즘 글루텐 프리 관심 노 김 보 우선 디저트 친 구 계속 설탕 밀가루 즐겁다 보통 가면 디저트 열량 확인 불 한마음 키토 빵앗 영양성분 표 칼로리 계산 탄수화물 당 얼마나 확인 더욱칸 페레로 휘 낭시 샤인 머 스캣 떠먹케 디카 페인 아아 칸 휘 낭시 평소 고소하다 피칸 휘 낭시 아주 샤인 머 스캣 케익 포장 과일 크림 듬뿍 번 정도 꽤 양 샤인 머 스캣 처음 바닐라 빈 크림 크림 다른 제철 과일 기도 습무 설탕 탄수 디저트 도 특이하다 다양하다 음료 무 설탕 도 달달 건강적당하다 도 마음 아늑하다 편안하다키토 빵 재료 신선하다 심지어 고급 원두 그렇다 요 쑥 팥 콩 럼블 팥 직접 대요 래서 인위 단맛 담백하다 일품 애플 럼블 감탄 자체 꼭 드 셔보세 친구 소세지 할라피뇨 휘 낭시 조합 신기하다 가나 슈 칸 무화과 크림 치즈 페레로 말얼그레이 무화과 쿠키 일정 일찍 바람 귀엽다 매장 보 어요 빵 종류 여러가지 음료 전 말차 라떼 무화과 올해 슬프다 찰나 발견 얼그레이 무 화 크림 치즈 쿠키 조합 무엇늘 주 번은 가게 참새 방앗간 두 분과 귀엽다 강아지 루루근처 키토 디저트 판다 닛 다이어트 밀가루 단식 쌀빵 근처 찾기 어렵다 종류 아쉽다 탄수 무 밀가루 무 설탕 완전 다이어트 딱이다 종류 여러가지 취향 달달 구리 마늘빵 지휘 낭시 등 특이하다 용 케이크 다음 케이크 보고지난번 공사 오픈 반갑다 베이커리 종류 건강하다 재료 사실 막 크게 대안 배 종류 별로 매장 아기자기 이쁘다 건강하다 베이커리 그냥오늘 덕분 디저트 가요 매번 대해 추석다이어트 중 디저트 중 발견 속세 그대로 텅 각 초코 가나 슈 최고 번인테리어 정성 가득 음료 베이커리 류 게다가 귀엽다 강아지 자꾸 더욱 흥여느 처럼 붕어빵 애플 럼블 갈릭 버터 휘 낭시 디카 페인 아아 저번 보라 주신 붕어빵 앞 자주 갈릭 버터 성공 선택 쿠키 케익 보고 조만간빵 티라미수 단골 심키토 빵앗 매장 이전 매장 디저트 장님 다해 밀가루 설탕 디저트 가능하다 놀라웡 심지어 최애 무화과 초코 파운드 촉촉하다 진하다 존맛 무화과 크림 치즈 휘낭 시 존맛 무화과망원역 근처 글루텐 프리 디저트 발견 선물 포장 옵션 덕분 선물 편안하다 디저트키토 빵앗 무엇 궁금하다 호기심 밀가루 대신 아몬드 가루 사용 빵 설명 궁금하다 구입 남편 포장 춘천 반갑다 맞이 스마트 스토어 판매 자마자 흡입 듯 담백하다 깔끔하다 벌써 맞이 주신 성품전체 친구 빵 당 때문 알 만 빵 거의 전부 입 몇 사서 걱정 기억 치즈케이크 사서 친구 맜있다 얼그레이 무화과 크림 치즈 쿠키 제일아담하다 디저트 요키토 디저트 맛집 피플 로써 자랑 어업 역시 핫 장님 무엇 키토 느낌 도 안나 인 디저트 맛집 건강 건강하다 디져트 맛집 짱짱작고 포근하다 분위기 움 과자 책 휘 낭시 대박 귀엽다 깜찍하다 강아지 루루 귀엽다 천사그냥 가게 귀엽다 노 슈가 어쩌 홀린 듯이 쑥팥콩 럼블 사서 자마자 안주 쑥 진하다 위 럼블 노 슈가 꽤 달달 가게 깔끔하다 귀엽다돈 산 재 맛집 기분 종류 또또키토 빵 이름 답지 빵 빵 빵 생각 여기 빵 부담 단맛 휘 낭시 겉 속 굉장하다 촉촉하다 다른 빵 그냥 말 말 편 일단 가게 외부 인테리어 한번 반하다 빵 번 반하다 장님 세번 반하다 계속장님 설명 왕왕 자세하다 늘 최애 빵집디카 페인 아메리카노 연한 이구 피칸 초코쿠키 무 설탕 아메리카노 꿀 조합탄수화물 설탕 건강하다 빵 건강하다 맛없다 편견 여기 요 최고 전국 가맹 번창오픈 인스타 보고 바로 매장 최대 팀 인 기준 정도 축하 오신 분 아마 손님 살갑 대해 단골 런가 디카 페인 무 설탕 음료 개시 하니 기대 자주빵 설명 자세하다 해주시 무엇 지금 다이어트 중 무 설탕 탄수 빵 음 행복 잡채 키토 빵 앞 단골 예정휘 낭시 애플 럼블 무화과 크림 치즈 페레로 파운드 케익 만원 이상 구매 시 휘 낭시 무료 쿠폰 여러 종류 솔티드 캐러멜 입 제일 파운드 케익 다가 버스 송도 초 이사 오신 기대 중 이제 음료 개시 매장 손님 이제 자주 새롭다자주 키토 베이커리 키토 빵앗 아몬드 가루 디저트 밀가루 아몬드 가루 입 간식 스타일 휘 낭시 제일 쿠키 류 완전 견과류 당 걱정 키토 빵앗 디저트임신 당뇨 건강하다 디저트 건강하다 조금 부족하다 평일 잔뜩 포장 천국 디저트 혈당 퍽퍽 달달 배송 출산 전 키토 빵앗 디저트 간식 버 텨 여자 가요 질문 대답빵 순이 다이어트 이면 인터넷 탄수 글루텐 프리 빵집 오픈 여사 장님 혼자 바쁘다 응대 빠르다 포장 중이 시 모든 빵 구매 구매 가능하다 제품 구매 판매 제품 반정 맘 편하다키토 대한 선입견 처음 접 키토 디저트 요 처음 매우 생소하다 걱정 기분 디저트 하루 마무리이렇다 건강하다 가게 엄마 아빠 빵 잔치 구 칭찬 칭찬 맜있 잠시 공간 또또 가겠슙키토 디저트 맛집 건강하다 빵 선물 용 좋쿠 디저트 러버 테 찰떡 요 덥다 음료 음료 조만간디저트 괜츈해재료 음식 판매 그렇다 휘 낭시 애플 럼블 휘 낭시 가나 슈휘 낭시 말차 쿠키 너 무 베스트 애플 럼블 휘 낭시 말차 쿠키 애플 럼블 휘 낭시 완전 옹 어떻다 밀 루 밀가루 설탕 디저트 다이어터 소식 품절아늑하다 느낌 반하다 마침 건강 쿠키 종류 건강 불구 자주 운동 분 신경 분가게 비건 쿠키 보고 포장 강아지 간식 애견 인분 꼭키토 빵 처음 티라미수 달 진하다 설탕 밀가루처음 종류 다양하다 가게 아기자기하다 귀엽다 무엇 다이어트 건강하다 디저트사랑 단골 이애 재료 건강하다 재료 버스 타고 설탕분다 빵 종류 특이하다 다양하다 항상 빵 재 의사 자주아악 예전 송도 장사 싱때 인스타 팔로 스마트 스토어 뒤 가게 이전 바로 사이 신제품 라인업 빵빵 그냥 존맛 큐브 파운드 대박 요 부자 꼭우연 찮 빵 입 베 어물 단골 예약 앞 소신 빵 그것 행복 휘 낭시 최고 키토 빵 퍽퍽 줄 촉촉설탕 밀가루 사용 건강하다 디저트 판매 키토 빵앗 일별 디저트 라인업 다른 포인트 휘 낭시 종류 다양하다 건강하다 빵 빵 순이 송도 키토 빵앗키토 관심 빵 밀가루 설탕 전혀 정도 인테리어 깔끔하다빵 떡 중간 느낌 독특하다 전반 굉장하다 순 느낌 달 부담 어른 디저트 휘 낭시 죄책감 좀 덜하다 무화과 크림 치즈 솔트 캐러맬 휘 낭시여느 페레로 무화과 크림 치즈 솔티드 캐러멜 휘 낭시 디카 페인 아아 자꾸 보라 주시 전 미안하다 민망하다 어떻다 이번 붕어빵 휘 낭시 보라 팥소 직접 장난 죄송하다 달 미안하다 젠 마음 조만간휘 낭시 티라미수 당근 케이크 모두 티라미수 제일 케이크 위 크림 너 무 빵송도 자주 속상하다 구경 빵 사서 그날 행복하다 하루 손님달 깔끔하다 를 몸소 실천 아아 아주 갱얼쥐 매우 귀엽다선물 사진 선물 보 뻔하다 미가 장난 유 얼그레이 무화과 쿠키 꼭 완전 강추 미치다 주차 편하다 강추임 미당 번창 오망원역 키토 빵앗 쿠키 휘 낭시 파운드 등 밀가루 프리 글루텐 움 과자 보 기본 피칸 초코 칩 쿠키 구매 작고 아담하다 잠시 잔몇번 영수증 리뷰 처음 요 당분 섭취 제한 디저트 먹기 어렵다 키토 빵앗 그렇다 걱정 새롭다 계속 재미 건강하다 항상 생각 쿠키 서비스 또한 번 감사체적 도 쎄다 조금 아쉽다 가면 꼭건강 디저트 다음진 탄수 무 설탕 다이어트 유지 디저트 탄수 무 밀가루 저당 무 설탕 위주 키토 디저트 중 탑 탑 애플 럼블 속 촉촉하다 럼블 식감 케이크 크림 짤 한층 무화과 크림 치즈 휘 낭시 부드럽다 달콤 고소하다 아깝다 휘 낭시 따뜻하다아기자기하다 근처 자주친구 오픈 놀러와 휘 낭시 에두 비건 쿠키 옙버 스럽다건강하다디저트 달빵 다음예전 멀다 못 가다가 나들이 겸 날 휘 낭시 날 여러 종류 요 소시지 무화과 크림 치즈 쑥콩 럼블 카카오 애플 럼블 고르곤졸라 일반 휘 낭시 적 식감 여기 제품 은 촉촉하다 쫀득 종류 이름 값 아주 인상 무가당 두유먹기 아깝다휘 낭시 종류 소세지멀다 택배 날 멀다 휘 낭시 종 페레로 무화과 크림 치즈 솔티드 캐러멜 애플 럼블 구 워 얼마 저번 각각 뚜렷하다 고르곤졸라 휘 낭시 서비스 못 갓 걸 바로 자주 택배 여행 보답 밖무화과 크림 치즈 젤루임신 후 당뇨 때문 주변 빵 빵집 부천 송현 구경 빵집 글루텐 프리 무 설탕 담매장 깨끗하다 재밌다건강쿠키 지금 쿠키 중 제일선물 포장 이쁘다 선물귀하다 키토 빵집 오래오래 번창오픈 두번째 손님 종류 빵 순이 개인 초코 가나 슈 케이크 플레인 휘 낭시 가나 슈휘 낭시 버터 파운드 코코넛 휘 낭시담백하다 다이어트 도움 송도 단골 이제매장 분위기디저트 요굿키토 빵앗 최고설탕 글루텐 프리 이렇다 신기하다 정도다이어트 중 빵 몸 건강하다 음식 무조건 키토 빵앗 친절 제조 과정 건강 정성 듬뿍 음식 설명 키토 빵앗 대박 대박 대한민국 전부 그렇다 매장청주자마자 사진 꼬소해달 촉촉하다생각 담백하다 띠용 중독 건강 빵빵빵굿밀가루 이렇다 휘 낭시 치즈케이크 심지어키토 빵 달달 고소하다일주일 다시 키토 빵앗 인생 방앗간 크리스마스 케잌 입 사르르 임 자주 최고계속 매장 바쁘다 못 오늘 반갑다 사탕 키토 닉 동지 아무 생각 짱 빵 존맛 키토 빵집 슬프다 직장 근처 자주 거옝 오래오래 장사 욤키토 빵 자주 애용처음 빵 달 무화과 찌 인하다 쿠키 말차 뿜뿜 오늘키토 빵앗 인스타 보고 휘 낭시 보고 수원 키토 닉빵 처음 일반 빵 솜씨 무엇 박스 차 다시 차 휘 낭시 케이크 키토 닉 빵 진심 다음어어 뮤 쿨타임 야하다 맛집
57,콜트 커피바,1786846402.0,
58,망원동티라미수 본점,1982193045.0,티라미수 양 아쉽다 도 찰떡 본점음료 리지 널 티라미슈 직원아메리카노 저렴하다 티라미수 비싸다다양하다 종류 티라미슈 재미예전 디저트 본점 처음친구 가게 디저트 레트로 가게 인테리어 맘비 티라미슈 수박 주스 가격 비싸다티라미수 처음 괜찮다 참치 샌드위치 단맛 좀 친구 진하다 티라미수 먹기제주 청귤티 상큼 청 과일 가격 여기 아메리카노 특유 신맛 가격 훌륭하다 편 만족스럽다 가나 슈 초코 티라미수 고급스럽다 초코 케이크 가격 딸기 티라미수 마찬가지 딸기 쇼트 케이크 가격 티라미수 비싸다 재료 사용 홈 메이드처음 굿티 라무스 다양하다 종류 티 라무스 강추티라미수 유명하다 궁금하다 티라미수 맛집 대신 가성 좀 편이 티라미수 딱이다티라미슈티라미수망티 본점 조명 아늑하다 사진 플래시 녹차 파우더 크림 녹차 샷 먹음 살짝 촉촉하다 빵 켜켜 상단 파우더 짐 도톰하다 쟁반 후 두둑 외 다양하다 티라미수 선물 여 괜찮다내부 백화점초당 옥수수 티라미수본점 매장 이쁘다 티라미슈디저트 매장 따뜻하다 매장 뭐 니모 해 딸기 내사 딸기 딸기 티라미수 존맛팥 달 기성품 듯 그냥 설빙 가세 별로포장 다음 꼭 매장 욥 티라미수 존맛 음료 리지 널 아쉽다 양도 아쉽다 재 의사확실하다 사이즈 작다가게 파리 마리 계속 매장 신경 화장실 좁다 지저분하다 재 의사별 밀크 티 키링 가능하다 병따개 센스 다만 유명 세 타고 티라미수 생각 가격서면 티라미슈 본점 보고 수가 외부 인테리어 모두 깔끔하다 귀엽다 직원 욕심 티라미슈 두 본점 특유 분위기가나 슈 티라미수 최고잠시시원하다치즈 필링 진하다리지 널 티라미수 미치다 입 순간 매장 싹 정도 마음 가면 녹차친구 이야기 헤이즐넛 헤이즐넉 달콤하다 티라미수 리지 널 녹차 리지 널 취향외관 레트로 내부 컵 티라미수 유니폼 직원 심 테이블 소독 액 깨끗하다음 타라 미수 전문점 기준 아쉽다 장안 단체 매장 소란 스럽다 별로입 완전 녹음티라미수 가요종류 힘드다 보 큰일티라미슈 여기굿티라미수 맛집 홍차 밀크 티 느낌 초코 티라미수 먹음 뻔 재 의사굿굿티라미수분위기아메 카노 티라미수 어디 서나친구 음료수망티티라미슈좀종이컵 사이즈음료 털 손님 조심 진상 기분 나쁘다 음료 찝찝하다 죄송하다 말 한마디 멀리 온 친구 도 미안하다티라미수 수박 주스 아메리카노 가격굳다왜 유명하다티라미수 분위기 조용하다민초 생각 민트 덜하다티라미수 가성 비 대비 양 애플 히비스커스 티 달달일반 티라미수 달리 달 딥 느낌 다만 콤 레몬 티라미수 이름 달리 그다지 콤 레몬 거의 레몬 티라미수 콤 완전티라미수여기 디저트 이번 티라미스 라떼 처 달달 달콤하다티라미수 보고디카 페인 아쉽다티라미수 주점 깔끔하다 영수증 왜 본점 인식리지 널 압도티라미수 완전 쉐이크 계란 샌드위치 딱하다여기저기 티라미슈 본점 제일 자주양은 적지 나용티라미수 홍차티라미수 본점 처음 촉촉 달달 컵케이크 매장 자리 편하다 다만 화장실 좁다 더럽다 아쉽다기본 티라미슈 제일 못 아쉽다 마감 홀 마 감 참고티라미슈일요일 그렇다 평소 자리 포장 개인 리지 널 딸기 티라미수 부드럽다 적당하다핫 시조새 요 한번 제사 가격 저렴하다 티라미수 종류 다양하다 한번읍티라미수 맛집 애플 히비스커 스티 맛집 티백 사용티라미수 순식간부드럽다 티라미슈 자리 잡기 힘들다티라미수 비싸다 양도 작다 얼그레티컵 때문 편하다매장 입구 레트로 감성 특색 기분가격 착하다 음료포장 엄마 여태 티라미슈 중 제일 대요오레오 티라미수 리지 널 티라미수남편이번 홍차 구매다른 지점 기억 본점 저녁 배부르다 오레오얼그레이 진하다아메리카노 짱짱디저트 맛집딸기 티라미수 음료 달비싸다 디저트 넵티라미수아메리카노아아불친절 디저트굿인생 티라미수 처 돌이 오레오 티라미수 역시 리지 영
59,위켄드케이크,1576059168.0,케익 크기 가격 합리 매장 초 종류 케이크 귀욤 모양 보고 굿 굿 크림 치즈 진하다 두껍다 초코 크림 케익 다음 기념일케이크 귀엽다 직원 용 최고레터 링 케이크 무조건 위켄드 케이크 디자인 케이크 종종 이용귀엽다저번 먹기 가격 합리 이번 지인 모임 초대 걸 고민 레터 링 구매 선물 그날 제작 가능하다당일 날 급하다 필요하다 미니 케이크 크기 작다 원하다 모양 레터 링 불가능하다 센스 폰트 그대로당일 바로 귀엽다 동물 미니 케이크 생일 구도 완전 케이크 요가격 대비 이쁘다 이벤트 이용아기자기하다 특별하다 날 기념 케이크 부담 먀 레터 링 글씨체 항상 강추일단 매장 프라이 빗 아주 서도크아 아아 케이크 보통 기념일 생일 평이 구매 후식 끝장 요 마싯슴 달달제작 케이크 매장 정착 케이크 매장 유목민 미각 안성맞춤 케이크 다른 겉 치즈 시트 꼬릿하거 빵 눅눅하다 여 부족하다 케이크 맛집 촉촉하다 케이크 순삭 디자인 부터 폰트 맘 쏙 쵝오당일 가능 제품늘 케이크 귀엽다케이크 예약 가도 문구케이크당일 레터 링 가능하다 케이크제작 케이크 위켄드 케이크 알 케이크 디자인 마음 서도 케이크 선물 사진 남 기기 소품 구매 다음 재 의뢰 정도선물 용 당일 케이크 구매 가게 당일 케이크 제작 케이크 사전예약 다양하다 디자인 선택 레터 링 가능하다 위켄드 케이크 최고 장점 사이즈 원왜 이제야 홀 케이크 부담 적당하다 사이즈 케이크 미니 사이즈 선택 폭 다양하다 케이크 모양 레터 링 글씨 너 무 케이크 퀄리티 확 느낌 행복하다 케이크케이크 귀엽다 실물 움작고 귀엽다 레터 링 케이크 맛집당일 레터 링 케이크 아주 만족스럽다당일 랜덤 케이크 원하다 문구 바로두번째 매번 감동 요 이번 원하다 디자인 사진 귀엽다 선물 친구 모습 보 뿌듯하다 다음 구이쁘다 생일 케익 항상 여기만족 케이크 가게 레터 링 케이크 위켄드 케이크 단연 최고 레터 링 케이크 사실 기대 모양 귀엽다 모양 등 이유 안달 느끼하다 깔끔하다 디자인 귀엽다 장님 레 터링 금방 해주시 멀리 가야 고 아이스팩 센스 초도 서비스 주급하다 당일 레터 링 케이크 필요하다 발견 위켄드 케이크 동물 케이크 처음 모양 선물 케이크굿귀엽다 케이크 가게귀엽다 캐릭터 케이크레터 링 케이크 맛없다 곳도 위켄드 케이크 케이크 구매 부탁드리다 다음생스텀 케이크귀엽다남자친구 생일 날 려고 케이크당일 케이크 구매 이쁘다 굳다 굳다가격 비싸다 밋있어귀엽다 먹기 아깝다 집앞 자주 애용 위켄드 최고케이 쿠도 요 단골 예정귀엽다 케이크 생각 크기 작다 가격 작다 크기번 다른 케이크 가게 저렴하다 늘 만족하다 내용 반영 이번 호로 다음 이용 가족 어르신 칭찬 이번 라즈베리 추가 상담당일 케이크 급하다 포토 말 싫다 내색 좀 감동 가족아주 붸리굿 깨끗하다 체계유명하다 스텀 케이크 가격 충족 케이크 처음초도 비싸다 손바닥 케이크 최하 만육천원 데코 건 오천원 다른 레터 링 케이크 가게 저렴하다 어렵다 그렇다 장사 멀다 부지런하다 움직 여서 다른 저렴하다 가게 동네예약 당일 홀 케이크 구매 가능 레터 링 가능 다양하다 초 파티 용품 구비 센스 개인 가격 생각 좀 급하다 구매 덕분케이크 살케이크 구매 만족하다 색감 맛집 케이크 리뷰 오레오 취향 저격 담 강추 바닐라 구매굿굿굿케이크케이크 아담하다 가게 아담하다 굿앞 기념일 케익 여기
60,커차그,1389341393.0,라바 디저트 포장 그윽 다실 분위기 힐링 과일 타르트 차로 백차 셨어 백차 생소하다 쓴맛 거의 싱그럽다 은은하다 디저트 고급 느낌 다기 기물 이쁘다 운치 세팅 인상 더위 아이스 다음 따뜻하다 넉 분위하이라이스 적 급식 그것 기억 어른 전문점 충격 하이라이스 음식 었구 당시 급식 실의 실력 상황 차 또한 마찬가지 녹차 티백 그것 마치 적 급식 실의 라이스 거구 개인 만족스럽다 경험 보이차 다시 번다도 클래스 차 쪽 옆 골목 편하다 볼 매장 아담하다 조용하다 편하다 힐링케익 간 차 독특하다 보 급하다 보지 못 다음 여유 다시완벽하다 멋지다 공간 테이블 간격 넓다 융 드립커피 디저트 쓰레기 가시 최대한 담번 차편안하다 분위기 차 장님 다도 클래스요 정성 다식 가을 코스라바 디저트 트레 포크 나이프 세팅 해주시 아주 케냐디카 페인 몇 안되다 디저트 차 말차 디저트 조합다도 관심 멀리 차 처음 접 관심 굉장하다 재미있다 설명 해주시 차 경험 보라 다양하다 차 점점 공부 차맛 다기 공간 아늑하다 차 접 최적 조합 강 추강 추하다일반 티 종류 다양하다 분위기 괜찮다볕 궁금하다 티 마카 세 첫 경험 다음 다르다차 코스 처음 경험 힐링 주말 오전 따뜻하다 차 다과 모두라바 이용 구입 디저트 차 차 식 사 코스 이용 분 차 수업 오신 분도 나중 기회 이용 번창구 구매 홈 중 원두 퀄리티 우월하다 브루잉 에스프레소 모두 만족하다 이용 배송 빨 리오 계속 이용 예정단체 다도 클래스 따뜻하다 날 멋지다 팽 선생님 덕분 윽차풀 고스 특별하다비즈 케익 사서 고소하다 핸드 드립 취향 임장소 아늑하다 평범하다 다음 차 드립차 여기 강력공간 편안하다굿굿경험찻집 분위기차맛분위기라바 밑 아무 생각 차도 전문 궁금하다기분 수다 차마 시기 차갑다 재 의사라바 디저트 구입 후 차 따뜻하다굿굿티 마카 세 처음 재설명움 과자특별하다 경험 요 차 음식티 코스 힐링정성스럽다 밥 끼 몸 마음 충전 두 다음차 밥 티 코스 독특하다 재밌다 기분최고 품질 차 다과 다식 최고 새롭다 경험 분 차 분 최고 장소 듯새롭다코스 인테리어 멋있다 눈 차 찻밥 처음 신세계깔끔하다 동네 손님 여기 양 보이 꽤 마무리 식혜 완벽떡갈비 끼 세트 제육 볶음 끼 세트 문건 나무 인테리어 따뜻하다 명색 잔잔하다 음악 치즈 김치전 과 막걸리 한잔 세트 떡갈비 감태 주먹밥 와사비 진미채 주먹밥 호박 잎 괜찮다 새우 된장 한식분위기 괜찮다 음식 자극 부모님소고기깔끔하다 음식무난 무난 해음식 여직원 불친절인테리어 전반 음식 정갈하다 깔끔하다 다만 양은 조금 적 수도정갈하다 상 가게메뉴판 줄때 먼저 음식 설명 하니 나중 미리 설명분위기음식 빠르다 예상 아이 전 옆 치즈 떡갈비 후식 식혜 월요일 휴무 싫다정갈하다 끼음식 응대 좀 느리다 편 조금 능숙하다남자 먹기 양쪼금 느리다 직장 점심시간 커피타임 포기고급스럽다 정갈하다 음식 조금 걸렷너 무 느리다정갈하다 깔끔하다 식사 건강하다 치즈 김치전 식혜 막걸리 배부르다 조용하다 주택 단지 가운데
61,평형,1334861428.0,킷 리스트 낮 평형 따뜻하다 드립커피 진하다 깔끔하다 평형 파운드 처음 식감 과일 단맛 포장 감자 키 슈도평형 핸드 드립 가능하다 덥다 케냐 디카 페인 아이스 완전 황홀 테이블 은 테이블 간격 좁다 대화 불편하다 여자 쿠키 장난 니 꼭 주무 촉촉하다 스타일 쿠키 단맛 기분 적당하다 무화과 유자 재료 살 궁드립커피 포장 진하다 끝 산미 깔끔하다 매장 깔끔하다 다음 여유 매장첫 분위기 음료 마음 제대로 를 비건 치 저녁 레몬 보드카 추가 칵테일 비건 키 포장 담백하다두번째 로즈마리 레몬 다음 꼭 감자 키슈 슴슴해 아침 먹기음료 로즈마리 레몬 생각 두번째 과테말라 안티구아 간 오늘 브라질 산토스 개인 드립커피 굉장하다 요즘 카페인 예민하다 자제 주 번 정도 겨우 다음 평형 기회 아깝다 전달 못 아쉽다 마음여름 일본 온 기분 아기자기하다 소품 행복하다 무엇 디저트 감자 키슈 무화과 쿠키 직접 차별 디저트 특색 무엇 장님 따뜻하다음악 취향 동네 아늑하다 신나요분위기 아늑하다 다음 디저트 갈래언제 차분하다 따뜻하다 안정감 디저트 때문 항상 고민 그렇다 키슈 쿠키 꼭 보고 예전 다른 운영 처음 거의 끝 기억 사람과 공간 참고 혼자 가장공간 소담 귀엽다 나기 휴일 노란색 선풍기 반갑다 깔깔 디저트 모든 처음 듯 새롭다 수저 받침 아주 귀엽다 참새 작다 제품 귀엽다 즐겁다취향 생각 섬세하다 구성 산미 싫어하다 취향 원두 드립 쿠키 역시비건 디저트 맛집 거리 평형 간다 이유 가치 길다 멀다 험하다 드립 잔 모든 사르르 최애드립커피 미치다 무화과 얼그레이 쿠키 무조건 야하다 키슈 밥 용이 든든하다 느낌 분위기 평화 장님 힙 최애 등조용하다 차분하다 분위기 손님 별로 조용하다 가요 앞 음료비건 비건 말 정도 모든 디저트 음료 매력 신선하다 셋 이서 잔 드립커피 만델링 모히또 레몬 다도 특색 얼마 안되다 신상 앞 웨이 팅 생기 어쩌 걱정 유명하다 전 오래오래 계시자리 미용실 옆 잔잔하다 분위기 공간 혼자 둘이서 오기 적절하다 음료 디저트 모두 상 상 이상 어떻다 걸 만족스럽다 디저트 날 라인업 듯 주로 핸드 드립 키쉬 등 중점 판매 음료 칵테일 도 변경 가능하다 약간 알콜 필요하다 듯아늑하다 감각 인테리어 쿠키 산미무화과 쿠키 꼭 야하다 쿠키분위기 따뜻하다 평온하다 음료 디저트 세명 이서 인 음료 디저트 흡입 완 특 감자 키슈 원픽 처음 디저트 조만간 키슈 따뜻하다 공간 갑디저트 차 모두 아주 분위기 조용하다 편안하다보리 그렇다 판매 처음작다 운영 근처 일 새롭다 까페 발견 전체 우드 톤 깔끔하다 내부 인테리어 부담 편안하다 무드입 여자 남자 분 모두 차분하다 단정하다 분위기 가게 동안 마음 편하다 정돈 느낌 종류 핸드 드립 얼그레이 무화과 쿠키 감자 키슈 모두분위기조용하다 한적하다 혼자 책 분 대화 책 볼 가면 인테리어 괜찮다분위기 음료 디저트 요
62,에스트 에스트 에스트,1867806692.0,제대로 뱅쇼 프랑스 디저트 뱅쇼 달 고급 감기 예방 실제 효과 엄마 직접 준 고급 진 디저트 특색 신상 제대로 뱅쇼 금방골목 위치 디저트 공간 가깝다 골목 위치 조용하다 분위기 공간 인테리어 이쁘다 처 평소 접 못 셔벗 형태 대부분 디저트 직 접 까눌레 휘 낭시 등 다양하다 준비 입맛 디저트 선택 쌀쌀하다 요에스 트에스트에스트 망 원점 바닐라 라떼 디카 페인 추가 금 디카 페인 추가 금 처음 가요 부드럽다 깔끔하다 바닐라 라떼 굿분위기 움 과자 맛집 겨울 뱅쇼만 분위기 세상 마상 힙함 잡채 힙하 고 깨끗하다 시끄럽다 더욱 그렇다 에스 트에스트에스트 이제 단골아늑하다 보 웬일 까눌레 티그레 포장 자두 이드 직접 유쾌하다 싫다 응원 재 예정음료 아트 예술 골목 뻔하다 매장 디저트 직접 수제 디저트유명하다 디저트 에스 트 에스 트 에스 트 휘 낭시 케이크 라즈베리 살구 피칸 까눌레 말차 휘 낭시 망고 에스 트 휘 낭시 케이크 휘 낭시 까눌레 케이크 신선하다 미가 감성 인테리어 디저 트들 에스 트 에스 트 에스 트몇번 처음 여기 까눌레 반하다 후 무조건 기만 요 인스타그램 팔로잉 디저트 진심 듯 꼭 요에스 트에스트 에스 까눌레 꼭 요 수제 까눌레 꼭 수제 디저트 맛집 티그레 휘 낭시라떼 맛집 고소하다 디저트 종류 까눌레 분위기 다른 보고 담간만 간 김 에스 트 딸기 라떼 인위 색소 생 딸기 청 취향디저트 맛집 에스 트에스트에스트 따뜻하다 라떼 피칸 카라멜 휘 낭시 케이크 보르도 까눌레 움 과자 맛집 맛집 인정 디카 페인 해식사 후 근처 새롭다 음료 특별하다 배 디저트 음료 다음 디저트 음료디저트 맛집 고해 망원역 가깝다 아기 노 키즈 존 못 아기 반갑다 노 키즈 존 디저트 맛집 귀하다 아기 케이크 덕분 은 주말아지트 삼고 쪽 골목 처음 한적하다 골목 힙 인상 디저 트류 직접 원두 어디 쓰시 내내 기분 까눌레 보 인생 까눌레 친구 소개 그렇다디저트 까눌레 휘 낭시 휘 낭시 케이크 다음 치즈케이크 모든 정성 자주티그레 처음 디저트 종류 다양하다 뭐 야하다 한참 고민 겨울 메뉴인 샹 리아첫 기억 이번 간김 항상 무엇 밀크 티 모두 해 데 그렇다 리뷰 지금 살 매일휘 낭시 까눌레 미치다 놈 웬만하다 선 직접 수제 정성 다음 임라떼 부드럽다 까눌레에스 트 크림 라떼 달달 구리 쟌맛 분위기 완전 힙함분위기 까눌레블랙 포레스트 본적 밑 체리 조합 미쳤슴미 큐 브라 떼 슬러시 버전 느낌 위 슬러시 금방 우유 차갑다 멜론 메론 피 음료 휘 낭시 까눌레 매장 직접 겉바 촉덥다 친절 음료 반하다 에스 트 크림 라떼 자두 이드 까눌레 데 처 라떼 조합 카라멜 크림 부드럽다 적당하다 자두 이드 더위 애 청량하다 디저트 만 번창휴일 만 새롭다 디저트 휘 낭시 케이크 살구 상큼 다른 본적 디저트 만족하다 여기 드립 맛집 콜롬비아 리치 드립 진짜진짜 산미 싫어하다 거부 감 깔끔하다디저트 모두 신경 모두 직접 디저트 모두 찾기 꽤 까눌레 분 꼭 한번 겉바 촉 제대로 구현 꼭 번창러시 곤란하다 말모 디저트 손수 우시 정성 가득 고요 인테리어 센스 미치다 디저트 다음 다른 통장 드릴 여새롭다 맛집 산미 고소하다 다크 모던 인테리어 조명 때문 아늑하다 느낌 조용하다 음악 분위기 공간음료 까눌레 겉바 촉 최고 까눌레 압 모 까눌레 포장 다해 행복 해 인테리어 맘 깔꼼합처음 밀크 티 까눌레 겉바 촉 포장 잔뜩욥 티그레 처음 비주 짱 달달 구리 최고 피스타치오 짱디저트 음료 모두 매장 깔끔하다 청결하다평소 투어 자주 가다가 인테리어 음료 한잔 정성 완전 듬뿍 느낌 아주 감동 멜론 생 멜론 아이스크림 듬뿍 올려쥬시 니 완전 특색 오픈 얼마 안되다 번창 규덥다 배부르다 시원하다 상큼 디저트 원하다 디저트 멜론 짱 실제 멜론 심지어 아이스크림 하겐다즈 까눌레 휘 낭시 바삭 매장 힙 깔끔하다 다양하다 뭘 다음 시원하다 아메리카노 놀러와입 매장 계속 영업 아메리카노 베버 리지진심 분위기 깡패 자주 새롭다 힙 영 디저트 직접 시 재 의사라떼 맛집 인정 휘 낭시에스 트 에스 트 에스 트 라틴어 라틴어 빵 음료 등 모두 꼭 강추 미인 니 분위기 쵝오여기 맛집 무조건 가세 음료 디저트 고민 정성 인테리어 이쁘다 사진 찍 기도 바스크 치즈케이크 대대 존맛 꼭 가세 댱프리 오픈 기간 인테리어 깔끔하다 까눌레 핸드 메이드 직접 무엇 아메리카노 만족하다 재 의사바닐라 볼 라떼 음료 도장 완 성공 강츄명 상호 용한 신기하다 디저트 모두여자친구 일단 인테리어 깔끔하다 응대 귀엽다 댕댕 산미 고소하다 단맛 베이커리 수제 그렇다 그렇다 정성 가득 앞 간다 꼭 음료티그레 자꾸 머릿속 티그레 종맛 티그레 까눌레 포장 완료 블랙 포레스트 날 쌀쌀하다 따뜻하다 진심 취저 미치다 조합 꼭 주말 평일 오히려 여유 편안하다 오버터 스카치 라떼 블랙 포레스트 처 던데 본적 신기하다 짱 버터 스카치 라떼 트러플 휘 낭시 짱 존맛 인테리어 깔끔하다 미니 멀다 담 휘 낭시 까눌레 망원역 도 가깝다 약속 단골 맛집가깝다 골목 위치 외부 부터 멋지다 블랙 포레스트 따뜻하다 모두 보시 가을 겨울 생각 까눌레 직접 에스 트그 고급 진 더위 사냥 느낌 기도 빙수 대신 화장남자친구 덥다 수박 주스 새롭다 직원 분도 안내 스티커 전체 인테리어 분위기 남자친구 즐겁다 자주 번창김 시원하다 디카 페인 추가 요금 까눌레 포장 아기 오기 쾌적하다 깔끔하다 다음 재 의사분위기 밀크 티 굿굿처음 완 취향 저격 오 후 덜덜 빙수 라떼 느낌 종류 혹시 백종원 선생님 컨설팅 신건 휘 낭시 카놀레 집중 양질 디저트 제공 느낌 다음 다른트러플 휘 낭시 흡입 정도 블랙 포레스트 여기 처음 체리 조합 미치다 천 무조건 재새롭다 덥다 근처 한적하다 주택가 번잡 디저트 훌륭하다 수박 주스 신선하다 꼭항상 라떼 아트 바리스타 자격증 중 디플로마 보유 계시 역시원래 리뷰 맘 리뷰 인테리어 완전 깔끔하다 앞 가면 여기 다음 다른 복잡하다 골목길 조용하다 친구 대화 나누기말 새롭다 디저트콜드 브루 달달 꿀 우유 부어 완전 밀크 티 휘 낭시 까눌레 겉바 촉 포장 감성 넘치다 인테리어 분위기 신상 발견 기분 가면 꼭 다시휘 낭시 진짜루 진짜루 메론 메론 완벽 처 남자친구 까뉼레 겉바 촉 포장 해 꼭 후회 어유디저트 까눌레 겉바 촉 미치다 데 차원 다르다 아메리카노 아쉽다 처 한잔 역시 죤맛 유쾌하다 자주새롭다 접 대해 고민 아메리카노 설명 모에 까눌레 겉바 촉 분위기인테리어 힙 자주 디저트 새롭다 바치 케 강추빵 분위기 장난 종류 별로 포장재신상 자두 이드 디저트 미치다 망고 코코넛 휘 낭시 원두 고민 고 반하다 화장실 감탄여기 메론 까눌레 꼭꼭 제발 메론 하겐다즈 보고 대박 거의 원샷 까눌레 어보 까눌레 휘 낭시 별로 포장 까눌레 겉바 촉 럼향 살짝 휘 낭시 쫀득 부들 일반 휘 낭시 달라 디저트 맛집 이구 깔끔하다 베버 리지 다양하다 생 과일 구해 정복 멋쁘심디저트 맛집 이쁘다 디저트 음료 선친구 못 분위기 아보 음료 까눌레 휘 낭시 단골근처 볼일 꼭 야하다 너 무덥다 못 오픈 마지막 날 오픈 메론 인생 메론 생 메론 가득하다 아이스크림 하겐다즈 완전 고급스럽다 트러플 휘 낭시 꼭 개죰맛탱꼬소 트 라떼 맛집 여요핫 느낌 급 까눌레 휘 낭시 일품 요 가족 포장 설명 강추 여기 네사 종종달달 당 매장 인테리어 사진 찍기 외부 강아지 등 길냥이 자주 보 냥 엄청나다 힐링 뷰이렇다 줄 매장 인테리어 통창 사진 화장실 깨 끗해 깜짝 구석구석 신경 디테 공간 특별하다 처 블랙 포레스트 밑 체리 베 이스 느낌 치즈케이크 완전 크리미 뭐 담트러플 프로 마쥬 휘 낭시 수박 주스 공간 넓다 화장실 깨끗하다 이렇다 행복하다 자주그니 블랙 포레스트 까눌레 휘 낭시 디저트 인테리어 편안하다 분위기 자주자주 에스 트 기본 아아 한잔 포장 친절 센스 코스 등록분위기 수박 주스 대박 시원하다 감성 더위 단골라떼 진하다 고소하다날씨 덥다 인테리어 한번 이쁘다 인테리어 모던 뜻 감각 국적 밥 커피한잔 초콜레티 흑설탕 단맛 은은하다 도 부담 조만간 디저트새롭다 친절 자두 이드 휘 낭시 번창음료 잔 까눌레 휘 낭시 정성 인테리어 세련되다 음악 잔잔하다 대화 나누기존맛 번창음료 디저트 한강 계절 한강 항상 단골 듯음료 종류 다양하다 특이하다 휘 낭시 까눌레 겉바 촉 스타일 텤 아웃덥다 아메리카노 만족스럽다 여 담 요 음료 디저트 구매 욤맛집 트러플 프로 마주 미치다 분위기 취해 휘 낭시 취 단골 확정자두 이드 바닐라 볼 라떼 새롭다 까눌레 휘 낭시 프랑스 치즈 케익 출시 예정 조각 도랏 핵맛다른 수박 주스 다르다 시원하다 달 꼭 원래 치즈케이크 굿바치 케 완져 아아 도둑 자리 콘센트 작업 집중 대화 분위기조용하다 깔끔하다 분위기 디저트멜론 말차 라떼 바스크 치즈 케익 가게 깨끗하다분위기 디저트 자차 오시 공영 주차장 주차 오시 편하다감각 매장 디저트 훌륭하다 트러플 휘 낭시 꼭 댐 번창자매 여기 멜론 은혜 트러플 휘 낭시 지인 못 왕맛라나 스타일 까눌레 휘 낭시 뭐 트러플 휘 낭시 꼭 번 세번 까눌레 완벽하다 겉바 촉 현기증 여모든 특색 트러플 휘 낭시 메론 최고 공간 깔끔하다 넓다 조용하다 대화음료 디저트 배부르다 디저트 낼 다이어트인테리어 이쁘다 음료 디저트 자주자두 이드 모 상콤 매장 깔끔하다 꼭 번창 쇼겉바속쫀 까눌레 판다 고해 트러플 휘 낭시 반하다 아아 여기 천국디저트 기분 망고 휘 낭시여자친구 맛집 휘 낭시 포장산미 원두 드립 리치 자꾸 음미아메리카노 분위기 은은하다 빵 냄새 도 기분까눌레 겉 바삭 쫀득 속 촉촉하다새롭다 분위기 디저트 왕왕 이상 유명하다 카풰 금방 줄 되겟쥬 성공하다 잘생쁜새롭다 특이하다 완전 얼그레이 까눌레 완전 인생 까눌레 담인테리어 주변 바로 옆 다가 주민 센터 공영 주차장 수준 지하 차 전혀 무 리 접근성 이렇다 인테리어 깔끔하다 화장실 깨끗하다 감성 사진 멋지다 자주 저장 꾹플랫 화이트 스타 일이구 디저트 보 도리 최애 듯요새 핫 여자친구 데이트 발견 디저트 음악 스타일 꽤 다시 꼭 재
63,9ram,1170734401.0,메인 거리 위치 램 외관 인테리어 힙 바로 다른 보지 코 젤리 커피젤리 도 처음 료 크림 묵직하다 스타일 용 디저트 탑 데이트 땐 꼭 다시 다음 티라미수 코 젤리드디 봄 코 젤리 전 색다르다 느낌 일본 간접 경험 제대로 채광 편안하다 갈수 힙 아인 슈페 너 아이 떼룻커피젤리 처음 젤리 자체 단맛 슴슴 달달 크림 흑임자 크림 꼬수움 조용하다 아늑하다 혼자 책 작업 일단 자리 편안하다 만족하다남편 겸 분위기 멋지다 직원 편안하다 귀엽다 디저트 달달 크림 라떼 최고만 분위기 멋지다 디저트 업그레이드 항상 디저트 인테리어 연구 신경 눈 기본 산미 컵케이크 크림 치즈 크림 초코 분 꼭 야하다 여기 이쁘다 사진 디저트통창 햇살 가득 따뜻하다 인테리어 티라미수 푸딩 처음 라떼 요 지인 재귀엽다 디저트 거북이 누 띠 스콘 매장 사진 찍기 분위기분위기 아늑하다 마음 음료 종종날씨 따뜻하다 램 라떼 아인 슈페 너 다르다 달달 라떼 창가 마시기디저트 진심 취향 저격 일 분위기 대화 디저트 맛집 덥다 커피한잔 딱이다다른 거기 거기 달라 트렌디 소품 공간 또한 일품 미인브라우니 완전 존맛 분위기 재얼그레이 모히또 분위기 왜 징인테리어 멋지다 아이스 초코코 젤리 유명하다 대서 그냥 커피젤리 거기 아이스크림 크림 가격 비 양도 해먹 인테리어 만큼 멋 드럽다 매장 조그맣다 소파 차지 개꿀조용하다 대화우선 코 젤리 익숙하다 그렇다 만족하다 크림 엄청나다 크림 류 크림 라떼 티라미수 도아늑하다 디저트 가면네이버 검색 후 혼자 궁금하다 손님 잠시 대기 매장 청결하다 입맛 딱이다 담 이용황 치즈 쪽파 베이컨 퀸 망 다음 아이스 메리 커피젤리 약간 묵 크림 분 종업원 분 맞이 빵 인테리어 감각 즐겁다 사진 수가 다른 디저트힙만 감기 혀 감촉 그대로 못 온 사이 즐비하다 일단 눈 즐겁다 세포 후회 스럽다 뿐 오늘 은 삶 피난처 아늑하다 불안하다 앵무새 설탕 티 은은하다 단맛 촉감 입안 코팅 행복하다 뭘 뭘 유니크인테리어 귀엽다 밀크 티 코 젤리 최고 곳곳 쿠스 구 사이키 쿠스 오 욥매장 넓다 편 좌석 거리 여유 얘기 괜찮다 업로드 용 사진 찍기친구 지난번 기억 다시금 여전하다 디저트 기막히다 친구 기분 흡족하다코 젤리 평일 조용하다 디카 페인꼭 야하다 기본 코 젤리 본적 티라미수 코 젤리 말 필요없다 무조건 꼭 야하다 새롭다 디저트 스콘 종류 사랑 스콘 만큼 스콘 본적 진심 옥수수 감자 치즈 스콘 구황 작물 러버 바질 인심 무엇 부족함 왕창 다른 스콘쪽파 퀸 망 얼그레이 아이스티 세상 멀다 필수 솔티 브라우니 퀸 망 먹엏어 존맛 세상 존맛 그냥 램 세상 구한솔티 브라우니 까눌레 얼그레이 아이스티 까눌레 겉바 촉 솔티 브라우니 말뭐 얼그레이 아이스티 덥다 갈증 해소 짱 만 분위기 한층 업그레이드혼자 오기 분위기 음료 는걸직원 혼자 오기어떻다 스콘 스콘 타르트 모양 누가 생각 말 뭐 파 마산 치즈 뿌리 꼭새롭다 뭘 실패하다 가득 득 인테리어 이쁘다 사진 분위기 깡패빵 밥 대신 빵 디저트 금쪽 램 오은영 쌤 느낌 바닐라 얼그레이 오늘 날 몸 뱅 고구마 몸 마음 위로 눈물 왈칵 영혼 터 영원하다 바 요오늘 일로 새롭다 무드등 자마자 따뜻하다 분위기 맞이 최고 최고 주말 내내 달콤 쌉싸름하다 코 젤리 요 월요병 낫 체고 체고코 젤리 처음 크림 젤리 베이컨 쪽파 퀸 망 짱 움 인테리어 음악 평일 낮 한적하다 대화 유명하다 알브라우니 비주 얼 귀엽다 당연하다 가면 자주플레이 팅 이쁘다 음료역시 여름 얼그레이 아이스티 대량 청량 잡채쪽파 베이컨 거뭐 인테리어 완전 취향 저격 곳곳 포토 스팟 털보 스탠드 쪽파 베이컨 꼭 갈래오늘 위해 이제 제일 먼저 마련 흑임자 라떼 호랑이 휘 낭시 사진 보고 최고 조합 이군 모두 그날 계속 최공굳다디저트 잘생기다카운터 맞이 기분 디저트 여러 종류 상당하다 고민 그니 커피젤리 달콤 쌉싸름하다 디저트 류 디저트 세계 퐁당 드 고 곳곳 귀엽다 힙 아이템 즐비하다 눈 즐겁다 디저트 곰돌이 접시 시선 강탈 충분하다 무의식 카메뭐베이컨 쪽파 퀸 망처 코 젤리 쪽파 휜 망 감동 오신 여기 제발 가세퀸 망 고구마 담백하다 바삭 고구마 무스 달달 보통 바삭 느끼하다 마련 전혀 부담 안되다 수가 빵 돌이 최고이쁘다모던 감성 인테리어 꼭 야하다 디저트 자주 연구인테리어 취향 저격 바닐라 얼그레이 흑임자 라떼 강추 만점 인테리어 맘 위치신기하다 코 젤리 취향 분위기일주일 한번 디저트 이쁘다 매일 처음 오시 분 누 띠 꼭날 바닐라 얼그레이 몸 무엇 알디저트 신기하다 단 단 인스타 사진 잔뜩욤티라미수 코 젤리좌석 넓다 명 자리 퀸 망은 생각 작다 비싸다일주일 한번 매직 누 띠 커피젤리 벌써 단골쿠스 커피젤리 인테리어 인스타 감성 낭낭 유니크 커피젤리 달달 장님인테리어 분위기 미치다 디저트 세상 램 코 젤리 독보 이예디저트 종류 인테리어 감각 직원 도 홀 깨끗하다회사 일 외주 몸뚱 아리 오직 정성 디저트 뿐 식기 전 브라우니 꼭 그렇다 당신 무기징역 따스하다 브라우니 포크 쾌감 스트레스 날 리기 충 분 이렇다 어찌 오지커피젤리 처음 씁쓸하다 크림 달달디저트 사진 일주일 한번 중카눌 겉 바삭 속 촉촉하다 때문 엄청나다 노오 사실 알 계시 디저트 세계 알 면알 수록 무궁무진 신기하다 꼭 바 요인테리어 멋지다에어 진심 가타 특이하다 일단 아따 단골최애 친구 모임 자주 항상 항상 건강하다 오래오래월요병 극뽁 위 카페인 충전 려고 오늘 잔 안마 실화 오늘 잠 난분위기 커피젤리 심지어 답 말씀 감동 심하다 피 젤리 일본 생각 최고 가깝다이번 주 번의 야근 상태 커피젤리 이제 한강 공원 코 젤리 발걸음 몸 일주일 번만 먹기 힘들다대파 퀸 망 존맛제발 밥 대신 빵 여기 빵 대박 아몬드 아몬드 크림 직접 개발 크림 미치다 개발 고소하다 달달 부드럽다 말로 표현 친구 시나몬 핀 시나몬 가득 땅 파서 장사 휘 낭시 앉은자리 거뜬하다 소식여행 우연 분위기 이쁘다 내부 분위기 여 쭤보 전부 셀프 인테리어 애정 감각 처 흑임자 라떼 덕 흑임자 크림 밑 서비스다해 디저트 포장이제 고구마 생각 슬프다 오늘 램 램퀸 망 작다축구 가기 전 램 처음 바 자리 램 셀카 존 거울 옆 늘 조심 주말 혼자 바삐 안쓰럽다 귀엽다 디저트 오늘 냄새 아쉽다디저트 깔끔하다 쪽 꼭 디저트 맛집흑임자 라떼 호랑이 배신 조합 월요일 여기 힘들다 일주일 피곤하다 난 여기 일주일 하루 몸인테리어 힙 감각여기 휘 낭시 맛집 휘 낭시 러버 여기저기 상중하 상 휘 낭시 고프다 산미 편 호불호 노래 인테리어증말 여기새롭다 어쩜 노래 디저트 앙증맞다 맘 코 젤리 굉장하다 마음디저트 짱짱 인테리어 맘 옹꼭 야하다 여기 빵 최고 이구 이쁘다커피젤리 최고바닐라 라떼 최고 수준디저트 맛집 맛집 자주 신상 바로 대박 휘 낭시 종류 별로 존맛 누 띠 휘 낭시 약과 휘 낭시 존맛 존맛 담 핀약간 미치다 미미 누 띠 휘 낭시 뭐 익숙하다 미치다 스콘 퍽퍽 촉촉하다 느낌 존 그니 메뉴인 라떼 보고 솔드아웃 다음 도전 돈쭐처음 옥수수 크림 치즈 휘 낭시 모리뷰 귀찮다 밀크 티 바닐라 얼그레이 밀크 티 진화 청 포토 이드 청포도 디저트 미치다 핀 는걸 도리 아몬드 크림 환장하다 자주디저트 분위기 인테리어 테이블 수도 적당하다 데이트 장소 강추 호랑이 휘 낭시 식 완벽하다 만 인생 마지막 곳곳 신경 흔적 오늘 행운 요 더욱 번창직접 빵인생 디저트 맛집 인테리어 인스타 느낌 낭낭 깔끔하다 도리 인정 음악 분위기 아주 아아 휘 낭시 지인 포장 단골산미 굿굿 디카 페인 좋아욤 빨대 스뎅 굿굿디저트 맛집 브라우니 단 미치다 계속 겉바 촉 장난 브라우니 꼭이쁘다바닐라 얼그레이 브라우니 핀 오히려 집중 분위기 괜찮다 대화 문제디저트 종류 보 스콘 앞 자주 간단하다 미팅 여기 디저트 그렇다 분위기 그렇다 확률 느낌굿뷰 시원하다 음악아깝다 친구 근처 포장 디저트 구 돈쭐 시나몬 아이스크림 꼭 세상 조합단골 도리이쁘다 음식 인테리어 알바생 귀엽다
64,카페하모니,1336686955.0,조카 귀엽다 포토 존 가득하다 공간 굿 샵 눈 주택 개조 공간 아늑하다 느낌 디저트 가격 대가 좀 편이 아이 한번 오기 캐치 테이블 예약 평일 낮 여유아메리카노 마이 멜로디 마들렌 사실 보고 간 무난 생각 마들렌 요즘 유행 무겁다 버터 진 달 덕 마들렌 촉촉하다 가볍다 느낌 분위기 소파 좌석 제일 채광 인기 바로 밖 보고 좌석 혼자 충분하다 내부 아기자기 산리오음료 디저트 가격 비싸다 미리 예약 못 나름 촉박하다 마이 멜로디 방이 자리 제일 포토 스팟 굿 샵 이용 예약 안해 자유롭다 시간제 구경 가능하다 단 가격 사악가격 해 귀요미 캐릭터 때매 아이 가기좌석 예약 제라 편하다 대신 전체 조명 어 두운 아쉽다 아마 오래되다 주택 리 모델링 그렇다 가격 캐릭터 라이센스 가격 생각 아기 캐릭터 만족하다쿠로 생일 이벤트 기간 한정 음료 쿠키 프라 페맛 특전 쿠로 코스터 만족스럽다푸딩 생각 쿠로 별로 하모니 덕분 매력 알 번 도장 여기 키링아이 오기 가끔꺄오 사진 이쁘다 에어컨 시원하다 좁다 굿 가격 좀비 한번 니 이쁘다 만족하다 한번 만해 만족하다음료 디저트 인테리어 귀엽다예약 처음 번 예약 정식 오픈 조금 모습 마음 특전 테이블 매트 부채 맘 푸딩 시럽 달콤하다 쓴맛 쿠로 쿠키 초코쿠키 담 기회귀엽다 번쿠로 마 분 이면 예약 좀 값 층굿 샵 안해 층굿 샵 구매 가능하다 밖 사진 비주 얼 미치다 귀엽다 뭐 어떻다 용서 비주 얼 여기저기 귀엽다 내부 큰집 리 모델링 인테리어귀엽다 천지 이쁘다 쿠로 미도 다음 구매프리 오픈 쾌적하다 이쁘다 음료 가격 대가 비싸다 편이 전반 매우 달달 편이 호불호 일단 이쁘다 산리오 다음신분증 확인 안해한번 만해 아이 사진 즐겁다움 가득하다 공간 쿠로 언니 가격 조금 디저트 생각 다만 예약 제로 진행 디저트 조금 부족하다 사진 즐겁다 추억 푸딩 꿀맛공간 캐치 테이블 사전 예약 분 이용 가능하다 인테리어 혼 정도 벽지 소품 쿠로 마 멜로 가득 차 움 대신 인테리어 값 때문 음료 디저트 값 턱 비싸다 딸기 라떼 디저트 별로 그냥 인테리어 구경 간힘들다 예약 이용 좀 짧다 바로 다음 타임 예약 위해 준비 안되다 일단 인 테리어 마이 멜로디 쿠로 미로 아기자기하다 산리오 팬 위 요 일단 어른 아이 디저트 음료 너 무 귀엽다굿 도 합리 가격마 쿠로 세 초딩 매우 리지 널 굿 마우스패드 아크릴 굿 만원 이상 이면 부채 얼마 만원 당 코스터 사면 종류 별로 내부 사진 찍 투성이 금세 음식 품질 개선 라떼 크림 두텁다 느끼하다 정작 건 얼마 마들렌아이 예약산리오 테마 항상 적극 질문 대답 하모니 최고 번 모두 만족스럽다 친절아이 로망아이 워낙 실패하다 여기 일단 산리오 캐릭터 신나다 좀 이따 기념품 샾 지갑 생각 벌써 머리 아프다 아이 그것 만족하다한번 만족 이구 가격 높다 사진 마 덕후 딸램 이후 샵귀염 뿜뿜레트로 느낌 사방 마 쿠로오픈 건물 사진 찍 운 예약 버스 클럽 자리 경쟁 심하다 전부 편안하다 좌석쿠로 마이 멜로디 무조건 행복하다최애 캐릭터 새롭다 미리 예약 뒤 딸 데이트 구옥 캐릭터 도배 동심 돗 소품 가구 쫙 인테리어 디저트 사진 즐겁다즐겁다 디저트 생각 비싸다 살짝 아쉽다 문구 아기자기눈 뱃지 증정 선택 순 사진 찍기 연 배경 분업 단 음식 그냥 그렇다 차 피 마들렌 쿠키 옴귀엽다 체험처음 분위기 마이 멜로디 쿠로 레트로 감성 맘 담생각 주택가 주변 데스크 번호 표 바로 랜덤 부채 두 명 이서 가면 종류 물건 판매 산리오 규모 작다 정시 키 오스 용하다 음료 포토 부스 다소 협 소하 아기자기하다 음료 만원 당 코스터 랜덤타 산리오 계열 음료 디저트 하모니 최고 사진 찍 곳도 귀엽다가격일단 신분증 검사 차로 시간제 차로 어두컴컴하다 칙칙하다 실내 분위기 차로 놀랏 굿 샵 작고 무슨 옛날 할머니 단독주택 개조 별로 걸왜 예약 건 돈 아깝다 돈 낭비 낭비 이쁘다 까페 널렷는데 여기 왜 왓는 거지같다 할머니 노 인정아기자기하다이쁘다마 쿠로 미만 집중 꼭 예약 평일 도 필수 엠디 구경 생각 아담하다 다른 분 얘기 엽서마이 멜로디 딸 맘 직원 음료 디저트 괜찮다 음료 사진 찍기 좀 바쁘다기대 인테리어 조명 부족하다 공간 어둡다 아이폰 카 셀카 화질 뭉개 쪽 직원 굿 종류 굿 샵 직원 조명 화사하다 어떻다 조명 좀더 화사하다아이 지갑 인테리어 멋지다솔직하다 귀엽다모든 귀엽다 쿠로 미나 마이 멜로디 필수 코스두번째 일찍 음료 인테리어 기분사진 찍 곳도 아이 자리 좁다 좀 불편하다쿠로 마이 멜로디 라면 꼭 번 가격 좀 편이 시나 롤 전혀 다른 분위기여자 아이 한번예약 치열하다 성공하다 꼭아이장점 인테리어 이쁘다 독특하다 굿 이쁘다 라떼 나쁘다 단점 양 현저 아이스크림 허공 입장 안내 제대로 테이블 의자 간격 좁다 힘들다 라떼 나쁘다 요거트 수준 걸죽함 내부 어둡다 눈 불편하다 레트로 느낌 적당하다 굿 연 일본 비싸다 알 생각감성 가격 비싸다 아이초 딸 여름방학 꼭 어렵다 예약 여기 귀엽다 용돈 탕진웨이 팅 고 음료 디저트 값 비싸다 사진 찍기이용 짧다 음료 그냥 그렇다 가격 좀비아이예약 힘들다 아이 만해케익 가격 좀 주차 주차장디저트 비싸다 제외 곤 최대한 아이 조금 혼란 스럽다 기도새롭다 귀엽다이쁘다 비싸다아이 마이 멜로디 주머니주말 예약 제라 그렇다 쾌적하다 이용 쿠로 미덕 후 행복하다 공간 사 진 구경 외 음료 디저트 별로 이용 제한 구경 음료 디저트 모두 어렵다 이용 짧다 미처 음료 음식 거의 그대로 아쉽다 재방아이 때문 한번 경험귀엽다 디저트그냥 컨셉 요 예약 그냥 예약 갈수 컨셉 잡고 마당 사진 별거 우리 딸도가게 아기자기하다 다만 좀 다양하다 아이 다음 기회굿티크 분위기 오픈 한적하다 가격 대가 좀아이음료 케이크 마들렌 재미있다 경험 까눌레 품절 눈물아이 한번 상품 귀엽다 가격 저렴하다디저트 별로존 정식 오픈 전 벌써 번새롭다쿠로 마이 멜로디굿 비싸다 음료 디저트 비싸다 인테리어 냥 아이 직원 매우캐릭터 티크 디자인 사진 찍기 특별하다 그니 보이지 평범하다음료 맛없다 귀엽다굿샵 이용 가능하다 맛없다 음료 케이크 용하다 돈 샵 용하다 쇼비싸다 산리오 온몸 기대하다 나쁘다 내부 빈티 지하 어두움푸딩 메론딸램 생일 선물 사 굿 지갑비싸다 딸 땜시핫 추억 만들기귀엽다비싸다굿이쁘다약제 사진 찍기비싸다 맛없다 아이귀엽다딸기 라떼 이쁘다푸딩 강추굿굿야운아늑하다 귀엽다아기자기하다 애귀엽다
65,버터크림팩토리 bucfac,1725528988.0,김해 장유 에그타르트 전문점 멀리 소식 박스 구매 김해 친구 강 추로 타르트 에그타르트 내용물 겉 타르트 식감 다르다 단점 매장 날 주말 한강 공원 예정 라면 타르트 구매 피크닉 달콤하다 바삭 타르트 한층 즐겁다신상 존맛 에그타르트 헐레벌떡 주말 마지막 에타 죄송하다 이후 주민 계속 에그타르트 죄송하다 포루투갈식 마카오 둘 종류 별로 어보 자신 취향 왜냐면 인 에그타르트 가능하다 앞 여기 핫에그타르트 맛집 인생 에그타르트 정도 나라 에그타르트 종류 별로 원픽 못 정도 다르다 페스 츄리 바삭 커스타드 크림 촉촉하다 식감 사진 보 요 가깝다 맛집 저희 신랑 포장 벌써 약속 포장 분 사전 예약에그타르트 맛집 버터크림 팩토리 강추 바삭 식감 원츄 부드럽다 식감 원츄 모두 만족하다 버크 팩 나라 별로 다른 에그타르트 매력 만점 취향 에그타르트 구매 개인 바삭 파라 포 르투갈 제일 감자칩 식감 원하다 포르투갈 츄 라이츄 라이 상자 포장 선물 분홍콩 포르투갈 마카오 에그타르트 특색 강하다 타르트 뿐 저렴하다 요 라떼 아이스 대박 마카오 타르트 겉바 촉 확실하다 부드러움 바삭 함 중간 가장 패키지 선물 딱좋다에그타르트 여기 젤 리뷰 푸딩 식감 기분본토 포르투칼에그타르트에그타르트 맛집 포르투갈 마카오 홍콩 에그타르트 볼 크림 부드럽다 달달 디저트 최고 무조건 재타르트 맛집타르트직장 동료 맛집 생기 발 빠르다 테 기회 마카오 포르투갈 마카오 짱 에그타르트 돈 마카오 선생님 선물 포르투갈 본의 냉동 실 아쉽다 바삭 식감 보지 동료 입맛 입맛잡채에그타르트 귀하다 출근길 언제 오픈 마침 다이어트 날 비슷하다 오픈 첫 종류 별로 구매 호불호 다음 땐 어떻다 다른 음미 가면 버터크림 팩토리 에그타르트사랑 에그타르트 맛집 가깝다 완전 기쁘다 마지막 타르트 모두 구입 파이 완전 바삭 촉촉 자주에그타르트 전문점 알 감동 개인 포르투갈 제일에그타르트도리 심장 에그타르트 꼭 번 에그타르트 종류 줄 뭐 사지 허둥지둥 설명 겉바 촉 회사 멀다 자주 회사 앞 이사 생각 신지선물 용 구 구매 선물 분 패키지 에그타르트 종류 종류 별로 구입 가족 끼리 취향 껏 해홀 보고 바로 포장 이렇다 전통 에그타르트 볼 에그타르트 탑 요 에그타르트 바삭 결 입 베 어물 자마자 심금 필링 촉촉하다 대박 타 르트 세계 일주 그냥 일반 에그타르트 에그타르트 패키지 포장 답례 품에그타르트 맛집 가야지금 에그타르트 타르트 에그타르트 맛집 직접 리신 케이스 그림사진 보고 맛집 스멜이길 예전 어어 무 바삭 부드럽다 왜 이제 사진 입맛 좀 바삭 덜 무겁다 포르투갈 마카오 가볍다 바스락 달걀 꼬소함 묵직하다 취향오우 에그타르트 전문점 굿박스 계속 궁금하다 오늘 구입 일단 개인 마카오 제일 감동 한국 타르 트집 마카오 타르트 강추항상디저트 탑 매장 쾌적하다 완벽 지체번창마카오 에그타르트 요 외국 느낌 서서 스타일 덥다 선물 재방 의사입맛홍콩 맘 골목 분위기 맘 에그타르트 정도 바삭네 박스 구매 완료굿에그타르트 조합 어제 오늘 계속개존맛타르트 종류 별 마카오 홍콩 포 투투 타르트 처음 종류근처 볼일 이름 버터크림 팩토리 포장 먹음 직 스럽다 예정포르투 미치다 품절 아쉽다타르트 상당하다 미가 요식사 여기 아메리카노 타르트 종류 중 선택 구로 기대 상이 차안 순삭스티커존맛 에그타르트 여기 최고 욥여기 에그타르트 아주 미치다 자꾸 중독인생 통틀어 에그타르트 버크 팩 에그타르트 종류 매력 달라 늘 고민 이정 크기 이정 퀄리티 에타 율 영광에그타르트 맛집말 뭐 인생 에그타르트최애 버크 팩 여행 에그타르트 개맛 욕 전국 가도 버크 팩 에그타르트 징쨔이번 주말 영업 대서 아쉽다초반 보고 자주 돈 아깝다 가격굿 굿에그타르트 맛집최애 에그타르트 맛집에그타르트 여러가지굿포르투칼 마카오 홍콩 각각 특징 마카오 포르투칼 비슷하다 크림 조금 다르다 픽 포르투칼제일 에그타르트 갓 포르투갈 댕 미치다 꼭 갓 포르투갈 무조건타르트 최고 가위굿에그타르트 에르메스에그타르트 최 곱다 무엇 포기 타르트 맛집 여기 정도 굿굿리뷰 일부러 영수증 포르투갈 에그타르트 족족 에그타르트 우리나라 포르투갈 힘들다 별로 버터크림 팩토리 포르투갈 현지 비슷하다 때마 기분 용 포르투갈 마카오 홍콩 도 한번 금방 흡입 가능 살찌다 낼 생각분동네 에그타르트 맛집 종류 재미 에그타르트 처 크림 오레 존맛 가게 포장 가능하다 선물 도 딱이다 완 단골 각에그타르트 존맛 드 링크 가격 대비 기분 장소에그타르트 최고 인생 맛집에그타르트 종류 각각 특색 나용 기분 하루에그타르트 존맛 라떼굿한번 계속굿굿에그타르트오 여기 홍콩 그냥 일반 마카오 포르투갈 에그타르트 날버크 팩 모든 최애 에그타르트에그타르트에그타르트 선물 용 구입보고 구매빵 자리 기본 촉촉하다 바삭바삭하다 식 깔끔하다 완 전에타 요 세 종류기회 다시 왕창오늘 제로 페이 구입 냉동 실 쟁굿여기 에그타르트 포루투갈 마카오 에그타르트선물오픈 갓 신생 결코 신생 마카오 완전 만족 아주 멋지다 에그타르트 최애 마카오 홍콩 여기 정맬루 지인 팩 홍홍홍단골 낌에그타르트매장 젊다 화이팅에그타르트 요 캐릭터세상 에그타르트 맛집 스쿱 라떼 얼마나굿굿맛집굿굿
66,포스트 노 빌즈,1815597250.0,전 수박 바맛 원두 대서 봣 그게 이제 웰치스 포도 원 두 대서 읍 참고 아코 다감첫 따뜻하다 공간 음악 반려동물 생각 간식 해주시 배려 만족스럽다 앞 자주리뷰 워낙 강쥐 사랑 보시 눈빛 하트뿅뿅 부담 엇어 강아지 간식 희다 바지 댕댕 사진 위해 기도 덕분 이쁘다 사진 다음 더더 번창 이쁘다분위기 최고 가장 힙 카페인 듯 밤 제대로 분위기 블렌딩된 티 개운하다 요 라떼 고소하다 깊다 디카 페인 조금 아쉽다 분위기 취해 한참 얘기 피로 풀 동반 가능하다 다양하다 구들 보고오늘 꼼 트리 구경 동안 꼼 간식 아늑하다 근처 얼마나 용댕댕 동반 가능하다 코너 맛집 직원 바나나 푸딩 저녁 지라 맥주 호주 스타일 담 밀크아샷추 자몽 무조건 무조건 쌉쌀하다 자몽 과육 여름 아아 연하다 보리차 느낌 연한 참고 사진 맛집 밖 장님 인 테리어 우드 느낌 매력 댜 반려동물 동반 오시 손님 강아지 구경 재미 쏠쏠바나나 푸딩 블랙 망고 피치 아이스티 음료 사진 음료 바나나 푸딩 포스 빌즈 바 로투 피스타치오 온 귀엽다 반려동물 볼끝 자락 펫프렌들리 포스트 노 빌즈 선셋 이드 자두 소르베 민트 조합 인상 크게 통창 구경 수다 무언가 무심하다 듯 다정하다 매력 운 귀엽다 댕댕 멍 칠콜롬비아 워터 멜론 원두 필터 수박 바 초록색 부분 랄 소진 한번 덥다애견 가기 크림 라떼 오렌지 조합 괜찮다 정도 안나 게다가 절반 크림 달 텁텁해 별로주민 최고 색다르다 다양하다 여러가지 특색 반려 동반 강아지 산책 처음 가게 매번 강아지 간식 서비스 반려 동반 이렇다 저렇다 신경 충분하다 감동 유명하다 번창 앗 봄 앞반려견 출입 자유롭다 구경 카페인콜롬비아 허니 스윗 아이스 도 리치 진하다바나나 푸딩 진 바나나 오렌지 유자 다음 이드분위기 매장 어둡다 애견 반려동물귀엽다 동물 자주특별하다 음료 여유 분위기내부 공간 아기자기하다 이쁘다 사진 찍기예전 요 앞 건물 특색 꼭 반려동물 동반 가능하다 확인 후 강아지 매장 인테리어 야외 공간 마련 강아지 간식 서비스 감사 지난 겨울 매장 크리스마스 트리 걸 얼른 다시 겨울 트리 포스트 노 빌즈 겨울음료 진심 덤 직원 덕분 기분 매장 분위기 자체 마음 꼭 재애견 동반 가능하다 분위기 우리 강아지 간식뿐 공간 특별하다 분위기 내내 행복하다 오렌지 라떼 적당하다 단맛 은은하다 오렌지 조화 요 다만 웅웅 거리 소리반려견 동반 가능하다 요즘 날씨 저녁 가야 선선 맥주 위스키분위기 디저트 음악 부족하다 공간길가 다가 멋지다 동남아 온 줄 분위기 디저트 훌륭하다이렇다 감성 공간그니 규 강아지 간식 샸일주일 번은 음료 버터 바 매번 강아지 도대체 외리치 이드 매장 밖 그것처 듯 느낌 버터 스카치 크림 유자 크런치 밑 우유 위 버터 스카치 크림 제일 위 유자 크런치 한쪽 면 고요 쪽 먼저 후 유자 크런치 덕 버터 스카치 크림 우유 한번 유자 크런치 쪽 끝 유자 크런치 유자 강 추하다맛집근처 자주 자리 여유 번창드립커피애견 동반 최고 간식 주시 음료 편안하다 공간라떼 맛집 부드럽다 고소하다 매장 웨이 팅 걱정 평일 저녁 정도 밖 연락 매우 매장 깔끔하다화이트 달바 분위기신기하다 참외 바질 이드분위기 토스트 분위기 가장 깡패 강아지 간식 주시요 날 선선 통 유리통창 건 날 벌레 좀무난라떼 고소하다 늘 이유 모두 남자 바리스타 분 좀더기준 바닐라 라떼 가장 버터 바 말 입 주 야하다야외 석도 매장 꽤 넓다 괜찮다완전 피로 회복 만날 자주바분위기 맛집굿변하다 크리스마스 시즌 분위기 디저트매력 개성 사랑 합굿굿깨끗하다중간 위치 트리올해 새롭다 내부 인테리어 멋있다 음료 직원 나무숲 느낌 힐링 기분크리스마스 분위기 아늑하다 혼자 편하다밖 외관 이쁘다 사진 사진 왕창 왓 날씨 좀 쌀쌀하다 뜻항것 햇 놀랫어 대해 설명 친절 핫버터 바 드립 종류디저트 음료 달첫 소문 일단 가게 멋 드럽다 게다가 기대하다 처답 부럽다 매일 정도 강 추강 추 오시 꼭 일 버세 트리 덕분 크리스마스 맛보기올해 중 최고 달 번 오긔 애견 동반 강아지 간식 시구 화장실 깨끗하다 디저트 이제 필수 코스존맛겨울 한정 메뉴인 슈톨렌 음료 무엇 드립커피버터 바 쫀득 덕 아아 찰떡 궁합 직원 인테리어 빈티 성 앞 자주 편안하다 분위기음료 독특하다분위기 오렌지 시럽 매력 다른 기대하다크리스마스 느낌 물씬 밀크 티 슈톨렌 가운데 트리 예뻐욘바나나 푸딩 진 필터 다음 다른 필터 공간 북적 거리 화장실 중요하다 생각 화장실 깨끗하다 친절 재 의사 완전 저녁음료 이쁘다 이드 중 젤 매장 분위기 직원 여기 필터 여기 옴가격 좀 특별하다디저트 그냥 무난끝 자락 쪽 오락실 멋지다 새롭다 토요일 저녁 그렇다 조용하다 동네 조용하다 만 편안하다 여기 대표 자리 잡필터 중 콜롬비아 어쩌 강추자주음악 인테리어 바나나 푸딩콜롬비아 디 비사 카 스틸 술 풍부하다 드립커피 항상 만족스럽다 어렵다 라인업 변경 마다아늑하다 공간 남 강아지 정신 양하다 노트북 태블릿 작업 테이블그대로 오래오래여기 아아 추가 디저트 존맛 진쫘 스타일정적 넉 분위기 매력 독특하다 중 최근 중 제일 만 족 스럽다 오픈 재분위기외관크리스마스 분위기 물씬 계절 디저트 슈톨렌바나나 푸딩바나나 푸딩 따뜻하다 음료 대신 위 바나나 좀얼마 손님 꽤 벌써 핫 듯 오렌지 다른바나나 푸딩 바나나 크림 조화 빵 양 공기 정도 생각 둘 먹기 따뜻하다 아메리카노 라떼 페어 링분위기직원 무조건 재 각
67,버터베이커리,38420402.0,흑임자 바게트 페페로니 흑임자 바게트 완전 강추 요 완전 고소 자체 요 바게트 요 나중 가면 다른 바게트작 매장 천국 빵 이의 천국 페스 츄리 더더 빵 투어 버터 베이 커리 섭하다 날 꿀 고르곤 바게트 최최 최애버터 베이커리 이번 마늘 소금 빵 파파 바게트 명란 치즈 치아바타 마늘 소금 빵 위 마늘 후 레이크 진 빵 속 마늘빵 페이스 트 조화롭다 파파 바게트 명불허전 요 양파 대파 크림 치즈 조합 전혀 느 끼 상큼 끊임없다 명란 치즈 치아바타 정오 남지 구매흑임자 버터 무슨 궁금하다 버터 바케트 흑임자 깨 고소하다 꿀 고르곤 바게트 깨 고소 입맛 흑임자 레몬 파운드 궁금하다 촉촉하다 레몬 안나 아쉽다 용 흑임자 버터 종종꿀 고르곤 꼬릿 달달 흑임자 버터 진찌 대박 믿힌넘 흑임자 잉금 꼬숩 달달 데 버터 눈거 믿힌 실온 버터 녹진하다 오명란 소금 빵 반했어 파파 바게트 바질 토마토 치아바타 내용물 조금 부족하다배부르다 꿀 고르곤 바게트 크랜베리 크림 치즈 프레첼 다음 다른 빵주말 아침 자주 모든 빵 댕댕 댕댕 물 준비 해주시 직원 자주 가요파파 바게트 고르곤 바게트 마늘 소금 빵 명란 치즈 치아바타 바게트 종류 의사 어유임자 빵 빨 레 구매 임자 빵 검다 잔뜩 고소하다 버터 베이커리 빨미까레 말 모말 모예전 년 동안 직장 여러가지 맛집 작다 빵집 작다 가게 깊다 내공 빵 빵 특징 느낌급 빵 버터 베이커리 작다 빵집 도 불구 빵 종류 다양하다 빵버터 베이커리 꿀 고르곤졸라 바게트 꼬릿 고르곤졸라 달콤하다 꿀 입천장 빠작 바게트 조합 미치다평소 김 간식 대보 다음 흑임자 버터사실 건 든든하다 파이 전 구입 건 회사 사진 이번 구입 건 냉동 실 페페로니 파이 사진 만 패스츄리 고소하다 결결 개인 할라피뇨콘 패스츄리 키슈 든든하다 파이 해 러스크 생각 별로모든 빵 정성 가득하다 더욱꿀 고르곤 바게트 겉 깨 고소하다소금 빵 요호 밥 소곰 빵 파스타 식전 빵 소곰 빵특이하다 빵 괜찮다빵수니 지인 때문모든 빵명란 소금 빵 바게트 비싸다 값어치식감 굳다 고소하다 굳다산책 종종 빵집 상 샌드위치 바질 페스 토 소스빵 종류 엄 청 빵 다양하다 커서처음 베스트 무엇 그냥 소금 빵 마늘 소금 빵 구매 그냥 평범하다 정도 듯여기 빵 페페로니 한판 명란 소금 빵 꿀 고르곤 바게트 샌드위치 바게트 등 케이크케익 페스 츄리 바탕 빵 토핑들 매장 깔끔하다 빵 쾌적하다예전 웨이 팅 보고 궁금하다 무화과 바게트 특색모든 빵 식감 식빵 치아바타 소금 빵꿀 고르곤 바게트 환상 소금 빵 크루 상도 도리단호박 단호박 크림 치즈 빵 단호박 분 단호박 크림 치즈 호밀빵 꼭 담백하다 크로와상 샌드위치 바질 소스 재료 신선하다 대박 커서 배부르다 든든하다 재 의사 프로오전 빵 살곳 기대 크림 치즈 프레첼 강추 크림 치즈 느끼하다 크랜베리 때문 상큼 빵 쫀뜩해 다음 직원바게트 바삭 달달특별하다 생일케이크 검색 버터 베이커리 케익 이름 신기하다 특별하다 줄 고 무 화가 치즈케이크 끝내주다 다음 호두 파이 몽블랑 볼철사 끈 포함 포장 이렇다 센스무화과 빵 꼭 드세다 스티커 여우 꼭우유 식빵 토마토 바질 치아바타 애푸딩빵꿀 고르곤 바 깨 꼬소 고르곤 짭짤꼬릿 조화로 요 자마자 바로 빠작 바게트 그대로 초코 가득하다 빵 냉장 보관 고급 진 초코 가득 충전 뽝 당 조금 시 꿀 고르곤 무조건매장 깔끔하다 빵빵 기대하다 종류 못 에그타르트 꿀 고르곤 바게트스콘 고르곤 사진 초코 스콘 주말 일찍 오픈 얼굴 댕댕 빵 대해 주말 주중 종종 스콘 베이커리 맘 옥건강하다점심 서치 매장 아주 아담하다 포장 음료 공원 가야 단점 여름 실내 파파 꿀 고르곤 바게트 무화과 명란 치아바타 제입 무화과 베스 바삭 데 고소하다 취향 저격 기본 충실하다 빵 밀가루 냄새 안나솔직하다 입맛 비리 왜 후기 의문 이구 리뷰 그냥 피곤하다 보이시 던데 지인 선물 미안하다 외국인 입맛 그렇다 별로 아빠재료 신선하다파파 바게트 든든하다 파이여름 이벤트 매번 버터 스콘 버터 프레즐 앞 댕댕 물 센스 멋지다엄마 여기 단팥빵 흑임자 빵 아주 속도 대요여기 개꿀맛 여기 실패마늘 소금 빵 최고꿀 고르곤졸라 스콘 아쉽다 편이 바게트 일흑임자 버터 구매 커팅 가능모든 빵빵 종류겉바 촉최고 빵집꼭 빵집 버터 최고포장 가능하다 빵집 만 종류 빵 무화과 빠게트할라피뇨 콘 페스 츄리 고르곤졸라 페스 츄리 세상 다른 빵집 절대 빵 개발 천재 상 야하다 페스 츄리 여러가지 방면 개발 흔적 보이 단순하다 페스 츄리 토핑 모양 변형 속 재료 가득하다 빵 어디 피자 바 버터 베이커리 페스 츄리 종류 별로 상 토핑 화려하다 보고꿀 고르곤 진심 존맛 도리고소하다 바삭 컷팅친구 케이크 구매 거리 마자 진열 빵 보도 감탄 보 엄청나다 고심 끝 케이크 칭구버터 베이커리 빵 종류 리나 다양하다 기본 빵 움 과자류 바게트 크로와상 류 역시 호밀빵 과 치아바타 에프 굽 토마토 바질 치아바타 갈릭 마 조합 아침 아쥬 굳다 굿 취향 껏 듯소문 특별하다귀엽다 초도 팔고 파운드 케이크 종류 다양하다이집 뺑 쇼콜라 존맛굿작년 두번째 가격 꿀 고르곤 바게트 파파 바게트 매일빵굿종류 빵 꿀 고르곤졸라 기대하다 별로가도 빵깨 듬뿍 바게트 고르곤졸라 치즈 크림 치즈 크림 꿀 듯 크기 적당하다 사이즈 바게트 질깃 구수하다 프랑스 바게트 느낌 빠작하 질 기지 식 깨 고소하다 눅눅하다 았습 바게트 맛집 크림 꼬릿 고르곤졸라 확실하다 부담 정도 고르곤졸라 싫어하다일찍 오픈 스콘 맛집크림 치즈 빵 크림 치즈 아주 편 단호박 호밀빵 호밀빵 쫀득 단호박 가득 명란 치즈 치아바타 대보 고르곤졸라 페스 츄리 괜찮다 크림 치즈 아마무난간만 빵 순이 친구 빵집 명란 치아바타 버터 너 므너무요 가깝다 매일가게 빵집 그냥 바게뜨 보이 꿀 고르곤 바게뜨 자리 정도 스타일이만원 실패우연 치 알 구매 흑임자 버터 진하다 흑임자 빵 겉바 촉 조화롭다 사실 흑임자 버터 보고 다른 빵 다음 번 다른 빵 구매올리브 치아바타 빵오늘 대보 도전 버터 프레첼 지방 온 친구 도 버터 베이커리 역싀 여러가지 무화과 바게트 용 개비 개이득 빵집 여기 꼭빵 가득하다빵 파 크림 치즈 바게뜨 호불호 갈리 굿 농부 정성 빵 루꼴 여기 상항상샌드위치 류 사고 바로 상황 대보 빵 이름 재미있다 빵 이름 보고 산 실책 대보 빵 대보 잼 약간 페스 츄리 도우 아쉽다 다르다 샌드위치 종류처음 빵 종류 흑임자 버터 고르곤졸라 페스 츄리 존맛굿강아지 산책 피넛 버터 롤 다양하다 롤 요게 제일 접 분도 동네 빵집굿여빵 궁금하다 알 블루리본 빵 맛집 기본 호밀빵 은은하다 단맛 꿀 고르곤졸라 바게트 자꾸 빨미까레 행복하다주말 스콘 프레즐 주말 아침 즐겁다 항상여기 졸맛임 문 무조건빵 맛집 가면 항상굿공덕 빵 담백하다 바게트 샌드위치버터 베이커리 점주 고르곤졸라 페스 츄리 보로 보로 커피한잔 읍빵 다양하다 모두패스츄리 맛집 요 대보 빵 아주 스콘 크림 치즈 중독 빵 생각 양 다양하다 빵 가격 줄 양도버터 스콘 주시
68,무슈부부 커피스탠드,1272650574.0,무슈 부부 제주 관덕정 번 점도 역시 망 원점 인테리어 감성 입구 이쁘다 소품 이쁘다 음악 인테리어 분위기 자주신기하다 기대하다 만큼 직접 바닐라 크림 콘파 상당하다 마음 에스 프레 추출 꽤 신경 깔끔하다 외관 나무 느낌 레트로 인테리어 실내 좀 다르다 칵테일 술 메인 파네 매장 협 소하 인 정도 메인 느낌 살짝 걱정 맛집 다른 베코코 핑거 얘기 마시기에쏘 적절하다 밸런스 라임 로마노 다른 자주분위기 설명매장 음악 조금 그것만족하다 에스프레소 바에쏘 부산 보람음악블루리본 정성너 무 요 하루 시작 무슈 부부 멀다분위기 다음 칵테일매장 이쁘다 규분위기 경험봉봉 프로즌 다른 경험 독특하다 매력 재방 의사 당연하다 주위 꼭재공간 테니스 한잔 아쉽다 담주말 웨이 팅 팀 웨이 팅 크림 콘 부드럽다 크림 쌉싸름하다 프로즌 라임 샤벳 라임 물 샤벳 상큼 달달가게 유리 앞 블루리본 궁금증 가장 리뷰 로마 레몬 에스프레소 도 취향 저격 꼬소 샷 콤 레몬 조화 즐겁다 탄산수 짜릿하다 샷 눅진하다 설탕 숟 레몬 입하 재미있다 디저트 직원 분과 아기자기하다 인테리어두 잔 체리 블러드 최고 체리 슬러시 에스프레소 조화 다만 에스프레소 가격 좀 편이찰리 체리 블러드 논 알콜 찰리 부드럽다 밀크 초콜렛 느낌 여기 아몬드 고소하다 추가 체리 블러드 체리 라임 콤달콤 민트 추가 일리 역시 무슈 부부 최고 햐전 에스프레소 기억 원두 사려 기대 아쉽다 드립 언제 로스팅 대한 정 보기 발견 못 것일 수도 해당 내용 기재 어떻다귯진하다 고소하다 뒷맛 텁텁하새롭다 지점 다른 특이하다인테리어 완벽하다 주말 못 가요 평일테이크아웃 한강 가기주름 제주 분점 소식 무조건 노을 스팟 유명하다 한강 공원 근처 제주 관덕정 정점 두 여름 오픈 예정 체리 블러드 미치다 체리 셔벗 에스프레소 알콜 조합 달콤하다 쌉싸름하다 상큼 함 술 제주 공간 어떻다 구성 요 라면 한강 공원 필수 코스레몬 로마노 코르 타도 역시 에스프레소 레몬 기억 남고 레몬 에스프레소 에스프레소 한잔 끝 코르 타도 기억 안나 벨벳 티 촉감 질감에쏘 바중 단연 일등멋지다 공간 에스프레소 매일 최 곱다 종류 칵텔들 보고 재 의사 무조건 크림 콘 부드럽다 달달 에스프레소 접 비터스 마키 토 좀더 직하다 크림 좀더 산미 매력테이크아웃 외부 용 매장 경우 특이하다산미 분 무난최애 에스프레소 맛집인테리어 완벽하다 위스키 추가 꼭인테리어 멋있다 진하다타이밍 웨이 팅 생각 캠핑 의자 춥다 따뜻하다 물이 티 지인 역시 로마노 꼭 야하다 사실 모든 얼른 다시근처 자주에스프레소 바 중 단연 최고 베리 션 어쩜 직원 나이스 굿당신 천재 입 거기 시도 모든아일랜드 프로즌 봉봉 단골 맛집 인테리어 멋지다 기분콘파 프로즌 아일랜드 세 잔 프로즌 다크 초콜릿 진하다 라임 슬러시 상큼 함 라임 느끼하다 당 아일랜드 말차 우유 아이스크림 말차 다크 초콜릿 터프 진하다 미치다분위기 디저트 모두 굳다 굳다르 강아지 안고 입구 쪽 머신 마감 추가 친절여기 에스프레소 맛집 프로즌미치다 에스프레소 정도 프로즌 강추나들목 접근성 봄날 햇살 야외 힐링용하다바리스타 분 설명 일요일 저녁 왓습전체 편 코르 타도일부러좋네욤민트 프로즌 에소 운전 다양하다 칵테일 베이스잔 생각 가야언제 프로즌 상큼 달 힐링 맛임 오래오래나들목 바로 앞 날씨 날 웨이 팅 길다 가기 어렵다 다행 요즘 날씨 춥다 바로 바 테이블 좌석 매장 협 소하 다른 보기 어렵다 음료 주류 선택 폭 다양하다 머신 라마르 꼬이다 괜찮다 달달고작 모금 이상 음료 돈 아깝다 분들껜 절대 한번 에스프레소 경험 분들껜 무슈 부부 강력 추 천 여러가지 다양하다 에소 프레 거의 테이크아웃 중 오렌지 토닉 건 직접 만 오렌지 시럽 토닉 워터 에소 샷 음료 잡지 처음 청량하다 오묘하다 사굿오늘 시경 야외 혹시 립스틱 발견 계속 전화 전화 부득이 리뷰가격 좀 쎄다 편이 특색 볼 한번 볼 만 직원 기분 이용비터스 마키아토 스노우 아일랜드 날 다크 초콜릿 캐러맬 느낌 낭낭 기준 비터스 리큐르 미치다 차갑다 고소하다 우유 에스프레소 질감 재밌다 스노우 단맛 강하다 기억 남아 아일랜드 갓일 랜드 필수 이제 앞 걸 말차 캐러맬 맛있닽무슈 부부날씨 코 코 체공칵테일 모두에스프레소작 독특하다 에스프레소 바 나름새롭다 이전 처음 분위기 에스프레소에스프레소 바 명성 때문 주말 웨이 팅 에스프레소 처음 신분 접근성 곳도특별하다 직원 종류 별로 설명로마노 매일클로즈여기 분위기 먹기 아깝다 정도라떼에스프레소 콘파다양하다 정성 근처 자주생전 처음 에스프레소 보기 위해 분위기 독특하다 음료에쏘 레몬 로마노 패딩턴 위스키 추가 몇 레몬 로마노 해 방법 강가특별하다 경험말 꼰빠 꼭 두 번레몬 로마 논 프 론즈 특색 기본 다른 마시기 힘드다 에스프레소 신세계 경험가게 에스프레소 선호 라떼다양하다 에스프레소 대화 무드이탈리아 온 듯바쁘다 직원 모두 기분 가요 에스프레소 처음 보고 자주 어요 레몬 로마노 잔 패딩턴 방법 자세하다 가까이 살 자주동안굿콘파 강추 양 작다 아쉽다 가게 작다 이야기 눈치 얼릉 원샷 이탈리아 스타일 가면 갈래에스프레소 다양하다특별하다 에스프레소 설명 해주시화 수목 팝업 기간 늘 즐겁다에스프레소 위스키 반드시 에스프레소 맛집 어디 서나 흔하다 개성 강하다 에스프레소 뉴 분위기 굉장하다 힙하 으른 진중하다 느낌 분위기 최고 직원라떼 존맛굿새롭다 잔뜩분위기 오후 저녁 이유 특별하다 설명 직원 완전 다음비엔나 그냥 가격 좀 비싸다 편이 산미가면 항상 정상 테이크 아웃 테이크 아웃 종류 종류 다른 커피전문점 달리 독특하다 기회 매장 판매분위기 독특하다 독특하다 위스키 한잔 어간 음료 아주 개성독특하다 외관 인테리어 아이리쉬 재밌다굿둘이서 프로즌 스노우 찰리 로마노 정성스럽다 찰리 리지 날로 위스키
69,망디,1903611268.0,망디 조용하다 아지트 느낌 음악 선곡 센스 분위기 따뜻하다 아늑하다 모던 인테리어 깔끔하다 직원 계시 처 라떼 달달 비 스코티 셋트 든든하다 디저트 직접 마들렌 휘낭 시 수다 디저트 맛집 빼빼로데이 디저트 셋트 맘 욧 리스 마스 기대하다디저트 주민 행복하다 음료 디저트 모두 정성 신상 깔끔하다 쾌적하다 차분하다 분위기 책 애견 동반 가능하다 저희 타래 예정베이커리 류 시즌 자몽 진 티 따뜻하다 꽤 아주 자주평소 이드 꼭 진저에일 보시 리뷰 상큼 유자 진 저가 황금비율 달 입 마지막 로즈마리 마무리 평소 진저 여기 꼭 진저에일 오래오래 영업망디 라떼 강추 위 크림 바로 아메리카노 라떼 둘 망디 둘 직접 디저트맛집 디저트 맛집 인테리어 맛집 장님 왕왕 무엇 매일 아침 한잔 디 저트 꼭 녹차 마들렌 강 추하다사진 려고 중 잠깐 강강추 분 요 빵 개월 우리 아들 처음 메뉴인 처 망디 라떼 위 라가 크림 신의한수 꼭초코 휘 낭시 크림 모카 망디 라떼 여전하다 크림 모카 달 초코 휘 낭시 매우 성공 적 행복하다자주 휘 낭시 마다 주변 지인 도 선물 도 인테리어 깔끔하다 늘 기분 이용 애정 디저트 가게 오래오래 번창마들렌 초코쿠키 스탈 요 망디 라떼 근처 조금 한적하다 번 잡 싫다 잠깐 커피타임 오기 강아지 만 우리 강아지 나들이동네 새롭다 베이커리 개월 아가 아기 휘 낭시 엄 청 재료 동네 디저트 맛집 아주 앞 단골 예약음료 디저트초코 라떼 시럽 편하다 대화 분위기동네 눈 새롭다 오픈 여기 디저트 맛집 디저트 장인 듯 흑임자 마들렌 크림 존맛 앞 나머지 디저트 섭렵 고소하다 디저트 논 친구 최고망디 라떼 어어 무 크림 대박 진하다 달콤하다 프렌 차 이즈 막 비교 불가 입 입 소중하다 가까이 매일제일 분위기 편하다 친구 대화 양 다이어트 망하다휘 낭시 중 최고크림 모카 크림 부드럽다 초코 풍부하다 적당하다 단맛 크림 디저트 듯자몽 블랙 티 일반 프렌 차 이즈 매장 다르다 깊다 대충 신경 인테리어 깔끔하다 멋있다 진심 장사 계속새롭다 오픈 조용하다 바질 올리브 존맛마들렌 친구 선물 구입 포장 깔끔하다 보관 방법 만족스럽다빵 괜찮다 양 깔끔하다 차분하다 분위기아내 레몬 마들렌 근대 비싸다근처 편하다 가게 오픈 앞 자주 분위기 인테리어 용 자주분위기 한산하다 휘 낭시 종류 별로 보고 레몬 마들렌 갓 따뜻하다 분위기 한적하다 자주 예정 처 망디 라떼 달달 크림 이아 쥬 예술디저트 찰떡벌써 두 발견 디저트 망디 미가 입 가득 남아 깜짝 라떼 아트 실 번 놀람 프렌 차 이즈 저가 기대 멋지다 라테 아트 역시 라떼 눈 즐거움 시작 망디 디저트 중 휘 낭시 달 적당하다 단 엄지 척 아몬드 가루 디저트 인지 라테 부드럽다 슴 오새롭다 오픈 깔끔하다 마들렌 자주 쿠키 품절 다음동네 새롭다 패션후르츠 이드 다른 자주 인생 패션후르츠 이드 라떼 고소하다 쓴맛 싫어하다 기본 라떼 초코 칩 쿠키 초코 마들렌 녹차 마들렌가게 분위기 디저트 음료 기분 처음 만족하다 다음라떼 깊다마들렌 아아 바닐라 빈 재 의향근처 괜찮다 마들렌 휘 낭시 먹기 오늘 아메리카노 담 라떼 종류 구갑자기 비 후다닥대해 아시 디저트 만해디저트 맛집 포장동네 작다 아늑하다초코 마들렌 강추만족하다망디 라떼레알 쿠키 맛집 겉바 촉 뭐 바로 알 마들렌 어른 고소하다아기 움 과자류 주변 매장 분위기 모던 깔끔하다 휘 낭시 쫀득 버터 재 예정원두 듯 매장 깨끗하다 깔끔하다 자주 대박휘 낭시 책 집중휘 낭시 보고 이번 마들렌 구입 아아 고소하다 그렇다 마들렌재 유자 소르베 시원하다 상큼 여름 최애다만 일반 사이즈망디 라떼 사가새롭다 개업 디저트 나용 다음음료 디저트 디저트 음료 세심 센스모던 깔끔하다 패션후르츠 이드 달 상큼 휘 낭시 달달처근처 새롭다 디저트아메리카노 못 마싰어 찍기 전 드링킹오늘 느긋하다 구 포장 항상오늘 가득하다 라떼 잔음료 가격 고소하다 라떼 누룽지 줄더더초코 칩 쿠키
70,케이크 작업실 : 스튜디오 시루모락,1633206582.0,엄마 떡케이크 떡 부터 진행 부터 느낌 완성 후 뿌듯하다 최고 앙금 처음 무섭다 기도 어색하다 연습 충분하다 해주시 케잌 장식 완성 막 색도 귀찮다 떡 케잌 먹엇능데 시루 락 완전원래 동네 문화센터 앙금 꽃 수업 그때 기본 생각 완전 다르다 쌀 가루 찌 앙금 준비 비슷하다 꽃 스킬 아예 달라 팁 다시 깍지 모양 생화 느낌 앙금 꽃 짤 나름 꽃 모양 생각 스킬 다르다 색감 감각시루 락 시즌 오픈 아늑하다 채광 스튜디오 사진 손재주 클래스 걱정 처음 기계 차근차근 진도 충분하다 재료 준비 도 보고 만하 베이 킹 재밌다 용 마지막 원하다 초코 펜스튜디오 내부 아늑하다 따뜻하다 원데이 클래스 재밌다 친절 잡채 주변 제입 딱딱하다 부드럽다 약간 뽕 실하다 식감 맘 웰컴 쿠키 주신 쿠키 그게 쿠키 위 필링 딱딱하다 살짝 쫀득 매력 어쨋 쿠키아버님 선물 처음 걱정 완성 다음 번여자친구 생일 케이크 밀가루 떡케이크 선택 여자친구 처음 어렵다 선생님 다음 데이트못 알맞다 타이밍 혼자 시 효율 방법 색도 쿠키 모양 귀엽다 색상 수강생 의견 수렴 색 조합 요 주변 조용하다 집중 통창 햇빛 포토 존 이용 인스타 사진 찍기 적당하다포장 할머니 떡 이렇다 떡 신기하다 서비스이쁘다 떡 디저트 비다양하다 디자인 쿠키 원하다 색 조합 설명 이해 똥손 성공하다 친구 추억 데이트 코스비 평일 오후 빵 종류 흑임자 제일 유명하다 입맛 재롤케이크 떡케이크 독특하다 디저트 볼 전체 달 기분 단맛 더더음료 날씨 조금 시원하다 야외 좌석 디저트 종류 배 아쉽다평화 느낌 캐모마일 티 로즈마리 만끽아이디 어스 떡케이크 번 단골 항상 뇌물 설기 생각 이번 임신 며칠 시루 락 설기 아침 일찍 픽업아이디 어스 보고 앙금 화과자 알 매장 픽업 판매 떡 색다르다 안내 해주시 대응 빨 만족아이 체험 방학 가기 해 그린 구름 케이크 아이 재밌다 음료 귀엽다 고 인테리어 내부 화장실 깨끗하다떡 디저트 볼 특별하다 딸기 롤떡 흑임자 롤떡 딸기 흑임자 고소하다 음료 중 유자 오로라 티 궁금하다 이쁘다 티 조용하다 대화딸기 요거트 롤 케익 진짜진짜 꼭인테리어 파스텔 톤 화사하다 기분 차갑다 아주 서빙 청귤 좀 닝닝해 아쉽다어머나 귀엽다 리얼 초코 릿 눈사람 디저트 떡 기도겨울방학 아이 특별하다 직접 디저트 아이 행복하다 빵 쿠키 류 건강하다 아이 체험동생 떡케이크 맛집 롤떡 종류 별로 서비스 주신 무지개떡 케이크 다음키 워드 선택 선택 아쉽다 매장 귀엽다 전 디저트 떡 신선하다 도 음료 친절 다음가게 귀엽다 음료축하 무지개 구름 설기 종류 별로 무엇 약속 준비자주리뷰 꽤 이제야 글 거리 멀다 자주 처음 꽃 케이 가게 저희 할머니 유독 여기 떡 자주 떡 마음 랄 작 년 할머니 생신 생일 여기 케잌 이번 할머니 생신 케이크 여기 보기 떡급하다 케이크 마련 전날 매장 상담 케이크 석류 색 케이크 아깝다 마음 케이크날 쫌 춥다 뎅 야외 테이블 다수 청귤 민트 티 은근 매력디저트 포장아이 떡아메리카노 무난 무난굿디저트무지개 설기 이쁘다 요떡 이쁘다 선물 용밀가루 떡 디저트 가게 아기자기하다매번 선물 이용 달떡 디저트 가면 음료 분위기 주말 저녁 조용하다굿굳다떡 롤케이크 처음 쫀득쫀득 달달 다음 쪽롤떡 아쉽다 마음 앙버떡 팥 앙금 직접 떡 자체 쫄깃하 버터 쫄깃 식감 그렇다 재 의사 퍼센트색다르다유자 오로라 생각 그냥 그렇다 수박 주스신기하다떡 이쁘다여기 합정자몽 블랙 티 달달 디저트 보고 흑임자 케이크 안달떡롤 앙금 케이크 오미자 뱅쇼굿부모님 다음 구매굿굿최고 단골 떡 케익 정성 계속 손 가요굿만족하다굳다플라워 떡케이크 디자인 이쁘다 떡 쫄깃쫄깃 견과류무지개 설기만족하다떡 디저트굿굳다떡 아주 이쁘다떡케이크패션후르츠굿굿특별하다쑥 비엔나아메리카노인테리어 아기자기하다 편안 느낌 음료 디저트 가격 괜찮다 편이 디저트 전부 쌀 적당하다 무난 디저트 귀엽다 밀가루 디저트 식감 촉촉하다 똑같다 다음 재 다시 디저트 구매초코 음료 직원 조음굿초코 떡케이크 아아굳다선물 이쁘다생일 이벤트어버이날 케이크 픽업 겸 숨 여기 윰세 작가 광고 생기 늠 매장 노랑 노랑 화이트 톤 길찾기 앞 합정역 자주 이유 기분 부족하다 음료 음료 디저트 짱 쌀 가루 디 저트 뇌물 때문 리뷰 뇌물 주신 우유 설기 우유 개쩖 백설기아메리카노 초코 롤떡 상의 달달 구리 초코 크림 쪼 오오오 득 떡 초코 칩 조화 어마어마하다 여기 달콤 쌉싸름하다 스페셜 티 아메리카노눈 입 가게 내부 디저트 꽃 앙금 케이크무난분위기 귀엽다귀엽다 쾌적하다 디저트 종류디저트 음료 모두 달떡 직원 아주
71,코코부코,37441781.0,코코넛 쉐이크 달달 코코넛 리지 널 젤 덥다 여름 더위 듯코코넛 스무디 맛집 한강 최고코코넛 스무디 보고 역시 다음 코코넛 스무디코코넛 무심 결 코코넛 쉐이크 달콤하다 취향 저격 해외 팔 듯 감성 저격 가요우리 앞 코코넛코코넛 쉐이크 명불허전 요코코넛 음료 반갑다 동남아 느낌 낭낭 음료태국 못 간지 벌써 년 다음 도무지 불투명하다 놈 코코넛 쉐이크 막상 주변 찾기 어렵다 시기 멀다 매번 코코 부코 가야 가야 이번 드뎌 진즉 걸 코코넛 통 통 걸 그렇다 코코넛 뚝딱 자마자 힙합 통 돈 버셔코코넛 쉐이크 딸기 코코넛 쉐이크 달콤하다코코넛 말 다한 뭐코코넛꼬모 플리 마켓 티셔츠 종류 다양하다최고코코넛 쉐이크 도로 당 먹기 땅 당 코코넛 자리 테이크아웃 다음 코코넛 구코코넛 진하다 좀 비싸다코코넛 쉐이크 오늘 코코넛 쉐이크코코넛 음료닉값 쉐이크 최고 최고 기본 도 별로 건 더위 탓 코코넛 쉐이크 바닥 코코넛 남 주의 바람늘 망고 코코넛 쉐이크 역시 코코넛 쉐이크 적당하다 단맛 진하다 달달 초코 밍턴 고급스럽다 예스코코넛 쉐이크 꼭중독 코코넛 쉐이크코코넛 굿맛잇러욜굿멀리 이사 가끔 무조건 코코넛 쉐이크 가요새코코넛 쉐이크 코코 부코코코넛 쥬스코코넛 음료 늘말모 존맛자주굿파인애플 코코넛 스무디음료 굿음료 코코넛 음료굿굿굿굿굿부코 굿친절 매장 분위기 굿역시 코코 부코 짱 라이딩 코코넛 쉐이크 자주 보급 역시 달달 시원하다우리 부부 최애 맛집 코코넛 쉐이크 당 해도 코코넛 달달 함 전 충분하다 강추추추코코넛 밀크쉐이크 진하다 아영코코넛 익숙하다 생소하다 여기 쉐이크 한강 자주존맛임 친구 반하다 우리동네 함재밌다공간 넓다 독보 쉐이크 외형분위기 짱 완전 진하다코코넛 쉐이크휴양지 분위기 내기 산미코코넛 쉐이크 짱 요 여행 온 기분오늘 테이크아웃 오늘 완전 필리핀코코넛 샤각샤각 힙합 멋지다코코넛 쉐이크 배스 트 라떼 요라떼 맛집쉐이크혜택항상한겨울테이크아웃 코코넛 음료 최고애용코코넛 음료 전문점 항상 코코넛 음료 코코넛 음료 콩 카페나 유명하다 전 코 코 부코 가장 리얼 이구 스무디 텍스처 좀 슬러시 음료 산책 꼭핵존맛동네 가게 종종 테이크아웃 리뷰 테이크아웃 고 야외 마스크 활동 손님 제재 입장 손님 땀 범벅 채 앞 뚜껑 스트로우 뚜껑 고요 비말 꽤 걱 상점 차원 말 확산 위 최소한 안전 장치 취하시원하다갠 싫어하다 당 고소하다 요작다 사면 금방근처 사마 시통 원샷 순간 여기 동남아 해변코코넛 쉐이크 짱짱코코넛 부코파이 아쉽다가게 앞 잠시 차 공간 차 바로코코넛 스무디완전 스타일 늘오늘 사 코코넛 쥬스 주 메뉴인 다음오 그대사이즈 생각 자꾸 듬 달가격 쎄다가격 좀굿코코넛 쉐이크 근처 자주도 선택 코코넛 쉐이크 사이즈 조금프로
72,카카오다다,38549516.0,국내 최고 빈 투바 초콜렛 메이커 카카오 다다 올해 마르 쉐 처음 알 싱글 오리진 카카오 열매 초콜렛 나볼 노고 감동 스럽다 카카오 본연 알 재미있다 다양하다 산지 다른 공정 액 닙 페퍼민트 등 다양하다 재료 재미있다 페퍼민트 직접 재배 수확 민트 초코 액 병 사서 열흘제피 가득하다 알알이 초콜릿 빈 투바초콜릿 공장 마주 시원하다 음료 카카오 음료 매번 미니 초콜렛 시리즈 지인 선물 용 멀다 보람한주 산 스스로 선물 카카오 다다 갓 운 햇밀 쿠키 이제 시즌 막바지 반 음료 빈 투바 가득 날 멀다 나라 온 여행자 동석 빈 투바 초콜렛 대한 이야기 이야기 세계 각지 빈 투바 초콜렛 메이커 를 취미 셔 서로 어떻다 산지 취향 공유 카카오 다다 제품 이야기 한참 날 구입늘 여름 레몬 한번 카카오 닙스 고급 진 미가 시원하다 초콜릿 말 특색레몬 왜 크림 왜 카카오 쉐이크 달 초코 쉐이크 냄새 전체 기대하다 아쉽다밀가루 전혀 초코 케이크 초코 본연 살짝 부드럽다 기 약간 까슬 식감 한번 볼 만 위 견과류 건 카카오 열매 씨앗 인 매장 다양하다 초콜릿 시 식 초코 쉐이크 케이크 고민 케이크 다음 쉐이크 앞 분세계 최고 빈 투바 매장 쇼콜라 오브 시절 계속 구해 초콜릿 고급 초콜릿 선물 용레알 초코 맛집빈 투바 초콜릿 최고애정 카카오 다다 초콜릿 이후 일반 초콜릿 성 차요 산미 다크 초콜릿 러버 천국여름 시즌 레몬 카카오 칩 쉐이크 둘 반 하프 하프 혼자 즐 기기 리뉴얼 빈 투바 카카오 제품 다양하다 선물비건 초코렛 반갑다 가게굿음료 케이크 테이크아웃 장용 음료 양 차이 꽤 가격 똑같다 매장 양 테이크아웃 컵 크기 당황 매장여름 여름초콜렛 전문 진심레몬 빵 가격 양 좀 밀가루 못 요깔끔하다 분위기 좌석양직접 작업 모습 보이 초콜릿 원하다 꼭초콜릿초코 제대로 초코 덕후 친구리얼 부드럽다 진하다 초콜릿 입안 가득 퇴근길 조각 스트레스 사르르 아쉽다기대 그렇다 생각여름 레몬 따끈하다 상 너 무 생 초코 케이크초콜렛 맛집초콜렛생초콜릿 케이크 꼭 한번 꼭 그렇다 그렇다 초콜릿 초콜릿 덕후 라면 꼭 절대조용하다 골목 자리 유니크 랄 핫초코랑 비슷하다 예상 처음 부드럽다 달 차 독특하다 달콤하다 여기아주 최고선물직원 서도초코렛생각 종류에콰도르 초콜릿날 따뜻하다 초콜렛 라떼 더욱이에콰도르 초콜릿생초콜릿 케이크 조각 고민새롭다 카카오 쉐이크 달 은은하다 꽃 향기 남 고급 짐 걸 감사 감사초콜릿 케이크 요 초콜릿 달기 산미 쓴맛 과일 등 풍부하다초콜렛
73,페트롤플레이스,1044976654.0,큰일 악마 만난 완벽하다 초코 케이크 영접 마틸다 케이크 솔티드 카라멜 라떼 금요일 저녁 근처 저녁 노트북 작업 차 몇 달 리뷰 마틸다 케이크 미치다 놈 리뷰 보 놈 미치다 덕 브라우니 그렇다 진하다 최근 케이크 중 젤 이름 해피니스일단 벽 그림 때문 분위기 독특하다 화분 조명 때문 묘 아늑하다 포근하다 테이블 의 자도 편하다 만 분위기 여전하다따뜻하다 분위기 핫초코 스칼렛 티 상큼며칠 전 마틸다 케이크 매일 덕 쫀뜩 초코 멜팅 초콜릿 마음 멋지다 환경 작업 대화 술 완벽하다 처음 땐 새롭다 세계 몇 번 아늑하다 요즘 문 여 별로 고맙다가게 분위기 공간 꽤 특이하다 인상 가게 인테리어 곳곳 신경 브랜딩 관리 동안 기분 화장실 공간 내부 바로 옆 건물 가야 조 금 번거롭다 움 이렇다 불편하다 중요 치 차분하다 음악 좌석 혼자 작업 가기노트북 힙 편하다 브레베 클래식 티라미수 전 몇 번 이사 만 온 노트북 작업 힙 플레이 리스트 음료 디저트 아지트 바닐라 라떼 브레 베 는걸 달 데 생각 엄 청 고소하다 양 초 아쉽다 마 성의 랄카 티라미수 딥 덕 적대화 나누기 분위기취향 고스 란분위기 제일 편하다분위기 디저트분위기 굉장하다 음료 디저트 모두 테이블 주변 그렇다 노트북 오시 분 티라미수 완전 강추케이크 배부르다분위기 카운터 매력음료인테리어 감성 라떼 꼬숩 진하다 라떼 레몬 파운드 케익인테리어 잘생기다분위기 음악 디저트 감성 감각 이예특이하다 무화과 잼 티라미수 은근 아쉽다 빵 부분 크림 비중 듬뿍 적 셔져 수분 감 좀 과 축축하다 무난 한텐 조금 연하다 담백하다 인테리어 아늑하다 편하다분위기 힙하 은근 조용하다 대화 동네 아지트 이제 종종 케이크 무화과 티라미슈 꼭 야하다 티라미슈 어무 모시 예정굿원래 우연이 페트롤 레이스 디저트 괜찮다 레몬 티 아아 보 술 위스키 펍 매력인테리어 멋지다 주민 직접 티라미수 솔티드 안달 혼자 노트북 오기 짱분위기 테 별로 일 전디저트 식감 분위기 미국 도시 블럭 편 나른하다 팝 까페인테리어 플레이 팅 괜찮다 실속 디저트 류 가격 비싸다 편이 고요 티라미수 정체 스폰지 케이크 당 황 당연하다 그냥 그렇다 주스 괜찮다 재 의사분위기 만족스럽다 음악 내부 인테리어 힙 느낌 가득하다카페모카 달 고소하다 초코 초코 개인 취향 밤 계속 재 의사단 존맛 분위기 여유 편하다 마시기분위기 인테리어 포근하다 아늑하다 대화 집중 분위기 좌석 편하다 젤 편하다라떼 디저트 모두 분위기 제일마틸다 케이크 개애애애 덕 좀맛 혼술분위기 우리동네 젤 맘래몬 최애 레몬에이드음악 장소 분위기 훌륭하다 분위기 개성 원하다 단연 코바닐라 민트 차이 티 신선하다 부드럽다 달콤하다 차이 티단골 라떼 늘동네 산책 차 한잔 분위기굿라떼 베리 이드 감각 테이블 의자 관리 화분 모두 조화롭다 장소 티라미수 다음혼자 작업 친구 근처 대화 자주 좌석 편하다 인테리어 자주 영업 저녁 항상 여기분위기 짱굿음료 디저트 혼자 집중 친구 대화 음악 취향 자주근처 중 단연 최고 심지어 인테리어 멋지다 도 끝내주다분위기 무엇굿굿 이용아지트 종종원목 테이블 의자 멋있다 엉덩이 아프다 바 혼자 책 글 쓰기 딱이다생크림 풍부하다 더욱 바디 끝맛베리 이드 체리 사진 음료 레몬 티 적당하다 화분 요리 리 배치 모습 매장 매장 그림 멋있다 모든 면 아기자기 장식 구 경하 재미 쏠쏠하다 무엇 가득 차서 인기 실감 저희 처음 간 마음 푹페트롤 레이스 망원역 근처 데이트 코스분위기케이크 초코 케이크 빵 부드럽다 달 베리 이드 맛집보기 드물다 널찍하다 쾌적하다 자주 가게가게 분위기 무엇 근처 커피가게 커피가게 카페인 충전 땐 페트롤마틸다 케이크 바보분위기 바 인테리어인테리어 화장실 밖 나가야 아쉽다 티라미수 달달굿초코 음료 늘분위기 모카 무지 티라미수 꽤 굿굿분위기 단골 요굿마틸다 케이크 미치다 아이스크림 극락여기 음악 사운드 빵빵 분위기분위기 디저트공간 매우 힙합 니 생크림 베이스 묵직하다 우유 그니 라떼 류 꽤 준수 편 음악 스피커 가까이 음량 때문 귀가 좀 피로하다분위기 괜찮다공간 멋지다인테리어 독특하다 분위기 짱 브레베분위기 신기하다 런웨이 브레베 부드럽다핫초코 처음 진하다분 카공간 꽤 멋지다 밤 술 그릭 요거트 그릭 요거트 식감 플레인 요거트 식감 가깝다 아래 과자 위 블루베리 크랜베리 요거트 조화 달콤하다 점심시간 잠깐 조용하다 분위기 만족하다테이크 아웃역시 지구 최고 솔티드 카라멜 베리 이드 처음 적당하다 달 상큼 시원하다 친구 혼자 바 자리 얘기 마디 햿는데 진심 셧음아름답다 컨셉 추얼 공간 편안하다 작업 거나 대화분위기분위기 최애카페라떼 고소하다굿드립 괜찮다 인테리어 특이하다에그타르트 요즘 의자 편하다 좀 처럼 찾기 힘드다 편안하다 조용하다 책 보기 친절 강아지 환영 맘 편하다공간 조금 춥다어어 뮤 음료 양도 인테리어 멋지다잠깐 솔티드 카라멜 라떼 피스 예전 다르다 왁자지껄하다 분위기 건 조금 아쉽다 분위기 앤드 덜 시원하다 재질 테이블 상판공간 넓다 밤 위스키 보고굿패 트롤 주스 괜찮다 딱하다 인상 이진 평범하다 착즙 주스 플레스크 판매 재미있다 레몬 파운드 케이크 그림 말 라서 별로 임 입 빵 작품 알 전체 분위기 한적하다 독특하다 분위기 궁금 레몬 케익 상당하다 실망하다 재 의문만족 이드 파운드 케이크 모두저녁 분위기 최고 대화굿굿용분위기 낮 밤 위스키시끄럽다 주변 책 노트북 일 이야기 조용조 용 말 아주 티라미슈 바닐라 라떼 괜찮다 네 번만 끝장 뭐 필터 가면 솔드아웃 아메리카노 산미 좀디저트매번 술 생각 술 판매 분위기 찰떡아무 한잔 유주 유하브레베였 맛있슴 매장 앞 재떨이 매장 돈 패닉굿굿인테리어 멋지다 강하다 디퓨져 좀 머리 아프다 적응하다 괜춘
74,하이놀리,1059973246.0,하이 방앗간 우리 앞 석고상 고등학교 미대 준비 생각하이 크리스마스 브레드 웨이즈 어거스트 로스 터스 크리스마스 블렌드 아메리카노 최고시골 빵 치아바타 팔고 종류 별로 다사 왓 빵 얼마 안되다 컷팅 안되다 컷팅후 냉동 보관 시골 빵 깜빠뉴 치 아바타 상당하다 호밀빵 굉장하다 무겁다 간판 이크 여자 혼자 바빳 데좀 덥다 빵 살수 뿌듯 담백하다 빵바게트 살구 견과류 가득하다 호밀 블럭 견과류 실하다 축축하다 떡 질감 토스 트론시골 빵 겉 콩가루 인절미 구수하다 촉촉하다 냉동 후기다림 아깝다시골 빵 이유 쫄깃 그냥 토핑 냉동고 자리시골 빵 치아바타 최고 크기 촉촉 부들 쫄깃 식감 고소하다 고유 빵 계속 토요일 오픈 전 조금 줄 매장 기분 빵 냄새 덕 기분 구매 꼭 다른 빵 가야정성 건강하다 빵 볼하이 시골 빵 치아바타 손 가득하다금요일 도착 좀 당황 쯤 브리 오슈 품절 마지막 호밀 블럭 통밀 빵 금빵 구매 공갈빵 느낌 소금 빵 구매 언제 역시 전 라모 소금 빵 통밀 빵 호밀 블럭 묵직하다 냉동 보관 토스트 기 구 세상 고소하다 촉촉 동네 라면 자주 멀다 기도 멀다 길다 사빵 말집 기본 충실하다 소금 빵 시골 빵 치아바타 강추좀 빵 보고 수긍 다른 빵 호밀빵 버섯 치아바타 일단 완전시골 빵역대 빵집 우리 동네하이 한번 가면 냉동 실 쟁 종류 별로 최애 시골 빵 토스트 기 다양하다 스프레드 발라 최고 오픈 런 일찍 가면 빵 뜨겁다 야하다 그게 아숩빵 아주 쫄깃합식사 빵 빵 대부분 큼직하다 갓 빵 컷팅 어렵다 힘들다 담백하다마침 다섯 빵 모두 큼직하다애정 빵집빵 오래오래 건강하다 빵최고빵 줄 이유통밀 식빵 뿐 오렌지 뭐시기 선물 엉엉 통밀 식빵 고소하다 통밀 빵 고소하다 고소하다 도우 하이 덕 그냥 빵 다시 오렌지 겉 빠쟉 설탕 겉 계속 앞 자주 듯 해매일슴슴 빵 근처 줄 베이커리 여기 스타일 시골 빵 궁금하다 장발장 빵 사이즈 커서 못 엄두 안나마음 빵 늘최애 빵집 솔드아웃시골 빵 고소하다 곡물 담백하다 양 냉동 실 보관 에프 식감 죽지 소금 버터빵 살짝 겉바 촉 버터 은은하다 풍기 소금 짠맛 버터 피타 브레드 샌드위치 해먹 거나 난 커리하이 빵 말모 아침 필수시골 빵 소금 빵 버거 빵 폭 신하 버터 촉촉하다 고소하다 짭쪼름해통밀 빵 간 김 유명하다 대서 하이 토요일 쯤 거의 소진 빵 다행하다 통밀 빵 소금 버터 빵 구매 동안 매장 감각 작다 수목원 느낌 빵 두 봉지 세 커서 줄 레몬 유자 상큼 빵 그때 감사 인사 소금 빵평이 매장 간판 눈 지하 살짝 오후 시경 빵 솔드아웃 한번 원산지 걸 보고 재료 사용 기분 충격 놀람 정점 빵맛 건강하다 간단하다 샐러드 빵 식사빵오렌지 빵가게 고소하다 빵 냄새 최고 소금 버터빵 흡입 빵코리아 넘버원 소금 빵빵 재 희망 택배빵 가득하다 오 오래오래애정 중최고 빵집 생각 시골 빵 피타 브레드 브리 오슈 하여튼 상냥하다 기분 가게 빵 포장 꼼꼼하다 해주시 종이 포장 위주 용기 용기답변 다음 다시 가가 오늘 품절 다른 빵 구매 생각재료 빵 진열 시스템 지하애정 시골 빵시골 빵 소금 빵 최고시골 빵 치아바타 하이 제일 이상 늘 늘 변하다 요즘 마카롱 시골 빵 덩이 가격 생각 인생 빵집애견 출입 가능하이 빵 냉동 실 필수 템 매일 행복하다 끼 뚝딱 가능 빵 최고건강하다 빵 식감 재 첫 민가 오늘 유심 카드 계산 장갑 빵 포장 쭉 이용 빵집 부분 개선최고 빵집빵시골 빵 실패굿굿시골 빵빵시골 빵 소금 빵 미치다 리뷰 순간시골 빵시골 빵최애 빵집멋지다일인샵 팀 웨이 팅 시골 빵 샵 깡빠뉴 부들부들하다 치아바타 매진 아쉽다 소금 빵 모닝 빵 조금 공갈빵 치즈 겉 소금 결정 체 짤 고소하다완전빵 최애 소금 빵빵소금 빵 완전 칭찬 담 갈래늘 빵집시골 빵 폭 폭신 쫄깃쫄깃빵 코코넛 브리 오슈 소금 빵 시골 빵 우유 식빵빵굿시골 빵 소금 버터빵 미치다 시골 빵 가성 비 구매 소금 버터빵 조금 비싸다 버터 가격 비 그냥 부드럽다 고소하다 짭쪼롬 소금 버터빵 원하다 꼭 에어 프라 이기 살짝 먹음빵 완전 건강 빵 식사 빵최고 빵집빵 남아 빵 아쉽다 담 무조건 일찍통밀 빵 소금 버터빵 시골 빵 등등 샌드위치 왕창최고 빵 맛집오 빵 셍 릉말 이필 빵 매장 인테리어소금 빵 맛집 동그랗다 기여 븐 소금 빵빵 맛집가게굿빵 재료 편하다빵 매우 빵 퀄리 티나 크기 가격 저렴하다 코로나 인스타 오픈 샌듸 치 브런치 류 코로나 언제 빵 기공 장난 촉 지대 밀도 높다 산미 빵 맘하이 소금 빵 인생 빵 치아바타 시골 빵거격 착하다 빵인스타 오픈 일과 확인 해 조금 아쉽다 빵 재료 소박하다 식사 빵 느낌빵덧 가루 심하다가성 비 포장 포스 분 정도 지금 빠르다 판매 질소금 빵 매번 퇴근 후 도착 바람 보도 못 하이 방법 보고 감동 소금 빵 개인 취향 닷건강하다 자주하이 빵 매우 매번 치아바타 호밀 블락 호밀빵 소금 빵 쟁이러꼭꼭 일치 빵 매일 오픈 그렇다 오픈 날 가요 매번 식사 빵 외 오늘 처음 소금 버터빵 따뜻하다 런가 여태껏 소금 버터빵 중 최고 보람 순간 빵집 때랍빵굳다굿모 빵
75,비바쌀롱,37621256.0,움 음료 메뉴판 뒤 음료 장식 피 규어 음료 피 규어 장식 귀엽다 아기자기하다 한참 동안 사진 도 캐나다 큰딸 디즈니 메이 션 여서 큰딸 찬찬하다 둘째 두런 두런 이야기 소중하다 오픈 확인 주차피드보 반하다 시바 붕어빵 귀엽다 역시 귀엽다 기분 환기 적 격인 인형 종류 다양하다 핫 빤쮸 토끼 판다 인형 피 규어 등등 눈 새 판다 진 귀엽다 아기자기 움 충만 힐 링요새 어제 할로윈 크리스마스 악몽 후훗 어제 득템 트리 그로 밋 월레스 로밋 마그넷 금속 버즈 택배 칼 금속 언니 우선 저렇다 동생 가방 직원 심돠 조만간졸귀 크림 라떼 구경 말차 라떼 선택 말차 덜하다 크림 단맛 음료 특성 순 예술 혼 작품 가격 이해 구경 다음 이쁘다 귀엽다 소품 구경소품 걸 크림 구덕오늘 세번 용 피 규어 궁 음료 긔욤긔욤해 세번 갔네욤 매번 샀어욤 오늘 라따뚜이 레미 사서 어깨 용 그동안 사진 한번 한번 아깝다 언니 두번째 화분 근황 궁금하다 아깝다 언니 샤브샤브 집도 예정 임돠라떼 속상하다 루피 최고 귀엽다일반 소품 좁다 테이블 귀엽다 캐릭터 라떼 네이버 메뉴판 다르다 비싸다 편 여자 라면케릭 터 신기귀엽다 인형 손 인형 욥아이 구경 마음 수첩 분위기 조명 습도 음악 모든 멋지다 일요일 좀 그때 매장 플레이 리스트 어떻다 앨범 궁금하다 재즈 곡분위기 이쁘다 예전 꼭 가야 간김 짱구 구매큐트잔망 루피 라떼 전 귀엽다 기분 전환 인형 보고 케릭 터 라떼 친구 아주 재미있다귀엽다음료 독특하다 피 규어 인형 등 소품 구경키링 구매 눈 이쁘다정 말 예전 우연 계기 직원 분 바쁘다 짜증나다 만도 응대 주시 모습 보고 감동 음료 공간 조금 협 소하 꼭초딩 아들 데이트 신나다 구경 이쁘다 귀엽다 아이스 초코 아이 바 쁘신데 기분 하루귀엽다 아이템주말 자리 자리 루피 귀엽다 장식 손님비바 쌀롱 캐릭터 음료 정도 소품 희귀 템자리 음료 구경만 귀엽다 피 규어 아기자기하다 이쁘다캐릭터 음료 구경 거리 음료 귀엽다눈 즐겁다 요 편하다 구경 재밌다 듯음료 이쁘다키링 귀엽다음료 못 아쉽다 스티커 사고 사진 귀엽다 다시 가면 음료소품소품 아기자기하다 구경 남여운 인형귀엽다 어지럽다 친절예전 단골 제일 핫 제일 귀엽다 비바 쌀롱 여기 동물 사랑 직원 요 꼭 가세멋있다음료 플레이 팅 귀엽다 자리 별로 좀 아쉽다 귀엽다 소품 크림여자 취향 저격아기자기하다 캐릭터 귀엽다 음료 피 규어 즐거움 잏어 매장 언니 소품 살디즈니 팬 가기 음료 굉장하다 귀엽다 크림 존맛귀엽다지지 뱃지 귀엽다귀엽다구매 욕 상승음료 귀엽다 캐릭터 라떼 후회 크림 맛집 캐릭터 라떼별로 고민 음료 뿌 시기 아깝다 인형 귀엽다 기 키덜트 천국귀엽다최애 캐릭터 인테리어 아기자기 특템 캐릭터 무엇 처 메뉴인 캐릭터 음료 여기 단연 최고 친절꼭 듯 해 눈귀엽다아트 둉말 귀엽다 라떼 진심그냥 음료 그냥 초코 몽 번 예정귀엽다음료 졸귀 크림 생각 괜찮다움 가득 움 진리 특별하다 움 라떼아트 달달 기분 업쿠키 몬스터 귀엽다 받침 무슨 장난감 설레다 특색 소품 귀엽다 전부 여기 음악 아쉽다 꼽자 얼음 좀 선지 미지굿귀엽다곰돌이 돌이 친구 당고 비바 쌀롱 귀엽다 친구 상속굿굿그로 밋 인형 못 입양음료 귀엽다음료 귀엽다 이뽀굳다친구 인형가게 귀엽다최애 캐릭터 이렇다 음료 서비스 니요 덕후 웁음료 이쁘다 사진 그냥 토이 인형 밖 가득하다귀엽다굿아이 음료 이쁘다가게 귀엽다굳다굳다가게 인 리 어도 귀엽다 분위기 직원 아주 만족귀엽다굿굿귀엽다 이쁘다 음료 생각 걱 크림 대박귀엽다색다르다 한번굳다음료 귀엽다마시기 아깝다 정도 귀엽다아기자기하다 캐릭터 소품 가득 텍 판매 상품 요 구경 사진 줄 라떼가게 이쁘다 직원 불친절 와이파이 안되다굿보기 이쁘다 그렇다 종이 빨대 제발스누피 엄마 위해 아들 아기자기하다 입구 맘 쏙 다양하다 소품 라떼 일품 코로나 단계 격 상 실내 아쉽다 귀엽다 데코 분위기
76,망원수제고로케,37996787.0,꽈배기 고로케 찹쌀 도넛 등 아주 종류 빵 줄설때 미리 보시 정 뒤 눈치 안보 개인 김치 고로케 매콤 야채 추가 느끼하다 조합가능하다 가격 요 여러가지 사도 만원 굿맛집 중하 나인 수제 고로케 다양하다 무엇 가격 착하다 해도 가격 착하다 오늘 야채 감자 고로케 찹쌀 꽈배기야채 샐러드 빵 고로케 찹쌀 도넛 꽈배기 모두 가먄 꼭 구매 행복하다가면 꼭 고로케 꽈배기 도넛 모두롯 여기 물가 탓 가격 여전하다 인기 롯 도나 츠 맛집전 걸 오늘 비 별루 꽈배기 고로케 등 오리 꽈배기 질 기고 김치 고로케 비리 등등 찹쌀 꽈배기꽈배기 가면 대요 가격 착하다 주일 날 참고꽈배기 고로케 저렴하다끝 고로케 가격 착하다 듯 막 뛰어나다 요즘 물가 가격 고로케 가격 대비 가성 비찹쌀 꽈배기 꼭 겉 빠삭 속 쫀득 자체핫 고로케 착하다 가격 외국인 유명하다야채 샐러드 빵 야채 고로케 찹쌀 나스 모두종류 가성 비 조금 차갑다 아쉽다간식 아이 아내 종종 구매고로케 찹쌀 도너츠늘 가격 판매 굿바로 꽈배기 대체 정도 고로케 살짝 눅눅하다 꽈배기 도넛 츠 위주 살짝 웨이 팅 해도 금방 가시 보시 걸오늘 용기 고로케 꽈배기 고로케 찹쌀 도너츠 야무지다맛집 가바 소문 기회 구입 추억 장도 가성 빚 최고사라다 빵 슬프다 여전하다계산배부르다 가면 고로케 야채 샐러드 빵 가득 옛날 도 나스 찹쌀 고로케 간날 앞 아이 키 계시 구경 역시 재미도너츠 맛집 양도 일요일 안해간식 아이여기 미치다 옛날 도넛 츠 분 꼭꼭 가세 도나 고로케 꽈배기 환장하다 기름 지지도 기대하다 이상 행복하다 가격 저렴하다 팍 쟁 걸 후회 중이 줄 좀 금방 금방 줄 카드옛날 꽈배기 고로케 가성 비 어느새다 보따리 욕심 부리가성 비도줄 서서 덩달아 사고로케 꽈배기 예상간김 종류 별로 눅눅하다 그렇다 아쉽다 즉석속 부실하다꽈배기 찹쌀 도너츠날씨 포장 한강 공원 명성 가격 착하다가성 비 굿 굿포장도너스 고로케참쌀꽈 찹쌀 도넛 고로케 찹쌀 꽈 겉 찹쌀 밀가루 반죽 듯 갠 찹쌀 도넛 쫠깃 야채 고로케 약간 김치 반죽 예산 복꽈가격 대비 가격 좀더 내용물 가득 음 융꽈배기 쫄깃해 가성 비 입구 찾기내용물간만 꽤 배기 고로케 파리 바 고로케 느끼하다 입 먹기 싫어지다 여기 고로케 담백하다 소도 요 게다가 가격 착하다 가성 비도고로 가격 착하다저렴하다 따뜻하다 막찹쌀 도넛 야채 고로케 꽈배기 저렴하다 맛집 사실 사서 바로 제일 해 다른 건 괜찮다 야채 고로케 사서 바로 차이 좀맛집 최고 듯 고로케 고로케 포장 미리 맛보기 팥 찹쌀 도넛 최고 옛날 꽈배기 고로케 아쥬 기대가격 최고빵무족 건 고고 가격 저렴하다 고로케 미치다입맛 식감 적당하다추석고구마 카레 고로케 겉 바삭고로케 꽈배기고로케 꼭 찹쌀 꽈배기식사 후 후식 고로케 줄 야채 감자 샐러드 고로케자리 가성 비 고로케저녁때 덤 덤 가성 비가성 비돟습아줌마 불친절뒤 대비 분 뭐늘 대기 다양하다 꽈베기 고로케 종류정도 금방 찹쌀 팥 도너츠찹쌀 꽈 찹쌀 도넛 야채 샐러드 빵 개인 다른 기름카드 결제 표정 싹 무섭다맛집 사평일 짧다 역시만 꽈배기 최고 일욜 휴무도 나스최고다 가격 미치다 필수 코스옛날 도너츠 류비싸다 가격 고로케찹쌀 도넛 츠꼭 고로케 겉빠속촉 고로케 꽈배기 애 양도 짐 저렴하다가성 비도핫플다웠어 찹쌀 도나 고로케 류 고로케 가격 따름 배 듯 다만 계산 서로 정신 확인할아버지 혼자 일 계시 왕 고로케 인기 품절 다음 일찍 피자 고로케 이렇다 보장 여러분꽈배기 피자 고로케 좀 이상 혀최애 빵 고로케 닥치고 고 중간 횡단보도 사거리 꽤 눈 도 오래되다 고로케 가게 알 왕년 티비 꽤 고로케 종류 옛날 꽈배기 찹쌀 도너츠 레트로 성 빵 야채 드빵 아주 류빵 힘드다 개인 매콤 야채 피자치즈 항상고로케 저렴하다역쉬 최고가격 어유고로케옛날 찹쌀가성 비 아주제일 유명하다 꽈배기 재료 비 상승 그렇다 꽈배기 외 모든 품목만 부실하다 가격 품질기름 좀 가격 착하다 오이 상큼야채 야채 카레 김치 샐러드 빵 포장 가격 착하다 평범하다 빵집 고로케 집들이최애 감자 샐러드 고로케 찹쌀 도너츠 고로케 케챱 머스터드고로 도너츠할인꽈배기고로케 맛집꼭 재 고로케여기 감자 고르케 미치다 오시 꼭
77,79파운야드 망원본점,1883382302.0,사과 이드 배 스무디 허니 애플 배 스무디 상상 시원하다 배 부드럽다 음료수 배 스무디 사과 이드 탄산 상콤 콤 헌 싹 허니 애플 부드럽다 애플 소스 달달 콤함 생크림 빵 조화 내부 솔직하다 내부 분위기 크리스마스근처 글리 베이커리 옆쪽 덥다 요 부가 아기자기 이쁘다 사진 이쁘다 장소 요 한가하다 사진 외관 색 쨍 기대 내부 스타일 강 추하다 빈티 분 빵 기분음료별로 시원하다조용하다 아몬드 비엔나빵집 디저트 항상 고민 스콘 베이커리 류 중 겉바 촉 스콘 덕 스콘 페이스트리 겹겹이 스콘 겉 속 모두 보드랍다 스콘 등등 이의 노하우 질감 천차만별 다양하다 즐거움 여기 선택 크림 스콘 크리미 촉촉하다 느낌 동시 덕 느낌 강하다 아메 리인테리어 어어 무 이쁘다 예술 닷 도 바샥바샥 조각 은 아쉽다 재 의사야드 분위기 완전 굿굿굿야드 아늑하다 아기자기하다 느낌 작년 근처 꼭 적 인테리어 감성 언니 항상 사진 소품 자체 여기 사진 가득 용 이번 티라미스 은 필수 듯느낌민트 컨셉 사랑스럽다귀엽다 시즌 산타 꼭 가세맛집 인테리어 사진 자주 오늘 앞 자주세월 흔적 민트 색 외관 정겨운 다양하다 외부 작다 마당 공간 내부 공간 아기자기하다 감성음 대구 그냥 직원 가게 대구 용 오미자 음료 좀 쎄다 무난 담 구딸기 초코 라떼 귀엽다가게 크리스마스 분위기 제대로 음료 말차 라떼 딸기 라떼 신나다플레인 구매 겉 바삭 달 자체 단맛 겉 시럽 살짝 기 단맛 빵 고소하다 강하다 크기 작다 매장 내부 좁다 푸릇푸릇 한잔 가기 용인테리어시즌 비싸다화장실 내부바닐라 크롤 체고 최고 아메리카노 진하다타투 근처 망리 처음 밖 분위기 자마자 분위기 도 재 의사유명하다 친구 메론 크림 다가 리모 귀엽다 과 친구 피치 크림 다르다 켯 메론 피치 달달 메론 다도 메론 강하다초아메리카노 조금 진하다 디저트 먹기가게 색 역시 입구 가정 집의 정원 내부 역시 마음 아늑하다 분위기 덥다 음료 디저트 역시인테리어 디저트 가격 좀첫 정리 음료 다시 다시 순삭 더티 초코 사실 로투스 직원 분위 기 아기자기하다 소품 인테리어 이쁘다 다시 꼭 려고바삭 쫀득쫀득 쫜득쫜득해 메론 다도 오리가 귀엽다 눈 부분 빨대 재미 느끼하다 차도 상쾌하다 시원하다분위기시즌 프룻 와플 세상 달달 맛남 복숭아 장난 증말 허니 애플 손 먹기 사이즈 역시 야드 맛집 다르다 당 충전 제대로 맛집구슬 아이스크림 플로 유명하다 대서 얼음 막 분홍색 스크류바 갈색 초코 식감 새롭다 바닐라 민트 초코 아이스크림매장 넓다 직하다 거리 두기 아이 귀엽다 디저트분위기밥 소품 민트 색 발견 외관 티파니 코같다 외관 무척 이쁘다 유명하다 과 귀엽다 오리가 메론 피치 크림 다르다 먹엇습 무척 이쁘다버터 달달 함 따뜻하다 편하다만 만난 친구 공간 넓다 눈 인테리어딱딱하다본가 해당 체인 처음 접 그때 기억 본점 분위기 예술 욤 음료 디저트 다음 탱탱 볼 재밥 간단하다 바깥 디저트 링 아메리카노 세트 가성 비갑와이프 꼭 달 메론 크림 다도 이쁘다 포테이토 샌드위치 인테리어 이쁘다굿식감 고소하다 부드럽다 달콤하다오늘 빵 다해 크류 탱크 볼 크류 탱탱 볼 음료 둘 맛집 더니 완전 인정 분위기 다음디저트 장내 분위기 조용하다오전 오후 환기 필요하다 아침 밤 자주 업무 책 한산 느낌 은 가성 비 은 요즘 즉시 기분 번창아기자기하다 인테리어 눈길 끌 생각 넓다 직하다 실내 희다 계열 인테리어 이쁘다굿굳다부채 영 분위기 가성 비도 디저트 다양하다 가격 영 초코 가격 저렴하다 걱정 가격 사이즈 초코 다음크림 위 캐릭터 귀엽다 자몽 허니 블랙 티 강추 저희 스타 도 팔로우동화 속 온 체인점 야드 사진 더더 깔끔하다 디저트 말 뭐 존예 달콤하다맛집 야드 오리 모양 피치 이드 귀엽다 다해 멋지다 외관 내부 감각 케이크 모두 요 맛집 완전 인정 직원 너 무 재여직원 기분 도 기회크류 탱탱 볼 아이스크림 새 독특하다 비주 얼 당 충전 확실하다 아메리카노사과 이드 아메리카노 밀크 다음 다른 도 시도 예정 재 예정덥다 날씨 시원하다 브랜드 컬러 입장 인트 시눤 에어컨 바람 기분 단체 손님 계시 배려 아아 크림 은 달달 조합 미치다 사진 기분매장 사진가끔 스콘 와플 종류 다양하다 선택 넓다 매장 넓다 쾌적 색깔 사진 날 운치 기분빵파운드 야드 하늘하늘하다 유럽 느낌 가득하다 티크 분위기 디저트 최고 디저트 종류 케이크 만족스럽다 분위기 디저트짱짱 가게 케이크 종류 디카 페인 가게 사진 찍기인테리어 인테리어 땜 음료 빵 인테리어 눈 호강 미각 호강 다음 번 호강그냥 허겁지겁 사진 개맛 꼭 다시 얏 인테리어 이쁘다 캐릭터 귀엽다 시즌 이쁘다 가성 비도 음 그냥 전체 단점 림모처럼 민트 색 외관 까페 발견 날 덥다 그냥 시원하다 까페 콜드 브루 잔 아기자기하다 인테리어 때문 눈 호강 요가격 조금 비싸다 만빵 청소케이크 음료 모두 얼그레이 케이크 얼그레이 진하다 탱탱 볼 밀크 부드럽다 평일 오후 날 편하다일단 인테리어 미치다 음료 미치다 귀엽다 도 배부르다바닐라 라떼 부드럽다 말차 라떼 진하다 무엇 치즈케이크 덕 쫄깃 해 나무 레 치즈케이크 중 베스트 밑 빵 부드럽다 쿠키 부드럽다 카스테라 케이크 빵 존맛 강 추하다 인테리어 이쁘다밀크 항상 강추 인테리어 굳다 굳다맛집 처음 월넛 캐슈넛 완전 취향 저격 전체 전체 포토 존 직원 기분인테리어 이쁘다 맛집 그렇다 어어 무 가게 색상 민트 초코우유 달달 인테리어 이쁘다 그렇다 사진 맛집테라스 마당 시원하다 개방 감 분 강추 가깝다 로투스 오늘 선택 성공하다 새끼 칭찬 겉 민트 색 팬 시한 이미지 약간 촌 매번 거르 데 밖 자주 오해해 미안아마 제일 이쁘다 독특하다 중 일 듯 민트 색 인테리어 곳곳 포토 존 음료 뿐 디저트 종류 오후 진열 디저트 모두 솔드아웃 역시 핫 답 욤인스타 왜 유명하다 민트 색 색감 이쁘다 가게 자체 분위기 존맛 여기 본점 요 꼭 한번일가 맛집 크기 커서 테이블 거리 대화 편하다 분위기 에어컨 시원말 모말 모 쫜득쫄깃 원래 당연하다 새롭다 생크림 트앵 은 생크림 완벽 입 착 감기 디저트 맛집 매장 분위기 사진 재 의사대표 맛집 맛집 인정이 햇살 테라스 창가 쪽 바람 솔솔 행온 기분 망리 가면 핫 로투스 꼭 존버터 부드럽다 고소하다 민트 취향 인테리어 생각 넓다 시원하다 느낌 분위기 새 인형 귀엽다인테리어 독특하다 눈 다양하다 오리 캐릭터 메인 귀엽다 아포가토 아몬드 바닐라 라떼 둘 고소하다 담 욥존맛 탱크 여기 처음 보고 자주 가요 케잌 음료 요 인테리어 민트 초록 인스타 임 자주 가요 조만간 용밀크 친구 감탄 깔끔하다 분위기 용 다음세트 할인 적용 종종 이용 인테리어 테라스음료 나왓는데 플레이 팅티 귀엽다 기분 요새 의자 자리 불편하다 자리 넓다 의자 테이블 편안하다 직원 미소 해주시 기분야드 다크 아메리카노 사진 찍기 디저트여전하다 야드 핫 무엇 포토 존 맛집 유명하다 때문 사진 무조건 야하다 고요 더티 초코 딸기 온분위기 음료 도 왜 맛집 유명하다 야외 테라스 다음 번 날 날 야외 테라스 사진 재 의사 완전도 인테리어 소품 다양하다 눈 입 즐겁다 핫 답친구 항상 오늘 케익 아쉽다 분위기보 화면 음료 위 토핑 캐릭터 이쁘다 여 다른 에쁜 카폐 날때 연인 가족완전 맛집 망리 알록달록 디저트유럽 인테리어 분위기 케이크 종류 일단 콜드 브루 산미 쵝오소통 꽝 왕 실망 잡채 케익 간다 두 번 말 갑자기 당일 안되다 함 초 킬 왜 거임 말 안함 아수라 백작 운영 방법 생각 본사 방침 그렇다 왜 미리 이해도 왜 그렇다 방침 번창다양하다 빵 종류 다양하다 재미있다 음료 쫄깃 기억아늑하다 아기자기하다 소품 부터 기분 이렇다 소품 구 정도 이나 음료 말 뭐 완벽인테리어 홀린 듯 음료수 브라우니 가격 합리케이크 종류 브라우니 케이크 종류 다양하다 종류 별로 보고 용 맛집 가장 유명하다 중 초코 크런키 달달 초코 크런키 크림 조합 아주 칭찬맛집 트라이앵글 신기하다 크림 더티 초코 도 완전 스탈 민트 초코 우유 사진 맛집 데이트 코스
78,까페 빈틈 M,1776090270.0,안쪽 빈틈 추억 만화방 컨셉 아늑하다 분위기 편하다 만화가 책장 득 빈틈 비건 음료 다양하다 장점 현미 와플 과일 듬뿍 디저트 양 넉넉하다 식사 대용 완전 가능 키위 쥬스 생 과일 그대로빈틈 빈틈 골목길 사이 보물 어머 이렇다 공간 만화책 공간 넓다 편하다 행복하다 공간 힐링 공간 음료 도 어요 최고어마어마하다 처 와플 직접 그렇다 비건 위 준비 편하다 엄청나다 만화책 화장실내부 듯 편안하다 옛날 만화책 덤 볼 즐겁다 달달 음료 일 집중 안락하다 의자 훈훈하다 분위기 마음라떼 부드럽다 인테리어 아늑하다 만화책 만화 느낌 노래 곡 느낌 분위기 자주 생각망원역 근처 아지트 맛집 무료 만화아지트 만화책 빼곡 옛날 만화방 생각 이나 향수 요 멋지다 사진 실제 실 타래 빙수커페 빈틈 비 날 그렇다 분위기 만화 가득하다 야기 어른 공간 저희 한적하다 바깥 풍경 와플 크흐 생각 아늑하다 아지트 느낌빈틈 사이 위치 빈틈 만화카페 와플 품절 메론 빙수 아아 세상 탄지 만화 덕분 즐겁다 나중 또또 용건너 월드컵 초입 골목 아지트 디저트 만화책 리뷰다양하다 만화책 음료 무난 무난 만화책 장르 다양하다 자주 이용망원역 빈틈 디저트 음료 만화책 책 볼 주말 완전 힐링 만화책 와플 책 순삭 와플 음료 만화책 끝 정 주행 끝 볼때 요 재밌다 아쉽다 정도망리 이렇다 보석 있다뇨 처 와플 꼭말리 구경 덥다 실 타래 빙수 존맛 메론 메로나 고급 버전 강아지 헥헥 거리 강아지 전용 물 워 방도 책상 쾌적하다 넓다 강아지 만 화책 우리 앞 이사만화카페 낫다 보물 만화책 편안하다 좌석 의자 일반 테이블 석 단체 석 신발 다락 소파 석 다양하다 비건 초코 빙수 존맛 혼자 대단하다 멋지다 만화책 실컷 만화카페 이만배월드컵 장안 맛집 자주 왜 이렇다 지금 빙수 음료 빙수 얼음 즉석 즉결 해 만화책 종류 별로 무료 만화책 볼 여기 만화방 자리 편하다 소파 만화책 요 애견 동반 가능하다월드컵 속 빈틈 빈틈 공간 정성 개발 음식 비건 빙수 말 비건 생각 듀 정도 진하다 초코 완전하다 비건 제품 만들기 위해 초콜릿 직접 현미 와플 쫀득 색다르다 와플 다른 보고만화책 종류 와플 일반 추가 금 만화책 무료 볼 덥다 날 실내 데이트 장소 강 추하다리뷰 칭찬 일색 궁금하다 매너 중년 남성 시구 인테리어 수많다 만화책 빙수 음료 자몽주스 석양 쩌구 음료 놀란 처음 부모님 맘 빙수 최고 손 크기 비교 양 인공 운영 진심 분구경 아무 생각 반했어 좌석 혼자 책 만화방 저리 가라 수준 책 빙수 양도 짐 실 타래 빙수 주인 누구 가도 만족 카 페일 데이트 소로최고 야외 테라스 대규모 조용하다 완벽하다 게다가 옛날 만화방 감성 그대로 옛날 만화 최근 모든 만화 볼 요즘 만화방 기 힘들다 음료 값 제외 이용 료 볼 만화카페 놀숲 저렴하다 디저트 음료 가격특별하다 타래 빙수 만화책 등 조용하다 발견 비건 음료 멋지다 이색 까페 빗 소리 티타임알 주택가 개조 재미 애견 동반 가능하다 디저트 혜 자힐링 재만화카페 빈틈 옛날 주택 개조 아늑하다 자연 친 적 느낌 가득하다 빈틈 만화책 진 멸 칼날 진격의거인 미생 원피스 등 명작 싹 줄 만화책 잔뜩 디저트 가격 요즘 이렇다 가격 이정 퀄리티 가격 친월드컵 샛길 아담하다 조용하다 만화카페 다락방 오븟 딱이다 디저트 짐 철학 매우알바생 기억 남아입구 흡연실 조용하다여기 진심 보물 요 공간 멋있다 와플 오미자차 야외 덥다 실내 아쉽다 실내 멋지다 뭐 널찍하다 감탄 절로 햇살 작업만화방 분위기 괜찮다만화책 은근 와플 만화책 가기빈틈 만화책 이색 데이트 장소 저희 식사 후 놀 거리 분위기 디저트 맛집 망리 만화 책방 까페 빈 오 오 맛집 느낌 망 리 위치 까페 빈틈 특별하다 만화책 무료 볼 대박 쥬 저희 크림 브륄와플인테리어 새 만화 환장하다 실 타래 빙수 곳곳 포토 존 강추 강추근처 주일 번은 일단 빙수 거림 도 설땡 부드러움 순삭 만화책 자리 도 과제 작업 근처 가격 찾기 어렵다 생각디저트 음료 요 책 좌석 편하다아기자기하다 동화 만화책 최신 웹툰 비건 와플 담백하다 석양 이드 좌석 만화카페 좌 공간 테이블 다양하다 편안하다 힐링 다음 혼자 만화책 보고망리 빈틈 맛집 독특하다 편안하다 인테리어 맘 빈틈 처 와플 와플 바삭 과일 아이스크 초코렛 등 토핑 석양 이드 만화방 만화책 디저트 순삭 아이 라떼 만화책 친절와플 비주 얼 최고 가성 비 와플 만화책 최 곱다하겐다즈 아이스크림 와플 정성 와플 크림 브륄레 슈페너 만화책 종류 조용하다 정 주행 가기도 만화책 반려동물 동반 가능하다 천국 이번 데이트 종종 혼자 서도 파가장 아늑하다 재밌다 포토 존 만화책 책 월드컵 초입 장 보고 잠시 디저트 엄청나다 진심 양도 하겐다즈 아이스크림 쫀맛 꼭 카공 기도 앞 자주주인 아저씨 굉장하다 위 만화책 가기 녹차 실 타래 빙수 개존맛실 타래 빙수 꼭 보기비건 음료 디저트 마련 행복하다 실 타래 빙수 오레오 녹차 둘 진하다 현미 와플 고소하다 마찬가지아지트월드컵 떡집 사이 날 조명 특별하다 까페음료 독특하다 실 타래 빙수 비건 위층 만화책 공간 공간비건 디저트 음료 현미 와플 현미 와플 한마디 누릉 느낌 크림 비건 크림 괜 춘해 곳도성지 인테리어 분위기 단순하다 만화방 아지트 느낌 음료 디저트 만화책 사방 옛날 자주 원나블 요즘 유행 칼 심지어 웹툰 만화 이유아주 독특하다분위기 아늑하다 빙수 비건이렇다 와플 디저트 끼 식사 수준 만화책 만화책 줄 실내 데이트 강추장안 이렇다 아늑하다 와플 만화 실컷 볼 미치다 심비건 거의 가능하다 현미 와플 비건 딸기 음료 모두 다음 여유 낮엄마 와플 만화방 이군실 타래 빙수 예전 오레오 이번 초코 와우 최고 음료 좌석 편하다 만화책 맘껏 볼 힐링비건 매장 은근 넓다 분위기 만화편하다와플 퀄 양도 공간 아늑하다 만화책 줄 무조건데이트분위기 잔잔하다 음료 와플 양도 여기 꼭이름 빈틈 내부 빈틈와플비건 빙수 일부러할인 딸 래미 굿힐링 마치 비밀 장소 느낌 매우만화책굿분위기 만화책만화책 적 만화책 추억 방울방울 와플 포근포근 큼지막하다 생 과일 듬뿍 주신 키위 주스 크림 브륄레 슈페너 쫀쫀 크림 깔끔하다 원두음료 다양하다 만화책 좌석 편안하다 애정비건 성지 봄 비건 와플 혼자 먹기 힘들다 정도 와플 빵 개선 필요 비건 경력 이상 베이 킹 대요 비건 충분하다 속세 와플 빵 촉감 낼 딱딱하다 좀 아쉽다 가성 강추 어떻다 비건 케잌 조각 만천원 비건 과일 와플 만천원 혜자 다만 조금 비싸다 인테리어 조금 혼란 미사리만화카페 형식 만화 조용하다 브륄레핸드 드립 고소하다 상큼 존맛 와플 꼭 양 혜자 까페 귀엽다 아기자기하다굿외관 옥 인테리어 넉 분위기 책 공부 수다 힐링 보물 디저트 비건 재료 사용 수제 직접 제조 과일 와플 제철 과일 듬뿍 큼직하다 와플 조각아지트 만화카페 재밌다 책 보고 거기 디저트 음료 와플 음료 음료 처 메뉴인 석양 이드쏙 빈틈 규모 실외 공간 정성 가득하다 실내 인테리어 멋지다 공간 편안하다 느낌 분위기 비건 빙수 와플 음료 굉장하다 만화책 다양하다 자리 아지트 멋지다 공간 편안하다 분위기 직접 바닐라 빈 깊다 차원 다른 바닐라 빈 라떼틈 사이 야외 정원 내부 꽤 넓다 만화책 만 만화 매경 처 와플 하겐다즈 아이스크림 종 달달 과일 크림 오레오 웨하스 등 재료 양 배부르다 레몬 티 주전자 정성 준비 다크 초코 라떼 적당하다 달달 조용하다 분위기 혼자 기도 부담심 이벤트 처음 신기하다 이벤트 날인 줄 감 불가 이벤트 야하다 와플 다른 아쉽다 만화책 다락방 공간 편하다 녹차 실 타래 빙수 비건 진하다 사진 음수 임 친구 수돗물 함 물임만화카페내부 감성 내부 만화책 종류밀크 티 실 타래 빙수 조만간 점심 양념 진하다 음식 빙수 깔끔하다 거의 형태 크림 브륄레 라떼 흔하다 크림 부분 매력북카페 편안함녹차 실 타래 빙수아주 짐 과일 와플 음료 특별 햐 온 빈틈 만화카페 만화책 즐겁다 조만간 아이현미 와플 양도 과일 창가 노트북다양하다 와플 요 만화 챽굿인테리어 무료 만화방 느낌 이렇다오레 타래 빙수 블루 레몬에이드 쓴맛 상분위기 쾌적하다비건 짱 아몬드 유 두유 등 섬세하다 설명 굿굿최고 다음 빙수 보고비건 생일 만족스럽다 담인테리어 멋지다 만화책 번 보고 음료 무엇 자꾸사진 못 아쉬움 아메리카노 바닐라 빈 라떼 난 빈틈 무조건 바닐라 빈 라떼행복하다 오 양 힐링굳다
79,꼬르소산도,1973168151.0,인테리어 저희 엄마최애 라떼 꼬르 소산 도의 꼬르 라떼여기 라떼 고소하다 요 몽펠리 최고꼬르 라떼 최고 라떼 맛집앤 자체 라떼 디저트 또한 훌륭하다 맞이 인테리어 멋지다라떼 진심분위기 이드 그니 라떼 무조건 진심라떼 맛집 산미 신선하다 고소하다인테리어 독특하다 멋있다 진하다 깊이 아이스 카페라떼 피곤하다 피로 싹 몽펠리 행복하다 요라떼 맛집라떼라떼 맛집 분위기 맛집 재 각애정 라떼 고소하다처 라떼 꼬소함 미치다인테리어 이쁘다 딸기 라떼라떼최애 라떼 분위기 배달 간만 까페 오니 따뜻하다 꼬르 라떼 아이스 고소하다 따뜻하다 꼬르소 라떼 간 선배 춥다 만 한잔 진심 동네 이사오메뉴판 세상 힙해 고소하다 진하다 베이커리 두 엄지 척 외 고요 인테리어 유럽 온 기분맛맀어한번 포장 딸 보라 부탁리옹 릴 몽펠리 날 만 리옹 날크림 쫀득아이스 카페라떼 진하다 고소하다 악꼬르 라떼 고소하다맛집꼬 수운 라떼 가게 작 여기 분위기 라떼 꼬숩라떼 겨울리옹몽펠리크림 쫀쫀 얼음 양 좀 줄 스푼 주시블로그 리뷰 보고 왜 맛집최애 라떼 여기분위기가게 분위기 대박조용하다 분위기 인테리어 이쁘다 티라미수 달 부드럽다 굳다코르 산도 크림라떼 맛집 타이틀 답 라떼 고소하다 화장실 외부 좀 어렵다 단점추석 날 이틀 라떼 대박 고소하다 디저트 버터 티라미수 라떼 도 친 절친 절 징분위기 짱인테리어 멋지다 릴 크림 일품배달 직접 역시친구 라떼 넘버원 단것 리옹 기분 달달 크리미 다음 좌석 구 분위기인테리어 컨셉 음악 살 가치 유맛집 꼭아름답다 음악 예스럽다 인테리어 샹들리 불빛 더욱 매력 몽펠리 잔독특하다 디저트아인 슈페 너맛집 요 분위기굳다 굳다음료 괜찮다축축하다 날 분위기 장소 재즈 어깨 듐칫듐칫 라떼 버터 토스트 습 습하다 기분 바이바이라떼 마니아 라면 꼭 힐링 라떼 늘 배달 근처 만 테이크아웃 역쉬 우유 밸러스 고소하다 진하다 브라우니 진하다 맛남 까페 분위기 마치 파리 살롱 느낌 남 가격 착하다새롭다 누가 바닐라 크림 에스프레소 조화존맛리옹 아이스커피라떼 존맛이름 어렵다 옆 설명 뭐 바로 아몬드 크림사랑 남자친구 번 마포구청역 라떼 맛집 제발 매일 라떼 거기 거기 그렇다 산책 겸 남자친구 꼬심 건 뭐 이렇다 볼 꼬르 소산 거부 자신 반성 진심 직원 공간 아늑하다 그냥 전부 사랑 꼬산우유 진하다 특별하다단골라떼 요맛집굿굿망원역 멋지다 소중하다 여기 매장 인테리어 편안하다 분위기 아늑하다 약간 쌀쌀하다 날씨 조금 발 로나 초코 브라우니 어어 무 힐링 왓어음료 디저트 조짐 맛남 뀨라떼 맛집 데카피굿인테리어 멋지다아주 동네평소 그냥 라떼 고소하다 부드럽다 가격 착하다굿인 생 떼분위기 그냥 음료보통 다르다 어쭤봤더 멕시코 산 원두 뇽 분위기라떼 고소하다라떼 여기 못 정도 중독 인테리어 고급스럽다 분위기 늘라떼 맛집굿굿두번째 꼬르 라떼 구매 처음 두번째 다음 사진 후기존맛 팔라떼 불친절하다 이름 특이하다 전화 급하다 대충 대답 뭐함꼬르 라떼 아이스 버터 도 단분위기 라떼공간 좀 작다 편이 분위기 독특하다 전문 디저트 간단하다발 로나 초코 아주 이이이 이인 득 쵸코 덕후분위기
80,카페 고잉홈,1530045389.0,쿠키 분위기 혼자 힐링토마토 바질 이드 지인 일부 굉장하다 붐 음료수 근처 간 김 상쾌하다 달달 부드 러운 탄산 느낌 왜 인기 단번 알 토요일 오후 경 아담하다 공간 자리 차 열중 계시 만 모로 기쁘다 너 분도 자리 보 덜컥 말 자연스럽다책 공간 여기 정성껏 디저트 더하다 나위 행복하다 매번 잠시 잔 따뜻하다동네 조용하다 자리 분위기 음악 평온하다 잠시 멍온 김 근처 브리 치즈 사과 잼 토스트 모 약속 때문 사진 찍 다음 공간 오래오래 약속 잡지 느긋하다 자전거 끌오늘 편안하다쿠키 요편안하다 공간 늘 커다랗다혼자 책 작다 공간 단단하다 꽉 느낌굳다고잉홈 최고 오래오래사랑스럽다 요 왜 단골 알 조용하다 포근하다 책장 가볍다 책 두유 라떼 레몬 쿠키 공간 한번 가기 아깝다완전 친절 디저트굿애정 어디 서도 책혼자 사색애플 브리 치즈 토스트 엄지 척 크림 홍차 냥 뷰 거가 붉다 벽돌 뷰 다정하다 식물 뷰 내부 따스하다 분위기 잉홈마음 안식처 고잉홈 사랑기준 완벽하다 모든 조건고잉홈 이유증우리 동네고잉홈 첫 단골 갈수 단골 친구 축하 모두 아주 포근하다 정 공간 냥 귀엽다 댕댕 손님 책 마음 식물 또한 최고 주인 장님 고요 얼그레이 크림 홍차 최애 모두 피스타치오 쿠키 에티오피아겨울 가도어제 오늘리뷰 힐링 초록 음료 간단하다 다과 이집 토마토 바질 강추 계절 한정 시시 상큼아주디져트 분위기다다다 무조건동네 자그마하다 커피숍 조용하다 차최애마음 블로그 리뷰 전부 책 조용하다 분위기 걸 볼륨 줄 감 매장 손님 사진 드립 판매 특이하다 조심 스레 봄 소리 혹시 사진 괜찮다 네 자리 지금 모습 그렇다 매장 사진음료 조용하다 책 공간 살짝 넓다고양이 쿠키영화 카 식당 연상 오프 날 늦잠 자고 잔 따뜻하다 공간디저트 분위기 오래오래늘쿠키공간 협소해 자리 별로 불편하다 조용하다 입구 쪽 자리 단골 길냥이 구경끝 자락 잔매장 주변 아늑하다 자주나쁘다이용 제한 시 메뉴판 안내 고지도 비싸다굿
81,컵스커피,1635636003.0,이쁘다 처 일 미치다 바삭 함 부드러움 미치다 조화 아이스크림 브라운 치즈 조합 멋지다 흥 면 꼭애정 다른 음료 디저트 미치다 치즈케이크 그냥 여기 실 패가 동물 친구 대리 만족도 가능 기본 실하다 인테리어 까페 운영 고민무엇 처 일품 공간 공간 느낌 분위기 모두 뿐더러 중심 거리 넉 움 금치탑 위 명예 주민 만큼 자주 장소 감히 위 이유 시작 조금 달달 류 처 환장하다 예상 가게 조도 낮다 분위기 친 절 일단 논 류 불친절하다 때문 말모 줄 평 아무투어 사진 공간 디저트 힐링 보통 까페 미리 정해 편 배부르다 밥 우드 인테리어 눈 처 뉴 보고 배부르다 아아 디저트 서운하다 애플 럼블 아이스크림 추가 무적 추가인테리어 괜찮다꼭 디저트 애정 자부심 쿠키 아쉽다 얼음 물이야기 물 시원하다 물 자리 시원하다 분위기 날그니 아이스 초코 기본 애플 시나몬 디저트 다음처 꼭 크림 쬰맛 바닥 에스프레소 쬰맛굿오기 가깝다 자주 이유 컵스 매일 잔 마심 늘 매장 노래 좌석 편하다 끊임없다 어떻다 결점 빠르다 또한 특별하다 기분 인스타 진심 초반 요거트 음료 새 젠 눈 얼마나 요분위기 조용하다 대화 이름 뭐 기억 안나 블루베리 라떼아늑하다 분위기 밤 무드있는애정 컵스 은 극락 적극최애 티어 따뜻하다 공간굿뭐 말 모말 모 말 뭐 여기 컵스 그니 애인 애인 감탄 전 미니 나무 테이블 마르다 꽃 젠 그냥 뭐 상관없다 전 노 오븐 뭐 그거 역시 그니 컵스 용 여기 커피한잔 꼭 드럼블 분위기따뜻하다 분위기 무엇굿사진 처 친구 얘기 혼자 책 괜찮다 분위기 몇 번 처 도편안하다 분위기 무엇컵스 못 분 블루베리 스트로베리 베이스 교체 가능하다 덕 확실하다 독특하다 산미 우리나라 흔하다 마냥 막 강하다 기만 건분위기따뜻하다 분위기 디저트 아주 훌륭하다가나 테잌 아웃 해 가나 나름 단골 용매장 깔끔하다 음료아메리카노굿인테리어 원목 느낌 가득하다드립커피깔끔하다 인테리어 등 의자 덕분 카페인 충전 가기 충분하다 공간 나무 자라 정도 의자 딱딱하다 작다 방석 만족하다 디저트 나무 쟁반 위 신경 음식 인상 것반 충분하다바치 케 컵스 노 임 텤 아웃 바치 케 사진 홀린 듯이 단면 덕 촉촉 달달 담 최고 컵스 노 임 새 매장 아늑하다 시원하다눈 데 생각 외로 소담 분위기 공간 하루 마무리 식기 예 뻤어 번창음료 분위기테이크아웃 할인 공간 맛집처담소 나누기반려견 발도장 인증 망리 반려견 동반 가능하다 공간 수집 반려견 마음 편하다 잔 망리 바닥 의자 착석 가능하다 강아지 젠 인테리어 마음 쏙 아메리카노 깊다 하네스 리드 줄 착용 옆 좌석 거리 유지 방해 주의파스타 정도 인테리어 아늑하다 정갈하다 밥 간단하다 잔 디저트 여러 디저트 바치 케 등 크림 라떼 류 유명하다 실제 계시 아메리카노 원두 무난덕분 오늘 주년 축하 가장 늘 번창굿무엇 디저트 라떼 시크 처 징 촉촉하다 진하다 바스크 치케 상사 람다 고급스럽다 하겐다즈 바닐라 브라운 치즈 은말모 증말 꼭분위기 음료 디저트 심지어 음악 부자 알 그렇다 적당하다 유명하다 처 컵스 짱그니 케잌 꼭 매우 분위기 편안하다 완벽하다 동네 커피숍 강추굿따뜻하다 느낌 온 김 처 음료 다음 꼭 친구 데리 음료분위기처음 핫 레이스 크리스마스 분위기 물씬 따뜻하다 조용하다 기대무엇 크림 분 컵스 꼭음악 분위기 무엇 재 의사다크 여기 차분하다 따뜻하다 무드 자주분위기 디저트 너 무분위기 음식 이쁘다늘 치즈 케익 꼭 덕 부드럽다조용하다새롭다 디저트음악 분위기 최고음료 디저트따뜻하다 편안하다 분위기 무엇초 코케 이쿠 쫀득 쫀쫀 아이스크림 분위기초코 케이크 쫀득 분위기 편안하다조명 분위기 아보 역시 노래 조용하다 분위기 짱 디저트커피집 자주 아이스크 궁합 말 뭐분위기 디저트 음료라떼여기음료 다만 자리 창가 쪽 자리 테이블 좁다 느낌 살짝 불편하다 그거 분위기 재 의사나용망리 위치 컵스 따뜻하다 공간 에이 은 무조건 야하다 순위 무엇 노래 선곡 미치다 누구 손님 집중 계시 보 컵스 강추 용음료 분위기야하다 이유 뭐 고 단연 코 컵스 컵스 라떼 최고 생각 고소하다 음악 늘 귓가 맴 공간 배려 기분 공간 알 위로 행복 은 여기 만 최고날 항상 항상 컵스 한번 분위기 특 저녁 짱짱 스타일 남자친구 편하다아담하다 조용하다 통 유리창 채광 함 주민 종종 만듭 과 부족하다 언제 맘 편하다 더욱 집중 강력음료아메리카노 라떼 여자친구 덥다 땀 난 상태 선풍기 매우 재작년 늦봄 처음 오늘 변하다 따뜻하다 편안하다 느낌 어떻다 친구 만날 늘 즐겁다 이야기 도장 번창 우리 자리 계속우리 공간 빠르다 속 잠깐 동안 여유 우리 비밀 아지트 밤 더욱 무드 진해 편안하다 공간처음 료 시원하다 바삭 아이스크림 젤라또 스럽다플레이 팅 깔끔하다 쿠키짜증나다 아늑하다 따뜻하다 분위기 까페 구 라벤더 차도 이름 기억 안나 달콤하다대접 느낌 디저트 섬세하다 재료 쓰시 듯 가구 채광 조도 음악 울림 자체 점점 가야 함분위기 최애 공간 편안하다 매일 디저트 류 라떼 다른 디카 페인 카페인 부담스럽다 날 가기무조건 한결같다 기분오늘 편하다항상 시 컵스분위기분위기 차분하다 라떼 디저트 존맛제일 따뜻하다 공간 참말 세심 계시 완벽하다디저트 분위기 노래 노래내부 이쁘다컵스친구 컵스 꼭 컵스 브라운 치즈 추가 은 진심 특산 품 조선시대 임금님 매 매일 진상 해 아마 임금님 밥 만 큰일 모름 별로 그것 아메리카노 모금 판 성격 약간 완벽주의자 그냥 달라 해도약속 무조건 뿐 티 디저트 종류 모두컵스 분위기 음악 디저트 모두 라떼 꼭여기 피스타치오 쿠키 존맛 강추 까다롭다 구 편 항상 만족하다 잉제일 강추 왕 강추임 컵스 라떼 제일 처 먹기항상 만들기 위해 노력 데브라운 치즈 꼭 추가 번
82,도래노트,1373662518.0,플랫 화이트 츄러스 푸딩 필터 에티오피아 디저트 나중 얼음 잔 주시 세심 츄러스 소스 다른 달라 특이하다 푸딩 초코 시트 홍차 색다르다 다음츄러스 생각 푸딩 방향 사실 인스타 감성 좀 경계 모든 직원 옛날 직접 서빙 틈틈이 테이블 푸딩 생각 좀 단단하다 식 쌉싸름하다 단 음료 부담만 공간 발견 츄러스 서비스 핫초코 뭐시기 이름 매장 음악 공간 굿굿 갈래라떼 진하다 살짝 츄러스 맛있엇습 라떼 츄러스 꼭전 물 한잔 주시 섬세하다 공간 따뜻하다 얼음 푸딩 생각 추러스 수준 좌석 넓다 테이블 넓다알 반려견 인테리어 멋지다 전면 통창 햇빛 바 자리 특별하다 무엇 반려견 동반 직원 모두 밤 보고 저녁 아쉽다아침 오픈 자주 이용 드립 아침 할인 해 추러스 얘 서비스 영접 여 갓 근본 추러스 담 무조건 듯푸딩 카라멜 푸딩 티 크림 푸딩 덥다 래서 향기 진하다 조금 씁쓸하다 강하다 습 간 날 츄러스 아쉽다츄러스 완전 바삭 소스스페셜 티 당연하다 말 디저트 씬스틸러 수준 어어 무 공간 근사하다 직원츄러스 지존 염 빠삭빠삭 가격 대도 적당하다 바닐라 빈 라떼 설명 민트 조금 그렇다 느끼하다 깔끔하다 단맛 직원물 리필 계속 츄러스 주심정성스럽다 츄 로스여기 츄러스 크림 흰색 뭐 화이트 초콜릿 리코 크림 치즈 크림 덥다 분위기 에어컨 시원하다원두 구매 완료흔하다 푸딩 스페셜 티 이전 시 동시 츄러스 일품차분하다 분위기 츄러스 츄러스 드립츄러스 직원 모두 순간 기분 데리 물 자주괜찮다 추러스 기름 때문 기대 독창심플 디자인 공간 편하다 무엇 스페셜 티 외 논 차 음료 도 궁금하다 모두 평소 관심 분 꼭 보시푸딩 푸딩 다시 공간 넓다츄러스늘 항상매장 미니 멀다 깔끔하다 앞 자주 에어컨 바람 차지 노래 대화 거나 책 집중 무엇 진심 설명 티 깔끔하다 츄러스 꼭 응대 번창츄러스 스페인 츄러스 여드립커피 아주인테리어 깔끔하다 깨끗하다 계속 물 원하다항상깔끔하다 욧텅 빈 갤러리분위기오직 그라인더 원목 대리석 친절 원두 하이엔드 당장간판 항상 볼 궁금하다 오늘 처음 분위기 츄러스 반죽 준비 못 나중 서비스 왜 손님 알 일어나서 처음 음식 입 컷 해 나중드립커피 메인 판매 전 원두 종류 대해 간략하다 설명 원두 선택 매장 깨끗하다 화장실 내부 편리하다 통창 시야 답답하다 따뜻하다 분위기 조용하다 책주택가 위치 간판 민가 차내 온 딸 취향 전혀 다른 입맛 중간 그렇다 만족하다 츄러스 소진 안타깝다 판매 어렵다 크기 라며 서비스 푸딩 설명유명하다 채광 세이 응대 매장 청결 모두 만점배려훈훈하다요 츄 로스 요 보리 루 알츄러스디저트 모두 정적 도래 노트 희다 공간 속 인 나무 테이블 공간 미니 멀다 스럽다 정적 분위기 마 음 음악 스타일 공간 조용하다 작업 최적 공간 도래 노트 오픈 카 페 아침 할인 훌륭하다 만족스럽다 라떼 시럽 미묘하다매장 깔끔하다 직원 분 무척 섬세하다 개성입부드럽다 무엇 츄러스 미치다 그냥 시중 츄러스 반죽 설명 미치다 향기 분위기 가깝다 매일늘드립커피 산미 강하다세이산미 강하다 츄러스 맨손 야하다 포크 직원 매장 음악 아쉽다보리 궁금하다 스테비 달달츄 로스 인테리어디저트츄러스라떼 맛집굿동네맛집 분위기사랑
83,레이지독 케이크,1342730817.0,엄마 사진 생신 케이크 화사하다 꽃 그림 요청 완전 마음 엄마 활짝 시더 고요 가장 인기 초콜렛 무스 선택 초콜렛 칩 가득 고디바 초콜렛 케이크 완전 고급스럽다 달 무스 케이 중독 강하다 한쪽 가족 모 완전 찰떡 디자인 최고 최고 배인스타 케이크 보고 반하다 아이 맘 쏙 생일 축하 아주 제대로 치즈케이크 부탁드리다 무스 케이크 부드럽다 블루베리 아이남자친구 생일 레이 지독 케이크 일단 원하다 시안 그대로 제작 이상 그림 똑같다 건 케이크 초코 덕 초코 다음 무조건 레이 지독 케이크 주 문 상담새벽 네이버 로만 예약 예약 카톡 친전 답변 케이크 귀엽다 조금 멀리 바로 춥다 핫팩케이크 완전 귀엽죵 선물 용 기분미리 크리스마스 케이크 색상 문구 규 무엇 초코 시트 초콜렛 톡톡 와인두번째 케이크 사실 작다 사이즈 준비 기분 아빠 케이크 다른 디저트 기회생신 케이크 제작 이쁘다 뿐더러 만족하다케이크 귀엽다 저번 다른 디자인 댜엄마 아빠 결혼기념일 당일 제작 케이크 제작 케이크 진용 맛없다 생각 케이크 귀엽다 가족 만족하다마감 전 당일 급하다 연락 안내 덕분 이쁘다 케이크 친구 생일 축하 사항 제대로 구현 가격 합리 케이크 만족스럽다 다음 넉넉하다 기간 잡고 이용이동 맞춤 제작 케이크 중 가장 친구 마음 급하다 필요하다 픽업 초코 덕 앞 계속 여기 픽업 당일 조금 죄송하다요청 대로 상담 앞 디자인 케이크 여기케이크 제작 번 여기 마음 쏙 처음 상담 진행 포토 존 픽업 자마자 사진 케이크 다음모두 만족하다 케이크 처음 레터 링 케이크 무스 신기하다 입 깜짝 제일 인기 초코 부드럽다 초코 칩 잔뜩 부모님 결혼기념일친구 자마자 해리포터 케이크 바로 케이크 당일 매장 귀엽다 초 선택 폭 넓다지난번 처음 이용 개인 만족 이번 고민 재 형식 일방 상담 경력 상담 덕분 콩떡 설명 찰떡 결과물 기쁘다 이번 골프 입문 골린 친 구도 만족스럽다 인증샷 세상 보고 준비 생각 다음 특별하다 기념일처음 하루 전날 급하다 담날 사진 실물 걱정 만족 스럽다 전 얼그레이 또한 겉 푸딩 글 속 아주 촉촉하다 티라미수 촉촉하다 케잌케이크 크림 사진도시락 케이크 초코대박 진심 원하다 디자인 색감 완벽하다 감동 선물 선물 아깝다 정도 가게 옥상 포토 존 잡채 다음 축하 일케이크 대로 기념일 케이크 아주급하다 만족스럽다레이 지독 케이크 두번째 한번 케이크 친구 재 케이크 특별하다 재 요청 대로 케이크 영조카 위해 동생 부부 선물 기분케이크 감동 상담 꼼꼼하다 원하다 디자인 전 케이 사실 별로 초코 강추 인위 고급 진 질리 계속 중 아빠 생신 케이크이번 돌 조카 선물 위해 케이크 맛집 레이 지독 케이크 무려 달 전 일대 케이크 를 샅샅이 인스타 검색 후 카카오 톡 레이 지독 친구 추가 후 문서 완성 케이크 가게 중 사실 레이 지독 케이크 최고 일단 다르다 레터 링 문구 서비스 무료 보장친구 당일 예약 가능하다 편하다 케이크 맛듀 이썽타 케이크 온라인 배송 업체 날짜 잘못 선택 걸 전날 걱정 당일 날 바로 레터 링 케이크 퀄리티 사 진보 실제 이쁘다 간혹 가족 애인 케이크 기념 신분 미니 충분하다 분 사이즈 사시 추후 이용 생각기념일 특별하다 주기도 특별하다 케이크 일상 특별하다 생각 상담 덕 분 선택 장애 도움 덕분 상상 결과물 만족도 높다 케이크 마주 덕분 지인 아주 만족스럽다 다음 기약 다음 특별하다 날 감디자인 케익 정성 다음 이용이쁘다 사진친구 임신 케이크 제작 매장 입구 찾기 편하다 루프 탑 포토 존 인테리어 사진 케이크 친구요청 사항 케이크 귀엽다 얼그레이 조금 다음 치즈폰트 회사 폰트 그대로 부탁드리다 스타일 날 선물 담 기념 일 음친구 주년 기념 케이크 제작 선물 일단 요청 디자인 이쁘다 꼼꼼하다 대만 족 거기 미치다 친구 초코 덕후 지금 초코 케이크 중 최고 요 덕 고급 진 초코 앞 기념일 여기 만 케이크 장사기엽 다만 케이크 야하다 지지 조금 약하다 쪽 레터 링 케이크 여기 예정올해 고생 자축 파티 겸 케이크 근처 케이크 제작 레이 지독 케이크 상담 감탄 심지어 초코 시트 무스 취향 저격 기념일 케이크케이크 티라미슈강 아이스팩 괜찮다 파티 룸 도착 어보 살짝 상태 괜찮다 다행 파티 후 케이크 레이어 드 케이크 친구 가족 생일 기념일 자주 샅 요케이크 귀엽다 강추케이크 이상 케이크하루 전 케이크 픽업 얼그레이 케이크 촉촉하다 부드럽다 식 반면 좀 과 느낌 아쉽다 단 편 도 진심 마음 단 조금 조정 충분하다요청 사항 신속하다 덕분 추억저희 선생님 사항 그대로 이용레이 지독 케이크 아빠 환갑 케이크 디자인 마음 심지어 시트 모양 만족스럽다 고 대박 시트 다른 케이크 다르다 레터 링 생크림 초콜릿 다른 다른 제작 레터 링 케이크 원하다 레이 지독 강 추하다 덕분 아빠 환갑잔치 성공케이크 먹기 아깝다 도안 그대로 이쁘다 기념일 초코 고급 진 달달 구리 초코 초코 레터 링 케이크 강 추강 추세상 귀엽다 디테 일해 강아지 털 수원 절대 묵직하다 재료 듬뿍 심지어 엄마 맘 기쁘다글씨체 이쁘다 픽업 좀 양해버터크림 생크림 데코 케이크 무스 케이크 초콜릿 데코 레터 링 케이크 완전 금손 이세 선 딱좋다 생크림 버터크림 별로 분 이면 케이크 초코 치즈 얼그레이 고 른 건 초코 가격 상세 점도 매우 다른 보통 작성 얼마귀엽다 마음 다음 기념일 의향전날 정성 부모님 결혼기념일 만족하다 다만 레이 지독 케이크 빵 시트 거의 크림 좀 느끼하다 레터 링 케이크 크림 건 처음 비주 비주 얼 중요하다 생각 취향 차이 일수 좀 빵 시트 양 재 생각당일 메리트 사실 케이크 조금 작다 느낌 케이크 얼그레이가성 비 레터 링 케이크 제작 판매 지난번 케이크 레터 링 케이크 다른 디자인 주변 지인 애인 선물 용 쵝옹당일 급하다 이쁘다 불 필요하다 라이터 그냥 흥특별하다 날 감동 선물사실 친구 하루 전 뚝딱 신청 대신 배경 색 정해 주심그냥 제작 이용 수도 직접 그린 캐릭터 사진 요청 느낌 아주 만족지금껏 온 제작 케이크 중 제일 얼그레이 케이크 견과류 극락 부모님 기쁘다 원하다 사항 케이크 맛집 유귀엽다 발렌타인데이 케이크 발렌타인데이 기념 캐릭터 케이크 레이 지독 케이크 보고 여기 바로 귀엽다 케이크 레터 링 만족 만족 기분 파티글씨체 깔끔하다 이쁘다 케익 짱당일 가능하다덕분 케이크덕분 행복하다 기념일케이크 깔끔하다 레터 링완성 후 사진 확인 치즈케이크 이벤트 용 케잌제작 케이크 맛집 레터 링 케이크 전문점어버이날 맞이 레터 링 케이크 선물 귀엽다 조카부모님 결혼기념일 축하 엄마 신기하다 보고 세상 이렇다 얘기 완전 뿌듯 꼼꼼하다 상담 표현당일 픽업 가능하다 도시락 케이크 담 케이크 고맙다케이크 픽업 당일 몇 전 제작 완료 확인 문자 사진 정성 무엇 케이크 평소 정도 요 제작 케이크 경험 몇 번 기억 여기 처음 경험하트 고민 심플 선택 욥 생각 광명 꽤 멀다 만요 완성 걸 생각 듭원하다 케이크 다음 번 레터 링 케이크 일 야기아빠 생신 선물 케이크 아빠 손 하트 번 보통 케이크 기대 레이 지독 케이 명 이서 치즈 길이 살짝 헷갈리다 다른 어려움케익 이쁘다 깜짝 특별하다 날 이용케이크 검색 덕분 도시락 케이크 알 날씨 춥다 실외 테라스 이용 여름 꼭 크리스마스 맞이 제작 케이크 미리 원하다 디자인 뿌듯하다당일 제작 케이크 급하다 마음 퀄리티 기분당일 요청 사항 그대로 귀엽다 얼그레이 시트 저서 완 존맛 다음 레터 링 케이크 여기 예정요즘 감사패 케이크 디자인 보 부모님 생신 기념 케이크 디자인 도안 꼼꼼하다 의뢰 생각 그대로 만족스럽다 부모님 만족하다 다음 재상담 컨설팅 세심 실제 사진 요청 당황 포인트 특별하다 날 계속 얼그레이 케익 강 추하다 젤 미니 케익 종종 이용 실제 보 매우 잘생기다크리스마스 도시락 케익 케이크 주변 퍼뜨리고싶 그렇다 가게 꼭 유명하다 가게 분위기 괜찮다특별하다 케잌의자 귀엽다 아기자기하다 도시락 케이크 만족 언니 완성 작 귀엽다 대요 흥캬캬캬 이쁘다엄마 생신 제작 급하다 디자인 이쁘다이쁘다 여자친구 위해 케이크 준비 주변 레이 지독 한번 이쁘다 다음일정 타이 트 불구 이쁘다 제작 친구 대요 빵 시트 매우 촉촉하다 레터 링 중 제일케이크 픽업 급하다 터 살짝 걱정 기분 내기 사이즈 디자인레터 링 케이크 말씀 귀엽다 완전 맘 이쁘다 케이크 생일 축하 담 주 문여자친구 기념일 축하 구매 상담야무지다상담 픽업 몇 전 확인 차 연락 편하다 케이크 사진 찍 수도 초 포크 주 그림 좀 걱정 포인트 최고 몸 표현 얼굴 해 달 몸 만족스럽다 그림 레터 링 케이크 반 학생 준 그림다우 연하다 디저트 초코 케잌 치츠 케잌 달 입맛 테라스 여 간김 케익 왓케이크 귀엽다 당일 화이트데이 기념 꽃 송이 감동도시락 케이크 귀엽다 기념일 행복 배귀염 뽀짝 이쁘다 치즈 케이 담 특별하다 날대박 초코 라떼 제작 케이크 이쁘다 꼭 특별하다 날 이용 이쁘다 디자인케이크 생각 품질 퀄 응대 재제작 케이크 디자인 원하다 느낌 젊다 그른 번창발렌타인데이 케이크 미리 다음 번 발렌타인 미니 케이크 픽업 여기 케이크 요 치즈 강추케이크 이쁘다 만족하다 다음치즈케이크레터 링 케이크 디자인 요청 제작 여기 치즈 케이크 요 미니 케이크 구매 팔 주심 요 알 케이크 젠 점점 유명하다 나중 지금 애용 중전날 급하다 예약 가능하다덕분 기념일 한층 특별하다굿아주 용
84,픽셀,1757347465.0,저번 예약 예약 케이크 귀엽다 행복하다 초도 선물 주시 감동 당일 예약 다음 번창친구 생일 케이크 축하 친구 대요 디테 일도 귀엽다 케이크 부담스럽다 특 별 분 분위기 귀엽다 특별하다이쁘다 친구 계속 느낌 효과 완전 금손 강아지 계속 낼름낼름 골드 키위 생크림 상콤 달달 생크림 달 골드 키위 그렇다 부모님 부모님 생신 케이크 여기아기자기 캐릭터 귀엽다 디테일 신경 만족하다 남자친구 선물 뿌듯하다 시안 이쁘다 가능하다 최고 요기 케이크 후회글씨 달라 요청 가격 친구 노래 가사 잔뜩 뿌듯하다 다음 다다 음 여기 마음 글씨 퀄리티 걱정 정도 깔끔하다 완벽하다 만족스럽다 모두귀엽다 남자친구 애용 이모티콘 이미지 요청 앙증맞다 반영 문의 제작 일 생기 픽셀픽셀 케이크 금손 가요 마음 만족 기념일 둘 행복하다 다음 친구 생일 케이크 여기 완전 강 추하다이쁘다 그림 똥망 원하다 도안 그대로 만족하다 심지어 가격 다른 저렴하다 퀄리티 최상 날 이용땡 축하 남편 어떻다 귀엽다 감탄 일본어 담 시안 귀엽다원하다 느낌 제작 완전 만족 첫 생화 케이크 짱 남자친구 생일 선물 남자친구 가족 먹기 아깝다 대요친구 생일 걸 당일 급하다 응대 디자인 신경 다음 친구 생일 의사 급하다 케잌 필요하다 픽셀 이용급하다 원하다 디자인 민 귀엽다 디자인 원하다 방향 달라 연락 귀찮다 답변 케이크 생크림 제이스 완전 만족스럽다 케이크 담번 기념일 구매 구급하다 당일 원하다 문구 완성 미리 사진 안내남자친구 생일케이크 위해 발견 유니크 예약 사진 추가 안되다 아쉽다 다양하다 디자인 다음 완전 재 의사 달 적당하다 친구 케이크 이쁘다 어디 꼭 예약 후회친구 생일 케이크 발견 픽셀 요 디자인 너머 귀엽다 특별하다 레터 링 케이크 미리 예약 기대하다 매장 귀엽다 생일 초도 유니크 워 토끼 곰돌이 귀엽다 이쁘다 오늘이 행복하다 느낌동네 알 고민 임박 응대 원하다 모양 사진 실물 훨 아들 생일 파티 아들 기념일 번창급하다 케이크 예약 당일 예약 후기 예약 생각 귀엽다 가게 다른 케이크 퀄리티 근처 앞 제작 케이크 일 여기매장 입구 기분 달콤하다 디저트 냄새 케이크 전 기대 케이크 원하다 대로 작업 다른 케이크 특색 디자인 보당일 문의 바로 해주시 급하다 필요하다 평소 자주 이용글 요구사항 부탁드리다 머릿속 케이크 빼 마냥 완전 다음 이용급하다 당일 퀄리티 완성 다음 제작 케이크 필요하다 꼭 여기케이크 선물 친구 만족하다 케이크 사실 당일 급하다 예약 픽업 부탁드리다 퀄리티 케이크 탄생 기분 손 빠르다 꼼꼼하다 덕 분 기분 픽 블루베리 초코 달 느끼하다 인스타 확친구 파티 예약 대성공 살 파티 케이크 귀엽다 여기 예약 최고 선택 슴 픽셀 디자인 귀엽다 소중하다 알러뷰케이크 디자인 흔하다 다음 다른 캐 이크 볼급작 축하 당일 레터 링 케이크 제작 픽셀 발견 바로 요청 결과 만족 생각 이쁘다 케익 당일 임 응대 이쁘다 레터 링 케이크 픽셀 정착지불 가격 퀄리티 상당하다 환불 정도 성의 안보 여요 요청 도안 본인 마음대로 변형 최소한 대칭 정도 기본 안되다 천하다크림 치즈 생크림 케익 기념일 여기 케이크 귀엽다전날 다음 날 바로 픽업 가능하다 디자인 귀엽다 만족하다 주신 초도원하다 기념일 용이 다해 보통당일 요청 디자인 귀엽다 영수증 리뷰 초 개도 주시 가격 합리 나중 재급하다 전날 케이크 도안 스케치 완전 찰떡 선물 용 분도 기분 만족그림 실력 정확하다 도안 못 말로 설명 상상 그대로 최고 침 절하 시 생각 다르다 말씀 즐겁다 선물 레터 링 앞 픽셀덕분 케이크 선물급하다 레터 링 귀엽다 원하다 그대로 케이크 초도 귀엽다 만족하다설명 케이크 원하다 디자인 만족하다 친구 생일 기념 준비 케이크 덕분 즐겁다 파티케이크 형태 도시락 케이크 어떻다 궁금하다 도시락 버전 만족하다 다양하다 디자인 케이크 매장 계속 손님 케이크 생각 리뷰 초도 케이크 친구 생일 케이크디자인 당일 픽업 가능하다 다른 데 점도 제작 케이크급하다 전날 예약 덕분 추억케이크 다음 무조건 이용레터 링 케이크 마음 실물 이쁘다 원하다 이상 가격 대비 퀄리티 다음 제작 케이크 자주 이용시안 그대로 가격 합리전날 급하다 도시락 케이크 제작 부탁드리다 케이크 귀엽다덕분 특별하다 추억 도안 그대로제작 미니 케이크 습 디 금손 이세 대충 말 찰떡 알 케이크 앞급하다 준비 상담 해주시 덕분 기념일 케익지도 적당하다 사이즈 기쁘다 속 오레오 제작 케잌 줄 상상원하다 재미있다 다음도안 기립박수 덕분 즐겁다 남 자칭 구의 퇴사 파티원하다 디자인 덕분부탁드리다 사진 또옥 케잌 판 글씨체 삐뚤다 부탁드리다 이미지 그대로 픽업 초도 구매 리뷰 이벤트 그냥 번창 생일케이크 다른 원하다 느낌초이 벤트 참여 초 결제 제품 귀엽다 골드 키위 리뷰 완전 근처 교통 편하다 케이크 이쁘다도시락 케이크 당일 제작 아기자기하다아기 위해 준비 케이크 케이크 가족 즐겁다 담 이용 서비스 초도두번째 도안 그대로 모양 제작 별로 모양 마음대로 정 귀엽다행복하다 친구 덕분 기분 하루 다음 이용케이크 귀엽다 아기자기하다 친구 생일 케이크 친구케이크 퀄리티 첨부 사진 고 대로 완전 만족스럽다 다음 의향친구 앞 여기 이용존맛 여기 마카롱 가끔 마카롱 포장 좀 다르다 해 주심 선물 기분 여기 회사 마카롱 다가 선물 적 만족도 높다 제발 가격 오래오래당일 제작 답변 빠르다 오늘 케이크 앞 자주 이용 번창예약 문의 안내 미당 케이크 퀄리티 비 가격 저렴하다 다음 번 여기 제작 옹여자친구 생일케이크 강아지 케이크 귀엽다 신경 기분 생일 다음 이용귀엽다 이쁘다가족 생일 급하다 궁금하다 답변 재 의사친구 생일 위해 레터 링 케이크 퇴근 픽업 가능하다 영업 깔끔하다 귀엽다 디자인 선택 완전 만족하다 갑작스럽다 여러 요청 사항 조심 스레 흔쾌하다 수락 감동 선물 친구 덕분 행복하다 레터 링 케이크 필요하다친구 생일 축하 당일 예약 완성 케이크 디자인 레터 링 달 담백하다케이크 우선 당일 예약 당일 급하다 필 꼭 여기 케이크당일 급하다케이크 다가 판 레터 링 케이크 다음 꼭 다시케이크 귀엽다원하다 디자인 아주 맘 쏙케이크요청 케이크 초도 귀엽다 동네 레터 링 케이크 다음 이용당일 케이크 급하다 필요하다 케이크 귀엽다오전 문의 케이크 빠르다 완성 부탁 사항 센스 넘치다 번창당일 가능하다 뮤 귀엽다색감 메세지 모 귀염 뽀짝이예욤 매장 아기자기 케이크 러블리 구성 다음 친구 생일 홀 케잌 빠르다 응대케이크 귀엽다친구 생일 케이크 만족케이크 다음 부탁드리다당일 예약 설명 잘만 만족하다덕분 친구 선물 케이크 주인 픽셀당일 제작 가능하다 기념일 여기 벌써도안 귀엽다 다른 케이크 좀 저렴하다 편당일 케이크급하다 생각 대로이쁘다 번창귀엽다 케이크 제작 염케이크 귀엽다 이쁘다 완전 만족하다 당일 구매 가능하다 케이크요청 시안 똑같다 귀엽다 금손 데 다가 가성 비 최고 귀엽다 도시락 케이크 덕분 행복하다 생일 축하당일 바로 레터 링 최고 입금 헤주셔 만족픽업 케잌 다음 여기케이크 말 뭐 생화 케이크 진짜진짜 이쁘다 꽃 이쁘다 케이크친언니 데뷔 날 급하다 시반 예약 두 뒤 시반 픽업 상담 케이크 사이즈 레터 링 여유 다른 데 도시락 사이즈 자 슬프다 초 종류 다양하다 재 의사 꼭 흥무엇 케익 바로 가능하다 당일 다해 바로 완쟌 만족친구 생일 케이크 귀엽다 디자인 원하다 케이크 먹기 아깝다 맘케이크 귀엽다루피 디자인 요청 율 대박 레터 링 케익 번 만족도 가장 높다귀엽다케잌저번 이번 생크림 딸기 오레오 제작 케이크 항상 찰떡케이크 퀄리티마카롱 케이크 별러 대안 크림 함 담동네 귀엽다 케익 아유 촉촉하다 달콤하다 해도 기분 케이크 단골 예약친구 도리케이크 친구 생일서비스 최 곱다 번창케이크 도안 덕분 특별하다 선물 줄 행복하다
85,WHH 와하하,1197147360.0,매장 귀엽다 주황색 포인트 외관 내부 귀엽다 반하다 내부 자리 굿 도 박스 매장 사진 플사 진도 잔뜩매번 쫜득해 짱 햇빛 노래 항상 요 귀엽다 캐릭터 덤 쿠폰 차곡차곡 재미내부 분위기 노래 선곡 디저트 이상 크게 이정 가격 이면 가성 비 장난이렇다 가게 대박 주황 주황 인테리어 사진 인생 옹 크룽 도 자주크리스마스 트리 요즘 최애 강아지 오신 분 계시 분위기 귀엽다 경험 잠봉 바로 피자 추가 피자 은 처음 쫀득 도우 퀄리티 높다 토 핑 최고 강추다양하다 강추 팔지 다양하다 최근 출시 피자 피자 꼭 피자 토핑 쭉쭉 치즈 의 겉바 촉 식 피자 거기 통통 주황색 인테리어 처 겸디 캐릭터망원역 브라운 치즈 과 류 에이 드류 브라운 치즈 브라운 치즈 아이스크림 한스 쿱 디저트 땅콩 크림 라떼 고소하다 레몬에이드 레몬이 가득 깔끔하다 인테리어 깔끔하다 감각 즐겁다따뜻하다 가게 인테리어 디저트 만 초코 라떼 진하다 이드 도 다른 토핑 시럽 넉넉하다 사진 다음 크룽 힘숨브라운 치즈 과 무겁다 행복하다 정도 조화 브라운 치즈 아이스크림 듬쀽 마지막 조각 라떼 고소하다 비 스커트 딸기 티 완전 딸기 과육 은은하다 단맛 조화 공간 꽤 넓다 인테리어 귀엽다꼭 버터 은 처음 바삭바삭하다 맛집 브라운 치즈 도 전 거도 아기자기하다 귀엽다 컵 내내 기분인테리어 옴총 귀엽다 멋지다 다한 공간 기본 라떼 최고 피자 여태 중 제일 무 적 권추석 연휴 공원 피자 달달 배고프다 존맛 마지막 일인 일 사진 일인 이크 도 가능하다 만 여전하다망리 데이트 여기저기 맛집 맛집 요 개인 바질 토마토 이드 덕통 사고 당하다 매력 바질 토마토 이드 꼭대화 디저트 음료 모두 주택 개조 밀크 티 아메리카노 인 양 싹싹 먹음 용벌써 번 요기 문 자마자 파악 강아지 동반 가능하다 매너 강아지 불편하다 본적 토마토 바질 이드 대박귀엽다 세상 오니 문득 생각 요 음료 정성 가득 은 브라운 치즈 미가 남다르다 아이스크림 토핑주택 개조 탑 분위기 소품 이쁨둥 의자 편하다 싫다 정도 아메 땅콩 크림 라떼 브리 운 치즈 모든 선택 던 날임둥 브라운 치즈 폭탄오레오 부터 위 아이스크림 쿠앤크 아이스크림 느낌 달콤하다 최고 딸기 라떼 딸기 직접 느낌 덩어리 완전 분위기 강아지 캐릭터 귀엽다 아메리카노 산미 최고하몽 단 강 추하다 매장 넓다 분위기 팝송 친구 대화 도 데이트피넛 크림 라떼 중독 대박 브라운 치즈 도 비주 얼 대박 달달 위 아이스크림 도리 내부 귀엽다시원하다 상쾌하다 페퍼민트 티 든든하다 이색 피자 분리 편안하다 덕분기분 브라운 치즈 모 바삭 쫀득 손 디저트 맛집 인 줄 디카 페인크룽 충전 기도 음료 수다 떨기 용 피 넛 크림 라떼 토마토 바질 이드 로투스크로플 피넛 크림 라떼 위 크림 쫀쫀 달달 땅콩 꼬 함 크림 나중 달달 고소 크림 자꾸만 토마토 바질 에이맛집 음료 다양하다 용 사진 이쁘다분위기 깡패 요 여기 감성 무엇 디저트 음료 프라이 빗맛집 여기 버터 브라운 치즈 최애 피자 플로 말인생 맛집 등 극한 플로 유명하다 전문점 암 달 고급 진정 도로 기분 달달 데 브라운 치즈 덕분 고급스럽다 자체 도 눅눅하다 아이스크림 덕분 한층 기분 달달 함 토마토 바질 이드 의 달달 느끼하다맛집 답 맛집 요 음료 또한 우선 주황 주황 인테리어 기회 어요매장 아기자기하다 깔끔하다 치즈 아이스크림 금방 눅눅하다 바삭 흑임자 라떼 크림 덕 금방 지지 달달덥다 매장 아주 시원하다 공간 분리 테이블 손님 한자리 겨우 아이스 아메 브라운 치즈 야운 컵 테이프 굿즈들 판매 아기자기하다 소품 망리단 디저트 강추공간 음료 디저트 피자 처음 조합 흡입치즈 쵝오 치즈 진하다 아이스크림 짱 바닐라 라떼 아메리카노 곳곳 강아지 모양 굿즈들 귀엽다 귀엽다제일 진정하다 브라운 치즈 준 브라운 치즈 완전 브라운 치즈 가득 아이스크림 듬뿍 자꾸만 산미 고소하다 진하다 애 견 동반 가능하다 푸리 자주 푸리 마지막 화장실 깨끗하다 모든 만족완전 귀엽다 발견 음료 디저트 완전 도리 기본 도 바삭 크룽 아이스크림 대박 시나몬 솔솔 과자 왕창 분 리뷰 재료 공간 분리 다양하다 대화 귀엽다 캐릭터 인테리어 센스 쥐 최고요기 맛집 오렌지 비비드 컬러 곳곳 포인트 인테리어 이쁘다 사진 찍기 데이트 코스 버터 도 겉바 촉 왕 구슬 팥 앙금 순삭 덥다 얼그레이 밀크 티 만 진하다 밀크 티 딸기 이드 비주 얼 망리 디저트 맛집아기자기하다 맛집 로투스 맛집 인정 겉바속쫄깃 로투스 가루 득 로투스 를 팩 듯 양 아이스크림 선택 필수 시원하다 바닐라 아이스크림 달달 로투스 은 모히또 이드 완전 시원 상큼 자체 민트 뒤 시원하다 청량감 가득하다 생각 별미 음료 딸기 라떼 딸기 과육박스 포장 인테리어 다음 매장바삭바삭하다 로투스 은 처음 싹싹 먹음 매장 내부 귀엽다 힙일단 분위기 취향 저격 브라운 치즈 유명하다 처음 땅콩 크림 라떼 군데 제일 번 세번환장하다 반려견 동반 구경 재미 트리 사진 편하다 찍기 가능맛집 유명하다 인정 짐 음료 피넛 크림 라떼 피넛 크림 존맛 땅 콩 러버 꼭 야하다 모히또 이드 탄산 강하다 청량하다 도 브라운 치즈 브라운 치즈 엄청나다 브라운 치즈 원 공간 분리 이야기 나누기 날 카가끔 번 피자 스타일맛집 발견 아기자기 귀엽다 외관 시선 번 일단 은 기본 음료 독특하다 룽 아이스크림 브라운 치즈 토마토 바질 이드 땅콩 크림 라떼 최고망리 귀엽다 강아지 캐릭터 매장 밖 깔끔하다 감각 인테리어 다양하다 저희 브라운 치즈 은 아이스크림 황 치즈 단 최고 원두 산미 편이 고소하다 원두 딱이다 망리 분위기 디저트깔끔하다 깨끗하다 세련되다 힙해 무엇 브라운 치즈 꼭 번 세번 맛집 유명하다 이유 폭풍 흡입 아인 슈페 너 바닐라 라떼망리 너 무 다음 친구 번 분위기 디저트 완벽하다 완전 인테리어 이쁘다 사진 만장 완전맛집 직원 이쁘다 음료 인테리어 완전 귀엽다 이쁘다 용 완전종류 다양하다 매장 깨끗하다젠 꼭 꼭 외관 귀엽다 눈길 세상 아기자기하다 예 뻐 주택 개조 가정 구조 그대로 유지 독특하다 디저트 말모 브라 운 치즈 듬뿍 최고 입 미둥 도리 아메 피넛 크림 라떼 인생 캐릭터 처매장 깔끔하다 주황색 인테리어 조용하다 감성 데이트 코스 시크 처 캐릭터 귀엽다 포토 존 분 오시 밀크 티 꼭 밀크 티 통 동글동글 사진 인스타 감성 도 딱이다 여기 맛집 도 꼭맛집 귀엽다 크룽 주황 주황 디저트 음료 데이트맛집 밥 딸기 라떼 가게 분위기 강아지 마스코트 귀엽다 다음 컵 굿 몇 시퍼브라운 치즈 아이스크림 맘 민트 초코 라떼 재바삭 쫀득 기분 응대 분위기반정 정신 사진귀엽다원래 귀엽다 강아지 마스코트 화이트 오렌지 톤 홀린 듯이 내부 역시 분리 공간 무엇 화장실 깨끗하다 크룽 밥 얼마 흡입 서도 엄 청 내내 기분 감사맛집 매장 청결하다 쨍 주황 포인트 매력 용 외관 주택 개조 느낌 감 성 뿜뿜망리 군 로투스크로플 리얼 존맛 구리 도 바삭 부드럽다 땅콩 크림 라떼 고소하다 분위기 편안하다 디저트맛집 만족 후기 가정 개조 느낌 아늑하다 따뜻하다 분위기 오레오 위 바닐라 스크림 전혀 눅눅하다 딸기 이드 아메리카노 다양하다 오기 디저트 곱다 데이트 코스 생각 분 여기요기 존맛 직접 토핑 쫀득해 브라운 치즈 양도 가게 내부 주황색 포인트 공간 넓다 친구 대화심 계속 그냥 기분 심지어 음료 존맛 재료 사용 공간 편안함 콘센트 자리 완벽브라운 치즈 다음 다른 보고 직원 로고 귀엽다아기자기하다 귀엽다 도 얘기귀욤뽀짝 매력 업그레이드 음료 기분인테리어 이쁘다 브라운 치즈 화장실 깨끗하다데이트 코스 만 마음 발견 모히또 이드 상큼 브라운 치즈 귀엽다 굿 도 판매가정 개조 성 쥬 아기자기하다 기도 느낌 주황색 포인트 거울 샷 등 디저트 다양하다 망리 디저트 깔끔하다 데이트 코인테리어 멋지다 디저트꼭 눅눅하다 바삭주택 개조 귀엽다 인테리어 부드럽다 브라운 치즈 바삭 촉촉 맛집 민초 라떼 이드 밍밍 순삭 용 주말 나들이 다른우드 톤 아늑하다 감성 인테리어 전반 가격 저렴하다 양도 오레오 위 크림 치즈 아이스크림 라떼 진하다 흑임자 라떼 고소하다 자체우선 이름 걸 찰떡 강아지 캐릭터 걸 댕댕 입장 가능하다 귀엽다 아이 볼 대화 조용하다 시끄럽다 분위기 친구 만 즐겁다 수다 가면 다시 꼭개맛 도리 미치다 크룽 여기 처음 달고나 가루 아이스크림 조화하몽 친절 친절 다음맛집 망리 감성 로투스크로플 겉바속쫀 수제 크림 로투스 아이스 아메리카노 로투스 조합 맛없다 조합 매장 분위기 사진 맛집 디저트 맛집 하하여기 핫 크룽 처음 피넛 크림 라떼 땅콩 크림 찍 존맛 상 야하다 모히또 청량하다 최고음료 브라운 치즈 완전 존맛 주택 개조 감성 중 내부 넓다만 화사하다 색감 알록달록 이쁘다 애견 동반 가능하다 바로 종류 다양하다 요새 브라운 치즈 브라운 치즈 단 조합 최고 용 산미 고소하다 입맛 푸리 이쁘다 아주 행복하다 오후애견 동반 댕댕 친구 들보 재미 분위기 브라운 치즈 도 디저트지나 만난 골목 중 가장 이쁘다 카페인 앞 도착 자마자 매장 이쁘다 귀엽다 사진 외관 내부 분위기 로투스크로플 완전주택 개조 우드 우드 라서 취향 저격 당하다 근처 제로 제로 소품 구경 가기 조금 포 토 이즘 코스 뚝딱 크룽 처음 커서 배부르다 못 담 다시 귀엽다 캐릭터 직접 작업 궁금하다 왕갓 운 바삭 부드럽다 아이스크림 짭짤하다 하몽 단 최고 가깝다 구경 근처 맛집 식사 후 디저트 최고 데이트 코스망리 위치 맛집 매장 외부 내부 인테리어 아기자기하다 사진 망리 사이 매장 규모 편 아아 브라운 치즈 이집 위 아이스크림 브라운 치즈 꿀 합 디저트 직원 오늘 혼자 친구 데리 다시 싶어욤땅콩 크림 라떼 다양하다 아기자기하다 망리 감성 은 겉 아주 바삭 속 쫀득해 순삭 크림 라떼 디카 페인 가능하다 무엇 통 유리 덕분 개방 감 도 날씨 날 디저트 마스코트 강아지 캐릭터 브랜드 굿 도 팔고 다음 날씨 날 번수제 밀크 티 맛집 로투스 도 달달 끝판인테리어 완전 아기자기하다 음료 디저트 토마토 바질 이드 심지 오늘 시기 전 연락 연어 브런치 임 하몽 은 단 디저트 특별하다 크룽 아이스크림 하몽 아이스크림 다르다 무엇 고급 진 정확하다 무슨수제 딸기 청 가득하다 딸기 이드 버터 딸기 이드 딸기 통 왕 구슬 얼음 신기하다 재밌다 생 딸기 청 딸기 달 시원하다 겉바 촉 버터 생각 구 크룽 상 누룽지 요 과자망원역 도 가깝다 도 가깝다 위치 하얀색 주황색 컬러 조합 외관 덕분 한눈 어요 햇살 날씨 온화하다 바깥 오늘 좀 쌀쌀하다 요 논 티 이드 거리 종류 다양하다 선택 폭 넓다 디카 페인만 디카 페인크룽 처음 접 짱 토마토 바질 이드 내부 넓다 수다 떨기 친구 오망리 맛집 주택 개조 꼭 음료 굿 도 분위기 고프다최고 디저트 처음 버터 부터 오레오 다양하다 종류 은 미치다 흑임자 라떼 완벽하다 세상 심각하다 귀엽다 청결하다 조용하다 언제 무엇 대단하다 심각하다 게다가 계속 상냥하다 말씀 이렇다 분 서비스업인테리어 자석 깔끔하다 토마토 바질 이드 처음 음료 생각 외로 계속 도 아이스크림 달달 짭짤하다 마 포크 맛집 인정굳다매장 넓다 대화라떼 다음 매장일단 피넛 크림 라떼 그렇다 토마토 바질 이드 처음 땅콩 크림 고소하다 달달 생각 친구 최애 등 에이트 약간 토마토 음료 바질 샥 이드 그렇다 상큼 시원하다 먹기 괜찮다망리 맛집 용 아이스크림 바로 녹지 바삭 전체 분위기 아기자기하다 귀 워 말차 라떼 구경 당 최구쫀득 아이스크림 분위기 직원반려동물 동반 가능맛집 평일 음료 종류 다양하다 종류 다양하다 주택 인테리어 아기자기하다땅콩 크림 라떼 위 크림 크림 미치다 쫀쫀 다음 망리존맛 음료 깔끔하다 분위기 다음 여자친구 재 예정 친절 보스왜 귀엽다 모든 귀엽다 직원 좌석 청결하다 디카 페인 아아 토마토 바질 이드 크룽 이렇다 남 크룽 처음 달달 토마토 바질 이드 익숙하다 독 특 계속 음료 디카 페인 아아 고소하다 분 짱예 존예 음료 디저트 토핑 다양하다 버전 브라운 치즈 토마토 바질 이드 완전망원역 맛집 답 종류 굉장하다 다양하다 음료 포토 존 가득하다 인생 샷 애견 동반 가능하다 애견 인분 시기 피넛 크림 라떼 땅콩 잼 처럼 진하다 토마토 바질 이드 요즘 날씨 알맞다 시 원하다 확매장 넓다 쾌적하다 도 쫀득쫀득맛집 발견 와플 완전 쫀쫀 아이스크림 브라운 치즈 궁합 미치다 아인 슈페 너 쫀쫀 크림 목 넘김 라떼 고소하다 애견 동반 가능하다 카페인 무엇 매장 화장실 깨끗하다밀크 티 맛집 화장실 깔끔하다항상 최애 룽 지크 맛집 인테리어 귀욤귀욤 기분 가면 강 추하다
86,범골커피,1797356132.0,구역 위치 신비하다 커피숍 이름 심 상치 신비하다 분위기 신비하다 핫 지금껏 콜드 중 단연 으뜸 그냥 미치다 조금 안타깝다 뿐 고프다 당신 주저 엄지 척 끝 신묘하다 단맛 보틀 시 가성 비 또한 선물 용 손색콜드 브루 호랑이 기운 이름 그대로 호랑이 매력 한잔 음악 볼 독특하다 장소라 창가 자리 멍 재밌다 주말 밤 디제잉 그때 대신 술 한잔가운데 문 약간 다른 공간 듯 음악 조명 굳다콜드 브루 가격 온 날 디제이 음악 콘센트 필요하다 제공 화장실 야외 흡연실 맘 책 혼자 작업 듯 창문 밖 기장 관경 조용하다 발견 기쁘다 번창덥다 콜드 브루 시원하다 공간 널찍하다 분위기 음악 호랑이 기운 제대로특별하다 공간 환기 흡연실 마련 개인 멋지다 음악 아이스 콜드 브루 라떼 서비스 과일아늑하다 조용하다 릴렉싱 작업조용하다 책구경 튀김 술 분위기 기여기 공간 공간 넓다 찍 음악 최고 땐 꼭 최고재 중인 범골 단골 이유 인테리어 답답하다 느낌 시원하다 자꾸 무엇 자리 컨 센트 내부 잔잔하다 음악 작업 가장 중요하다 무척 위치 어서 시원하다 아이스커피 한잔 친구 수다 떨기 알이렇다 반갑다 아늑하다 굴 느낌 노래 공간 쾌적하다 담 작업개성 널찍하다 아늑하다 멋지다 벌써 번 부러 라떼 깊다 테이크아웃 판매 그니 콜드 브루 출근 전 타 하루 상큼 음악 장내 보석같다 종종 책 음악 예감 오래오래 범골넓다 직하다 작업 하루 종일 장 한잔 가도 굿조용하다 인테리어 멋지다 술 종류 여럿 자주 가게재밌다힙 느낌 재래시장 젊다 느낌분위기 모든 완벽 카페인 나이트 맥주 꼬냑 차분하다 노래 듣기 일 오기발견 보물 범골 뭐 항상 궁금하다 이렇다 신기하다 인테리어 힙액 판매 선물 구매 밸런스쾌적하다 공간 음악 작업 튀김 공간더치 더치 사면 아메리카노힙 음악 가끔 노트북 작업 가면 스팟 발견작업 콜드 브루 아주음악 넓다 끈 적하 시원하다 라떼건물 호랑이 모형 보고 조용하다 넓다 편안하다 라떼색다르다 분위기 호랑이 기운역시 준비분위기
87,모구모구과자점 인 망원,1600352079.0,무화과 크림 치즈 휘 낭시 처음 요즘 고물 가시대 가성 비 디저트 그것 내부 우드 우드 인테리어 디저트 포장 강가 매장 얘기 디저트 종류 다양하다 휘 낭시 종류 신기하다 무화과 크림 치즈 무화과 크림 치즈 덩이 버터항상 구경 빵 인테리어 완전 아늑하다 느낌 입구 라따뚜이 귀엽다 서비스 주시 기분 오래오래딸기 타르트 이번 타르트 웬만하다 타르트 맛집 저리 가라딸기 타르트 딸기 듬뿍 꿀맛 크리스마스 기념 케이크 도휘 낭시 유명하다 사실 황 치즈 범벅 브라우니 비주 얼 보고 반하다 비주 얼 도리 가운데 황 치즈 크림 초콜렛 느낌 가나 슈 느낌 달달 짠맛 브라우니 빵 자체 덕 황 제대로 휘 낭시 편이 돈 서비스 주신 약과 휘 낭시 제일 담 브라우니다양하다 종류 베이커리 고민 소금 빵 딸기 타르트 흡입신제품 이번 단호박 크림 치즈 머핀소금 빵 매장 아기자기 귀엽다 자주예전 가게 규모 작 디저트 종류 케이크 휘 낭시 쿠키 등 일부러 다시 이번 망 원점 얼마 아기자기하다 깨끗하다 매장 대화 테이블 디저트 종류 적지 다양하다 휘 낭시 움 과자 분 꼭휘 낭시 가격 가격 저렴하다 사도 부담 바스크 치즈케이크 치즈 듬뿍얼그레이 쿠키 빵 쿠키 빵 매번에바 황홀 존맛 부터 입장 바로 중 디저트 수가 오레오 스모 미치다 껄휘 낭시 종류 다양하다 운 과자 청결하다 개강 추선물 용 디저트 사려 디저트휘 낭시 쿠키 맛집 얼그레이 브라우니 사 새롭다브라우니소금 빵 추가 바스크 치즈케이크번차 손님 말차 브라우니 언제맘모스 휘 낭시 과자 종류 다양하다 매번 뭐 한참 고민 보고 훌륭하다 돼지딸기 타르트 꿀맛근처 꿀 고구마 치즈케이크 약과 쿠키 보고 덕바 처음 쿠키 어요 바나나 푸딩 미치다 놈 꼭 매장 매우 쾌적하다 포근하다 느낌 무척평소 디저트 조금 다른 식감 색다르다 휘 낭시 종류이번 주 두번째 오늘 셋 이서 망 원점 움 과자 아아 맛집 덥다 여기 침샘 자극 아드레날린 여자 셋 동안 즐겁다 수다 즐겁다 하하 호호 오픈 한지 얼마 안되다 벌써 입 소문 난건 손님 계속 오늘 애 엄마 꼭 휘 낭시 쿠키 셋 포장 전 궁금하다 오레오 바나나 푸딩 추가 이제가게 인테리어 이쁘다 고구마 치즈 케익 약과 쿠키 특이하다 쿠키 케익 자주 당근 쿠키 모양 양 고소하다쥐 귀엽다 쿠키미국인 친구 한국 계속 치즈 케익 마음 치즈 케익 못 여기 무척 만족하다 어제 오늘 내일 예정 푸딩 감동 사진쿠키 종류 꽤 저렴하다 퀄리티 무엇 캐릭터 귀엽다 눈 키링 서비스 번창망 원점 오픈 아기자기하다 쿠키 케익 레몬 파운드 친구 오레오 크림 치즈 쿠키 곱다 상당하다 산미 딱좋다 오픈 이벤트 키링 귀엽다 담적당하다휘 낭시 종류 다양하다 솔티 카라멜 휘 낭시 번 자리 구경 아아 가기움 과자 식사 빵 종류 포장모든 빵 무화과 크림 치즈 휘 낭시 바스크 치즈케이크 분위기 앞 자주휘 낭시 쫀득쫀득 자체 요즘 유행 약과 쿠키 덥다 아아 왓 다가 쿠키 휘 낭시 오 늘 소금 빵 품절 못 다시신상 디저트 구 종류 깜짝 산미 살짝 어서 달달 디저트 조합 괜찮다 선물 괜찮다 아보 앞 자주저녁 가다가 가게 로고 귀엽다 가게 내부 깔끔하다 장소 휘 낭시 서비스 휘 낭시 쫀뜩 다음동네 귀엽다 간판 바스크 치즈 케익 스타일 자주 분위기 아늑하다귀엽다 휘 낭시 다양하다 쿠키 뭐 고민 프레첼 제일 후회 솔티 초코 완전 완전 강추 망리 데이트취향 저격 과자 달달 종류 재미 케이크 빵 푸딩 포장 앞 자주최애 오늘 쿠키 존맛명란 갈릭 새롭다 명란 소금 빵 미치다 위 명란 듬뿍 최고나들이 간판 귀엽다 디저트 천국 너 무덥다 매장 휘 낭시 쿠키 종류 다양하다 종류 별로 포장 촉촉하다 명물 이예가게 아기자기하다 휘 낭시 나용 당근 휘 낭시 강추언제 쿠키 오늘 신상 밤 마들렌밤 마들렌 특이하다 겉 바삭 부드럽다근처 커피한잔 디저트 최고 아쉽다 포장새롭다 디저트 맛집 오레오 바나나 푸딩 꿀 고구마 치즈케이크 당근 쿠키 콘 스콘 콘 크림 치즈 쿠키 가성 비도 자주휘 낭시쪽 볼일 눈 캐릭터 혹시 대감 발길 와우 과자 여기 움 과자 휘 낭시 입 소문 난곳 말 참새 방앗간 그냥 매장 고고 동생 소금 빵 휘 낭시 요것 취향 저격 금전 바지락 칼국수 온 우리 애 간식 두봉쿠키 휘 낭시 케이크 종류 다양하다 가격 부담 무엇 오픈 런 무적 듯 포장 귀엽다 선물구 예전 부산 앞 매장 망리 반갑다 마음 부산 빵 쿠키 등 다양하다 쿠키 종류 다양하다 대비 가격 저렴하다 가성 비 쵝 오입 니 담 선물 일 재 각 산미 딱이다 심볼 이쁘다 오픈 기념 키링새롭다 귀엽다 디저트 맛집 귀엽다 키링 득템부산 브랜드 마침 팀 간식 실컷 사서 디저트 가성 비 오픈 이벤트 키링 여성 디자인 요매장 깔끔하다 종류 가성 비도 자주 오픈 이벤트 키링 움밤 카라멜 휘 낭시 미치다 계속 네이버 계좌 연결 원래 움 과자 밤 카라멜 무크 치 휘 낭시 밤 카라멜 취향 영원하다쿠키 타르트 휘 낭시 등등 전부 과자 라인업 종종 즐거움 귀엽다 키링 사용오늘 힘들다 음료 처음여기 디저트 맛집 감동 소금 빵 여기 젤 최애 버터 대박친구 졸맛 디저트 중 과일 타르트 젤휘 낭시 휘 낭시 오레오 바나나 푸딩 오픈 이벤트 키링 리뷰 이벤트 참고 근처 이렇다 행복하다 유엉엉 동네 최고 갈릭 소금 빵 유저번 혼자 디저트 이번 디저트 존맛소금 빵 오픈 다른 종류 보 역시디저트 동네 아지트새롭다 오픈 과자 동점 디저트 수준 한창 덥다 아아 먹기 기전 얼른소금 빵 솔티 카라멜 휘 낭시일주일 안되다 언니 재 오늘 계시 데 용 매장 완전 시원하다 아이 아메리카노 빵 휘 낭시 아이 려고 포장 멀다 자주 아쉽다 여치즈케이크종류 다양하다 전부 모양매장 포장 아이스 아메리카노 쿠키 휘 낭시 모두 식 구 다른 지점 잘생기다 재 의사휘 낭시휘 낭시 존맛 디저트 종류 다양하다 담 다른 디저트특별하다 가격 저렴하다 무엇소금 빵 명란 소금 빵 미치다 존맛 맥주 급하다 사진 제발 꼭선물 용 휘 낭시 쿠키 다양하다귀엽다 생각 빵 종류 힘들다 아기자기하다 주신 키링 귀엽다가격 착하다 인테리어 귀엽다 장님 욘오늘 오레오 바나나 푸딩 최애 달 스탈 꼭 보시얼그레이 브라우니 덕 스타일디저트인테리어 이쁘다 빵 아침 갓 운빵 케익 커피한잔 간다 무조건 야하다 맛집다양하다 종류 디저트 재미새롭다 오픈 매장 깨끗하다 빵 종류 다음 다른 종류식후 아쉽다 담 땐 빈속매장 귀엽다 빵 녀친절 소금 빵 휘 낭시휘 낭시 종류 다양하다커피집 가성 비 이예 원래 디저트 맛집 디저트 자주 항상 오늘 워맘 스콘 재 예정 귀엽다 매장 요디저트 종류 치즈케이크 꼭 휘 낭시 포장 얼 친 절오픈 날 휘 낭시 스콘 오픈 굿 도운 과자류 굉장하다 망 원점 과자 민트 초코 휘 낭시 민초 분 꼭 옹 직원 분 매장 깨끗하다 다음쿠키 기적 종류 별로주변 볼 일 달달 디저트 재 최애 쑥 보루 오늘 굿굿디저트 벌써 두번째 한번 영수증 꼭디저트디저트 달 계속 무조건다가 근처 아기자기하다 눈 아이 쿠키 매장 깔끔하다 쿠키 케이크 가격 저렴하다귀찮다 리뷰 여기 존맛 이예 예전쿠키 휘 낭시 존맛동네 쿠키 인테리어 직원 다음 갈래 강추 강추 오픈 기념 굿 귀엽다두번째 친구 저번 재 오늘구 생각 바닐라 라떼 괜찮다 사실 구 자주 해당근 쿠키 오픈 가깝다 구새롭다 오픈 종류 저렴하다 휘 낭시 케익 구매 단골 각단골초코 디저트소금 빵 말 차르 뱅 쿠키아담하다 귀엽다 인테리어 디저트 빵 종류 다양하다 빵무난 무난
88,도피,1387504450.0,영업 마지막 날 인기 스크램블 샌드위치 당근 페 상큼 최고 홍시 디저트 마무리 웨이 팅 아깝다 만족스럽다 끼음식 신선하다 강아지 그릭 요거트 중인 얼음 물 보기 가게 인테리어 이쁘다 주말 가면 웨이 팅 꽤 편한여름 더위 또한 한여름 음식 가게 분위기 모든 맛집 요 지금 번창 앞 번창영업 후다닥 도피 강아지 동반 가능하다 애 식사 음식도피 근처 정도 죄송하다 유명하다 웨이 팅 가치 습 계절 매번 매번 갈수 당근 싫어하다 도피 당근 페 무족 건저희 평일 도착 인 테이블 인 테이블 정도 저희 도착 다음 웨이 팅 혼밥 오신 분 꽤 계시 저희 샌드위치 당근 페 샌드위치 복숭아 전부 계란 부드럽다 매콤 당근 페 복숭아 적당하다 복 물복 중간 요거트 존맛 행복하다 점심인기 주말 웨이 팅 피 도피 스크램블 샌드위치 최고최애 애그 스크렘블 샌드위치야채 듬뿍 브런치 먹기 당근 페 구 모두정신 적 재료 손님 몇 분 못 안내 계속 기다림 직원 재료 와중 명 팀 금방 빈 자리 손님 먼저 그렇다 계 속 밖 함 직원 웨이 팅 명단 잘못 커플 먼저 뻔하다 저희 팀 팀 둘스프 마저 샌드위치 말 뭐도피 사랑 도피 의미 요 오픈 샌드위치 아주 구 샌드위치 소스 특유 강하다 호불호 갈릴 전 아주 구 분 환장하다 듯 구 사과 아주 어울 립 느끼하다 역할 당근 페 콤달콤 삭 당근 도마도 조합 아주요구 후무스 제철 과일 라떼 쵝오 강아지 쵝오인생 샌드위치 요리 진심무화과 샌드위치 웨이 팅전 찜 혼자 평일 웨이 팅 바로 착석 애견 댕댕 중간 중간 가끔 깜짝 귀엽다 원래 라페 샌디 치 구가 평이 샌디 치 아아 샌디 치 음료 할인 텀블러 할인 요 평범하다 샌디 치 구성 식전 과일 오렌지 조각 샌디 치 당근 페 양배추 피클 콤 콤점심 혼밥 바로 도피 오늘 웨이 팅 당근 페 샌드위치 수박 주스 당근 페 샌드위치 은 날씨 폭염 수박 주스 수분 충전 수박 주스 먹기 금요일 점심 행복하다 하루비 날 운치 우중충하다 느낌 촉촉하다 아늑하다 느낌 음식 음료계속 여름 시즌샌드위치 후무스 샐러드 샐러드 맛집 앞 매일 식사 사반려동물 한번 갱얼쥐 친구 당근 페 존맛 친구 말재 꼭 매장 좀 시끄럽다 강쥐 소리 대화 소리 음악 소리 기계 소리 등등양도 브런치 샌드위치 조화드라이 토마토 샌드위치 후무스 샐러드 당근 별로 당근 라페 다음 브런치 브런치 할인애그 샌드위치 강추 입안 퐁실퐁실 부드럽다 고소하다 샌드위치 느끼하다 제공 당근 샐러드 질리 당근 샐러드 기대 이상 브런치 귀엽다 댕댕 손님 눈 호강 했숩분위기 양도 은근 드라이 토마토 다시당근 페 샌드위치 수박 주스 오전 브런치 맛집 당근 페 샌드위치 수박 주스 달 샌드위치 보고 샌드위치샌드위치 최고 강 추하다 댕댕 동반 가능도피 엉엉외부 아기자기하다 내부 안락하다 워 무엇 음식 어어 무 양도 짐 직접 요리 못 랄 아주 만족하다 식전 주시 자두 귀엽다분위기 아침 여유 롶 심지어 당근 구들 샌드위치 근절 안나 피클 콤 왜 유명하다 다음 번반려동물 동반 귀엽다 손님 볼꼭샌드위치 수박 쥬스강아지 동반 가능 자랑운 대기 생각 당근 페 샌드위치 상콤 최고 고요 후무스 샐러드 자몽 이드 굿굿 인기 이유 강아지 동반 음식 스타일 조마 다른스크램블 샌드위치 해먹 차원 다른 눈 땡그랗다 짐 듯 수박 주스 말 모해 도피 모든 섭렵제일 브런치 분위기 기분 음식 기분 장님 기분 오래오래 도피샌드위치 분위기 매칭 뷴 위기 더하다 더맛 느낌처음 마치 오늘 처음 감탄 눈 신기하다 치킨 페스 토 샌드위치 계속매장 당근 페 최고 오늘 브런치 행복하다샌드위치 이번 후무스 양도 건강하다 다양하다 자주 때문 계속 재감성 톤 햇살 오후 브런치 걸 취향 호불호 좀 구 재료 밸런스 가장 그릇 양 워낙 양으로 맘 상하 분 배 터 질브런치 맛집 분위기 음식 직원 친벌파스타 양도 배 불리 종종 거리 멀다 아쉽다음식 신선하다 산뜻하다 브런치 가기힐링 항상 만족스럽다당근 페 샌드위치 와우 오늘 운 나쁘다 오픈 재료 진도 금방 마감 다행 다음 눈치 게임 한가하다만 여전하다당근 페 샌드위치 무조건 완전샌드위치 맛집 당근 페 샌드위치 몇개 애견 동반 가능 귀엽다 댕댕 만 날브런치 맛집 도피 여름 복숭아 복숭아 상의처음 조용하다 아기 좀 갑자기 조용하다 요 아기 데리 친구 도 순하다 아기 얘기 다른 손님 시끌벅적하다 아기 소리 조용하다 무슨 독서실 온건 일정 데시벨 안되다 룰 아기 아예 생각모든 강 추하다 견주 다른 댕댕 친구 귀엽다일주일 한번 음악 반려견 동반 더욱 중 펫 티켓 고프다우리 동네 최고 부럽다아내아름답다 강아지 아이 손님 한적하다 브런치동네 단골 오늘 브런치 아아 텍앗 후 사무실 훈남 미녀 분 요리실 서비스 최최공 항상 기분 오늘 사무실 탈출 후 도피 힐링만 식당 운 웨이 팅 조금 웨이 팅 느낌 못 불친절 보통 임 직원 분 그냥 음식 보고 간다 생각음식샌드위치 웨이 팅 당근 페 샌드위치 짱여유 로움 따스하다 번가 매력 도피 계속 추가 점점 신기하다 플레이 트 뉴 후 감탄 연발 장님 마법사 자꾸 내심 덕분 기분 크리스마스 식사반려견 동반 가능하다 음식최애 부럽다분위기 재 의사만 간 최애 도피 구 치킨 샌드 워치 처음 역시 아메리카노 진해 샌드 워치 좁다 테이블 유일하다 단점 세 넓다 평일 오전 유러 워망 언동 샌디 티어 도피 장사샌드위치 맛집브런치 맛집 멋지다너 무 가까이 매일 간이 세지 약하다 브런치빵마다 샌드위치 또한 거리 멀다 계속 조용하다 분위기 또한 나중 혼자 조만간샌드위치 만 샌드위치 감자 수프 건쭉 배블렀어 창밖 풍경 행복하다 평일 손님 아예 만석점심시간 항상 맛집 도피 내일 브런띠 가야 징애정 공간 샌드위치 미치다 겨울 찾기맛집 흔하다 팔지 라페 만족스럽다 건강하다 상큼 아메리카노 묵직하다 매우 만족샌드위치 맛집 피크닉 꼭 생각 양도 괜찮다 당근 페 독특하다 당근 다만 위 통후추 좀 입술 얼얼하다 정도 복숭아 복숭아 요거트 지인 지방 가득하다 고소하다 요거트 매장 분위기 다음 장가 보고 파이적 재 의사당근 페 샌드위치 깔끔하다 콤 샌드위치 브리 치즈 미가 강하다 소스 좀 묵직하다 식사 느낌 복숭아 러버 복숭아 복숭아 자체 달콤하다 조금 아쉽다 귀엽다 샤인 머스켓 방울토마토 요거트 후식 먹기 다만 아쉽다 날 파리 벌레 음식 문의도피 위해 가요 거리 멀다 항상 만족하다 맛없다 당근 페 존맛 웨이 팅 매일 모두 유명하다 일 돈 버세테이크아웃 네당근 싫어하다 여기 당근샌드위치 분 퀄리티 금방 능력자주말 오픈 런 웨이 팅 뻔하다 음식 플레이 팅 브런치 최고브런치 맛집 덥다 스크랩 블 샌드위치 당근 페 최고 양도 자주 비건 친구 재 의사한번 번시샌드위치분위기 전부 가야당근 페식기 눈 뇨 뷰 분위기 삼박자 완 벽도피 러뷰 정말루 음식 공간 인테리어 비 억수 날 저희 도피 처가 당근 라페 처음 스크램블 부드럽다 디저트 수박 귀엽다 심지어 컵 귀엽다 다음음식 샌드위치상당하다 자꾸브런치 과일 디저트 항상 비주 얼 식감 당근 페 꼭 사드 세 그냥 밥 빵 최고강아지 데리 벌써 두번째 월요일 도피 얼마나 다행 인지 샌드위치 종류 장님 모 강쥐 데리 가도 부담 가게 깔끔하다 오늘 스크램블 샌드위치 부드럽다 다음 구간다 지인 가면도피 사랑 치킨 파니니 루꼴 음료 신선하다 당 무화과 샌드위치 아래 발린 치즈 크림 도피굿인테리어 따뜻하다 낌 브런치 강아지 보물굿굿혼자 조용하다 고급 지게 동네 까페샌드위치 끼 든든하다 꼭 강 추강 추
89,고미푸딩 망원점,1195434395.0,움 한도 초과 가게 자체 귀염 뽀짝 푸딩 귀엽다 친구 귀엽다 연발 웨이 팅 좀 구리 볼 포장 가능하다메론 얼그레이 카라멜 커스타드 푸딩 달달 씁쓸하다 전혀 매장 곰돌이 금붕어 마리 모든 귀엽다 소박하다 소박하다 귀염 뽀짝 이쁘다 달달 연아가 접시 속 막 기세 컵 그릇 유리 아가 걱정 완전푸딩카라멜 푸딩 초코 푸딩 탱글탱글하다 입안 사르르 근래 푸딩 최고 초코 푸딩 염려 카카오 진하다 가득하다 푸딩푸딩 귀엽다 메론 다도 달달주말 시간대 품절 조마조마 다행하다 커스터드 푸딩 운 자리 매장 푸딩 메론 둘 푸딩 탱글탱글하다 식 다음 초코 푸딩 꼭공간 좁다 커스터드 푸딩 푸딩 류 입문 만큼 기분푸딩 개인 우유 푸딩 커스터드 품절 바 형식 살짝 당황 매장 글 직원 덕 자리 먼저 욥신랑 푸딩 일본 만족 신랑 만족 일단 자리 잡고매장 좌석 인용 테이블 테이블 간격 굉장하다 협소 편입 니 웨이 팅 매장 밖 자리 휴대폰 번호 연락 직원 카라멜 스타트 푸딩 쫀쫀 밀도 굉장하다 아주 메론 다도 청 량 생각 자리 비어 바로 굉장하다 운 포장 매장그렇다 푸딩 생각 푸딩 가치 커스타드 우유 초코 결과 기본 가장 아쉽다 라면 내부 좁다 푸딩 나가야 화장실 당연하다 아쉽다 좀 매장매장 커스타드 초코 푸딩 커스타드 포장 메론 다도 느끼하다 과 푸딩 왕창푸딩 귀엽다 먹기 아깝다 정도 메론 다도 매우 가게 내부 아기자기하다 팀 정도 가게 일요일 오후 자리 이후 손님 계속 웨이 팅 운왜 웨이 팅 최근 푸딩 푹 초코 푸딩 기대 느끼하다 줄 알 았음 생각 그동안 푸딩 중 탑 탑커스터드 푸딩 존맛 푸딩 쌉쏘롬 때문 보통 보통 카라멜 커스터드 푸딩부드럽다 도도 적당하다 매장 귀엽다 취저입 구리 기분질문 응대 포장 담날 부들부들 꿀떡 순삭 포장 귀엽다 선물푸딩 러버 취향 저격 요 초코 푸딩 초코 진하다 우유 푸딩 은은하다 우유 젤라틴 글 푸딩 무스 찰랑 푸딩 도리발견 저런 제대로 푸딩 평소 보기 힘들다 바로 푸딩 연 아메리카노 대안 원두 괜찮다오픈 한지 얼마 정신 손님 넘치다 알바생 자꾸 실수 음식 잘못비주 이쁘다 순삭귀요미 푸딩웨이 팅 자리 일찍 가세푸딩 귀엽다말 글 푸딩 초코 푸딩 무스 식감 용 웨이 팅 보람고 푸딩 오픈 존맛 강 추하다아늑하다 분위기 가게 상냥하다 푸딩 날수 애견 동반 가능초코 푸딩 완전 글 부들 쵹쵹테이크아웃 그냥 푸딩 순두부 아쉽다 멀리 평일 낮다 뒤 일정 때문 테이크아웃 매장 가격 건 퀄리티 정가 테이크아웃 반값 매장 푸딩 테이크아웃 푸딩 다르다 어떻다수월하다메론포장 만난 고 푸딩 달달 카라멜 커스타드 크림 글 부드럽다 매장 작다 편이 좌석 개정 인점 참고푸딩 시럽 좀더푸딩 푸딩 중 푸딩 인 음료 하라 곳도 간혹 둘이서 푸딩 음료 노 매장 분위기 아늑하다푸딩 탱글탱글하다너므 긔여워 기분 덧 흐흫역시 쵸코 진리폼폼 푸린 재질 커스타드 푸딩 부들부들 부드럽다 평일 웨이 팅 직전 다른 푸딩 종류 별로 카라멜 커스타드 푸딩 페퍼민트 티뇸푸딩 메론푸딩 나용진짜진짜 대신 매장 안이 협소해 몰리 대기 이유 매장 이용 유의매장 아기자기하다 초코 푸딩 진하다 편이가격 좀 비싸다오 푸딩 맛집 평일 다행하다 바로 푸딩 기분 선물 용 고마 미안하다 울 딩초 굴지푸딩 고소하다 탱글탱글하다 약간 싱겁다 테이블 인용 정도 주말 웨이 팅푸딩 굿가게 분위기 귀엽다 가게 작다 웨이 팅 필수 주위 구경 해 푸딩 말캉하다 달달망리 편 한세상 차 근처 위치 푸딩 전문점 곰 가득 매장 움 무난 편 좌석 그룹 손님 불편하다 경우 좀 듯 단체 손님 자리 구석 달라 고 요청 정도 공간 좁다 단점 지점 호불호배부르다 기도 내부 자리 포장 호텔 밑 아이스팩 런가 시원하다 비주 얼 바로 좀 부드럽다 글 스푼 부드럽다 푹 뜰 탄력 다른 딩 궁금하다 포장 보관 보관 방법 위 체리 크림 부분 뭐 어떻다 야하다 설명굳다리뷰 만족스럽다 디저트 타임 푸딩 투어 여기 여기 이사오 웨이 팅 항상 매장 피크타임 피해 온건 아주푸딩 부드럽다 달달 푸딩 글 약간 스럽다 무스 푸딩 중간푸딩 음료 가격 저렴하다가게 작다 포장푸딩 달콤 말랑하다 진 초코 푸딩 완전 커스터드 푸딩 만화 푸딩 자체 곰돌이 접시 귀엽다 푸딩 품절 다음 꼭아기자기 푸닝커스타드 푸딩 미치다 놈눈 즐겁다너 무 푸딩 못 무조건 가게 작다커스터드 푸딩 짱 포장 손님 매장 실시간 푸딩 모습 볼 자리 협소해 경우 전화번호 자리 날 연락 인 자리 테이블 카 족 맘 편하다 수다초코푸딩 투어 푸딩 가격 비싸다 좀 그렇다 카라멜 푸딩 조화 푸딩 위 크림 푸딩 조 화롭다 초코 푸딩 괜찮다 카라멜 포장푸딩 인생 푸딩 등아기자기하다 매력 푸딩 맛집 꼭 다시 재푸딩 가게 카라멜 커스타드 그림 귀엽다 달콤하다 강아지 동반 대표 디저트 낌 낌 푸딩 곰돌이 그림 귀엽다카라멜 푸딩카라멜 커스터드 익숙하다좁다 포장최고 존엄 맛집 중 맛집 좌 보고 보고 옆 보고 뒤 자꾸만 애 간장 푸딩 여태 푸딩 푸딩 푸딩 깨 푸딩 최고 다음 당 번창 욤욤잉푸딩 최고푸딩 생각 달정 말 습굳이 귀엽다푸딩 덕후 로서 일본 푸딩 뺨 부드러움 단맛 충전 필요하다 제일 건 역시 푸딩 귀엽다 단골 해푸딩 존맛 가게 인테리어 귀엽다탱탱하다 푸딩귀엽다 깜찍하다 귀엽다 뻔 푸딩 포장 귀엽꼬 깜찍쓰 매장 깔끔하다 귀엽다 곰 느낌 인테리어 스탈 쨩맨 유후포동포동 식감 최고 데코 아기자기 귀엽다 달 부담 먹기 고 푸딩 간판 앞 포토 존 시 짱 귀엽다 번창
90,구뜨몽떼,1994374300.0,평소 디저트 디저트 투어 도 는걸 바로 인생 디저트 어마 무시 고급 러운 디저트 분 꼭 후회 절디저트 행복하다 디저트 휴가 조금 특별하다 예전 보고 구 몽떼 간 베스트 초이스 인테리어 따뜻하다 친구 즐겁다 추억 디저트 덕분 따뜻하다 행 복 휴일 다음 번 예정특별하다 디저트 디저트 음료 장님 덕분 기분 행복하다 후시 프랄리 네트 개인 최애 데 시즌 새롭다 베일 리스 바닐라두번째 저번 베일 리스 바닐라 카라멜 쿠키 구매 바닐라 분 베일 리스 바닐라 퀄리티 호텔 디저트 가성 비 다음추석 패키지 날 생토노레 케이크 특별하다 날 기분 용 크림 달 걱정 조각 순삭 특별하다 날 선물 디저트 왕토요일 오후 다행하다 자리 자리 협 소하 분 자리 확인 는걸 디저트 페스 츄리 식감 분 바삭 달달 충전 제대로 재 의사점심 국밥 배 소스 패스츄리 톨 친구 모습 볼 배부르다 상태 디저트 디저트 깨달음 자세하다 궁금하다 신분 보기디저트 보기 포장 정성스럽다 바삭 페스 츄리 크림 달 부모님 매장 깔끔하다 크림 신선하다 느낌 행복하다진심 네이버 댓글 처음 여자친구 만족스럽다 분도 디저트 깊이 진지하다 음 금방 디저트 재료 대해 설명 잠깐 대화 진실되다 점심 고급 진 디저트 미팅 지인 선물 용 딱이다 자주 조만간프랑스 듯 착각 매장 요즘 디저트 빵 비슷하다 새롭다 걸 원하다 매장 구뜨몽떼 요 입 가득 카라멜 버터 미가 보기 전 무 가면 꼭 맛집 인정생토노레 푀이타쥬 캬라멜 리제 타르트 전체 밸러스 티 물 계속 제공 안내 공간 작다 고갈 자리 항상 다른 종류 보고카라멜 카라멜 막 달 적당하다 정도 당 산미 드립커피 에티오피아 드립 행복하다 라즈베리 피치 디저트 조화 피치 컴 포트 라즈베리 조합 담 포장 가능하다 상황 일 종류 보고 가게 베이스 타르트 지나 푀 주가 굉장하다 고소하다신상 부리나케 역시 아주 만족스럽다 몽블랑근처 최근 유투브 영상 보고 파이 강추 프랑스 꼭 파이 리뷰 내내 선물 포장 선물발견 보석같다 이제 디저트 선물 여기 만디저트 표현 비도 매장 오픈 첫 날 드립커피 서비스 처 음 유니크 디저트 정도 최소 스타 다이닝 디저트 정도 이렇다 혼자 안되다 포장 포장 도 고급스럽다 줄 디저트 돈 도 아깝다 여기 처음 자주오픈 런 성공 드저트 맛집 알 조화 식감 조화 구뜨몽떼 디저트 고오 선물 용 아깝다 어떻다 우리 앞 왜 서울대 입구 오픈 부탁드리다전부 사 주말 치팅 데이 재 의사 완전 사시 분 부럽다기념일 맞이 홀 케이크 푀 이타 처음 친구 만족하다 특별하다 날 준비 디저트인스타 구경 중 비주 얼 디저트 고급 진 비주 얼 역시 이렇다 고급 진 프랑스 페스 츄리 디저트 니 영광 계속 촉촉하다 겉 바삭 식감 더없이 정 신 흡입 별로 자리 다행 유명하다 기전 자주 매장오후 남아 고급 지고 기존 조화 말모 말모김 카라멜 타르트 포장 새롭다 쿠키 또또 등록 얼굴 기억 감동프랑스 디저트 디저트 맛집 여기 디저트 압도 디자인 리뷰 수가 재료 고급 진 매장 푀 주 쿠키 왕창 포장 구 뜨몽떼 디자인 구역대 디저트 입 놀랏어 일단 선물 용 엄청나다 생토노레 쇼콜라 적극 자극 분 흔하다 베이커리 질리 셧다 꼭생또노레 케이크 픽업 매장 미니미 초 당연하다 생일케이크 말이죱 케이크생일 남편 디저트 구뜨몽떼 최근 디저트 망하다 만 페스 츄리 어서 기분 트로피 컬 바질 완전 취저 상콤 계속 더블 쇼콜라 단 갈레 아몬드 크림 늘 케이정성 비 가격 정도 재료 공 조만간 다시디저트 여유 행복하다 휴일 더위 정성스럽다새롭다 가게 디저트 디저트 선물새롭다 디저트 맛집 인테리어 이쁘다 저번 디저트 반하다 이번 트로피 컬 바질 도전 최애 맛집친구 디저트 흔하다 이드 상큼 달달 친절 버세오픈 기간 거의 매진 뻔하다 오픈 다시 프랄리 네트 부모님 음료 오픈 재 의사주변 문 활짝 웬걸 패 이스 트리 디저트 가득 바로 바 타르트 친구 패 이스 트리 구매 세상 처음 황홀하다 드립커피 데 완전 찰떡구뜨몽떼 디저트 폼 미치다 존맛디저트 유목민 새롭다 정착 미치다 비주 얼 답 보관 방법 선물 느낌 낭낭 센스 장난 얼른 정식 오픈 쟌 목눈 입도 호강 압도 비쥬 얼 모든 재료 조화 신선하다 궁금하다 자꾸 아쉽다 마지막 입 땐 슬프다 얼른 정식 오픈디저트 눈 식 말 뭐 존맛 호텔 디저트 포장 깔끔하다 집들이 선물 지인 모두 극찬 순삭 존맛 디저트 알 건 올해 최대 업적달 전 별로 오늘 처음 가격표 비싸다 일단 묵직하다 내용물 꽉 걸 알 찬찬하다 공이 제품 냉장고 하루 이틀 그대로 촉촉하다 선물 장공 좁다 곳곳 꽃 화분 꽃다발 꽃 구경 재미 꽃사진가게 디저트 이쁘다 트로피 칼 번 최애 매장 이쁘다디저트 요즘 항상 디저트 가게 뭐 말 가면 무조건 가야 가게 강추디저트 전문 데 본적 유니크 달 디저트 최고 인테리어 화이트 톤 이쁘다 사진구뜨몽떼 패스츄리 디저트 계속 식 산미 부드럽다새롭다 디저트 기절 요 테이블 포장 걸베이커리 여기 포장 이쁘다 선물 용분위기 디저트 기분 포장 정성 선물모양프랑스 온 느낌 인테리어 고급스럽다 맛집 디저트 파티쉐 문공부산초 앞 디저트 원래 영수증 리뷰 앞 손님 어제 언니 크기 크게 느끼하다 순삭 요즘 적립 별로 적립 해주 시더 고요 번창친구 공간 이쁘다 가게 디저트 가게 점심 직후 달달 번 세번 무조건 진심 이쁘다 동네 맛집 기분 오픈 기간 유명하다 전 단골북적 프랜 치 맛집 어중간하다 자주이렇다 디저트 디저트 진심 리뷰 고급스럽다 계속 데 서나 디저트 감격 매일어디 서도 보지 디저트 마다 꼭 입 베 어물 정도 생또노레 마다 도장 깨보렵최근 디저트 제일 상큼 달달 질리디저트오픈 역시 선물 구매디저트 생토노레 처음 앞 자주 번창단순하다 패스츄리 디저트 패스츄리 신선하다 모양 세련 조화 세련 케익 조각 여기 생또노레 트로피 컬 바질 앉은자리 순삭카라멜 못 디저트 조만간 덕분 디저트인스타 보고 실물 선물 용 별로 박스 덕분 집들이 인기 만점새롭다 기대하다 디저트 매장 생또노레 디저트 야무지다 사디저트 편 새롭다 처음 도 다음 못 디저트 뿌수러호텔 디저트 고급 지고 이렇다 퀄리티 가격 제발 흥 인터넷 오픈 전국 배송 매장 넓다 어져 테이블 수도 맘껏 갠 만족하다 크림 음료 좀 멀다 자주 려고 디저트 진심 꼭꼭 꼭 제발 포장다른 여러 디저트 여기 디저트생토노레 빠삭하 라임 망고 크림 느끼하다 미치다 분 가깝다정성 듬뿍 디저트 디저트 분 이면 무조건진심 재 의사 처음구뜨몽떼 드립커피 디저트 짱짱휘 낭시 쫀득 부드럽다 짭쪼름 달콤 취향 저격 망태 화이팅어우 기분
91,언더지,1480159827.0,새롭다 주류 음료 일단 분위기 곶감 말 나중 저녁 맥주 고욤 꼭블랙 라떼 갑자기 오백원 할인 왜 고 요즘 날 춥다 따뜻하다 음료 할인 여 혹 시 세 맘 음악 그냥 이어폰 선곡 지기 음악 혼자 어랏 술 도 파네 지하 아지트 근처 이렇다 누구 데리 기도 데 그냥 혼자 아늑인스타 감성 신상 발견 두운 조명 편안하다 사운드 조용하다 대화 맥주 판매 말차 라떼 블랙 라떼 모두 성공 디저트 퀄리티 이번 처음 크로크슈 시카고피자 블랙 라떼 조만간 재 듯지하 건물 분위기 겸 바 어둑하다 공간 빈티 가구 묵직하다 팝송 술 디저트 안주 등 다양하다 거리 낮 낮다 분위기 지하 공간 가득 음악 소리 덕 차분하다 노래 감상춥다 중 근처 아무 기대 아늑하다 노래 음료 무엇 가격 착하다 겸 바로 운영 네디저트 곶감 치즈 호두 말 특색 아아 도 크리 스마 분위기 물 크리스마스 분위기 꼭 트리 사진 찍기 조용하다 얘기 카페인 너 무 인테리어 다음따뜻하다 음료 귀엽다 라떼아트 할인 용 개이득 사진 크리스마스 소품 완전 적극 트리 이쁘다 연말 분위기 여자 직원 디저트편안하다 분위기 평소 노래 잠깐 힐링 쿠키 영업 맥주 다른 구성 자주모카 번 싫다 혼자 최고분위기 가격 괜찮다 지하 처음 찾기 어렵다여기 아인 슈페 너 이쁘다 양도 넉넉하다 여기 공간 분위기 미치다 음악 취향 레트로 라디오 분위기 미치다 지하 아지트 낌 다음 기와 음악 술 한잔따뜻하다 조용하다 아늑하다 분위기 비 합리 가격 아지트근처 새롭다 혼자 분위기 음악 안주 모두 친구 야하다조용하다 아늑하다 음악 항상 데이트 코스아늑하다 좌석 적지 오히려 대화 편안하다 다음 밤 맥주 홀짝정갈하다 인테리어 가성 비 위스키 안주 삼중주 행복하다 오픈 기간 오늘 처음 단골 조용하다 대화 바 지로 아메리카노 신선하다 원두주변 새롭다 낮 저녁 맥주 위스키 곶감 호두 말 맥주 를 곶감 호두 말 가격 가성 비 최고 직원 나중 분위기간단하다 얘기 직원 이쁘다 화장실오픈 기간 직원 분위기 음악 취저입 술 안주 다양하다 가볍다 한잔 마시기 담 친구크리스마스 인테리어 사진 디저트별로 우울하다 찰나 발견 글쎄 마치 전라남도 보성 듯 건강하다 녹차 라떼 달콤하다 크림 씁쓸하다 기 표현 아인 슈페 너 뿜뿜 뿜기 촉촉하다 번 겨울 노래 초이스 기분위기 음악 인테리어 센스 대단하다 듯 음향 깜짝 놀란 점도 맘 맥주 종류 다른 신선하다 디저트분위기 감성 블랙 라떼 달달큰길 지하 새롭다 아늑하다 분위기 리뷰 쿠키처음 주류 매장 인테리어 소수 대화 편하다매장 분위기 아늑하다 크리스마스 분위기 낭낭분위기 데이트 장소 딱이다 맥주 라인업 알차다 다음 쿠키 데이트 장소위스키 저렴하다두번째 곶감 말 맥주 도 도 용 나중 위스키 도 용검색 분위기 아늑하다 마쓰 분위기 낭낭분위기 아늑하다 날씨 춥다 할인 해주시 쿠키바닐라 라떼 고소하다 라떼 류아늑하다 조용하다 인테리어 완전음료 전부 아지트 삼고 멋지다 귀하다 공간아이스크림 올리브유 후추 옹 간걸 처음 새롭다 용 마차 라떼 나용저녁 혼술 아지트 자주 버번 인테리어 직접 멋있다분위기 꽤 다양하다 안좋다 부분가게 분위기 대화 주류 다음 저녁 밤따뜻하다 아늑하다 조용하다 가격 저렴하다 편이 술 용 다음분위기 아늑하다 음료분위기 음식 곶감 치즈 호두 말 꼭인테리어 디저트 자주편안하다 공간 따뜻하다분위기분위기 최고노래 몇 중 분위기 꼭분위기 담분위기 완전 겨울 분위기 낭낭 매장 남자 친구 다시인테리어 신기하다 가격 저렴하다 영업 가요분위기목소리 노래 아늑하다길가 다가 오픈 곶감직원 가게 이쁘다친구 둘이서 대화 공간 음악아늑하다 노래
92,빵쌤 마포구청점,1398878124.0,시각 동네 빵집 빵맛 동네 빵집 저녁 해결 접객 기억 남아 손님 굉장하다 나긋하다 마치 초등학교 학년 국어 교과서 법 말투 말 점원 계시 원래 말투 다른 점원 분과 대화 그렇다 다정하다 접객 의식 점원빵 종류 말 보고 정도 감자 빵 달달빵 인절미 쑥떡 어쩌구 매장 넓다 대화장점 역 바로 앞 동네 거의 유일하다 장점 두루전다소 빵 거의 소진 상태 빵 사서 빵 저렴하다 편 요즘 빵집 수준 가격 좌석 넓다 대화 제격빵맛 궁금하다 갂는데 갈릭 크로와상 완전 스타일 감자 빵 위 사진 거의 빵 빵 종류 매장 넓다 직하다 담 매장빵 매장 넓다유기농 건강하다 잡곡 베이글 샌드위치 저렴하다 세트 든든하다 퇴근 후 운동 전 식사 대용집앞 그냥 빵 전체 알바 분 대정 여자 왜 불친절하다 인사 고사하고 카드 고요 오히려 안녕하다 인사 대꾸 안함 참나 여자 도로빵샘 가면 마늘 바게트 몽블랑 꼭 마늘 촉촉하다 부드럽다 바게트 결 달콤 쫀득득 몽블랑 요빵 좀비 가깝다 종종 가요베이컨 롤 생강 마늘 좀 꽈베기분위기빵 무난 빵 포장 직원 불친절이전 달리 드립커피 변경 주차 가능하다 주위 화분 기적 변하다 새롭다 변신비싸다 기대하다 빵 무척 걸 감자 빵빵 종류 서비스 빵빵 오늘 얼른 출근 잠시 화하다 요역 앞 위치유기농 빵빵 다양하다유기농 빵빵 맜있어유기농 빵 하니넓다넷이 사진 장 빵 케이크 가격 비싸다 굳다 좌석 꽤 역 바로 앞 듯좀 싱겁다 빵 입구 쇼파 의자 더럽다빵 종류 다양하다만 새롭다 빵 점심 빵 오늘 산 도넛 예상 달리 좀 뻑뻑 재 의사친구 생일 파티 케잌 매일저녁 알바 직원 불친절하다 카드 영수증 짜증 도 성질 내면 얘기 친구 무섭다 바닥 미끄럽다 말 지금 말 왜 친구 만 기분 상 접객 마인드 다시 리셋토요일 오후 카운터 알바 왜 싸가지 요즘 세상 불친절하다 인상 신경질 알바생 조카 직원 교육 토요일 손님 뭐 때문 화가 간 잔뜩 테이크아웃 계산 이어폰 아주 짜증 내면 돈 물건 기분 잡편하다 까페여기 샐러드만족역 앞 빵 요빵볼케이노 감자 빵 소보로빵 아이스 아메리카노 소보로빵 그닥 달 손 감 볼케이노 감자 빵 식사 대용 셀포 코너 포크 나이프굿굿빅맘 중년 여성 매우 매우 불친절하다 돈 기분 안상 다른 직원 계산족딸기 생크림 케이크 크림 느끼하다직접 판매 빵 케이크 진쩌 맛이썽 청포도 이드 달 맛읶어평범하다 가끔 가요빵 종류 다양하다 빵알바 직원 불친절하다 의견 대체 왜 직원 교육 직원 아주 불쾌하다 짝 빵맛 직원 대체 왜 시정 싫다고로케 색 어둡다 설마 오버 쿡 역시 가운데 밀가루 반죽 가운데 하얗다 그게 그렇다 생각 빵 자체 팔 제품 다시오늘 처음 빵크로와상 샌드위치여기 명의 알바 어쩜 불친절하다 취향 손님 본체 체 자기 손님 카운터 야하다셰프 건 특별하다 듯만족스콘 외 빵 고소하다 요리뷰 여기 알바생 왜 불친절하다 친절 구매 기분 나쁘다 말투 표정 짜증 제대로 이용 오늘 언짢다 불쾌하다 자리 환불 뻔하다만족랭거 자몽 유일하다 동네 여기 자주 빵 알바 서로 친 거리 데 기분만족굿만족지하철 앞 빵 괜찮다남양주 소금 빵맛 반하다 구청 점도 반갑다 역시마포구청역 지하 갑자기 기맥힌 빵집빵샘굳다불친절하다 반면 불친절하다 꼭 주관 로서 편이 생각 바로 응답 무리하다 요구 거절 듯이 모습 문인 중간 저리 교육 하니 직원 안타깝다 본인 맘 망정 빵 사면 학생 별 별 잔마포구청역 호선 바로 앞 오기 편하다 빵 종류빵샘 자쥬빵쌤 거리 거주 빵쌤 오픈 현재 꽤 자주 애용 부터 직원 너 무 불친절하다 가기 싫어지다 덕분 급하다 이용 오늘 역시 불친절하다 일요일 오전 바 쁜건 앞 팀 문제 한숨 식 크케 찌꺼기 세상 시끄럽다 눈치 보공주 밤빵 밤양상추 좀 신선하다 해 션요즘 빵값 비싸다 그렇다 알 적당하다 그게오늘 가격 프로 적립 전 출근 전 점심식사 대용직원 분도 수다 손님 오든 가든 관심대화 편하다일 불친절하다 인사 커녕 손님 카운터 앞 본인 수다 바쁘다 정도 꾸준하다 불친절하다 신기하다빵 종류 다양하다 꽤 넓다 머핀 카스테라 진짜진짜 부드럽다아이스 라떼최애 고구마 빵 때문 자주 항상 항상 직원 부족하다 야하다 예전 위생 전자렌지 한번 모양 더니 지금 깔끔하다 위생 르 변하다 검정색 알바 유머 스럽다 웠어 아쉽다 길다 화장실 멀다 열쇠 귀찮다굿굿특별하다 빵병원 급하다 샌드위치 출근굿 굿전철역 가까이 넝분위기 편안하다 책빵 케익 종류 주차 편하다음료 빵 다양 대화 작업 분위기 괜찮다 직원 친절 도 바사한번방도 직원 센스 넘치다 굿굿
93,리벌티 망원,1208045059.0,소금 빵 아인 슈페 너 맛집 아인 슈페 너 핑크 솔트 로투스 오레오 등 다양하다 소금 빵 종류 핑크 솔트 아인 슈페 너 소금 빵 조합 찰떡 인테리어 블랙 컨셉 깔끔하다 무드 혼카 재즈 소금 빵 힐링소금 빵 별로 리벌티 쪽파 소금 빵 존맛 매일 바깥쪽 인 소파 석 반려견 이동 가방 위 강아지 편하다 세상 쿨쿨 인테리어 멋지다쪽파 소금 빵 미치다 존맛 아인 슈페 너 크림 다른 소금 빵 분위기 굿굿 재 의사 강추분위기 소금 빵 유명하다 바나나 푸딩 히든동네 유일하다 조명 완전 다른 이전 힙 성 테이크 아웃 분위기 때문 감분위기 괜찮다 코드 마땅찮다 건 참고반려견 분위기 저녁이사 재 오픈 다해 다시 인테리어 깔끔하다 분위기 매장 전보 고급 지고 부드럽다 원두 디카 페인 분위기 맛집 사진 이사 후 자주차분하다 편안하다 분위기원래 몇 번 간 줄 재 오픈 소식 보고 바로 감 오히려 깔끔하다 모 느낌 디저트 새롭다 담깔끔하다 인테리어 달콤하다 음료 음악 딸기 라떼 딸기 은 오렌지 조각 상큼 함 더하다 쿠키 달 찰떡 친구 고해 테이크아웃 한잔 역시 친구 인정 요즘 분위기 닥 기본 분위기 재 의사 비 날 분위기명절 장 보고 카페인 수혈 소파저녁새롭다 소금 빵 미치다 냠긋매번 궁금하다 내부 인테리어 특색 특색 영업 다른 조금 조금 편안하다굿매장 이전 후 앞 자주아인 슈페 너 아이스 딸기 색 크림 요 조금 입 요 매장 쾌적하다 어둑하다 혼자 음악 소리 편소금 빵 맛집 쪽파 소금 빵 빵 쪽파분위기 화장실 완전 쾌적 멍뭉 동반 다음 번 멍뭉이처 공간 넓다굳다음악 분위기 따뜻하다 물 온도 완전 취저 노닥 거리 기 매우 무엇 꿀 앉아볼런딸기 라떼 달 위 파인애플 칩 가게 분위기 아늑하다 곰돌이 방석 귀엽다 곰 돌이 로서 굉장하다이상 디저트 무엇 인테리어 맛집 중간 자갈 손님 구 굿굿쿠키인테리어 저녁 감성고소하다 버터 향긋햔 쪽파 킬포쿠키 개인 좀 단 편핑크 솔트 아인 슈페 너 존 이치 젠 솔트 크림 입 베 어물 부드럽다 달콤하다 짭쪼롬 하늘 땅 하늘 땅 땅 땅 만큼전 친구 보고 엄마 엄마 대요 핑크 솔트 아인 슈페 너스모 쿠키 강아지 망리 분위기음료 뷰 특색오레오 케익 분위기분위기 음료 쇼파 대박 폭 신하 펀하다 분위기 만큼 매장 음악 선곡 굿자리 편하다디카 페인 선택 내부 깔끔하다 분위기밖 안이 안보 까맣다 유리 머 편하다 쇼파 괜찮다 분위기 한번 힘들다 정도분위기반하다 일부러 쪽파 소금 빵 촉촉하다 수제 쿠키 여전하다 모습 요 타입 원두 초이스 가능하다힙 디저트 분위기 꼭 데이트 코스 도 습 처 음료 아인 슈페 너 꼭소금 빵 분위기 트렌디 인테리어 음악크림 라떼 날 로투스 크림 라떼 로투스 크림 달달 쫀쫀쪽파 소금 빵 아인 슈패너 맛집미니 장미쇼파 짱짱분위기 멋지다분위기 딸기 라떼차 두 잔 로투스 쿠키 얼그레이 티 스트로베리 티 둘 풍부하다 깔끔하다 쿠키 도 매장 검은색 인테리어 매우 깔끔하다 느낌 메인 거리 위치 접근성크림 카라멜 티 달달 편하다 직원 분 로투스 쿠키 입 순식간 해 따뜻하다 연말 분위기보고 리벌티 행복하다 인테리어 멋지다 음료 독특하다 비주 소금 빵몇번 왓는데 음료 쿠키크림 라떼 처 라떼 자주음료 존맛핑크 솔 티슈 페너 맛집 보지 못 단 새롭다 조합 쿠키 직접 덕 질감 그대로 소금 빵의자 편하다 널 베리 원두 지라테이블 좌석 편하다원두 종류 선택 가능하다 혼자 바쁘다 이해 말투 기분소금 빵알바생 음료맛닜어용 분위기리벌티 분위기 사실 이치 젠 잠깐 한잔 분위기 중간 돌 무덤 딥 티크 캔들 신기하다 일단 원두 총 블랙 슈가 로제 시즌 베리 디카 페인 종류 고소하다 블랙 슈 가로 소금 빵 미치다 놈 어우 나중 꼭꼭 소금 빵 때문만족하다분위기소금 빵 존맛 웽어어 무 날 자리 온 나중 여기 가득 원두 선택 무난 낮 내부 거의 안보 문 저희 쪽 나중 음악 소리 조금 편입 니분위기오렌지 라떼 특이하다 보지 못 신선하다굿힙 카풰잔 이쁘다어디 외관 멋 스럽다 음료 컵 식 기류 고급스럽다 분위기핑크 솔트 아인 슈페 너 소금 빵분위기 욧굿소금 빵 짱음료 브리 오슈 피넛 버터 애플 아쉽다 나쁘다 쿠키가게디카 페인리벌티 소금 빵 만난 후 인생쿠키딥디 광공 느낌 인테리어 새까맣다 분위기 달리 직원 디저트 이틀 연속 자주조용하다 혼자 작업 쿠키 꼭 디저트 맛집분위기편평일 조용하다 편이이쁘다로투스 크림 라떼 존맛 효 가게 인테리어 힙 곳곳이 포토 존 사진소금 빵 바삭조용하다 비건 오트 라떼따뜻하다 차갑다딸기 이드 딸기 제철 그렇다 그냥 그렇다 대신 얼그레이 티 무화과 크림 치즈 브리 오슈소문 종류 디카 페인 다음 매장채광 맛집 햇빛 브리 오슈 전체 실패하다 무난굿
94,셀렉티드 커피앤스윗츠,1908735902.0,그냥 근처 검색 발견 웬걸 보석 발견 제일 위 원두 선택 너 무 퐁당 쇼콜라 비주 미치다 내외 죄송하다 도 노트북 손님 오히려 자리 막 여기 짐 편하다퐁당 쇼콜라 만 발견 굉장하다 기쁘다 게다가 라즈베리 조화 보기 이쁘다 기분 장님 매장 음악 선곡 편안하다 다른 종류 퐁당 쇼콜라 번창만 재 말모 꼬소 아몬 느 상 궁합 잡채 임 장님 여전하다 동안 편안하다 꼭꿀맛청순 섹시 등 팔색조 매력 보유 은지 위 생일 은지 눈 럭드 상품 거기 장님 매우 주말 알차다 마무리 여자 매우청량하다 여름 은지 생일 축하 은지 가득하다 선결 제해 준 팬 덕분 돈 절약 나눔 장님 주말 재밌다 여자 응대 반 남 기분 이용음료 독특하다 위 크림 쇼콜라 펌킨 독특하다 구수하다 호두 마루 아이스크림 배부르다 아쉽다 구황 작물무슨 말 필요하다굿 심디저트 셀렉 티드 앤 스윗 츠 망원역 인근 위치 디저트 간결하다 감각 인테리어 잔잔하다 재즈 음악 햇살 편안하다 분위기 공간 처 메뉴인 셀렉 슈페 너 브루잉 디저트 퐁당 쇼콜라 다크 초코 브루잉 커피전문점 답 모두 훌륭하다 진하다 블랙 달콤하다 크림 셀렉 슈페 너 일반 아인 슈페다크 초코 매장 분위기브레이브걸스 홍은지 생일셀렉 렉 왜 처 보고 부부 가요 인상빛 낭낭 정도 모던 느낌 인테리어 디저트 특색 습 댱 다음 호박아이돌 해 깔끔하다 넓다오늘 스콘 레몬이 녹차 디저트 따뜻하다인테리어 음료 요직원 굉장하다 인테리어 깔끔하다 디저트최애 디저트 맛집 셀렉 슈페 너 퐁당 쇼콜라 완전 퐁당 쇼콜라 고급 강추세상 퐁당 쇼콜라 심지어 왕차도 분위기보통 이상 편 호박 디저트 빵 부분 술빵 빵 단호박 크림 존 시나몬 아이스크림 정도 디졀트펌킨 시나몬 아이스크림 츠 졸맛 이예 터 트리 호박죽 퓨레 아이스크림 핸드 드립 용디저트 퀄리티 남다르다 일반 볼 고급 쇼콜라 호텔 디 코스 디저트 뺨 디스플레이 포토 존 필수국내 최초 펌킨 퐁당 쇼콜라 셀렉 티드 단호박 퓨레 페어 링 시나몬 아이스크림 아인 슈페 너 크림 진하다 원두 진해해피 데이정환 생일 추캉깔끔하다 디저트 드립커피 퐁당 쇼콜라 공간 감성 세련되다 공간매장 깔끔하다 이쁘다 영처음 원두 선택 디저트볼 서류 집중 안되다 근처 출동 어제 샵 보고 기분 생화 훅 적당하다 퐁당 쇼콜라눈굿쇼콜라 다시 음료 디저트쇼콜라 음료지금 드립커피 중 제일 내부 시끄럽다 분위기 이야기 원두 설명 토마토 걱정 반 대반 설명 그대로 토마토 신기 신기 산미 시지 밸런스 잘나다 작렬 설명 그대로 난걸최애 커피집 셀렉 슈페 너 퐁당 쇼콜라 디저트 완벽 사정 심귯고급 진 느낌 원래 셀렉 오레게이샤 일단 작업 좀 콘센트 자리 그렇다 작업 분위기 깔끔하다 집중 핀 조명도 일단 계속 예정디저트 이름 작업 집중 중간 충전 옹초코 퐁당 존맛청결하다 인테리어 멋지다 좌석 불편하다디저트 직원 기분라임 그거 취향 얼음 좀 채 밍밍 느낌 스콘 카 페 조용하다 다시주말 친구 이나 평일 혼자 느긋하다 음악 말차 쇼콜라 진하다 말차 보늬밤 아이스크림 진하다크림 진하다 여기 항상 드립커피 크림드립 코피 디저트 일일이 직접 계시 의향굿분위기 깔끔하다셀렉 슈페 너 쇼콜라 비주 다음굿드립커피 노트 특이하다 중 두번째 다른 신선하다셀렉 오레 디저트 창가 뷰디카 페인 친구 아몬드 라떼 펌킨 쇼콜라감각 디저트 훌륭하다 노력 고스 란 이제 제일 핫아몬드 라떼 고소하다 예전 핸드 드립 스콘 디저트 맛집재 음료 디저트 여전하다 룽 여전하다 다음 잉호박 펌킨 쇼콜라 이용 블루베리 라떼 달아메리카노스콘 진짜진짜 핸드 드립 기분 전환스콘 자몽 이드 장님 매장 깔끔하다 다음 다른 음료알 다음 꼭 친구 데리 요 직원 분 캐모마일 레몬 스콘 완전 찰떡자몽 다가 시지 스콘 처음 정도역시 평이 이유 저희 카카오 블랜드 드립 셀렉 슈페 너 디저트 쇼콜라 드립 유명하다 슈페너 크림 적당하다 달 덤 요 다음마감 급하다 대해 음료 아주처블루베리 밀크 스콘매장 깨끗하다 직원 음료 디저트 모두 덕분 즐겁다드립커피 분위기 시간대 혼자 사색 분위기디저트 미치다 디카 페인 맛남 시나몬 아이스크림 중이 살짝따뜻하다 티 스콘 직원자몽 이드 스콘 직원 감동블루베리 밀크 달달 스콘 둘 다음음료 스콘 항상달달 구리 바닐라 라떼 취향 저격 편안하다 분위기 인테리어 굿굿 재 의사음료 안내 자세하다직원 음료 인테리어 깔끔하다 노래 분위기스콘 로즈마리 민트 둘핸드 드립 산미 스콘 인테리어블루베리 밀크 스콘 인테리어 직원바닐라 콜드 브루 라떼 스콘 완전자몽 다가 스콘 요 최고오늘 처음 레몬에이드 뮤 스콘 진쩌 최고 홍댜 뉴 자주 진심 최고분위기자몽 히비스커스 자몽 차 스콘 거리 기도 최고대해 스콘 티 레몬콜드 브루 바닐라 라떼 얼그레이 스콘 라떼 바닐라스콘 분위기얼음 크게 사진 천장음료 음료 디저트셀렉 티드 쫀맛 스콘 개맛매장 디저트설명 펌킨 퐁당 톡 스콘 귀엽다디저트 존맛 존맛콜드 브루 라떼스콘자전거 타고 한강 일단 두 분 센스 넘치다 덕분 혼자 서도 기분 펌킨쇼콜 펌킨 쇼콜라 담백하다 부드럽다 어른 조만간 엄마 꼭 다시 귀엽다 톡 음식사진 편이 외관 사진 뿐디저트 기분
95,레귤러서비스,87350574.0,계절 행복하다 멋 부림 레귤러 서비스 특별하다 자주 발견 기쁘다 토마토 바 질소 여름 보지 아쉽다 토마토 무덥다 여름 달달 함 상쾌하다 특별하다 오렌지 꼭 꼭 꼭 무조건 보고 흠뻑샌드위치 바삭 바게트 사과 루꼴 생각 달달 샌드위치항상직접 한정판 밤 조림 아주 음료 특별하다나이스 어스 플랜 츠 식물 음악 샌드위치 다음 매장 강아지 데리 서비스 주신 수박도 고맙다공간 샌드위치 공간 리뉴얼 테이블 쉐어 테이블 꽉 차도 불편하다 샌드위치 여기 무족이름 특이하다 바게트 샌드위치 크림 바닐라 생각 여기 처 토마토 바질 꼭 맛남어제 처음 오늘 샌드위치 완전 시즌 다음 도 보고 귀엽다 강아지 손님 보고 기분 다른 가게 저렴하다 텀블러 매장 할인 빨대 사용 분 미리 말씀 귀엽다 기분 알 기쁘다샌드위치 중 제일 상큼 달달 샌드위치 난생처음 사과 별로 줄 샌드위치 숴 음악 테이블 높이 적당하다 편하다 끼샌드위치 대서 테이블쪼 오오오단골 항상 아이스 바닐라 레떼샌드위치 밀크 티 밑바닥 꿀 촉촉하다 절 여진 치즈 꼬소 루꼴 완전 찰떡 궁합 오렌지 감동항상 바닐라 라떼 아이스 마시죵마이 쪙 마이 쪙바닐라 라떼 마이 쪙기분 근처 살 자주 아쉽다 항상 서비스 과일여기 산 밀크 티 밀크 티 주변인 항상 전파 여전하다샌드위치 바질 토마토 다도 영 밀크 티 맛집 다음 밀크 티밤 조림 예약 픽업 리뷰 샌드위치 소문 자자하다 그냥 마차 라떼 마 차갑다 얼마 안되다 말 고민 선택 뇸뇸쫍쫍 샌드위치 시즌 포장 저녁 불구 고 샌드위치 신선하다 조화롭다 밤 조림 내일 요플레 친특별하다밤 조림인테리어 코지 느낌 테이블 취식 불편하다 지도 바질 토마토 색다르다 샌드위치크림 바닐라 샌드위치 바질 토마토 모두바닐라 빈 라떼 매일 멀다뇸뇸쫍쫍 샌드위치 밀크 티 조합힘 필요하다 바질 토마토 옹시즌 쵝옹토마토 바질 다가 항상 궁금하다 테이크아웃 다음 가면 샌드위치 다른 음료 보고 직원 기분매우 토마토 바질 여름 먹기마이 쪙마이쪙진심 존맛 멀다 다음여기 바닐라 라떼 인생이드 궁금하다 겨울 토마토 바질 이드 간판 작다 가게 작다 찾기 어렵다 내부 공간 비 좁다 상이 음료 엎 뻔 해 오후 직빵 덥다 눈 좀 따갑다 친절맛집 바닐라 라떼 짱포장 과일 서비스 샌드위치 다음딸 래미 기말고사 샌드위치 샌드위치 서비스 스프토바 제청 요 항상최애 바닐라 라떼레귤러 서비스 토바소 곳도 없스삼토마토 바 질소 생각토마토 바 질소다시 의향 기분자주 이용 영가게 아늑하다보늬밤항상분위기 토마토 바질 다도 뇸뇸쫍쫍 샌드위치 최애토바소 서여토마토 바 질소 벼르던 기대 토마토 무엇 다솜 사굿굿토바소 최고항상 아주 아바 쵝옹마이 쪙마이쪙샌드위치바질 토마토 이드 바 토마토 역시 최고 조합자주 마시죵 성밀크 티 크림 바닐라마땅하다 자리 인테리어 멋지다최애바닐라 크림가게 귀엽다 크림 바닐라왜 이제 알 후회 바질 토마토 음료 신세계늘음료바질 토마토직접 그렇다 밀크 티 토마토샌드위치 최고 소스언제 토마토 바질 뇹뇹촙촙 명불허전 밀크 티토마토 바질 이드만 역시 샌드위치기분 심지어밀크 티 러버아이스크림 맛집크림 바닐라 최고보늬밤 두유 요거트 소화도꺙꺙 개인 바닐라 크림 라떼 여기 바질 토마토 입문 피치천사크림 바닐라감각 인테리어 음악 기분바 질소 짱시설 편이 중요하다 생각 의치 그렇다 그냥 일반 바닐라 라떼 바닐라 크림 듯 해다이어트 불가능하다 날 즁바질 토마토 존시원하다베스트 커피집여기 지난주 오늘 내부 협소해 테이크아웃 오픈 냉장 보관 가능하다 대서 회사 스트레스 해 소용 구오 밀크 티 덕후 꼭 야합 닷망리 처음 가게 밀크 티 망리 밀크 티 바로 요 레귤러 서비스 오픈 밀크 티 팩 역시 인기 이유 밀크 티 덕후 라면 꼭 양도 빨대 금방 걸 그렇다 재 각
96,헤비타트테이블,1743487646.0,만 헤비 타트 쌀쌀하다 날 헤브 타트 아늑하다 편안하다 새롭다 머쉬룸 타코 비건 둘 다음얌전하다 상주 견 레스토랑 이자 이자 바 음식 꽤 가격 대비 양 조금 아쉽다 응대 내부 인테리어 커버 반려견 한강 지구 산책분위기 겸 위스키 바 감각 인테리어 아늑하다 무드 귀엽다 댕댕 아지트 삼고 헤비 타트 일반 머신 드립커피 티 이드 준비 각종 위스키 요즘 유행 하이 볼 술 오기 고 가볍다 캐 주얼 브런치 브런치 헤비 생각 전 치즈 타코운 채소 닭고기 토마토 스튜 참나물 타코 추가 설거지 이렇다 브런치 귀엽다 상주 강아지 마리나 행복분위기 멋있다 위스키 종류 휘슬 피그 글렌드로낙 기본 안주 초콜릿 신기하다 스낵 주신 한가지 여기 음악 선곡 다음 포장 분 이제 분 위기 혼술 근처 행복하다 자주 바틀 가격 저렴하다 타코 강아지 귀엽다 대형견모든 완벽하다 다양하다 주류 음식 음악 등 모든 매장 인테리어 유니크 매장 식물 분위기 아주 편안하다 장님 무척 주류 편하다 분위기 속 대화 여유 분 강력하다줄 웬 걸 알 타코 치킨 맛집 타코 치킨 타코 두 종류 각자 매력 둘 일주일 세번 오후 술 타코 치킨 꼭 바 요근처 겸 바 다양하다 특별하다 자주 어질다 술 안주 분위기 어디 아침 타코 포장 왜 다음 날 날 한강 포장하이 볼 서식지 참나물 타코 조합 미치다 서식지 무화과 최대한 소식 좌 타코 세트 딱이다 가게 분위기 구인테리어 분위기 새롭다 출시 시나몬 포춘 스틱 안주 먹기 딱이다 완전앞 오늘 운 리버 사랑스럽다 친구 강아지 행운 땅 위치 멍 친절 최고 필터음식 참나물 포크 입 입 아주 위스키 가격 저렴하다 매장 이쁘다 음악 분너 무 원두 설명 그대로 열대과일 신기하다 공간 구경 내부 사진 좀 막 가게 강아지 두 마리 귀엽다 싫어하다 지진 못 자주 눈 도장 구 헤비 타트 치킨 로스 터신상 까페 인테리어 멋지다 굉장하다 감각 분위기 그렇다 기본 음료 저녁 식사 겸 요리 맛집 장님 멋지다 까페 자주 번창인테리어 취향 저격 공간 새롭다 오픈 음식 인 기준 허브 닭 구이 무조건 참나물 타코 입 가득 극락 위스키 종류 다양하다 다음 한잔다크 초콜릿 쿠앤크 도넛 자꾸플랫 화이트 호주 온 기분하이 볼 맛집 판매 중인 모든 하이 볼 한번 전부 특색 중 청사 말차 무화과 서식지 강추 하이 볼 분 꼭 보시토마토 치즈 스튜 브런치 단골 동네 분위기 가격 착하다 장님 멋있다 느낌혼술 음식 만족스럽다 첫 몽키 숄더 바틀 결제 이유 다음 시 일행 위해 이렇다 미국 유학 시절 추억오픈 한지 얼마 안되다 최고 장님 유명하다 지지마 유명하다 유명하다 유명하다 지지마 자주 번창 최고인테리어 분위기 노래 음료 조명 모든 환상 공간 혼자 친구 사랑스럽다 가족 반려동물 헤비 타트 다음 다양하다 음식 음료 최고푸릇푸릇 에스 닉 분위기 오이 바질 하이 볼 신기하다 달 청량하다 선호 아주 치킨 로스 터 홀린 듯 사진 귀엽다 강아지 인테리어 멋지다 번창 헤비 타트닭다리 살 요리 처음 부드럽다 닭고기 허브 미치다 조합 가니쉬 음료 알콜 논 알콜 음료 다양하다 한강 공원 근처 분위기 찾기 힘드다 가게 식물 용반려견 동반 가능 분위기타코 간만 힐링 장님 자주 행복음식 스타일 만족 매장 분위기 힙 친구 술 분위기 내기장님 심 귀엽다 멍 모에 인테리어 분위기 취저임 다음낮 밤 술 음식 장님 편하다 대해 인테리어 멋있다 매장 곳곳 식물 기분분위기 나용퇴근 분위기 하이 볼 맛집 분위기 한잔 완전멋지다 공간 산미 풍부하다 애견 동반 가능하다애견분위기 타코 존맛 해비타트 치킨 대박 자주 혼 술집낼 월욜 아쉽다 달리 참고 맥주 만족하다음식 음료 분위기 공원 앞 한번타코 를 참나물 줄 이제 다음특별하다 일단 분위기 저녁 만족스럽다 핫초코 과일 디저트 초콜릿 과일 굿지인 가볍다 생각 타코 퓨전 그렇다 한국인 입맛 느낌 여러분 젭알 처 치킨 뉴 꼭 허브 낙 낙하 리 어딘가 리 기억 하이 볼 위스 키도 추가 말차 하이 볼 아쉽다 담 오픈 자마자분위기 편안하다 강아지 편안하다 간단하다 식사 때론 간단하다 알코올 간단하다 캐 쥬얼 장님 강아지 이사 날수분위기 매장 깔끔하다 귀엽다 강아지 근처 여기 자주신상 다양하다 술 재미분위기 음식 짱짱 강아지 귀엽다위스키 먹기 음식 사진 일분위기 최 곱다 여자친구 애견 동반 귀엽다 댕댕퇴근 입맛 타코 위스키 생맥 최고브런치 알 약간 술굿분위기 음악 소리 좀 작다분위기 국적
97,리오네,1149154061.0,금요일 오후 케익 아숩 꿀 고구마 메론 케익 부드럽다 촉촉하다 테이블 가게 작다 명정 끝마틸다 케이크 남자친구 특별 선물 초코렛 아주 고급 진 낭낭 너 무 최고 케이크 다른 케이 쿠도 종종 인생 케이 큐케이크 맛집 리오네 역시 르꼬 르동 블루 출신 런가 다르다 달라 입 살살 크림 디저트 류 싫어하다 남편 순삭 메론 우유 케이크 꿀 고구마 케이크 달 부드럽다 촉촉하다 시트 최고 선물 용 푸딩 택배 감동 단골 무조건 재 예정 오몇번 디저트 맛집 새롭다 귤 케이크 촉촉하다 부드럽다 시트 귤 놀래다각모 케이크 종류 별로복숭아 요거트 푸딩 더치 조합 최고 중간 중간 과자 과일 상큼 고소 담백하다 입안 내내 행복하다 역시 디저트 항상 흑임자 품절 다음 꼭 흑임자 다시고구마 라면 환장하다 리오네 꿀 고구마 케이 쿠 출시 소식 호다닥 항상 레전드 댱 노트북 가요메론 우유 케이크 기대하다 이상 부드럽다 초코바나나 케이크 초코 바나나 다음 케이크 다정하다 서비스 덕분 더욱 행복하다 날 리뷰 조금 감사바나나 푸딩 궁금하다 사르르 메론 케이크 순삭 무화과 휘기 클리어 돼지 일산 리오네 케이크 진보 새케이크 지고케이크 싫어하다 친구 두 조각 다음 여기 포장인스타 보고 혼자 메론 케이크 케이크 적당하다 메론 가요 의향종종 케이크 맛집 한번 푸딩 달진짜진짜 메론 케이크 달 전 홀 케이크 햇 친절 분다 인상 샤휘기 왕맛 도리 무화과 레몬 조합 처음 콤 달콤하다 조합 깜짝 무화과 무게 감 느낌 디저트 식감 달라 재미고구마 케이크 아아 찰떡 생크림 느끼하다 고급 짐 케이크 여기복숭아 요거트 케이크 미치다망고 케이크 규 메론 머 그렇다 한번 히힛 시트 입 레알 담 초코바나나 달리오네 푸딩 처음 역시 요새롭다 복숭아 이름 걸 적당하다 요거트 복숭아 큼직하다 복숭아 누 복숭아 요거트친구 생일 위해 리오네 재 기념일 케이크 한번 구매 과일 비주 얼 굿 요 케이크 즐겁다 추억망고 케이크 존맛 디저트 중 제일 애정 미리 예약 뻔케이크 이쁘다 보 디저트 맛집 기분 다음 수박 케익복숭아 케이크 완전 식 그냥 촤파이 류 달 적당하다 푹 망고 케이크 호다닥 망고 생크림 부드럽다 놀래다 친구 생일 요것 사서 분도 기분 습 닷케이크 유명하다 인스타 보고 초코 고급 진 초코 케이크 맛집타르트 청결하다 일단 직원 지층 편하다케이크 포장해마 몽블랑 몽블랑 팔지 인스타 수도 문제 픽업 때문 계시 개인 쌀 푸딩 취향펌킨 파이 콘 파이 달콤하다 파이 바삭 고소하다 다음 초코바나나 파이디저트 선물 분 나중레몬 타르트 적당하다 산미 바닐라 순삭케익 가격 괜찮다 다음몽블랑 오레 디저트 맛집 가격 세고 크기 작다 눈물 입 순간 용서 달 재료 본연 깊이 천상 온 느낌 오레 형언 이제 디저트 탑디저트 장인 이구 설날 구 종류 별로 여 기 케이크 한번 꼭새롭다 오픈 오픈 기간 매장 깔끔하다 디저트 여전하다 화장실매장 계단 다르다 화이트 인테리어 느낌 확 깨끗하다 밀크 티 달 무난 딸기 라떼 디저트 음료 눈 보기 달 다음 다른 디저트 볼 예정최근 디저트 중 제일 펌킨 파이 페이스트리 호박 필링 조합 인위 단맛 재료 본연 지고 페이스트리 식감 버터 호박 디저트 려 파이 일 정도 구현 디 저트 크림 디저트 크림 시트 견과류 미로 흐름 취향 디저트 디저트 맛집디저트 찾기 힘드다 여기 디저트 존맛 비주 미치다 고급 진 디저트 볼 엑설런트 라떼 완전 분위기 따뜻하다 사진 설명디저트 맛집 유명하다 궁금하다 모든 디저트 단맛 강하다 차분하다 매장 분위기 마음 프레지 강 추하다네이버 미리 디저트 예약 몽블랑 괜찮다 얘기 무난 직원 편입 니펌킨 파이 맛집 펌킨 파이 원래 여기 최곤거 겉 페스 츄리 식감 부드럽다 진하다 단호박 가득 인테리어 깔끔하다 여유 워 대화인테리어 취저 친구 디저트인스타 신상 소식 워낙 괄호 디저트 항상 이번 기대 역시 이번 성공 날 핫초코 프레지 몸 녹 가요재 여전하다 하얗다 깔끔하다 매장 이구 번 새롭다 무스 케이크 달콤 짭쪼롬 삼박자 조화롭다 페레로로쉐 무스 케이크 버전 랄 조용하다 분위기 디저트 딱이다여느 보기 힘드다 전문 아주 디저트 다양하다 준비 가끔 디저트 찾기 아지트 삼고 디저트 맛집프레지 딸기 부드럽다 매번 디저트 짱짱정성 가득하다 파티셰 쁘띠 갸또 티크 처음 디저트 각 과일 상큼 달큼하다 무스 케익 상달 파라 무조건 크림 펌킨 버터 향신료 가을 겨울 요 강하다 누구 정도 화장실 실내조용하다 심플 분위기 감성 소품 거기 디저트 만족하다 비주 얼 고급스럽다 디저트 단호박파이 은은하다 단호박 바삭 페스 츄리 파이 매력 트러스 상큼 레몬 유자 미가 진하다 새 콤 달콤하다 계속 손 과 적당하다 단맛 끝맛 깔끔하다 스타일 귀엽다 사이즈 후식 먹기몽블랑 매번 겨우 구매 펌킨 호박 파이 할로윈 에디 션 구매 매번 가격 아깝다 말 해 본적 프랑스 배우 신분 고급 지고 친구 감탄레몬 디저트 상큼디저트 천국 입 사르르 몽블랑 고소하다 펌킨 파이 스트레스 확무 스케 이쿠 무스 케이크 미치다몽블랑 군데 가게 특징 괄호 몽블랑 취향 요 부드럽다 고급 진 꼭프레지 딸기 콤 달콤하다 크림 금방 용몽블랑 베리 소스 상콤 할로윈 맞이 펌킨 디저트이렇다 디저트 처음 펌킨 파이 단호박 최고 라떼 거품 성하다 달달 친구 데리 기분몽블랑 포장 여태 몽블랑 중 제일 몽블랑 밤 크림 킥 듯 다른 디저트 몽블랑 후회 조만간 다른 디저트인테리어 매우 깔끔하다 차분하다 분위기 몽블랑 프레지 포장 둘 프레지 경우 딸기 딸기 크림 몽블랑 타르트 바삭 고소하다 밤 크림 포장 다른 디저트 보고분위기 깔끔하다 집중 밀크 티 딸기 라떼 올해 밀크 티 제일 딸기 라떼 생 딸기 우유 느낌 무조건 초당 옥수수 디저트 입 살살 군 옥수수 박하 꼭 보라 처 펌킨 파이 느끼하다 달 괄호 음료 디저트 전부 맛집 인정모던 심플 분위기 괄호 지나 한적하다 골목 아담하다 디저트 독특하다 기발하다 요 친구 가볍다 수다 가면다만 인스타 프레지 모양 달라 실망 밑 부분 딸기 크림 물기 흥건 다음 디저트 모양 인스타 공지 친구 프레지 생각 먹기 그냥아이스티 샷 추가아늑하다 용 다음몽블랑디저트 종류 초당 타르트 펌킨 파이 매장 트러스 타르트 포장 뒤 모두 분위기 아늑하다 다른 디저트 정도 취향굳귣깨끗하다 채광 분위기 최고 여기 디저트 맛집 초당 완전 강추 핵존맛만해디저트 기대하다 먼저 눈 대감 생기 달달 디저트 행복하다 내부 테리어 깔끔하다인스타 새롭다 디저트 초당 항상 차별 디저트 개발 조만간부드럽다 아기 괜찮다 쌀 신기하다디저트 달달음료 디저트 여름 한정 티크 초당 꼭 함 디저트 맛집 다음여기 디저트 분 이쁘다 능라떼 달달 전 땐 다르다 펌킨 파이 크림 치즈 부드럽다 호박 무스 딸기 바닐란 부분 달달 묵직하다 바닐라 푸딩 느낌 베리 콤포트 콤 조합매장 깔끔하다 직원 디저트 흑임자 라떼 크림말차 라떼매장 쾌적하다 디저트언제 혼자 오기 디저트작년 여름 인스타 보고 펌킨 파이 보고 역시 빛 항상 늘 디저트 적당하다 매력굿디저트 호박 먹기 딱이다디저트 냄새 재 의사 완전젠 괄호 다른 느낌 새롭다 펌킨파 에그타르트 오늘예뽀 날 배부르다 디저트 아쉽다굿굿깜놀처음 디저트 맛집 뒤늦다 알 난 후 디저트 디저트 때문 예정 사 장님 완전 리뷰 번창만 점점 기분 탓 가게 테이블 의자 위치 까눌레 레전드타르트 류 심플입구 찾기 약간 어렵다 계단 마자 분위기 아늑하다 화장실 깨끗하다 손 핸드 로션 준비 완 전 마음 음료 디저트 맛집 타르트 배부르다 계속 손 가요 일굉장하다 심 레몬 얼그레이 쿠키타르트손바닥 작다 디저트 이상하다 부담스럽다 헤이즐넛 초콜릿디저트 맛집맛집 매일 인생 듯 직원 깨끗하다 이쁘다디저트 널리 널리 알리 맘 가게 여기 디저트 본인 매번 타르트 마들렌 중 디저트 살 살 화이트 톤 매장 자체 여심 저격 자체 하남 정도 고요크리스마스 분위기 전이 다른 가구 배치도 완전 스타일 딸기 라떼 딸기 타르트 킹왕짱 괄호 짱쿠키 포장 매장 딸기 라떼 타르트 역시 디저트 맛집 요 오늘타르트 먹기 아깝다 정도 기분 소품 인테리어 덕 미리 크리스마스 분위기 도분 조카 타르트 해예전 오픈 기억 여전하다 분위기 직원 춥다 매장 따뜻하다 춥다 재굿바나나 타르트 입 사르르 아침 아메리카노 오늘 바나나 내일 딸기 요 레몬 얼그레이 쿠키 순간 행복 만점새롭다 디저트 사진 이번 에두 셀카 가요
98,카인들리,1817130798.0,우드 톤 아늑하다 따뜻하다 성의 처 흑임자 라떼 허브 티 다도 장님 수제 움 과자 꼬소 꼭완전 카인 나이스 흑임자 라떼 한잔 파리 브레스트 흑임자 고소하다 깊다 미가 가득하다 부드럽다 쌉싸름하다 고급 진 파리 브레스트 프랑스 파리시 브레스 자전거 경주 기념 위해 바퀴 모양 링 모양 운 슈 반죽 크림 겉 살짝 바삭 쫀득 촉촉하다 안쪽 깊다 진하다 고소하다 부드럽다 크림 헤이즐넛 땅콩 은은하다꼭 한번 분위기 아늑하다 움 과자 종류 다양하다 처 음료갑자기 라떼 걸 에쁜 마들렌 휘 낭시 중 빵 돌이 그냥 흑임자 마들렌 과 레몬 완전 세상 필링 모 진심 어떻다 궁금 바 고급 진 호텔 디저트 느낌 주섬주섬 선물 겸 마들렌 과 좀 사고 딸 먹이 학원 샘솔티 카라멜 휘 낭시 달 버터 호텔 부럽다 디저트 얼그레이 마들렌 얼그레이 재 각여기 디저트 데 종류 흑임자 마들렌 최고 다음 인테리어 완전 아늑하다 구새롭다 완전 핫 예감 햇빛 사진 휘 낭시 다음오픈 부터 오픈 스욤 디저트 완전 대박 글구 쵝오욤 서비스 주시 스욤 단골 이예 멀다 꼭 욤서비스 디저트 가성 비 오픈 한지 달 서비스 디저트새롭다 두 분 분위기 주변 그냥 가깝다 이제 여기 자주 가요 마들렌 친구 선물 선물 포장 음 앞 더더 단골 예정 카인 번창음료 트 라떼 흑임자 라떼 고소하다 매장 조용하다 분위기 면 전체 유리창 날씨 기분 레몬 마들렌 얼그레이 마들렌 초코 휘 낭시 로투스 헤이즐넛 휘 낭시 빵 얼그레이 마들렌 다음 가면 꼭처음 부부 분위기 종종두 분 누 띠 휘 낭시 분위기귀엽다 디저트 발견 메인 코너 귀엽다 감성 디저트 빵류 원래 아이스 류 얼음 반 음료 조금 음료 아주 잠깐 이야기 빵 직접 빵 인테리어 귀엽다 데이트 종종 번창자주지난번 아주 이번 포장 재 역시 반갑다디저트 차갑다트 라떼 인상 내부 분위기이쁘다 디저트 분위기 자주산미 바디 감 디저트 빵 채 고급 진 재료 믿음 종종 디저트 픽업디저트 가성 비 공간 좁다 편이 알차다 아늑하다 느낌 주중 아주 충분하다보시 음료 디져트 무엇 항상 맞이 햐 주시 내외 친절 매번 가족 힐링디저트 단골동네 여기 디저트 가요디저트분위기 디저트휘 낭시 맛집 종류
99,소소 베이크하우스,1405907736.0,거리 주로 배달 만 처음 할라피뇨 치즈 치아바타 두둥 얼른 사서 바로 매콤 매력 치아바타 자체 무슨 재료 시금치 치아바타 시금치 값 터 무니 당분간 얼른 시금치 값 시금치 치즈 치아바타 바 요 빵 사랑 오래오래 장사 욤메이트 자주 번 빵 소소하다 아기자기하다 진열 편이 점원 분 점원 분 바로 포장 그렇다 작다 흥미롭다 빵 번 언제 빵 구바게트 빠삭 꼬소해 살라 꼴 신선하다 요운동 종류 재료 실하다 바게트 류 샌드위치 도 가능하다 다음 샌드위치 도전 예정 빵 부담 먹기바게트 빠작빠작 담백하다 치아바타 쫀득 부드럽다 바게트 샌드위치 구입 하몽 치즈 조합 루꼴 근처 행복하다 베이커리작고 귀엽다 빵집 종류 다양하다 바게트 샌드위치 강추어떻다 바게트 샌드위치 육천원 간이 아주 버터 하몽 양도 적당하다 밸런스 다른 샌드위치 듀 보고더니 빵 루꼴 햄 바게트 샌드위치 굿빵 종류 분위기 아쉽다베이커리빵집 기적 빵 신선하다 바삭 마음동네 자주 사 빵집 기적 치아바타 바게트 플레인 빵 종류 담백하다 매장 샌드위치 류동네 빵집 용 마늘빵항상 사진살라미 루꼴 바게트 샌드위치 겉비 촉 에그타르트 촉촉하다 부드럽다 매장식빵에그타르트 기대하다 밤 식빵독특하다 건강 빵이름 소소하다 아담하다 작고 귀엽다 베이커리 가게굿여기 바게트 치아바타 크로와상 예술 빵 바게트 그냥 루꼴 샌드위치 어나더 레벨 치아바타 퐁신퐁신 쫀득쫀득 최애 식사 빵 크루 상 겉바 촉 달콤하다 버터 애플파이 기본 훌륭하다 사과 쫙 달 모 외국 친구 한국 여행 꼭 소개 최애 빵집직접 바게트 샌드위치 양도 짐 빵 바삭 루꼴 듬뿍밤 식빵 에그타르트 퀸 망치아바타스콘 바게트 샌드위치 입천장바게트 빵집 겉 바삭 속 촉촉하다 바게트 꼭월요일 여 몇 빵집 귀하다 사실 구청 쪽 제겐 다소 멀다 황금 점심시간 이용 종류 바게트 기 하몽 버터 샌디 치 자주굿샌디 치 에멘 탈 치즈 프로슈토 루꼴 바게트 샌디 치 환상 토마토 치아바타 완전 발효 예술바게트 샌드위치샌드위치 파운드 케이크 요빵 다양하다 다양하다 종류 바게트 샌드위치 볼 더욱빵젊다 오빠 조그만 빵집빵 종류 빵치아바타 촉촉하다 최고빵굿 굿바게트 샌드위치 종류 여러가지 부드럽다 바삭 빵 종류가성 비도 샌드위치치아바타 바게트 호밀 견과 스콘 등등 소화도 요 치아바타 취향 저격알 바게트 자체 바게트 종류 여기 무화과 바게트 환상 흑임자 치아바타 가격 최고애플파이 달 밀도 높다 사과 바게뜨 샌드위치 바로 관계 아쉽다 내일 호두 파이빵류 타르트 밥빵 샌드위치 기성복 비닐 사용 좀 바람하몽 바게트 샌드위치바게트 샌드위치 도장 중 루꼴 샌드위치 최고샌드위치 요빵최고 빵 소중하다 샌드위치 퐈리 성바게트 갓 걸 비닐 입구 겉 속도 그냥 촉촉하다 기회 한번 생각좀 아쉽다 빵식빵빵빵빵빵빵빵빵빵샌드위치 기본 충실하다오늘 덕분 동네 다시빵급 근무 문 무화과 바게뜨 호두 파이 최애 루꼴 바게뜨 샌드위치 살 라미 프로슈토 루꼴 라가 목 설날 늠므늠므 마이샌드위치빵빵빵빵빵빵여기 최고 무화과 바게트 흑임자 바게트 꼬소 가격 컷팅 먹기 편하다 왜 이제 팥 버터 팥 버터 적절하다굿밤 식빵 구매 식빵 담 우유 식빵 도전말친구 완전 빵 원래 바게뜨 류 미치다 담날 수요일 품절 목요일 무 출근길 아예 하몽 버터 담백하다 무심하다 왜 빵 안좋다 속편 베이 알 친구 고맙다굿굿바게트 종류 바게트 샌드위치 크로와상 루꼴 루꼴 듬뿍바게트 샌드위치요기 바게트 흑임자 바게트 오늘 처음 고소하다타르트 존맛역시 오늘 거리 배달 몇번 접 샌드위치 빵 에그타르트 오늘 은 분 택시 타고 욥 역시 후회 고프다 충 동이 정도 여러분 어떻다 빵 선택 후회 한번 번 세번 재 의사 번창빵바게트 샌드위치 살라 꼴 샌드위치 겉바 속초 기분 참깨 바게트 그냥 자체 고소하다최고 바게트 맛집 바게트 샌드위치 전 참깨 바게트 제일 고소하다웨이즈 굿굿굿굿굿여기 빵 빵 리기 전 꼭
100,고카페인클럽,1502148422.0,평일 복잡하다분위기 조용하다 영업너트 아일랜드 마지막 소문 꼬숩 텁텁할때쯤 탄산수 최고기대하다 음료 디저트 매장 분위기 신지 직원 퉁 스럽다 귀찮다 듯 설명 베스트 인사 인사 벽보 인사 주민 지인 중 소개보고콜드 파스타 오이 샌드위치 굿굿음악 군인테리어 음악 취향 보통 이렇다 인테리어 별로 치가 괜찮다 투고 할인 베이비 팬케이크 배고프다 적당하다 당 보충 괜찮다 종종 투고 이용 예정 주차애견 동반 가능 동네 작다 가게 단골 꽤가면 항상 크레타음식혹시 예전 브런치티 아일랜드 고소하다 달달 종종아이스크림 채광 맛집핫초코 맛집 그냥 저렴하다 코코아 가루 초콜릿 달 겨울 딱이다 한잔 한잔 냄비 따뜻하다 겨울 한정 꼭꼭커다랗다 창 빛카푸치노 치아 매일굿디저트티 아일랜드 티라미수 처 봄티 공간 작 분위기 탄산수진하다 고소하다 에스프레소 처 너트 아일랜드 꼭 필수 티라미수 에끌레어 밑 해 위 티라미수 크림 가득 가득하다 위 피스타치오 분태너트 아일랜드 특이 하규 아이스크림 올리브오일 후추전체 괜찮다 가게 조금 좁다 스피커 음악 소리 굉장하다 커서 대화 어렵다 볼륨 조절 안되다 론 사용 스피커 조절 안되다 리가 재생 방식 어떻다 안되다 궁금하다 남자 보 시 분 마스크 직원 응대 아쉽다 과 서비스 그냥데 인기 아담하다 인테리어 톡특핫초코너트 아일랜드 땅콩 진하다 티라미수 조금 짭쪼롬티라미슈 굳다분위기 음악 나중 다시너트 아일랜드 땅콩 크림 묵직하다 탄산수 센스롯데 백화점 팝업 득템걸 구매 실패하다 크레타매번 가면 손 가득 용오늘 점심 팝업 오픈 첫날 어수선하다 다르다 그렇다 계산 분 응대 기본 일 싫다 억지로 물건 사고 기분 불쾌하다너트 아일랜드 요매장 테이블 쾌적하다 인테리어 소품 감각 통창 햇살크림 라테 증 인스타 팔로우 이제야 내적 친밀 감 반갑다 리지 뻔하다칭구 나다해 너트 아일랜드 뻥 뻥 진보항상 가면 기분굳다위치 조금 아쉽다 너트 아일랜드 사진 보고 마켓 덥다 분위기 힙 음악 인테리어 려 아메리카노 산미 좀 쎄다 편이 너트 아일랜드 얼음 뜨겁다 샷 입안 먼저 차갑다 부 드럽다 크림 끝 텁텁 탄산수 소량 저희 굳이 쿠키완벽조용하다 분위기굿조용하다 대화 감성음료 저렴하다쉘터 와인 어포 크레타 타르 타르 소스 궁합 와인 안주 최고 구매 역시 타르 타르소스 레놀라 매장 분위기 최고 그렇다꼭꼭 꼭 라떼산미 강 추하다 쪽파 크림 치즈 그렇다 요거트 고소하다근래 라떼 류 중 제일 노래 취향 공간 애견 동반 가능하다 더더산미 상당하다 편이 그냥 그렇다 인테리어가게 작다쿠키 콜드 브루 드립 낱개 판매 요괜찮다넓다 조용하다 오기타르 타르 소스 입 소문 뭐 스임 연어 샐러드 빵 등등항상 어쩜 오늘 게이샤굿굿인테리어 아래층 마켓 도 담 쿠키고소하다너트 아일랜드 텁텁 탄산수테이블 합석 마음 이드 쿠키괜찮다그렇다 포장 다음 매장 보고 작다 분위기훌륭하다 특이하다 탄산수 좌석 별로 아쉽다 뿐 그릇 생각 종류너트 아일랜드라떼 연하다 우유 조금 달라 안되다 아쉽다타르 타르 소스 구매 매번 드립커피 완전 만족스럽다타르 타르소스 대박 그렇다 쿠키 의사굿애정가게 직원 무엇 타르 타르소스소스다음 쪽파 크림 치즈타르 타르소스 기분 산미늘 아틀리에 크레타 뭐 살 고민 행복하다 타르 타르소스 최고타르 타르 소스 구매웬만하다 건 가격 대가 좀 비싸다 타르 타르소스 냉장고 항상 구비 야하다소스밥 대신 여기 탕진 그렇다 타르 타르 소스 덥다 타르 타르 소스 그렇다 사서 거의 상한 도 양 작다 배항상 최애굿비싸다그렇다 궁금하다 카카오 그렇다 요선 드라이 드 토마토 드립 써머 샐러드 그렇다타르 타르소스 강추그릭 요거트 시중 판매 제일그렇다 콜드 브루장소 다소 타르 타르소스아틀리에 크레타 날씨 날 브런치 건 저번 그릴 샌드위치 아이스 필터 콜드 브루 사면 레커 피 해먹 욥그릭 요거트 무조건 사컵 이쁘다굿웨이 팅 장난 가치
101,요거멜로우,1475750515.0,배민 매장 벌써 번은 정도 최애 그릭 요거트 주말 휴무 만 역시여기 처음 과일 왕창 청포도 짱 그릭 요거트 존맛식단 조절 위해 샐러드 원래 요거트 전문 그렇다 토핑 추가 요거트 과일 채소 전체 신선하다회사 가깝다 성하다 내용물 생각 가격 저렴하다 요거트 전문점 샌드위치 종류 고민 식사 대신매콤 오늘 소스 좀 과 자꾸 흐름샌드위치 음식 말 우리 뒤 분 먼저 간단하다 먼저 먼저 야하다 직장인 가기 허겁지겁 코로 입 점심처음 조합매장 작 청결하다 샐러드 샌드위치 가성 비 듯인심 개미 친 감동 리뷰 그릭 요거트 촉촉하다 편이 생크림 덕이 매력 무조 쿠 아이스 홍시 그릭 요거트 조합 거기 얼그레이 그렇다 환상 조합 사랑 주민샌드위치서점 두번째 샌드위치 샐러드 역시 배부르다 그릭 요거트 걸 그렇다 혼자 먹기다른 보고샌드위치 속 연어 굉장하다 싱싱하다 요거트 조합 신선하다 그릭 요거트 딸기 바나나 견과류 등 토핑 실하다 말 모해 담 가야요거트 궁금하다 샐러드 가게 햄 치즈 포테이토 통밀 식빵 선택 저녁 샐러드 먹기 오늘 빵 샌드위 생각 이상 재료 다양하다 신선하다 상추 부드럽다 식 무엇 소스 양배추 샐러드 드레싱 소스 살짝 아쉽다 정도 포장 막그릭 요거트 양도 짐 감동 다양하다 새롭다 몇 번 왜 저희 쪽사이즈 식사 대용 든든하다 클린 만족스럽다 다른 궁금하다뎅 샌드위치 빵 조금 퍽퍽굿굳다만 역시 꿀맛 요 아가 베 시럽 딸기 블루베리 치즈 조합왕샌디 치 요거트 볼 처음 스텀 로만 순삭 시럽 조금 달라 요청 그릭 요거트 풍부하다 다이어트 꼭 애용괜차운동 가볍다 먹기부드럽다 요거트 질감 지난번 견과류 헤이즐넛 쩐내 심하다 조금 신선하다 질 견과류 사용 건강하다 요거트토핑 요거트 충분하다 배부르다 완전굿그릭 요거트 검색 은근 양도 넉넉하다종종 구굿샌드위치그릭 요거트 예전 오늘 전 로투스 시나몬 입맛 무화과 좀 자극 물이 다음 직접 토핑 나머지 토핑가볍다 먹기 괜찮다굿요거트 항상 만 역시항상 여기 만 그릭 요거트 과일 라지 사이즈 좋아욤 메이플 시럽 추가 더더 염요거트 직원최공요거트기억 재 이번 포장 참치 아보카도 제일 조합 새롭다샌드위치요거트 음료주위 요거트 샐러드 친구 분위기 편안하다 양도 적당하다 머성비굿굿그릭 요거트 중 제일 오늘요거트 끼 식사요거트 과일 신선하다 요 무엇 토핑 추가 매장 명 팀 정도 가능하다 협소 편 테잌 아웃 분 웨이 팅 하진청포도 추가 완전 강 추하다최고샌드위치 자주아침굿 이쁘다작다 가게덕 요거트 치즈 돈아주굿굿완전 토핑 짐저녁 인기시나몬 로투스 허니 시럽 선택 그릭 요거트그릭 토스트 요 실패하다 요완전 단골스텀 자신 역시 원래 젤로 돠 스텀 망하다 시럽 쪼끔 굉장하다 퍽퍽함양도 덕처음불친절하다 좀 영혼 요자주 날 요거트 다르다 직원 어떻다 날 불친절하다 그렇다 날 요거트 양 굼요거트 덕그릭 요거트 유청 거가 안되다 처음 요거트 묽다 가게 지저분하다배달 그렇다 쫌키 오스 이제 카드 손 과일오늘 어텀 짱짱덜 달요로우 동네 이사 건 배달 로만 직접 사서 포장 감사친절 해오늘얼그레이 요거트 흑임자 오레오 요거트 생각 달기 별로 조합 조금 그렇다세상 그릭 요거트 재료 신선하다 샌드위치오픈 항상가격 적당하다 양도굿덕 토핑 조화 전혀 특이하다요거트 왓는데 요거트코코넛 칩 짱 요거트 상큼 과일 신선 공덕 점도 파굉장하다그릭 요거트 블루베리 퓨레 취소 시럽 시럽 그릭 요거트제일 간 가게 엄니 돈 가난하다 학생 돈 통장 제발 좀 개발 정도 통장 읍요새 그릭 요거트 유행 한번 동네 구매 보 다만 가격 양은 조금 흠요거트얼마 안되다 알 요거트 흔하다 요거트 맛집 약간 의사소통 문제 다시 사이즈 샌드위치 재
102,이노몬트,1799713903.0,구청 공리 위해 디저트 순이 환장하다 티그레 삼천원 직접 수제 매일 구 티 그렇다 쿠키 밀도 촘촘 쫀득 부드럽다 느낌 버터 쑥티그레 완전 강추 애플 홍차 밀크 티 부 드럽다 은은하다 상큼 사과 달달 기분 내부 앤 유럽 인테리어 혼 데이트크림 화이트 우유 부드럽다 흑임자 수제 프랑스 디저트 부드럽다 고급스럽다 가게 소품 테이블 의자 고급스럽다 역시 디저트 고급마포구청역 근처 위치 프랑스 감성 스페셜 티 티그레 이노 몬트 재즈 음악 분위기 실내 인테리어 조합 아름답다 처 달콤하다 티그레 아주 가을 겨울 시즌 한정 메뉴인 버터 티그레 옥수수 콘 라떼 시나몬 애플 티골목 조용하다 시끄럽다 수다 목 망리 그렇다 골목 위치 작고 소중하다 보물 은은하다 재즈 음악 분위기 공간 덕 매일 직접 우시 프랑스 디저트 티그레 꼭 보시 처 단골분위기 차분하다 전반 포근하다 따스하다 느낌 연말 티그레 처 음료 모두 과 달매장 보고 오늘 분위기 음료 디저트 진심 아이스 아메리카노 딥 고소하다 강추 달달 디저트 티그레 위 초코 시트 덜달사실 처음 번 강아지 도 조용하다 분위기 디저트 저번 티그레 포장 지인기본 이노 블랙 크림 화이트 나용 인테리어 이쁘다 커피잔 이쁘다 아지트아이스 아메리카노 시나몬 애플 티 따뜻하다 티그레 다크 초코 시나몬 애플 티 은은하다 조금 달기 따뜻하다 물 달라 정도 티 처음 초코 때문 단맛 강하다 빵미니 티 레 선물 분위기 귀엽다체인 커피숍 조용하다 개인 숍 인 음악 곳도 정도 조용하다 걸 여기 음악 취향 요 근처 여기 조용하다 차분하다 분위기 혼자 멍 자주 여기 이렇다 까페 운영 처음 여기 크림 화이트 여기 분위기 취해 기분 기억 번창티그레 처음 쿠키 약간 쫀득 파운드 케잌 비슷하다 단 얼그레이 달달 초코 강추 라떼 산미 거의 꼬소 진해 백원 추가 연하다 분 딱이다 다음 작업 거나 책 요분위기 따뜻하다 디저트 냄새 자주조용하다 네이버 할인 쿠폰 혼자 책 오거 멍 디저트 티그레 직접 매장 구 바터 얼그레이 다크 초코 등가게 분위기 테이크아웃 담 꼭 분위기의자 책상 인테리어 디테 미치다 큰길 골목 줄 용 자주 이용음료 디저트 찾기 힘드다 인생 만난 기분 눈 입 힐링 온 기분 랍밖 볼때 감성 느낌 성공 요 분위기 음료 디저트분위기 산미 개운하다독툭 개성 음료 인테리어 아늑하다 세련되다아담하다 프랑스 고급 진 느낌 잔잔하다 음악 에스프레소 부드럽다 진해매장 깔끔하다 이쁘다원래 취미 바로 앞 한번 전 말차 티그레 사진 쑥 얼그레이 인생 맛집 쿠폰 장 채운 항상 쭈욱 번창타르트 춥다 오 자주 따뜻하다 외 라떼티그르 버터 가득하다 적당하다 달 얼그레이 사과 차도음료 분위기 티그레 이노 몬트 쪼온쫀한데 부드럽다 바삭 티그레 처 이노 블랙 간단하다 자리 차특별하다 티그레 처음 세심 원두 용 강추따뜻하다 조용조 용하다 대화 혼자 자주 티그레영수증 걸 깜박 애플 홍차 밀크 티 최고 티그레옥수수 콘 라떼 반했어 자주시나몬 애플 티 뮤 도도 조절 가능하다 입맛이노 블랙 달콤 쌉싸름하다 근처 에스프레소 알테이크아웃 매장 디저트 쯤 살짝 주홍 빛 인테리어 이쁘다 자주디저트 단골축구 경기 볼 겸 주변 편하다 아늑하다 분위기크림 화이트 옥수수 콘 라떼 내부 아기자기하다 이쁘다작다 정돈 인테리어 기분 음악 디저트 오늘 기본 궁금하다작다 가격 대가 조금 긴가민가하다 밀크 티 대박 달달 분위기 기분 환기 자주 작고 알차다 동네 카페인 듯분위기 조용하다 동네 티그레 궁금하다 작업 일 친구 근처 만날 종종잠시 작업 온 공간 집중 바닐라 빈 라떼 달 바닐라 은은하다 만족스럽다유럽 감성 발견 위치 마포구청역 매우 가깝다 버건디 컬러 고급 지고 취향 감성 섬세하다 연구 듯 베테 신고 더욱 신뢰 데 역시 비쥬 얼 무엇 완벽하다 파리 작다 온 듯 에스프레소 한잔바닐라 빈 라떼선물 디저트 소소하다 아늑하다 분위기오미자 이드 크림 블랙 티그레 전부 짱 오미자 에이 여름 이번 새롭다 다해 굿굿 티그레 지난번 이벤트 미니 사이즈 할인 개이득 다음다음여기 아메리카노 맛집 포장 진하다 인테리어 깔끔하다 다음 번 매장 번창신랑 온 취향 상냥하다 분위기 이쁘다크림 화이트 티그레 환장하다 티그레 직접 상큼 걸 레몬라임 비터 청량 상큼 잡채 가깝다 매일 인테리어 분위기 자주마포구청역 분위기 짱 커플 끼리 조용하다 데이트 디저트비 후 두둑 분위기 음악 재즈 경음악 오늘 날 분위기 묵직하다 진하다 조용하다 작업 대화 자주티그레 매장 분위기근처 에스프레소 바 검색 후기 재즈 음악 온 음악 분위기 일요일 외출 즐겁다 이노 화이트 리지 널 우유 차갑다 재밌다 에스프레소 초보자 연유 우유 덕분 달콤하다 부드럽다일단 분위기 티그레 디저트 귀엽다 선물 용 애플 홍차 밀크 티 새롭다 상큼 짱짱티그레 처음 배부르다 분위기 아늑하다 욤 혼자 가볍다 마시기주말 에스프레소 마시기 티그레 아주회사 근처 자주분위기 집중 항상 조용하다 분 꼭 요 주 번 이상은 꼭 이노 몬트 오래오래 지금디저트 나보이 재 의사조용하다 감성 디저트 완전 인스타 감성 뿜뿜 스페셜 티 티그레 움 과자 디저트 판매 티그 레 진하다 종류 다양하다 콕 선택 어렵다 디저트 맛집라떼아트 비 날 치 기분분위기제일 디저트 얼그레이 티그레내부 아기자기하다 신기하다 귀엽다 티그레 보 프랑스 움 과자 고소하다 촉촉하다 먹기 찰떡 쫀득쫀득 아주 굿회사 근처 움 과자 맛집 움 과자 냄새 아주 코 쫀득 식감 찰 떡 세트 미니 티그레 포장인테리어 포근하다 느낌 인스타 감성 제대로 분위기 재즈 조용하다 마음 편 해저 이노 몬트 사랑 유구청 쪽 한번 티그레 디저트 위주 기만 무엇 사진디저트 분위기 따뜻하다 라떼생크림 처 아쉽다 다른 처 티그레 쫀득 마들렌 휘 낭시 사이 요 달달 아메리카노여기 티그레 존맛 쫀쫀 가나 슈 진하다 요 적당하다 괜찮다 요우드 톤 공간 테라스 좌석분위기말차 레몬 아이스티 데 크림 화이트 서비스 밀크 티 딸기 좀아늑하다 느낌 빨갛다 문 눈 친구 편하다 티그레 아메리카노 찰떡 궁합눈 번 자꾸 가게카페라떼 뜨겁다 차갑다 느낌 가득하다 시끄럽다 편하다 앞 자주하이 볼 인테리어 편하다 나무 의자 편하다 티그레 여기 식 엄청나다 완전 도리 엄마 본집 사가 용음료 티 레 제일 디저트 자주 분 꼭 선물 세트 미니 티 레 포장새롭다 카푸치노 왕 부드럽다 처 보고 별로 아쉽다 조용하다 친 절 자주주변 볼 일 완전 짱 짱티그레 디저트 괜찮다구청 쪽 새롭다 깔끔하다 음료 디저트 특이하다 선물 용 상자 선물 용여기 매장 디저트애플 홍차 밀크 티 상큼 나유 매장 깔끔하다 감성 이구 다음 오동네 숖 이렇다 숖 감탄 숖 널리 해디저트 음료디카 페인 콜드 브루티그레 전부 촉촉하다 부드럽다 최고 조화 딱좋다친철 커피숍 분위기 최고디저트 만해 자주근사하다 보물 등급집앞 크림 블랙 크림 화이트달달 디져트 마심 라떼 메뉴인 애플 시나몬 밀크 티 달달 겨울지난달 오픈 깔끔하다 인테리어 조용하다 재즈 음악 친절 은 요 자주여기 주위 음료 여기 자주 가성 비편안하다 다음이노 블랙 초콜렛 달달 에스프레소 티그레새롭다 서비스 인테리어 모두 만족하다 자주아메리카노 맛집 요 청결하다 앞 자주분위기음악 분위기 담 갈래인테리어 감각 분위기 아메리카노맛집원두 욧 다르다 이드 종류 욧
103,피엠오,1602129941.0,몇번 에스 프레 스바 순간 저녁때 칵테일 바 피엠오 특유 아지트 분위기 저녁때 바 좀 어둑하다 음악 술 지인 느긋하다 얘기 모임 공간 종종 아지트인스타 용 에스프레소 볼 에스프레소 종류 다양하다 준비 두 잔 순삭 생각 에스프레소 편하다 줄기 빛 산미 블랜드 도 준비 다음 다른 에스프레소 업 내부 바 식 테이블 귀엽다 강아지 친구 참고 재 의사에스프레소 디저트 용 에스프레소 에스프레소 분위기 스타일 편하다 아늑하다 잔비건 옵션 우유 대신 오트유 식물성 크림 사용 기본 라떼 달달 크림 처 비건 견과류 가득 달달 비건 바이 츠 에스프레소 찰떡 궁합 일부드럽다 재즈 포근하다 공간 에스프레소 공간 평일 주말 인구 편차 굉장하다 동네 평일 오시 오래되다 영화 속 기분 듭 주말 오시 주차공간 해 수많다 차 온 수많다 사이 공간추석 연휴 진심 알 오래오래에스프레소 자체 대부분에스프레소 맛집 피엠오 여기 마스코트 강아지 우엉 귀엽댜 처음 파 시원하다 샤베트 위 크림 스푼 처음 쌉싸름하다 에소 프레 샤베트 크림 조화 레몬 버터 바 말 그대로 버터 포장 식감 부드럽다 둘 조화 설명 잔잔하다 행복 오래오래여기 디카 페인 무료 변경 모든 비건 옵션 무료 변경 오트밀 오틀리제일 진심 분위기 비건 댕댕 귀엽다원하다 분위기 편안하다 분위기 완독 강아지 귀엽다 계속이제 여기 만족 주차 완벽크림 증말에스프레소 맛집 피엠오 디저트 분위기 최고 음료 비건모히또 순간 몰디브 온 듯 피엠오 가시 꼭 우엉 심쿵완벽 근처 유료 주차장 이용 유일하다 단점에스프레소 처음 아인 슈페 너 최고 진심 요 인생 커피집섬세하다 에스프레소 먼저 한잔 아메리카노 한잔 가격 고민 시 간 한잔잔 에스프레소 탄산수 악디카 페인 우유 옵션 가성 비도 짱짱 가게 분위기비건 다양하다 만족하다 우엉 반갑다에스프레소 다음 우엉커피집 발견 분위기 고요하다 장인 포스 무엇 에스프레소 최고 재 의사 무적에스프레소 바 처음 요 에스프레소 레몬 슬러시 얼음 곱 휘핑크림 레몬 신맛 강하 다음 날 점심귀엽다 포메 나긋나긋하다 분위기 차분하다 조용하다 강아지 크림 근처 자주 조용하다 분위기언제 늘 늘 음료 운 우엉 볼 전 친구 도 친구 마음식물 아주 비건분위기 노래 비건 음료 비건 아인 슈페 너 크림 식물성 걸 정도 요 혼자 계시 잔 데코 정성 가득 음료 볼 디저트 대신 분위기 용서지인비건 옵션 각맛집 오강아지 귀엽다에스프레소비건 에스프레소 종류 자주오늘 첫 분위기 헷갈리다 설명 왕왕 달달 마 로키 노 테이크 아웃 적당하다 달달 가게 저희 카드 다음 요 잔잔하다 과제음료 재 여전하다 손님 조용하다날 덥다 아메리카노 잔 투고 지해 아무렇다 기대 번 번 가격 이렇다 이렇다 매장 잠시 이렇다 말 어렵다 공간 조금 좁다 분위기플랫 화이트 모두 성공 오늘 솜씨여기 세상 제일 귀엽다 멈머 볼 에스프레소 대한 진정하다 사랑 하나같다 고 그렇다 흔하다 체인점 기계 안나 외국 느낌 매장 조용하다 고 데 거기 킹왕짱 제너럴 큐 티뽀짝 귀요미 우엉 가야 고민 당신 몹 고 민 압 우엉 귀엽다 움 데이트망리 피엠오 아인 슈페 너 에스프레소 귀엽다 우엉 멍뭉이 도편안하다 분위기 삼박자 모두 보석같다 발견 기분 반 년 번 정도 데 피엠오 우엉 주기 근처 주마 정도 에스프레소 원두 추출 확 연하다 다르다 생각 진심 분 행복하다비건 디카 페인 옵션사진 샤벳 트 형식 방법 분위기 너 무 유명하다에스프레소 입문 마니아 모두 에스프레소 바 새롭다 눈 보고 햇살 기분 전환 겸 요 콘파 한잔 한잔 콘파 묵직하다 샷 라이트 휘핑크림 조화롭다 순식간 입가 미소 절로 기준 달달 디저트 모든 디카 페인 변경에스프레소 기분에스프레소 알 첫사랑 에스프레소 바 오후 의미 피엠오 철학 면서 힙 마로 키노 쿨하다 요기 단골 재주 분위기 잘생기다 무엇 에스프레소 이렇다 다음 주 아인 슈페 너디카 페인콘파 라떼 에스프레소 류 원두 다음 에스프레소 베이스 몇 잔조용하다아인 슈페 너 보기 훌륭하다 디카 페인 아이스 아메리카노 이상 원래 디카 페인 크게 기대 디 인 음악 강아지 이쁘다 재 의사에스프레소 바 보통 크림 위 카카오 파우더 크림 코코아파우더 크림 묵직하다 코코아 달콤하다 살짝 가미 보통 에소 바 가면 물 얼음 탄산수 독특하다 고 깋회되 샤베트 에스프레소 보고디카 페인만 저희 대접 최근 디카 페인 최고 산미 산미 디카 페인 채공 인테리어 깔끔하다 에어컨 빵빵 싫다 번창굿에스프레소 콘파 에스프레소 종류 다양하다 피엠 에스프레소 다양하다 담 중독 해 설명 도 다양하다 경험 담 재 음악 재즈 분위기굿기대 디카 페인 아메리카노 멀다 근처 일 요 번창발견 생각 못 행복 잔잔하다 음악 무엇 에스프레소 자주맛집 에스프레소 라인 괜찮다굿존맛아인 슈페 너굿
104,퍼스널커피,1215776119.0,저희 음료 옥수수 크림 밀크 티 애플 카모마일 디저트 솔티 카라멜 버터 바 민트 초코 버터 바 를 음료 가을 한정 가을 시즌 음료 산뜻하다 사과 은은하다 카모마일 콤 담백하다 거기 달콤하다 밀크 티 위 단 옥수수 크림 옥수수 크림 밀크 티 종류 버터 바 여느 샤르디저트 맛집 요 크림 치즈 약과 쿠키 달달 구리 솔티드 카라멜 버터 바 단 충전 제대로 행복 수제 디저트 그렇다 고급 아인 슈페 너 스페셜 티 가체 프 최고 재 의사엘살바도르 원두 브로 잉 아이스 아메리카노 부드럽다 고숩 가을 시즌 음료 애플 카모마일 아이스 시원하다 고 애플 달달 함 카모마일 카모마일 사과 처음 파베 브라우니 덕 니 완전 스타일 달달 크림 치즈 약과 브라우니 충전 땅 동네 조용하다 조용하다 디저무기 날 충전 솔티 카라멜 버터 바 고해 버터 바 종류 다양하다 모든 디저트 직접 우시 원두 모두 매장 로스팅 하니 신뢰 음료 파베 브라우니 크림 잔뜩 매장 깔끔하다 아늑하다 만족하다동동 신나다 데이트 여기 디저트 퍼스 널 슈페 너 지금 슈페너 중 젤로 남동생 옥수수 크림 밀크 티 원샷 디저트 약과 버터 바 존맛 파베 브라우니 존맛 배 펫 프 랜들 리 댕댕 편하다 망망리 만난 통창 아늑하다 분위기 햇살 기분 대화 집중 퍼스 널 라떼 에티오피아 풍부하다 버터 바나 약과 쿠키 꼭꼭 해 고소 단 찰떡 매장 정도 깨끗하다 편하다 진심 강 추하다힙 위치 퍼스 널 프리미엄 원두 직접 핸드 드립 융 드립 약과 쿠키 버터 바 브라우니 유명하다 요 아아 충 아이스 융 드립 여태 중 손 꼽 여기 약과 쿠키링 버터 바 전체 덕 데 먹기 딱이다 실내 인테리어 이쁘다 조용하다 살 단골 커피집 강추햇살 느낌 초록 식물 우드 분위기 안락하다 직접 로스팅 원두 디저트 또한 매장 직접 수제 디저트 음료 디저트 퀄리티 퍼스 널 감성 음료 디저트 모두 채운 양도 알차다 어서 만족스럽다 민트 초코 민초 파라 꼭 야하다 민초 버터 바 흑임자 버터 바 모든 꼬수움 임직접 로스팅 로스 터리 저렴하다 가격 프리미엄 퍼스 널 종종 디저트 구성 그때 그때 연구 손님 원하다 디저트 라인업 준비 이번 버터 바 파베 브라우니 레몬 버터 바 싱그럽다 부드럽다 느낌 부담 달콤하다 파베 브라우니 뇌 절 여지 달달 순도 브라우니 드립커피매장 깔끔하다 아늑하다 데이트 퍼스 널 라떼 퍼스 널 슈페 너 달달 브라우니 약과퍼스 널 슈페 너 강 추하다 파베 브라우니 아메리카노 조합 약과 쿠키 다음 재포근하다 따뜻하다 공간 디카 페인 원두 변경 가능하다 밤 여유 커피타임 음료 말 뭐 헤이즐넛 크림 라떼 강추 버터 바 종류 다양하다 재미 파베 브라우니 취향 저격 당하다 식감 모두퍼스 널 라떼 옥수수 크림 밀크 티 디저트 흑임자 버터 바랑 약과 쿠키 퍼스 널 라떼 원두 신맛 먹기 편하다 직접 로스팅 런가 다른 미가 깊다 옥수수 크림 밀크 티 친구 말 단 크림 옥수수 밀크 티 단 약과 쿠키 약과 분 번 볼 조아이스 카모마일 따뜻하다 진하다 사과 사과 사과 청도 전부버터 바 맛집 인정 디저트 류 덕 디저트 만족하다망고 샤벳 스무디 눈 띠용 요긴 디저트 다양하다 음료 버터 바 종류 다양하다 황 치즈 버터 바 치즈 황 치즈 덕후 바로 약과 쿠키 처음 크림 치즈 가득 부드럽다 한적하다 거리 가게 조용하다 대화 편하다 분위기 요기디저트 무조건 퍼스 널 제발 가세 여기 주민 강력 면서 미미 바로 참외 스무디 솔티 카라멜 버터 바 여기 후회 각 원래 참외 무디 처 참외 스무디 궁금하다 무조건 멜론 시원하다퍼스 널 라떼 고소하다 망고 셔벗 스무디 비주 얼 장난 디저트 종류 전부 매장 직접 구 퀄리팅 브라우니 세상 덕함 버터 바 종류 다양하다 다음 댕댕 친구처 편안하다 퍼스 널 슈페 너 크림 치즈 약과 쿠키 급하다 근처 약속 잠시 결론 말 면 아인 슈페 너 피스타치오 워낙 퍼스 널 슈페 너 후회 선택 크림 덕 달 구리 덕 요즘 핫 약과 쿠키 약과 처 돌이 로서 생각참외 꼭 여기 야하다 이것뿜 약과 쿠키 수도 여기 제일 요 크림 치즈 단맛 부드럽다 꼭 퍼스 널 라떼 그냥 맛집 고민 퍼스 널브라우니 촉촉 덕 버터 바 처음 짭쪼름 달달 망고 셔벗 욤 초코 젤 의자 편하다 상당 기간 얘기 반려동물 동반 가장 요즘 강아지 생기 초코 젤 초코참외 스무디 매력 첫 만족스럽다 담 디저트 조합크림 처 라떼 걸 분위기 편안하다 컨 센트 카공 적합하다음료 디저트 완전 맛집 퍼스 널 정착 브라우니 진하다 최고 버터 바 이번 레몬 완전 도장 욥 음료 말 뭐 존맛 여기 꼭디카 페인 자주 라떼 아주 살짝 달달 스무디 다른 가게 새롭다 여기 참외 스무디 디저트크림 치즈 약과 쿠키 버터 바 모두 직접 억 밀도 높다 디저트 러버 환장하다 이구 약과 쫀득 달콤하다 데 크림 치즈 콤 느끼하다 밸런스 버터 바 포크 아주 밀도 자체 입 순 간 여태 버터 바 가짜 생각 추가 럼블 바삭 아이스크림 달콤하다 부드럽다 사르르 환상여기 완전 디저트 맛집 임 약과 쿠키 이름 생각 디저트 둘 퍼스 널 슈페 너 무엇 이름 역시 처 이유 존맛친구 참외 스무디 처음 심지어 과일 퍼스 널 슈페너 그니 인정 달달 고소하다 인테리어 베이지 톤 화이트 톤 분위기 친구 힐링퍼스 널 성공 크림 라떼 브라우니 미치다 개강 추펫 프 랜들 리 산책 댕댕 아기 의자 마련 섬세하다 감탄 종류 드립 콜드 브 루 계절 선택 가체 프 브루잉 봄 한정 스트로베리 아이스티 솔티 캬라멜 버터 바 럼블 스크림 존맛 약과 쿠키 굿굿요즘 버터 바랑 약과 쿠키 종종 대충 예상 퍼스 널 디저트 차원 다르다 융 특별하다 드립 라떼 위 피스타치오 크림 퍼스 널 슈페너 음료 디저트 모두 만족하다디저트 음료 전부 달달 날 꼭 아이스크림 약과 쿠키솔티 캬라멜 버터 바 단 완전 스타일 디저트 러버 꼭꼭 아이스크림 럼블 추가 요새 핫 약과 쿠키 은 보 요것 크림 치즈 묵직하다 촉촉하다 스타일 퍼스 널 이름 피스타치오 크림 아인 슈페 너 라떼 느낌 생각분위기 디저트약과 쿠키 여기 처음 크림 치즈 가득 약과 달달 함 찰떡 궁합 약과 디저트 분 무조건 여기 버터 바 존맛 다음쾌적하다 분위기 채광 마음 좌석 다양하다 무엇 최고 처 퍼스 널 라떼 레몬 버터 바 약과 쿠키 메모 메모요즘 약과 디저트 유행 퍼스 널 크림 치즈 약과 쿠키 판다 크림 치즈 약과 버터 바 모두 쫀득 달콤하다 퍼스 널 슈페너 최근 슈페너 음료 중 가장 당 충전 행복하다 다음 다른음료 비주 얼 좀 존예 망고 셔벗 스무디 콤 달달 왕 퍼스 널 슈페 너 말 모말 모 디저트 요비 날 인테리어 분위기라떼 가게 작다 감성 이쁘다망리 최고 처 미치다 디저트 미치다 버터 바 아이스크림 추가 약과 쿠키 촉촉하다 남다르다 디저트 최고 분위기원두 디저트 모두 직접 아늑하다 편안하다 재 의사 때문달달 스타일 버터 바 눈 버터 바 종류 취저아늑하다 편안하다 분위기 햇살 디저트 행복 쥬분위기 쾌적하다 여름 디저트 맛집 약과 쿠키 버터 바 덕 핸드 드립 조화 좀 두 명 덕 인 뷰 시원시원하다 담 듯피스타치오 아인 슈페 너 피스타치오 광 크림 라떼 조합 장난 딸기 라떼 상큼 다른 버터 바 종류 다양하다 레몬 버터 바랑 약과 쿠키 쟌맛 상큼 달달 난리 분 꼭 분위기 디저트 존맛 욥 통창 햇살 낮 가면 낮 구버터 바 완전 스타일 아아 끝장 약과 쿠키 기해 쿠키 자체 약과 가득하다 굿굿참외 스무디 탱크 보이 고급 짐 버전 시원하다 퍼스 널 슈페 너 크림 완전 덕 달 솔티 카라멜 버터 바랑 약과 쿠키 완전 덕약과 쿠키 버터 바 피스타치오 라떼 맛집 모든 디저트 매장 직접 원두 매장 직접 로스팅 맛집 전면 창 밤 분위기 낮 햇살 맛집 약과 크림 쿠키 약과 크림 치즈 덕 크림 치즈 약과 만남 대표 약과 쿠키 맛집 레몬 버터 바 아이스크 림 럼블 추가 버터 바 위 바닐라 아이스크림 럼블 추가 가능 달콤 상큼 버터 바 바닐라 아이스크림 럼블 추가 식감 두마깔끔하다 인테리어 햇빛매장 직접 수제 디저트 브루잉 코너 아주 크게 자리 잡고 찾기 어렵다 원두 뭐 꼭 완전 개인 피스타치오 베이스 견과류 크림 퍼스 널 슈페너 아주 느낌공간 가볍다 강 추하다분위기 까페 이제 발견 아쉽다 한적하다 동네 조용하다 분위기 음료 강추 매장 깨끗하다 인테리어 멋지다 직접 만 디저트 로스팅 장난 신랑 직접 로스팅 신선하다 원 두 이상하다 사진 첨부 안되다 아쉽다 멋 분위기 볼 까페 벽 멋지다 그림멀리 간 보람 버터 바 조만간 드립 라떼 대박 고요 분위기 대박 핫 이유인생 발견 디저트 개맛 버터 바 럼블 아이스크림 추가 분 그냥 손 금손최근 카페라떼 중 최애 라떼퍼스 널 통창뷰 구경 크림 치즈 약과 쿠키 기대음료 디저트 모두매장 풍경 메뉴판 디저트 이미지 약과 쿠키 황 치즈 요새 대세 디저트 약과 쿠키 스타일 림 치즈 단맛 황 치즈 버터 바 단맛 공간 넓다 깨끗 쾌적하다 무엇 통창 밖 보 여서 답답하다괜찮다 강아지 갈수버터 바 맛집 그렇다 쫀득 디저트 공 음료대화 편하다 매장 넓다 쾌적하다 핸드 드립 아주분위기 깔끔하다 약과 쿠키 버터 바 꼭모두 진하다 버터 바 약과 쿠키 짱 퍼스 널 고고싱망고 셔벗 스무디 존맛 라떼 역다 급 음료 디저트 맛집 임그니 달달 크림 치즈 약과 솔티 캐러맬 버터 바 쫀득 달콤하다 당 충전 제대로 평일 낮 조용하다 동네 한적하다디저트 요즘 유행 약과 쿠키 군데 제일 크림 치즈 버터 바 치즈 득 쫀득해 전 브루잉 루 가체 프 이간 남편 라떼 우유 고소하다 가득하다 다음 니 퍼스 널 라떼 쵝오 디저트 필수디저트 음료 분위기 깔끔하다 수다 떨기 애완동물 아기 의자 재 의사 백퍼센트 제품 일부 제공 솔직하다 작성피스타치오 라떼 궁금하다 베 스킨 피스타치오 아이스크림 크림 듬뿍 달달 라떼 세련 깔끔하다 공간 노트북 독서매장 아늑하다 인테리어 리지 널 버터 바 최고음료 디저트 분위기 삼박자 기 꼭 후회약과 약과 쿠키 바로 시나몬 솔솔 덕달콤 완전 도리 약과 조합 퍼스 널 라떼 꼬소 움드립커피 가격 괜찮다 일단 자주 버터 바 처음 쫀득 솔티 캬라멜 버터 바로 캬라멜 그렇다 기분 망리 조용하다 아늑하다 퍼스 널디저트 중요하다 생각 꼭 야하다 진하다 디저트 버터 바 를 디저트 인생 손 생각 덕 식감 고소하다 버터 조화 말 필요없다 화장실 깔끔하다 앞직접 수제 버터 바 준비 버터 바 처음 다양하다 일단 개별 포장 위생 겉 바삭 속 덕 버터 가득 무엇 디저트 찰떡퍼스 널 라떼 종류 크림 쫀쫀연애 시절 임신 아기 처음 도전 우연 치 펄스 널 강아지 배려 아기 의자 쿠션 섬세하다 배려 감동 한가하다 가면 눈치 보지 여유 조용하다 환경 이제 사가 아기 친구 엄마 입 소문 꼭디저트 음료 알 맛집버터 바 쫀득 달달 두툼해 든든하다음료 분위기 깔끔하다 인테리어애견 동반 디저트원래 디저트 최근 새롭다 크림 치즈 약과 쫀득쫀득 다른 디저트 최고굿굿굿파베 브라우니 여기 세상 제일 꼭 파베 브라우니 죤맛탱입넓다 조용하다 분위기 시원하다 음료 디저트맛집 퍼스 널 공간 원두 판매브라우니 쫀득하 요 퍼스 널 슈페 너 피스타치오 은은하다 달콤 전체 달 아메리카노 산미 고소하다 민트 초코 버터 바 민트 꼭 대화 망리 데이트 장소 음료 디저트 가격 합리매장 깨끗하다망리 버터 바로 유명하다 처음 버터 바 도전 두툼 핫 황 치즈 솔티 카라멜 민초 파 저격 버터 바 모양 도 보 고민 솔티 카라멜 춥다 얼그레이 티 헸 솔티 카라멜 위 프레 젤 강 버터 바 시원하다 자마자 냉장고 포크 힘들다 덕 입 체온 진하다 버터디저트 음로음식 분위기 쾌적하다 재 완전직원 창가 좀 덥다 구경핫 버터 바 맛집 쫀득 버터 바 꼭퍼스 널 가시 퍼스 널 라떼 꼭 특별하다 버터 바퍼스 널 슈페너 피스타치오 크림 진하다 부드럽다 쫀쫀해 라떼 매장 조용조 용하다 대화 편하다버터 바 크기 종류 다양하다남펀 구경 발견 디저트 모두 통창 답답하다 매력아인 슈페 너 치즈케잌 바스크 치즈케잌 꼭약과 쿠키 존맛 크림 치즈 가득하다 덕꼭 직접 로스팅 원두 그렇다 남다르다 밀크 티 티 음료초코 라떼 진하다 당 확가격 게다가 완전크림 치즈 약과 생각 좀 다르다 잠시 차 마시기쿠키퍼스 널 슈페 너 퍼스 널 라떼 전부 피스타치오 크림 슈페너 드립커피 브라우니 덕 버터 바 민초 민트 초코 버터 바처 음료 퍼스 널 몇 버터 바 버터 바 맛집 양도 버터 바 매장 자체 청결하다 맘 깔끔하다 분위기 버터 바 다른 종류 버터 바 포장 해 포장 맘사거리 뷰깔끔하다 인테리어 이쁘다 바깥 거리
105,시모어,1792589515.0,진심 보고 지난 번 자리 다시 도전 가게 테이블 전시 독특하다 트 레이 진심 찰떡 가야시모어 몇번 만석 거나 휴무 날인 지도 몇번 헛탕 강 쥐 동반 가능하다 꼭 성공하다 맘 다시 날 좌석 여유 바로 펫 프렌들리 공간 건 말로 그렇다 천국 중형 견 아이 기쁘다 맞이공 오늘 와인 인테리어 멋지다 음악 선곡 매번 힐링만 분위기 디저트 다양하다 와인 셀렉 완전 취저 오늘 힐링덕분 와인 행복 알감각 주인 인테리어 감성 재미 센스 노래 새롭다 노래 발견 재미 음료 디저트 말 멍 기도 공간 강아지 견과 낮 와인 마시기동네 이렇다 복지 날 꼼꼼하다 포장 기분 공간 강아지 손님 자주 마음 안온하다 와인 신나요 고소하다 마 일드 편 파니니 단호박파이 핵꿀맛 다음 와인 친절 근사하다 음악 신선하다 다양하다 위치 단점소품 플레이 트 구입 가능하다 이쁘다 쓰기 아깝다새롭다 기대하다 새롭다 애플파이 와인 도 테이블 장식 그날 음악 기대 분위기 음악 와인분위기음료 이쁘다 공간전시관 인테리어 밀크 티 음료 소품 장식 전부 커다랗다 테이블 인상 전시 보고 온 느낌 집앞 계속 조용하다 사진 발 인생 샷 여기 다음조용하다 분위기 인테리어 멋지다시모어 이드 달달 상큼 음료 디저트 음악언제 시모어 만 오 디저트 파니니 타르트 징 주말 힐링 가요최애 장소 느긋하다 와인 잔 땐 시모어바닐라 라떼 맛집 요 디저트 구경 여기애견 동반 가능 최고공간 음악 편안하다 가요버터 림 콜라보 멋지다 달콤하다 물리 빅토리아 케이크 뱅쇼 훌륭하다 발렌타인 맞이핫 바닐라 세상 포근하다 기전시모어 글라스 와인 와인 취향오늘 파이 디저트 마지막 호박 파이 운 호박 달 담 백 요즘 당 조절 걱정 부담 버터크림 부드럽다 호박 과육 의 식감 파이 과자 부분 딱딱하다 양 꽤 부드럽다 시모어 초콜릿 깊다근처 자주 매번 시즌 음료 인테리어 사진공간살구 밀크 티멋지다 맛집 논 음료 강아지 친구 심심 치 만날근처 맛집 가끔 친구 싫다 음악 분위기바닐라 라떼 맛집 파이편하다파니니 이드굳다참외 이드 쿠키 사랑 공간 음악 혼자 조용하다 와인 홀짝 이기 여럿 보틀 와인 먹기 완벽하다 와인 늘여자 멋지다 인테리어 멋 애견 동반 가능하다 쪽 약속 다시음료 강아지 동반 가능 음료 쿠키 때문조용하다 밀크 티파니니 고급 진 짭쪼롬맛 오늘 다음 번 무조건 와인골목 안쪽 위치 조용하다인테리어 독특하다 아주 주시 와인 치즈 플레이 트 편안하다 음악 행복하다 밀크 티 왕 번창커피젤리 처음 젤리 쫀쫀 느낌 생크림 시모어 디저트완전 와인 치즈 센스 만점 솜씨 독보 요낮 그림자 방향 커다랗다 통 유리창 자연 광 적당하다 책 눈 피곤하다 조도 완벽하다 게다가 고급 스피커 잔잔하다 음악 선곡 호강 눈 편하다 귀 편하다 책보 공부 최적 바닐라 라떼 달달맛집 요 인테리어 깔끔하다 사진공간 특별하다 음악 예술분위기 음료편안하다 분위기 음악 귀엽다 강아지 쿠키 처 음료 블랙 크림블랙 크림 크림 쿠키타히티 바닐라 라떼 음악 감상 밤 와인 분위기 멋지다저번 와인 궁금하다 와인 마시기 분위기 내추럴 와인 여름음악 감상 힐링 가요 스피커 사운드 대박 힐링 스팟크림 뭐 환상분위기 카페라떼 최고공간 분위기 음악 달달 바닐라 라떼오늘 아바 역시 굿혼술 음악동네 얼마 듯 인스타 성 뿜뿜 북적 전 자주 적당하다 유명하다스프 가까이 귀가 아프다 바닥 작업 줄 최애 장소첫 분위기 아이스 바닐라 라떼 완전 대박편안하다 음악밀크 티 깔끔하다 짱 인생 밀크 티 달
106,고체,1750572755.0,매장 작고 아담하다 팀 다소 좁다 젤리 쫀득 재료 신선하다 상큼고체 젤리 식감원하다 만큼 살아기자기 귀엽다귀엽다 젤리 종류 다양하다 수제 신기하다인공 첨가 류 과일 퓨레 청 여러가지 젤리 별 알 젤리 가격 비싸다 별말랑말랑하다 젤리 분 아기 선물젤리 아이 먹기가격 좀 편 특별하다 과일수제 과일 젤리 평촌 롯데 딸램 선물 픽 망 원점 본점 롯데 시즌 판매 가격 좀 한번 비주 얼젤리 상큼 쫀득 자두 패션 프루츠 석류 콤 사랑 인 다음 기회팝업 한번 보고 젤리 목 마르다 단맛 깔끔하다 단맛 식 적당하다 쫄깃해 다양하다 포장 용기 비닐 파우치 상자 선물 용 젤리최애 젤리 번은 해하리보 딱딱하다 젤리 마이 구미 식감 싫어하다 집게 말캉하다 조금 달라 말캉하다 탱탱하다 예상 못 식감 석류 미치다 걸 아쉬움 계속 남아 젤리 가격 좀 젤리 크기 커서 몇개 석류 젤리 꼭젤리 쫀득쫀득 젤리 자꾸 손 개인 이렇다 젤리 맛남젤리 여태껏 젤리 젤 존맛 패션후르츠 강추귀엽다젤리 무진장 직장 가깝다 젤리 맛집 우선 젤리 종류 별로 정갈하다 냄새 정도 야무지다 기쁘다 다음 이용모야 여기 젤리독특하다 젤리 수제 젤리처음 과일 젤리간단하다 선물 주기비싸다 수제 젤리특별하다 젤리 가게 인테리어콤달콤젤리 식감 부드럽다 야들야들하다 과일 진하다 별로 보고젤리 처음막대 포도 젤리 마이 구민 데 포도 콤 완젼 취향 다양하다 젤리 나하 그람 그람 인테리어 귀엽다수제 젤리 데 그렇다각각 젤리 선명하다 시판 젤리 쫄깃 쫀득 식 부드럽다 말랑하다 각각 의 크기 좀젤리 안달첫 젤리 입 땐 무엇 람 매력 엇어 젤리 처음 식감 특이 햇 과일 진하다 젤리 인공 전혀 신기하다 재 의사 완전 귀엽다 젤리 맛집 발견 행복하다수제 젤리 말 무조건 아기자기 이쁘다굿오후 그렇다 종류 아쉽다 젤리 로서 고체 젤리 평가 쫄깃 식 적당하다 쫀득 어떻다 시중 젤리 과일 진해 젤리 열 성 담 기회 꼭 재특별하다 가격 비싸다 맛없다계속 중이종종 지나 호기심 젤리 종류 마트 젤리 딱딱하다 거나 인공 강하다 고체 젤리 말캉말캉하다 자극 수제 젤리 가격 좀 편이 그만하다 가치 모양 특별하다 날 선물지난번 조금 후회 젤리 고체 젤리귀염 뽀짝 젤리 젤리 다양하다 귀엽다 생겻담 내부 아기자기하다 젤리 식 쫀득 물 컹해할로윈 패키지 젤리 귀엽다수제 젤리 상큼 선물비싸다 해 수제 젤리 다양하다 생각 꽤 무게젤리젤리 아기자기하다 선물 용 완전아영젤리굿귀엽다할로윈 젤리 사랑 할로윈 기념 선물젤리 오늘아담하다 깔끔하다 위생 티 종류 무게 가격 신선하다굿젤리젤리 기도 선물젤리 집게 말랑하다 느낌 과일 진하다 쫀득해 집앞 자주추석 연휴 조카 려고 오늘 오픈 대서 볼일 보고 오후 자꾸 다음 미리 택배젤리 재미젤리 귀엽다 선물젤리 다음다양하다 재미 색깔 별로 모양 귀엽다 여유 날 다시시판 젤리 어제 친구 준 고체 젤리 식 과일 진해 택배 가능하다 멀리사 친구 도 매장 앞 길가 노상 주차 평일 선지 자리 주차 편하다 조만간 재 각굿젤리 종류젤리 고체 젤리 후 슈퍼 젤리 고체 젤리 딱딱하다 쫀득 여러가지 장님힐링 젤리 젤리 식감 질 기지 미치다 복숭아 푸딩 꼭꼭레몬 젤리 레몬 톡 강하다 자두 자두 강하다 처음 젤리 골 집게 말랑말랑하다 신기하다 재밌다 생각귀엽다 말랑말랑하다기적 젤리 맛집 수제 젤리 쫀득쫀득 뒷맛 깔끔하다지인 간 젤리 맛집 종류 별로 보구 가야 징 부드럽다 쫀득해 계속 넹 재 의사젤리 모양 귀엽다가게 동네 젤리 갑니댜젤리 귀엽다 말랑말랑하다귀엽다 인테리어 먹음 직하다 젤리 자주 질리 항상 발길 파시 번창타 보고 택배 주무 날 친하다 언니 여러 제일 우어 젤리 왕창 말 뭐수제 젤리 모양 귀엽다 처음 조금 정도 달콤하다귀엽다 말랑말랑하다젤리 다양하다귀엽다 상큼 냄새 장난 니향기가게 인테리어 이쁘다 귀엽다가도 아이 해아기자기하다 귀엽다 젤리 달오가격 착하다기분 조금 왕창 보고수제 젤리 그렇다 상큼 젤리 모양 기엽 벌써 중이수제 젤리귀엽다 젤리젤리 맛집 고체 귀엽다 젤리 가득 뭘 골 고민 보고 가게 내부 깔끔하다 문 자마자 다양하다 젤리 향기 달콤 다양하다 젤리 선물 세트 선물 재 의사유명하다 대서 얼른 최고알록달록 젤리 살 조카 취향 아이 어른 입맛 콤달콤 귀욤 수제 젤리 맛집젤리 귀엽다 종류이쁘다 남자친구 젤리 덕후 젤리 자주 강추젤리 귀엽다 인테리어 깔끔하다 이쁘다아이젤리 모 귀엽다 선물 용젤리 귀엽다 매장 깨끗하다다양하다 처음 젤리 신기하다만해 힐링 기분 젤리 부드럽다
107,주인공,1297713738.0,공간 재미 인테리어 신경 갬성샷 만장 인스타 사진 딱이다 음료 디저트 짱짱 화장실 마저 최고아늑하다 바스크 치즈케이크 위 크림 처 크림 라떼 다음 보고 앞 공연 어떻다 공연 일지 구 궁금하다 매달 디저트 다음 달 보고오렌지 이드 생 오렌지 그렇다 인공 시럽 단 적당하다 달 상큼 크림 라떼 치즈 크림 연유 꿀 라떼 부드럽다 바스크 치즈케이크 치즈 크림 미가 깊다 꽃 데코 매장 곳곳 비비드 힙 소품 귀엽다 캐릭터 보기 해도 눈 즐겁다 재생 음디저트 음료 전부 사진 미치다 바스크 치즈케이크 즉시 직접 크림 덕 림 부드럽다 달달 도파민 도 블루 레몬에이드 상큼 케이크 제철 과일 주스 홍시 직접 사 장님 과일 주스 그렇다 내부 힙해 자주 입문화 예술 연유 라떼 베이스 음료 그때 바로 크림 케익 깔끔하다아이스 아메리카노 원두 중 고소하다 산미 고소하다 묵직하다 취저 블루 레몬에이드 레몬 즙 직접 상큼 함 미치다 대망 도리 바스크 치즈케이크 크림 때문 직접 크림 감동 정성 감동 가요역 근처 접근성 음료 완전 정성 음료 깊다 노래 선곡 굉장하다 스타일 인테리어 레트로 힙합 끝판 망원역 중 가장 의 취향 저격 칵테일 담 칵테일 디저트내부 인테리어 나이키 의자 투시 스케이트보드 음질 스피커 힙합 노래 공간 마음 편 의자 정보 공식 포토 존 네온사인 밑 조명 사진 사진 대박 여기 유가 크림 라떼 바스크 치즈케이크 골드러쉬 칵테일 치즈케이크 크림 라떼 처 크림일단 분위기 레트로 감성 요즘 트렌드 감성 편하다 공간 요 망원역 인근 중 가장 편하다 힙 분위기 음료 케이크인테리어 일단 힙해 세상 치즈케이크 처음 아아 처 크림 라떼 아아 고소하다 원두 치즈 케이 쿠랑 완전중 제일 힙 역시 기대 인테리어 감각 이예 화장실 이쁘다 셀 카 장 아메리카노 고소하다 픽 크림 처 크림 라떼 강추 인스타 성은 이렇다 이렇다 왜 우리 동네 담 저녁 술 한잔 보렵인테리어 힙 잡채 힙 무조건 여기저기 포토 존 자주 음료 케이 레몬에이드 달 크림 라떼 존맛 바닐라 라떼 아인 슈페 너 꼭 바스크 치즈케이크 미치다 접시 뻔 설명 단골 예약 이염복숭아 티 중 가장 다른 이제 복숭아 티 느낌 레몬에이드 직접 레몬 치즈케이크 위 크림 직접 최고 분위기 힙 노래 스타일 단골분위기 힙 치즈케이크 디저트 맛집음료 디저트 모두 곳곳 카메라 인테리어 굿바스크 치즈케이크 음료 분위기 편하다 망원역 이렇다역시 힙 인테리어 외관 힙 느낌 물씬 요 디저트 처 복숭아 아이스티 달라 복숭아 달달 확실하다 달라 분위기 망리 꼭 포토 용 증말진짜진짜 음료 좀 이유 엄청나다 정성 청결하다 정확하다 생 주스 물 거의 과일 로만 주시 듯 느낌 진하다 초코 크림 라떼 단순하다 초코우유 얼마 만족하다아메리카노 테이크아웃 양도 간 얼음 슬러쉬 느낌 시원하다합정 분위기 도 편안하다 분위기 밥 디저트 창문 구경 치즈케이크 월간 소식지 통해 공연 저녁 펍 이용 데이트우리 모두 각자 색깔 공간 전하 고자 메시지 공간 인테리어 컨셉 장인 듯 음악 플레이 리스트 공간 조명도 굿 분위기 커피한잔 칵테일 싱 라떼 아메리카노 처럼 특별하다 치즈케이크동시 크림 라떼 덕 크림 즉시 다른 평범하다 크림 라떼 차원 다른 블루 레몬에이드 레몬 생 과즙 그대로 진정하다 레몬에이드 소품 내부 인테리어 작정 며 주신 덕분 분 무조건 바스크 치즈케이크 다른 달가깝다 단골 찜 만큼 힙 깔끔하다 인테리어 디저트 최근 치즈케이크 중 가장 편하다 공간 요인근 주민 이렇다 앞 가게 분위기 음료 심지어 화장실 분위기 미치다 음료 가격 퀄리티 저렴하다 편 테이크아웃 계획 라면 꼭 번디저트 맛집 음료 디 자트 생 주스 제철 과일 다가 신선하다 건강하다 골목길 안쪽 위치 주변 구경 오기날 오늘 바스크 치즈케이크 사진 오늘 폭염 날 시원하다 더위키 워드 선택 안되다 아쉽다 정도 기억 맛집 디저트 말 뭐함 존맛 자체 음료 신선하다 지금 자몽 허니 중 젤 최고 담 꼭망리 힙 발견 모든 크림 수제 쫀쫀하 크림 라떼 바닐라 빈도 수제 바스크 케 키도 부드럽다 시원하다알 펍 인테리어 조명 소품 색감 조화롭다 매장 분위기 미치다 인테리어 직접 집도 썸 데이트 무조건 성공 각 매장 배경 인생 샷 건 덤 재 지팩 트 아깝다 보트 죠지 등 그루 브 노래 베이스 소리 둥둥 퀄리티 쩌 스피커 를 통해 귀가 즐겁다 디요즘 거의 비슷하다 분위기 애매 한적 힙 공간 힙 노래 색다르다 문 화공 컨셉 대한 설명 해주시 눈 귀가 색다르다 느낌 원하다매장 분위기 스탈 원두 가야 테이크아웃 변경 천원 할인 현금 천원 저번 디저트 카페인 날그니 메뉴인 크림 라떼 여러분 바스크 치즈케이크 아이스크 임 꼭 레전드 아이스크림 뿐 수제 크림 화장실 시설 짱분위기 힙 전체 느낌 유니크 힙 사진 맛집 치즈케이크 꼭 존맛종종 어떻다 유니크 분위기 컨셉 처 동안 편 골목 프라이 빗 느낌저녁 펍 느낌 완전 제대로 동료 칵테일 한잔 대화 루아 밀크 말리부 오렌지 구리 일단 이쁘다 꽃 사진 이쁘다 기분 바스크 치즈케이크 하얗다 크림 보라 풍부하다 느낌 사진 낮 분위기 밤 느낌 칵테일레트로 성 레트로 힙 분위기 바스 트 치즈케이크 수제 치즈 크림 달달 조용하다 레트로 분위기 분데이트 중 발견 신상 맛집 매장 컨셉 독특하다 홀린 듯 힐링 진심 화공 디저트 정성 다해 가용 크림 그때 직접 그렇다 부드럽다 플레 이팅 남다르다 분위기바치 케 도리 귀엽다 처 캐릭터 맘 각각 색 문구 크림 직접 달달무엇 치즈 케익 내부 인테리어 주변 오시 꼭힙 인테리어 색감 분위기 노래 선곡 센스 넘치다 어깨 계속 거림 아메리카노 진 간 얼음 크림 생화 꽃 바스크 치즈케이크 꼭 다음 저녁 재분위기 음악 선곡 취저 심지어 아이스티 바치 케 인테리어 재 의사레트로 감성 힙 분위기 음료 전부 만족음료 양 바스크 치즈 케이크 접시 플레이 팅 귀엽다 나용 인테리어 힙 시원하다만 평일 데이트 발견 처 아메리카노 크림 라떼 둘 크림 라떼 꼭 깔끔하다 단 입맛 이번 달 신 메뉴인 바스크 치즈케이크 부드럽다 촉촉하다 일단 컨셉 독특하다 확실하다 해진 후 분위기 저녁새롭다 한번 생각 이상 음료 크림 진심 신념 새롭다 크림 볼 처 꼭녹차 라떼 꼭 차원 다른 녹차 라떼 로선 녹차 라떼 정착 요 봄비 날 분위기 가야 쥐건물 조용하다 모던 분위기 한잔 이야기 편하다공간 분위기 느낌 단순하다 느낌 치즈케이크시 거기 수제 생크림 즉시 바나나 궁금하다 정도 처 왜 처 알 허니 자몽 리얼 생 자몽 인공 단맛 과일 본연 단맛 이나 공간 편안하다입구 분위기 편안하다 디저트 만족하다다크 세련되다 인테리어 사진 이쁘다 화장실 이쁘다 기적 전시 공연 다음 공연 분위기 인테리어 최곱 친 절친구 편안하다 수다 분위기 크림 라떼 녹차 크림 라떼 스텔라 생맥 그때 그때 크림 휘핑해 그렇다 부드럽다분위기 사진 맛집 공간 구경 재미 치즈케이크 아메리카노 고소하다다시 콘센트 여기저기 인 좌석 테라스 석도 크림 라떼 즉시 바로 수제 감안 그때 그때 플리 깔끔하다 매장 분위기 다다 크림 라떼 존맛 임용매장 내부 유니크 알록달록 디저트 음료멋지다 이제 알 아쉽다 정도 인테리어 부분 신경 멋지다 바나 은 여태 중 최고 음료 가격 퀄리티 아깝다 요 재 의사 퍼센트스텔라 생맥 늘 생맥 면 자주 애용 코젤 생맥 준비 매번 센스 레몬에이드 탄산수 대신 물 달라 레몬 수로가게 이름 삶 주인 자신감 멋지다 공간 칵테일 카야 크래커 훌륭하다가게 인테리어 외관 내부 멋있다 테이블 코스터 힙 특이하다 주류 판매 화장실 짱 깨끗하다인테리어 얼마나 진심 소품 신경 흔적 보이 매장 구석구석 컬러 별로 은 이쁘다 설명 매장 다시 한번 또한 음악 기존 레트로 음악 가요 더욱 오후 펍 운영 하니 오후 어떻다 느낌 일지 다시 처 메뉴인 크림 라떼 달인생 존맛 딸기 딸기 크림 바나나 바나나 크림 그때 그때 크림 존맛 자체 인테리어 딸기 크림 한번 황 치즈 크림 카야 크래커 후회 친절 자체 달 안되다 다음 일 버세꼭 역대 겉바 촉 단 저희 바나나 바나나 거의 덩이 혜자 데 인생 게다가 크림 무려 바나나 크림 크림 맛집 계속 크림 라떼 고소하다 젤 고소 신상 진좌석 느낌 달라 선택 즐거움 정성 가득 진정 포토 존 꼭 사진 조명 때문 사진망원역 펍 지금 생각 크림 크림 과일 신선하다 진하다 특색 포토 존 인생 샷 기도 무조건 재 번창가게 내부 인테리어 힙 음료 디 저크 크림 라떼 꼭 기분 짱 짐 오늘 포토 존 선곡 전부 취향새롭다 오픈 특이 이름 맛집 파동 일식 위층 특별하다 경험 십년 전 카세트 플레이어 여러 오래되다 판이 감성 자극 이발소 회전 등 초록 등 초록 등 주황 등 파 란등 뻘간등 길다 네온등 앞 색다르다 좌석 램프 오로라 빛 화장실 가득하다 우주 한가운데 공간절하 신 아기자기하다 인테리어 무엇 역대 라떼 날 무조건 예정 임 번창 욥힙 분위기 쵝오 노래 맛집크림 라떼 꼭먼저 멋지다 인테리어 보고 차 깜놀 음료 보고 차 깜놀 차 화장실 감성 한번 신분 한번 분 굉장하다 센스 보증 음료 디저트 커피숍멋지다 포토 존 감성 사진 인테리어 멋지다 귀엽다 스티커 마음도 가격 합리 인스타 감성완전 친절 감동 수준 여기 크림 맛집 크림 위주 크림 혼 눈물 날 뻔 친구 제철 과일 주스 바로 옆 신선하다 과일 사서 최고 도 존맛 화장실 깨끗하다 영분위기 무조건분위기 카페인 수혈 제대로 좌석 바 자리 편하다 아이패드 무조건 이름 뜻 스탈기분 급 초코 라떼 기대 만족하다 가요 깨끗하다다시 영업 재개 축하 인테리어 힙 멋지다크림 직접 꼭 쫀득 바삭 베리 굿 매장 힙 감성추처 어어 리뷰 초코 라떼 크림 라떼 말 모해 천사 줄 블루 영 말 일단 번잡 솨간판 초록 네온 신상 초록 러버 크림 맛집 인정 도테이크아웃 할인 미리 매장 분위기 그냥 매장 다크 라이트 마시기 멍 노래 약간 힐링 타임 여기 크림 라떼 초코 라떼 담 오 담라떼 크림 자주처 라떼 꼭 예정음료 분위기인테리어 라떼생 과일 쥬스 성공 설날 그때인테리어 힙 노래 선곡디저트 인테리어
108,꽈페 망원점,1332344406.0,지인 첫 밖 리아 궁금하다 정도 꽈배기 포장 좌석 귀엽다 펜 시류 팔고 딸아이 난리 날 아이 하니 담 다른 망리 재 대박중 리얼 디저트 맛집 달콤쫀득 꽈배기 세상 언제 꽈배기 업그레이드 된거 꽈배망 원점 특이하다 소품 구경 재미 쏠쏠하다 아기자기하다 감성 느낌 아주 폴폴 꽈배 기 종류 무엇 재미 직원 가게 인테리어 초록 초록 하니 이쁘다충전 마감 시간대 빵 조금 딱딱하다 워낙 토핑 담 좀더 일찍솔티드 카라멜 로투스 티라미수 오레오 오즈 크림 브륄레 피넛 버터 프레첼 이정 퀄리티 가격 실화 디저트 맛집 꽈페 강추 포장 깔끔하다 선물 무엇 꽈배 기 종류 별로 완전핫 꽈페 니 오전 일찍 오니 직원 자리 수도 꽈배기 완전 쫄깃 달달 스트레스음료 컵디저트 핫 레이스 꽈페 귀엽다 가득하다 디저트 무조건 대표 다양하다 꽈배기 가득하다 꼭디저트 맛집 꽈페 데 달리 특별하다 도넛 츠 완전 눈 입도 즐겁다 호탕 동네 지정 앞 자주 가족 려고 포장 용디저트 핫 레이스 입구 그릇 구류 등 전 볼거리 사진 찍 수가 젊은이 거리 외국인 꽈베기 다양하다 음료 콰페 주말 남편 데이트 트위 니트 직원 기분 주말유명하다 꽈페 보 포장 위 테이블 매장 개인 솔티드 카라멜 브라운 치즈 꽈배기 최고역시 원조 원조 안달 계속 꽈페 꽈배기 원조 새롭다 치즈망리 꽈페 꽈배기 다양하다 토핑 판매 맛집 친구 꼭 유니콘 꽈배기 옴 설명 포장 오후 몇개 안남다 때문 일찍 욘 전 오점 포장 가게디저트 핫 레이스 유명하다 꽈페 망 원점 직원 다양하다 도넛 귀엽다 굿즈들 판매 먹거리 즐 길거리 가득하다특별하다 꽈배기 잔뜩 꽈배기 전문 꽈페 보고 비쥬 얼 화려하다 꽈배기 잔뜩 베스트 아이 왜 베스트 솔티드 카라멜 단 끈 하니 꽈배기 폭 신해 부드 럽 유니콘 트위스트 먹기 전 상상 간 슈팅 스타 빠쟉빠쟉해 인위 싫어하다굿꽈배기 비쥬 얼 압도 독특하다 꽈배기 종류 별로 다음망원역 디저트 핫 레이스 꽈페 눈 외부 인테리어 꽈배기 비주 얼 색감 화려하다 꽈배기 후기 골 성공하다 딸기 시즌 전 다행맛집 꽈페 망 원점 친구 퇴근 혼자 꽈배기 종류 다양하다 비주 미치다 빵피 쫄깃 위 토핑 존맛 맛집 담 도 파 분위기 데이트 적합하다 재 각인 번창 꽈페짱핫 꽈페 망 원점 꽈배기 종류 다양하다 토핑 투성이 요 매장 귀엽다 제품 판 매하 구경이렇다 핫 레이스 인테리어 디저트 기분 가요평소 꽈 꽈페 알록달록하다 선물 생각 달 크림 진하다꽈배기 다양하다 꽈페 지해 우선 꽈배기 빵 중요하다 빵 위 카라 티라미슈 치즈 등등 토핑 먹기 아깝다 정도 손 수가 매장 넓다 포장 매장 기도 소품 아기자기하다 소품 구류 판매 구경디저트 핫 레이스 유명하다 꽈배기 비주 얼 미치다 꽈배기 맛집 임디저트 핫 레이스 유명하다 꽈페 뎅 인테리어 꽈배기 꽈배기 맛집꽈배기예전 보고 웨이 팅 오늘 꽈베기들사진 빵보충 다행하다 종류 별로 남아 볼거리 달달 디저트핫 레이스 꽈페 답 디저트 직원 유니크 소품 구경 매장 좌석 넓다 데이트 디저트 핫 레이스티비 박 보고 이쁘다 꽈배기 기대하다 티비 리뷰 안되다 다시 번 꽈배기 겉모 습 이쁘다 원래 꽈배기 갓 미리 꽈배기 꽈배기 빵 부분 좀 느끼하다 비쥬 이쁘다 번 만족하다 계단 공사 무엇 지저분하다 어수선하다 먹기 먼지대박 최고 감동음 본점 조금 달라 엽 치즈 꽈페 여름 다기 그렇다 황 치즈 초콜릿 밀가루 좀 좀 아쉽다 욥디저트 맛집 유명 핫 핫 레이스 몇 년 벼르 매장 고갈 깔끔하다 포장문 문 음식 데 불편하다 빵꽈배기 종류 다양하다 빵 순이 천국 개인 크림 브륄레 솔티드 카라멜 로투스 얼그레이 추 려유명하다 고해매장 귀엽다 꽈배기 평소 설탕 꽈배기 다양하다 꽈배기 가족 포장 편하다 가기점원 디저트 분 맛집 티라미수 종류꽈배기 종류 가득하다 꽈페 망 원점 일반 꽈배기 티라미수 다양하다 잼 크림 등 다양하다 꽈배기 꽈배기 쫀득쫀득해 식감 각각 꽈배기 별로 특색 다양하다 종류 보고 매장 좌석 도 넓다 마련 용 꽈페 망 원점 다양하다 소품 구경 웬만하다 소품쫄깃쫄깃 달달충전 꽈페 당일 생산 제품 늘 신선하다 달콤하다 최고 욜 오늘 크림 덕후 크림 가득 꽈배기매장 볼거리 음료디저트캐모마일 티 딸기 프로 마쥬 밀크 딸기 티라미수 꽈배기 크림 브륄레 꽈배기 두번째 유 꽈배기 존 구리 유 음료 저번 딸기 프로 마쥬 딸기 라떼 진하다 딸기 여 다음 말꼬 쓰겄는디 꽈배기 번 유니콘 브륄레 딸기 티라미수 유니콘 찌 브륄레 체고 왜 구리 아쥬 입맛 반하다 응매장 꽈배기 디저트 종류 진짜진짜 가성 비도 커플 데이트 핫디저트 맛집 유명하다 꽈페 행복 직원 꽈배기 비쥬 얼 미치다알록달록 다양하다 솔티드 꽈베기 강츄거의 종류 로투스 새롭다 브라운 치즈 그냥 꽈배 질 기지 위에토핑 특별하다 느낌 한번 가기욥 매장 습 디저트 꽈배기 종류 다양하다 다양하다 다양하다 먹음 직 스럽다 보이 새롭다 힘들다 맛집여기 구경 데이트 코스 넓다 자리 편하다 가기망리 지나 다가 눈길 확 인테리어 호기심 반 주일 오전 그렇다 빵 특이하다두번째 매번 새롭다 친구 선물 매장 넓다 쾌적하다 동안 편하다 망 원점 굿 도 팔고 선물 오기매장 넓다 꽈베기 다음최고 핫 레이스 망리 발견 디저트 맛집 요 꽈배기 비주 얼때매 어렵다 몇개 먹기 아쉽다 담 다른 꽈배기꽈페 워낙 다른 지점 망 원점 젤 기본 꽈베기 도우 쫄깃쫄깃해 직원 내부 아기 자기 구경 핫 레이스 원래 블루베리 최애 여기 갈릭 버터 최애 바 크림 브륄레 요아메리카노 짝꿍 손 진득 그렇다 도넛 카라멜 코팅 듬뿍위치 망리 핫 레이스 찾기 완전 디저트 맛집 유명하다 이유 듯 완전 존맛핫 레시 중심 꽈페 매장 이쁘다 꽈베기 이쁘다 일 분 완전 다음 데이트줄 식당 발견 우유 보기 달리 오히려 종류 나하 보고 매장 안이 키치 홀 마감 아쉽다최애 가게 주변 자꾸 직원 오해 변하다 최애 얼요 징 콰페할로윈 리미트 에디 션 저번 유니콘 할로윈 에디 션 나머지 친구 귀엽다 해 미치다 꽈페 역시 사랑 망 원점 처음 매장 넓다 뽀짝 용품다양하다 특이하다핫 레이스 힙 디저트 천국 요 완전 포장 깔끔하다 괜찮다 선물꽈배기 종류 다양하다얼그레이 카야 코코넛 크림 브릴레 등 다양하다 꽈베기 새롭다 버젼매장 귀엽다 꽈배기 비주 최애 카야 코코넛 쫀맛 직원 디저트 맛집 꽈페귀엽다 꽈베기 종류 매장 바로 신선하다 빼빼로데이 세트 귀엽다핫 레이스 인정 맛집 도넛 도넛 맛집 꽈페입매장 깔끔하다 비주 얼 쩔어요 손님 대접그냥 그렇다 특별하다꽈배기도넛꽈베기 완전 맛이썽 담 가면디저트 꽈페 선택 장애 꽈배기 종류 다양하다 누구 취향 간식 덕 쫀득 꽈배기 여러 토핑꽈배기 전시 소품 볼꽈페 이쁘다 독특하다 빵집 원래 꽈배기 강추유니콘 핫 존맛 유니콘 꼭 영로투스 꽈배기 강추 쫄깃 달달 술술 존맛 고소하다 공간 꽤 넓다 직하다 대화 매장 포장 직원요즘 핫 레이스 꽈배기 맛집 디저트 비주 얼 다양하다 내부 깔끔하다 넓다 재 예정선물만 꽈페 망 원점 역시 딸기 티라미수 겨울 겨울 꼭 야하다 콘 크런치 처음 예상 다른 중독 용 다음 다른꽈배기 특이하다꽈페 언제 요 종료 꽈배기 혁명 해도 과언 브라운 치즈 꼭꽈배기 도넛 알록달록하다 토핑 다양하다 꽈배기 쫄깃쫄깃 달달 쟁여놓 매일꽈배기 별로 꽈페 망 원점 처음 직원 꽈배기 종류 매장 넓다 친구 선물 용 디저트 강추 비주 얼 압도 누구 빵꽈배기 심지어 사고 좀 빵 촉촉하다 거리 점원 좀 심전 한번 이번 명절 가족계단 재활 계단 급 테이크아웃 조금 카야 잼 완전 취향 저격 테이블 좀 아쉽다미리 전화 예약 안내 디저트 맛집 답요즘 완전 핫 디저트 꽈페 넓다 편하다 자리 직원 준 꽈베기 다양하다꽈배기그냥 만 꽈페 콘 크림 유니콘 생각 종류 사 평일 낮 대기 비어 못 보고 온 꽈배기 좀 그냥 구매 포장 해 뭐 말모 가끔 이색 디저트 달달 먹기 옆 근처 주차장 위치꽈베기 매장 깔끔하다 크림 브륄레 망리 꽈베기 맛집 선물 가타디저트 핫 레이스 꽈페 첫 직원 청 종류 꽤 크림 브륄레 비쥬 얼 폭발포장 보 디저트 존맛 벼르 완벽 번가 세쫀존맛가게 꽈배기 알록달록 종류 다양하다 디저트 먹기 최고냠 문방구 해 사면 포장 비 좀 이상하다 욤화려하다 색상 처음 비쥬 얼역시 소문 꽈배기 종류 완전 디저트 맛집 유니콘 토핑 식감 피넛 버터 프레첼 간 친구 치즈 크림 토핑 진하다 자리 대화 먹기꽈배기 달달 쫀득하 쫀맛탱
109,엔티프,1202631502.0,점심 간판 보고 새롭다 오픈 덥다 가게 아늑하다 티그레 디저트 처음 알 설명 대량 구매 지금 까눌레 역시 빵 레이더망 옳다 엔티프 번창티그레 티그레 쫀득하 훈훈 솔직 편안 이랗 편안 티그레 원픽 휘 낭시 보갑자기 포장 왓 딸기 디저트 상큼 크림 브륄레 맛있엇어 다음 다르다 도전 장님 매장 트리 뻣새롭다 움 과자 아기자기하다 감성 파스텔 톤 인테리어 속 귀엽다 모양 움 과자 나볼 움 과자 티그레 휘 낭시 까눌레 파운드 케익 준비 차 먹기 시즌 파르페 귀엽다 공간 비주 기대 어요매장 인테리어 귀엽다 키 워드 다섯 못 골 아쉽다 티그레 구황 작물 짱 호박 파운드 티그레 전문점 짱 호박 파운드 기본 짱 티그레 구매 매장 벌써 크리스마스 트리 장식 크리스마스 분위기 물씬 다음 매장 보고마감 가까이 디저트 종류 다양하다 정성 가득하다 감성 넘치다 이름 덤 겨울 가기 전 트리가을 파르페 소식 벼르 밤 굉장하다 진하다 위 바닐라 아이스크림 무화과 아이스크림 시원하다 끝 마무리 가볍다 입 입 즐겁다 바닥 크런치 뭐 빠쟉빠쟉 그것 가을 시즌 일 예정 다른 시즌 파르페 기대매장 벌써 크리스마스 연말 분위기 가득하다 소품 왕 트리 제품 디피 귀엽다 귀엽다 매장 찰떡 종종 티그레아늑 상쾌 아늑 겉 표면 달콤하다 소스 단 걸 선호 편 달달 디저트 딱이다 마들렌 편 마들렌 중 제일 상쾌 빵 유자 고구마 말랭이 쫀득쫀득한데 상큼 딱이다 아메리카노 콜드 브루 연하다 분 연하오픈 한지 얼마 안되다 깨끗하다 깔끔하다 티그레 디저트 기선 다양하다 종류 티그레 접 선 포장 남아 매장 몫 티그레 아아 한잔 화장실 청결하다새롭다 엔티프 위치 조용하다 시즌 파르페 별미 두 아이스크림 럼블 넛츠 토핑 구성 알차다 아메리카노 콜드 브루우연 디저트 아바 맛집 분 티 그렇다 메인 전 개인 오렌지 유자 티 그렇다 상큼미치다 티그레 맛집 까눌레 물렁하다 느낌 빠삭 완전 촉촉 티그레 덕 느낌 위 토핑맛 정겹다 움 진찌 도리 살짝 은은하다 럼향 밤향 적당하다 달 일단 시원하다 완전 촉촉 덕이 바닐라 라떼 달 서로 물리 잘맞다 티그레 다른 빵집 다르다 버터 배합 높다 촉촉접 티 렛 움 과자 독특하다 크기 커서 부담스럽다 줄 촉촉하다 위 가나 슈 초콜릿 밸런스 부족하다 앞 가게 번창 과자티그레 적 궁금하다 고소하다 선물 용추석 연휴 연 별로 보물 일단 위치 눈 보이 분위기 엄청나다 채광 맛집 다른 디저트 티그레 종류 정도 생소하다 디저트 대안 브라우니 라즈베리 크렌베리 덕 여기 디저트 밍 애틋 긴장 로이 이름아늑하다 인테리어 다양하다 종류 움 과자 시즌 별 파르페 마음 디저트 재 의사 무조건 이구 다음 요기 모든 디저트 보고 파르페 존맛 이구 티그레 그냥 미치다 오래오래새롭다 오픈 냉큼 가게 뷰 제일 중요하다 디저트 티그레 처음 여기 계속 일 버세입 판이 귀엽다 아기자기하다 센스 따뜻하다 공간 평소 말 차 기본 티그레 눈 번쩍 번창 티 레 휘 낭시 기 공간 사진 화장실 깨끗하다 똥 아늑하다 편안선물 포장 보 자리 보기 포장 선물 입장 기분새롭다 오픈 휘 낭시 티그레 바로 구매 다양하다 고민 설명 겉바 촉 맛없다 겉촉 촉 겉바 촉 유명하다 맛집코지 디저트 티그레 디저트 처음 접 직원 분위기 다음디저트 맛집 인정 한국 보기 힘드다 티그레 구 빵집 저번 존맛 쿠키 무사하다 게또상쾌 원하다 상큼 담백하다 파르페 일도 달달 좌석 편 대화 나누기 아늑하다 분위기얼마 전 무화과 티 레 무화과 이렇다 재료 철학일본인 친구 발견 오픈 한지 얼마 안되다 티그레 맛집 발견 퍽퍽 스타일 디저트 처음 디저트 도전 보기 다르다 촉촉하다 기분 다음 생각 분위기 아기자기하다 포근하다 느낌 오픈 다시평소 움 과자 티그레 조금 생소하다 호기심 반 대반 휘 낭시 묵직하다 느낌 휘 낭시 마들렌 종류 다양하다 다른 인테리어 아기자기하다 행복하다 가요버터 향기 기분 디저트 가게 번창아늑하다 인테리어 분위기 동경제 출신 그렇다 디저트 티그레 포장 어욤 포장 신경 가구 욥과자 아기자기 귀엽다 티그레 처음 가격 저렴하다 다양하다 매장 아이보리 화이트 톤 사진 맛집 화장실 매장 넓다 깔끔하다 편하다 이용디저트 전문점 비주 얼 이름 까눌레 마들렌 쿠키 가게 깔끔하다분위기 모 디저트 종류새롭다 별 기대 인테리어 아기자기하다 게다가 양과자 보 종류 별로 개인 레몬 파운드 녹차 라즈베리 티그레 기본 휘 낭시 버터 아주 미가 덕 촉촉하다 양과자 정도 정성 별로 아마어제 오늘 티그레 뿐 다른 디저트독특하다 디저트 가을 파르페 이름 가을 가을 느낌 달달 밤 고소하다 매력 디저트 움 과자디저트 우리 작다 남자 파르페 번창밥 달달 디저트 파르페 먹음 직 스럽다 보 달 적당하다 달 강 추강 추일요일 저녁 까눌레 좀 아쉽다 티그레 휘 낭시 촉촉하다 기대하다 파르페 조화 계속 퍼먹 효 담인생 첫 티그레 영접 쫀득 식감 초콜릿 진하다 서비스 주신 피스타치오 무화과 마들렌 완전 취저 모두 정 성 무척첫 티그레 엔티프 종류 다양하다 다음 다른 보고 사진 욧까눌레 서비스 주시 디저트 귀엽다 인테리어 한적하다 분위기디저트 이름 귀엽다 매장 짱 귀엽다매장 분위기 조용하다 대화 딱이다 디저트 다양하다모든 티그레 아몬드 카라멜 산 티그레 고소하다티그레 휘 낭시 마들렌 쿠키 종류 개인 쿠키 티그레 선물 친구 감동 연락 매장 장님 강 추하다오픈 이제 따끈따끈하다 움 과자 티그레 마들렌 위주 라인업 차갑다 티 한잔 페어 링 먹음 일상 피로 굿바이가게 깔끔하다 무엇 디저트티그레 처음 완전 촉촉하다 묵직하다 궁금하다 마들렌 까눌레 테이크아웃 움 과자 이름 귀엽다직접 디저트 디저트 게다가 맛집티그레 홀 주방 아주 믿음직하다 티그레 요인테리어 아기자기하다 노랫소리 편안하다 느낌 주어 결제 후 바로 전자 영수증 점도 았습 디저트 이름 평상시 감정 연관 오늘 기분 가을 파르페 아이스크림 견과류 달달 아이스크림 견과류 느낌 디저트 선물 세트 구매굼괒 맛집 자리 홀라당 매장 청결하다 무엇 일 버세과 달 레몬 마들렌 유자 티그레 최고 인테리어 귀엽다 색감 기분 디저트움 과자 맛집 먹기 부담 크기 완성 높다 퀄리티 날 사고 디저트 사서 한강디저트 다양하다 요가게 인테리어 아기자기 무엇 마들렌 티그레 등등 완전 욤 친구 선물 포장 여기 콜드 브루티그레 생각 덕 개인 실온 조금 포 슬하 럼 바닐라 쿠키 은은하다 럼 바닐라 티그레 종류 다양하다파르페 파스텔 톤 귀엽다 인테리어 아기자기하다디저트 맛집 장님 인테리어 귀엽다 움 과자 신경 지인 선물디저트 파르페 다른 디저트분위기오픈 이후 정식 오픈 후 여전하다인테리어 멋있다 감성 주방 넓다 디저트 유학 파 방장 계시 전문성움 과자 평소 투어 아기자기하다 움 과자 취향 저격 다양하다 티그레 종류 나볼 내내 행복하다 개인 레몬 마들렌 말차 티 레 미치다 자주고소 디저트 회사 근처 종종다음 시즌 기대계시 포장 신경 밀봉 다음 가게 구공간 넓다 햇빛 움 과자여자친구 분위기 빵 여자친구 빵 기분특별하다 파르페 아래 움 과자 아메리카노 곁분위기 여러 종류 차 헤비 디저트 아주 디저트 가깝다 지인 선물 포장 솜씨 마눌 모시 가야 쥐전 움 과자 파르페 맛집 요 배달 자주계단 디저트 냄새 가득하다 디저트 가득하다 행복하다 전부 포장디저트 완전 분 카 강 추하다디저트 가격 아들 둘티그레 한국 시즌 별로 참신하다 기억새롭다 선물 용 귀엽다 분도파르페 다음가게 내부 쾌적하다 디저트 요 종종티그레 발견 벌써 크리스마스 분위기빵 짱디저트 이름 귀엽다 디카 페인 음료 옵션작다 까눌레 세트 티그레 두 종류 포장 종류 다양하다 자주 다른바닐라 라떼 달 은은하다티그레 레몬 쿠키 존맛베이커리 함 완전 괜찮다 티그레 보고 까눌레 원래 무엇 마들렌 무화과 잼 놀래다 존맛 꼭 끝 개존맛 매장 다른 포장 해감 만 디저트 존맛방앗간 참새디저트 이쁘다움 과자 이름이름 귀엽다 티그레 완전 감성가을 파르페분위기상쾌 입 상쾌날 한강 려고 포장 카눌레 친자 한정 수량 아숩 특성 그날 그날 조금 티그레 서비스 주신 파운드 작다 먹기 편하다움 과자 테이크아웃 과자 특유 이름 재밌다가다가 귀엽다 가게 일 디저트 컨셉 귀엽다 특색 디저트분위기 디저트오후 디저트 겸 아이스 아메리카노 달달 다과 어울림 창문 자리 바깥 신경 덜 점도얼마 안되다 디저트 설명 해주시 냄새처음 디저트 멋지다 멋지다매장 분위기 이름 감성디저트 종류 분위기 따뜻하다 용 디저트 이름 포 처럼 귀엽다 영 오시 꼭 한번 가세티그레 처음 부드럽다 까눌레 겉바 촉 평일 낮 조용하다 대화 융매장 조용하다 디저트디저트 빵 이쁘다 종류 다양하다설명 독특하다 다음 꼭디저트 보 침 절하 시 분위기인테리어 책 오기디저트 종류디져트 이쁘다 선물
110,나우올네버,1416352432.0,냥 디저트 귀엽다 말차 혼자 먹기 아늑하다다른 여기 고민 생각 만족 귀염 귀엽다 고양이 디저트 내적 비명 추석 라며 서비스 쿠키 주시 센스 재일본 빈티 편집 느낌 근처 자체 공간 넓다 아늑하다 최대 팀 정도 입장 가능하다 산미 고소하다 아메리카노 일본여행 온 듯 공간 따뜻하다 가게 노래 힐링 자체 아늑 분위기 마음생각 작다 느낌 아늑하다 디저트 금액 대비 그냥 그렇다오늘 자몽 거의 거저 모자 티셔츠 팔고굿일본 자그마하다 편집 쇼 성의라떼 음악 공간아담하다 거의 도쿄 순간이동 신주쿠 자주 비슷하다 음료 음악 초이스 굿종종 오늘 날 잡고 파르페 굳다 굳다콘파 카페인 때문 하루 한잔 몸뚱 아리조용하다인테리어 완전 취저 꼰빠 양 두 모금 분위기 반하다 담가게 멋지다 취향 알 고용 파르페 보기 해도 기분 귀엽다 토끼 쿠키 선물 사이좋다고양이 마들렌 고양이 세상가게 인테리어 이쁘다 아지트갈래인테리어 음악 음료 디저트 모든 취향 살음료 사진 멸망하다 쿠키 사진 귀엽다내부 엔틱 귀엽다나용루돌프 산타 움산책 취저 나우 크림 꼭 번 세번디저트 귀엽다 고양 희다 마들렌 귀엽다 일반 마들렌 입 물 셀카 완전 큐티 캣걸 푸딩 계란 강하다 푸딩 짱메론 자몽 이드 분위기 조용하다말 뭐 제일 인테리어 이쁘다 디저트 마들렌 별로 이뽀용골목 만난 소소하다 아기자기하다 분위기 한잔 이름 취저파르페 고영희 마들렌 귀엽다 인테리어 소품 미니 멀다 감성 푸딩 솔드아웃 아쉽다음료 두 잔 음악 분위기 게다가 전 화장실 깨끗하다 화장실 청결하다 깔끔하다 았 나우 버 종종작고 향기도아주 디저트만 파르페인테리어 멋지다 푸딩 음악 푸딩 강추푸딩 다음 가게디저트 사진 재 의사 조용하다가면 꼭 음료 디저트배경음악 맛집분위기고영희 마들렌 중 먹기 아깝다 고양이 굿 계속 돈쭐전화 미리 테이크아웃 픽업 편하다 준비 짱짱친구 조용하다 요지하 시원하다 조용하다 쾌적하다 조용하다 얘기음악고양이 마들렌선곡 스타일푸딩 서숙희 번창
111,M1CT,1375741691.0,맛집 시티 두 분 바리스타 깨끗하다 화장실 잠깐 정차 가능하다 계절 음료 엄청나다 아름답다 맛집 강력분 음료 정성한강 공원 가면 위치 밥 고민 라면 여기동네 자체 행복 터 줏대 감 기적 한번 원두 픽 스트펭권팀 멋지다 인테리어 브랜딩 매니아 탑 티어 중 개인 생각 공간 패키징 고 유지 응대 음료 따스하다 간만여름 여유 분위기 편안하다 주년 추카 포카 늘 한결같다맛집 만 여전하다 조금 처음 버터스 오렌지 존맛 밀크쉐이크 여전하다언제 기분아이스크림 통 유리창 거리 뷰 탁 장님 도굳다애견 특별하다 아이스크림 분위기 괜찮다 담대표 맛집끝 자락 가장 안쪽 눈 여기 가게 옆집 살 생각 직접 직접 로스팅 원두 가끔 아무 골 계절 제철 과일 디저트 결제 가면 꼭 가야예전 찜콩해 에스프레소 핸드 드립 주신 브랜드 아아 전쟁 터 피해 동네 골목 간판 존재 감 여기 인정 드림계절 음료 쿠키 모두 늘 장님 사랑산미 전 패션 플르츠 아주 만족스럽다 상콤 씨앗 톡톡 굿굿라즈베리 그게 어제 시즌 트로피 컬 골드 존맛구개성 공간 오레 그랏세 잔 진하다 달달 우유 조화쿠키오레 랏세 아이스 플랫 화이트대표 맛집굿시티 라즈베리 프로즌 최고 드립커피굿먹쥬 조용하다로스팅 핸드 드립 전문 진하다디저트 전부 좌석 생각 불편하다 직원 전부통창뷰 매력 망리맛집직원 계절 음료음료 카메라 갖 다대기 마련 음료 옆 종이 속 큐알 코드 통해 인스타그램 계정 자동 유입 센스 아주식사 전 아쉽다 다음 기회 꼭 드립커피 맛집수박 쥬스 환상 힐링 음료음료 아이스크림 진하다 연 인스타 보고 간 라즈베리 프로즌 개인 에스프레소 쉐이크설명 세련되다 분위기 최고라즈베리 프로즌원하다 지상 낙원 음료오트밀 라떼 밀크쉐이크 달원두 디자인 깔끔하다 직원분위기실매 야외 먹기 불편 다만 테이크 아웃 음료 다수오레 랏 세도 아이스 라떼 브루잉 원두조용하다맛집 분위기 가격 괜찮다 요즘 자두 이드 자두 이드 마셧는데 생 자두 적당하다 달달 산미 덜하다 쿠키 요즘 유행 스타일 다만 좌석 좀 불편하다원두 가장 먼저깔끔하다 음료직접 로스팅 아담하다 깔끔하다 퀄리티 아주아메리카노 라떼 끝내주다 크렌베리 파운드 케이크 강 추하다매장 쾌적하다맛잇어욤딸기 스노우볼인정
112,돌담마루커피바,1030075333.0,가게 아기자기하다 밖 지금 날씨 용 담근처 작다 요 가격 착하다옆 옥 분위기 맛집 대박 비엔나분위기 굉장하다 에그타르트 맛집 임 매장 깔끔하다 청결하다 아주쿠키 금손 니 필터 쿠키 완전 직접 계시 운치 사진 찍기 도이렇다 자주 이용 직접기와집 인테리어 아주 독특하다 아담하다 디저트 조용하다 분위기 잔강아지 바 편하다최고 타르트 요완전 감성 넘치다 테이크아웃 전문점 자리 날씨 날 음료 바깥 구경 디저트 먹기 베트남 연유 완전 달달 강 추하다 닷보석같다 블랙 스모 쿠키 디저트 혁신 자체 쫀득 달달 디저트 분 무조건 쑥 쿠키 휘 낭시 깔끔하다 커피한잔 디저트 신분 무조건 천사 전문가 의 손길 필터 말 안되다 산미 원두 원두 선택 가능하다 맛집 최고디저트 비주 얼 경우 둘 만족스럽다 차분하다 수제옆 신상 구경 시원하다 돌담 마루 바 들럴 정감고급스럽다 크림 휘 낭시 부드럽다 촉촉하다비엔나 크림 쫀득 한강 공원 가기 전 테이크아웃 해 기도라떼 바닐라 라떼 말 잔소리 오늘 바닐라 픽 크림 쫀쫀 부드럽다 과 뭐 에스프레소 찰떡 텁텁할 입 마무리 하라 주신 얼음 물 역시 쎈스 넘치다 오늘 실패 돌담 마루 바돌담 마루 바 탁트인 창문 쿠키 가깝다 점심 필터 에티오피아 부드럽다 적당하다 산미 미숫가루 진하다 밥 대용 수준가용 글구 휘 낭시리뷰 구 이렇다 맛집 널리 행복하다 바닐라 라떼 라떼 너므너므 바 필 터 쭈욱쭉욱 음료 사진 여기 맛집 망리 기와집 보시 꼭 일부러 꼭 야하다 친절 완전 미인 이심 기분최고 최고 역시 머신 그렇다 엄청나다깔끔하다 인테리어 응대 인상 만족스럽다 요 자주 부탁드리다아침 일찍 여 커피숍 아침 영업 구 진하다 가격돌담 마루 바 데 일리 마시기 분위기 맛집 친절 맛집 테이크아웃 돌담 마루 바 최고멋있다 라떼 윽주위 계시 꼭 한번
113,merrily,1989127521.0,디저트 작다 테이크아웃 케이크 움 과자 케이크 어디 서도 볼 케익 까눌레 겉바 촉 완전 제대로 후회 헤이즐넛 휘 낭시 꿀 글 제품 제공 솔직하다 작성 글꼭 보고 디저트 샵 역시 디저트 비쥬 훌륭하다 고급스럽다 손 프랑스 스타일 디저트 손수 특별 내부 인테리어 디저트디저트 보기 이쁘다 레몬 타르트 솔티드 캐러멜 휘 낭시 레몬 타르트 필링 콤 콤 타르트 부분 쿠키 솔티드 캐러멜 휘 낭시 단 겉 바삭 쫀득 속 부드럽다 순식간 혼자 모 공간 깔끔하다 아늑하다햇살 맛집 이자 디저트 케이크 장소 귀엽다 식물 친구 조용하다 매장 한잔 디저트 어서 장소 매일 정성 가득하다 움 과자 매번 기대 메럴리 직접 깊다 덕분 열정 섬세하다 노력 느낌 케이크 디저트 메럴리 책메럴리 분위기 아기자기하다 소품 가득 달달 디저트 존맛보물 케이크 특색 데 못 종류 신기하다 원래 초코 케잌 막상 베리 루비 무스 보 세상 고급 진맛 만족 만족 겹겹이 다른 크림 입안 존맛 호텔 디저 트 느낌 휘 낭시 미치다 겉 바삭 속 꾸덕꼬소함 디저트 정성 느낌 솜씨 장난여기 디저트 맛집 디저트 퀄 고요 고급스럽다딸기 타르트 헤이즐넛 휘 낭시 욥작다 디저트 케익 도도 적당하다 얼그레이 무화과 얼그레이 생 무화과 케익 건조 무화과 얼그레이 케익 처음 크림 가볍다 얼그레이 생크림 시트 당근 케익 시트 비슷하다 밀도 높다 무게 감 파운드 식 감 시트 건 무화과 재미 더하다디저트 포장 꼼꼼하다 디저트 모 재 각이쁘다 바로 레몬 타르트 이쁘다 남자친구 이쁘다 외관 운 과자 맛집 까눌레망원역 마포구청역 사이 보물 디저트 발견 케이크 타르트 휘 낭시 등등 여름 과일 타르트 딜 크림 치즈 필링 자두 살구 복숭아 조합 기 존맛 무조건 먹기 약속 레몬에이드 상큼 달 존맛 레몬에이드 분 꼭 야하다 가게 작다 혼자 친구 둘 가기 포장 꼼꼼하다 해주시 테이크아웃파티 시 자부심 멋지다 디저트 여기 디저트 모두 먹기 아깝다디저트 아늑하다 귀엽다 조용하다 아기자기하다 얼그레이 무화과 케이크우선 가게 분위기 따뜻하다 평소 디저트 힘들다 보고 카라멜 타르트 달콤하다 디저트 메럴린요기 휘 낭시 젤로인생 까눌레 휘 낭시 왜 입안 잔향 계속비주 얼 디저트 디저트 금귤 바닐라 무스 비주 얼 고급스럽다 이쁘다 무스 케이크 움 과자 타르트 등 다양하다 디저트 판매 디저트 맛집 코지 분위기 사진 짱 굳다 굳다한번 얼그레이 무화과 얼그레이 무화과 바로 요 그게 정답 햇살 아담하다 내부 따뜻하다확신 디저트 맛집 젭알 라즈베리 루비 무스 꼭 요무스 타르트 움 과자 맛집 매장 테이블 어린이 우유 준비 포장 단단하다 후 보아 생산 딸기 홀 속 잼 가득 달달 부드럽다 크림 산뜻하다 산딸기 무스 타르트 부드럽다 고소하다 희다 크림 마스 카포네 눅진하다 달콤하다 전체 상큼 과 달달어제 두번째 이번 종류 별로 구매 역시 기대 고급 진 요포장 딸기 타르트 어떻다 달달 딸기 벌써 다른 타르트디저트 음료 완전 존맛 무조건 재 예정얼그레이 무화과 케잌 조합 취저 제대로 구 달달 라떼 연유 라떼 라떼 고소하다 꿀맛 당케 보고 고 케잌 빵 파운드 케잌 다음 휘 낭시 그것디저트 간 내부 포장 다음 재 의사레몬 타르트 상큼 즙 확 레몬 마들렌 얼마나 상큼 궁금하다 디저트 얼마나 공 케이크 파이 움 과자 맛집 나중 선물 용 구입아늑하다 릴리조용조 용하다 분위기 마들렌디저트 용 분위기 아늑하다 동네 이야기 나누기디저트 괜찮다 케이크 괜찮다 선물왜 움 과자 맛집 케이크 휘 낭시 작다 가게 신경 은월요일 문 여 베 이크 별로 문 여 내부 아늑하다 디저트 고급 지고 흔하다 조금 일찍 도착 오픈 다시 응대 덕분 기분 사서 다음 근처 일 꼭 다시분위기매장 작 분위기디저트 이쁘다 디저트 딱이다매번 저녁 어떻다 궁금하다 이번 마들렌 왜 평소 비닐 포장 싫어하다 다음 반찬 통 생각 수요일 휴무 바로 반찬 통 다시 레몬 마들렌 추가 구입 어제 다시 후회 뻔 디저트 고맙다여기 이제 가장 후회 이제 이사 출근 도장 번창 압도 감사 감동동네 주민 친구 강 추하다 포장 레몬이 강하다 다음 다른디저트 모양 디저트 맛집소문포장 좀 꼼꼼하다낙지 볶음 가볍다 디저트 차 한잔 케잌 인심 후과일 타르트월드컵 근처 골목길 디저트 독특하다 정교하다 타르트 겉모습 매번 깜짝정상 포장 다음 날가격 대가 좀끝 자락 디저트 맛집오픈 꼭 디저트 페 기대하다 또또움 과자 디저트 빛 이나 인테리어 깔끔하다 편안하다 느낌 화장실 건물 화장실 깔끔하다 주변 조용하다 편하다얼그레이 무화과 케이크 사진새롭다 선물 용 선물 분 둘 어렵다 까눌레 입맛 응대 번창겉바 촉 움 과자 감동 진정 재능 캐 케이크 타르트 촉촉하다 음료 뭐 일만밀푀유 추가 역시 크림 취저 따리 입틀막 진실 간 자동 디젍 맛집딸기 케이크 딸기 달 케익 부드럽다 밀푀유 바닐라 빈 입맛 딱이다매장 마스 카포네 초코 스콘 포장 마스 카포네 초코 케이크 마스 카포네 살살 초코 취저 스콘 사면 주시 라즈베리 잼 매장 직접 감동마들렌 겉바 촉 요 가게 아이 반려동물 친 적 공간 더욱 맘케이크 휘 낭시의 디저트 미가 고급스럽다 특별하다 디저트휘 낭시 맛집 포장 가게 작다 생각밀푀유 크림 레이어 딸기 타르트 크림 치즈 필링 두껍다 바삭 타르트 딸기새롭다 이상 요 디저트 독특하다 근사하다 홀 케이크 하니 다음여기 케잌 생크림 케잌 다른 케잌 보고기분 디저트의문디저트 류새롭다 오픈 종류 별로케이 쿠도 대박 어머님디저트 이쁘다오 마들렌 휘 낭시 둘 존맛레몬 마들렌 존맛굿
114,르뻬떼,1213953055.0,동네 분위기 친목 모임 강 나미 핫도그 궁금하다 나초 매콤 상큼한강 산책 내부 인테리어 이쁘다 무엇 이상화 선수 계시 상화 선수 직접 깜짝 앞 단골 고객 디저트 보 다음한강 자전거 발견 강남 보고 놀래다 이상화 놀래다 커피젤리 방탄 자주 방턴 담백하다 커피젤리 탱탱하다 진하다 부드럽다 달달 크림 조화 심플 인테리어 조용하다 분위기 음악 집중반려견 동반 날씨 땐 멍 분위기 굿 음악 굿 인테리어 금방 무엇 계속나쵸 번 나쵸 때문 잔 하이 볼 먹음 동네 핫도그 나쵸 젤사진 재밌다커피젤리 이상화 매일우연 찮 이상화 선수 운영 대박 하이 볼 굿 도 사고 기분 나쵸 요 손 가요 손여기 일단 자주 가게 한강 공원 가기 전 위치 한잔 사서 공원 산책알바생 왕방탄 커피젤리
115,트래피 커피,1107407387.0,차근차근 설명 편하다 너 맛집 여기 쿠키 궁금하다 드립 백도재 트리 장식 연말 분위기 쇼 브루잉 추가 반갑다 코스타리카 라스 하스 블 랙 다이아 밸런스 워 시드 처럼 클린 컵 온도 다양하다 인상 브루잉 해피 홀리데이로스 터리 그렇다 핸드 드립 분기 다양하다 콤팍 하리 오 스위치 넘치다 깔끔하다 온두라스 게이샤 워 시드 클린 컵 에프 터 테 이스트 깔끔하다 직원 다른 스폐셜티 화장실 더럽다 경우 화장실 깨끗하다 화장실 문 조금 뻑뻑 단골맛집 자리 편이 집중 작업혼공 넓다 종류 마나 자주 의자 푹신하다 충전기 완비 공부 매우 웃요즘 단골 쿠키 노트북 집중로스팅 직접 맛집 인정이 본연 일 리뷰 처음 브루잉 자주 번창늘 여기 여기 처음 핸드 드립 매력 논 종류 계절 콩 포트 직원 항상 매장 깔끔하다 편하다트 피카 자두 트 프레 복숭아 크루아상 자두 문 바로 카운터 쪽 맞이 일단 음료 몹시 습 콩 포트 수제 에스프레소 복숭아 라면 산미 걱정스럽다 왜 남편 자꾸 입가심 하라 산수 콩 포트 이드 한잔 여름 과일 중 자두 제일 트 프레 여름 내내 자주편안하다 분위기 아늑하다 자주 듯과일 하이브리드 음료 에스프레소 필터 등 다양하다 구비 음료 선택 폭 넓다 만족스럽다 웠던 드립 콜롬비아 구 카나스 무 산소 발효 핑크 버번 민트 티 산뜻하다 무 산소 특유 정제 느낌 무분별 번지 산미 작업 분 면학 분위기저녁 직원 야외 공간 가을 바람 모기 매장 조금 괴롭다 모기 문제매장 분위기 넓다 편안하다 분위기 노트북 작업 막 기 좀 불편하다 자리 주 깨끗하다주말 누 평일 알 가야 좀 한산하다 평일 분위기 굿매장 넓다 화장실 진 인 넓다 이야기 매장 깔끔하다콩 포트 신기하다 탄산수 주시 센스 왕 인테리어 멋지다차분하다 분위기내부 외부 깔끔하다 고급스럽다 던 트 피 주변 거리 이쁘다 내부 힘 준 듯 준 듯 느낌 편안하다 노트북 차 한잔 가볍다 자세하다 내용 블로그 하마 성장 스토리근처 습 디카 페인처 음료 생각 별로 매장 넓다 무엇 화장실 쾌적하다 노트북 좌석 명 기도 음료 가격 비싸다 편테이크 이웃가끔 작업 주말 가면 좀 노트북 작업 완전 이렇다 치 심지 쿠폰카페라떼심하다 불편하다 잠깐 공부 가게 충전 잭 다이소 동쪽 다이소 합정 동안 친구 자리 안되다 번 닥달 심지어 그냥 자리 음료 닥달함 오케이 이후 등 쪽 자리 한번 친구 만 손님 상황가격 이렇다 품질 원두 픽 행복하다 편안하다 분위기 구욷굉장하다 넓다 이쁘다 좌석 구역 섹션 카 족 불편하다 테이블 존재 대화 불편하다친구 편하다 수다 다른 분 작업 노트북작업 아보핑크 솔트 크림 음료 밀크 트 피 티 분위기밀크 티 재 의사에스프레소 콩 포트 박하굿분위기작업 테이블 콘센트 바퀴 의자 장님 필터라떼 드립커피 해 크리스마스 분위기 매장 넓다바닐라 라떼 음악 굳다 또또 행쑈한적하다정성귤 트레 피카 때문 어디 가기 전 항상 겨울 시즌 아쉽다생각 내부 넓다 화장실 좁다 깔끔하다 밀크 티 아이스 바닐라 라떼 밀크 티 어요 담 가면 꼭 중앙 쪽 책상 거기 공부 노트북 저녁 조명 일부 불 저녁 작업 환경 아늑하다 분위기 대화분위기 베이글 소스어디 고민 노트북 조금 자리 편하다 생각 사무실 의자 바퀴 편하다 의자 밑 박스 짐 두 그게 여러 다리 어디 약간 불 편하다 짐 다른 드립커피 아이스크림 뒤 디저트작다 자리 잡기 힘들다 쾌적하다 기도 꽤매장 넓다 편하다트 피카 욤 분 여기 완전 이옹 좌석 공부 자리제철 과일 에스프레소 매장 생각 넓다 작업 테이블 대화 테이블 다양하다 손님 수용분위기 아이스 라떼의자 편하다 인테리어 멋지다귤 트 피카 다음 딸기 도전굿강가 여기 핫 인테리어 깔끔하다 멋지다 친구 오기 혼자 노트북새롭다동네 곳디작업 신상 화장실 쾌적하다 음료 가격 착 한편이탈리아 살때 한강 바로 앞 여름 아이스 사서 조깅 동네 커피집인테리어 완전 이쁘다 머그컵 취향 저격 바로 구매 수다 떨기 강추새롭다 음료 분위기 일단 화장실 깨끗 노트북 자리 편하다 공부새롭다 오픈 컵 귀엽다 용신상 트래피 명 이서 조용하다 얘기 넓다 치 쾌적하다 공간 행복하다새롭다 오픈 깨끗하다 분위기 이드 신선하다 테라스 넓다 요 자주밀크 티여기 무조건 가세강가 새롭다 깨끗하다 생각 매장 넓다 번창근처 제일 넓다 애 자두 이드 켯 독특하다 자주음료 분위기공간 동네 기쁘다 자주새롭다 햇 매장 깔끔하다 테이크아웃 잔 귀엽다 다음 매장 이용 번창음료 맛집 트래피콩 포트 존맛작업 겸 작업 공간 자리 자리 나기 어렵다 외 노트북 편하다굿특별하다잘생기다 최고 매일 아아 수혈맛집 분위기 맛집 화장실 맛집굿굿매장 깔끔하다 널찍하다 바닐라 라떼 갠 음간구인테리어 동네 이렇다 멋지다바닐라 라떼말 쿠키 맛집 요굿굿화장실 워시 맘
116,피피커피,13509098.0,매일 만족스럽다최고 맛집 정신차리다 애용융 드립 볼 원두 종류 순하다 진하다 편이 무엇 제일 중요하다 소문 자자하다 당연하다 주신 초콜릿 직접 역시 동네 기적 듯최고융 드립 특별하다 다양하다 원두 바로 덕분 깊다 다만 라떼 시럽 사 용하다 좀 의외핸드 드립 여기 최고융 드립 예술 직접 초콜릿사랑 특별하다 융 드립융 드립 처음 가격 추출 방식 특별하다 깔끔하다 일품 신세계 설명 주심 다만 아이스 용 왕 얼음 재사용 궁금굿핸드 드립 연극 이자 공연 로스팅 향기 장인 계시 방법 신기하다 드립커피 엄지 척 꼭정신 번쩍 필요하다 강추고소하다 직원 자리전문 맛집직접 로스팅 재배 다양하다 원두최고 가게 분위기 오래오래얏호원두융 드립 원두 직접 필리핀 농장 자부심 진하다 끝맛 깔끔하다 아이스 아메리카노 크레마 처음 신선하다 느낌 가격
117,오늘의 위로,662944975.0,재료 자체 과일 신선 빵 부드럽다 참고 디저트 항복번 난 뒤 케이크 여기 만 바나나 초코 타르트 대신 케이크 특별하다테이블 아쉽다 디저트웨딩 임 페리 얼 따뜻하다 자두 새 함 아이스크림 차갑다 움 완벽하다 오늘 날 시원하다 가을 바람 날 간만 밖 디저트 호사 느낌 과 디저트 위로어질어질하다타르트 맛집 생일 케이크 늘 여기무화과 케이크 시트 굉장하다 부드럽다 인상 식물성 생크림 쓰시 아뮤 동물성 생크림 아쉽다 요 특유 식물성 생크림 남 과일 도 아쉽다 싱싱하다 물맛계절 케이크 대요 딸기 체리체리 초코 케이크 무화과 케이크 복숭아 타르트원래 애정 만 매장 역시 변하다 단호박 타르트 산딸기 케이크 초당 옥수수 쿠키 포장 역시 조만간 약속피곤하다 몸세상 제일 케이크 가게 애정 생일 날 그냥 사서 행복하다타르트 류오픈 어제 쿠키 품절 오늘 기필코 다짐 초당 옥수수 쿠키홀 케이크 일주일 전 정성껏 복숭아 가득 케이크과일 좀 두드러지다굿직장 오늘 위로 퇴사 퇴사 전 행운 조기 퇴근 만 세 친구 체리 초코 케이크 체리 초코 최고 조합 는걸 최고 매장 이용 처음 아쉽다 충분하다 담 퇴근 차 그때 체리파이가게 이름 진정 위로 디저트 과일 생크림 케이크 산딸기 타르트 행복하다금요일쿠키케이크 처음 저렴하다 사이즈 조각 크기 꽤 차 종류 다양하다 장내 이용 제한 잠시 여유애정 디저트 맛집 말차 딸기 케이크 체리파이일주일사 케이크 값 저렴하다케이크 전부 생크림 케이크 여기저기체리 초코 케이크 체리 가득 매번 사 다른 케이크 케이크 맛집기대하다 디저트 이름 걸케이크케익 여기사진 못 일주일 번 날수 전 토요일 가능하다 케익 요디저트 담 젛최애자주 가요 영업일 자체 얼마 아쉽다 멀다케이크 염 금토 영업 슬프다마음 편하다 딸기 생크림 케이크케이크딸기 타르트오늘 위로 늘 행 보케파이 케이크 모두정성 디저트 마다 감동단호박 타르트 블루베리 파이디저트 무화과 단호박단호박파이 단호박초당 옥수수 쿠키무화과 얼그레이 케이 쿠이용 제한 금토 오픈 디저트 조용하다파이모든 이틀 오픈 슬프다가면 자주 뭘 평타 이상 류 존맛 용 케이크 네 사진 두 여 앞 쭈욱 자리디저트 직원산딸기 철 구매 타르트 콤달콤젤 디저트 가게 지금 금 토 운영 예전 평일 운영 자주 케이크 달가능하다 노력디저트 분위기 코지디저트 산딸기 타르트 다나 블루베리 파이맛집까눌레 마들렌 애플파이 딸기 케익 내일 아침진정하다 위로이용 가게 규칙 차도 잔뜩 베이커리 류 더욱 발견 단골체리파이 바닐라 아이스크림 포장 아쉽다골목 행복 디저트항상 행복하다 오늘 위로체리파이 까눌레 취저옥수수 쿠키단호박 타르트 초당 옥수수 케익 얼그레이 쿠키 금요일 한시 조금 별로까눌레 겉바 촉 무화과 얼그레이 케이크 적당하다 달 오늘 위로복숭아 타르트우울하다 날 디저트 첫 딸기 타르트 계기 단골 쿠키 타르트 케이크 차 모두 어요 차밤 케이크 시부모 생신 어른 서도복숭아 타르트 황도 달콤하다 복숭아 폭발 타르트 지도다소 가격 종종 주민복숭아 타르트따뜻하다 기분 기분 여유 번창항상 케이크 타르트 혼자 알 그렇다 맛집가도행복하다위로매장 디저트가게무난 무난달 신선하다 재료까눌레 블루베리 타르 힐링 중 딸기 에그타르트 마침 딸기 타르트 에그타르트마들렌 까눌레 케이크 생크림항상주말 포장 하루 행복 자체 멋 가게 자꾸 아시위로 디저트약간 비싸다 달최애 케이크 눌레 케익 헤어 중 위로 날 오늘 위로반하다 파이 아이스크림 편안하다 분위기 가요 재 의사최고 이번 무화과위치힐링 장소케익 전부정갈하다 오늘 위로 위로
118,프라이빗커피하우스,1401801033.0,팬케이크 퇴짜 기분 상 편안하다 인테리어 덕분 힐링 다른 린 디저트 꼭 인 음료 강요 프라이 빗 커피하우스 오히려 감동 팬케이크 꼭 재조용하다 이쁘다 자리 잡고 시끄럽다 음악 취향 에티오피아 모모 해독 주스 원샷 해장 기분팬케이크 꼭인테리어 이쁘다 편안하다 분위기 의자 편하다 친철 앞매장 이쁘다 홀리 듯 무엇 음악 선곡 스타일 자주프라이 빗 전보 조금 전체 마 일드 땅콩 가루 식감 고소하다 말 렌카 꿀 케잌 달 줄 크게 달 식 굉장하다 쬴깃해 감동 남자친구 별다방 케잌 가도 실망 사업 번창멋지다 인테리어 멋지다 음악 음료 조금 신경 쓰시 어떻다 아쉬움 그니 음료 딱하다 인상 지도수박 주스설명 디저트 바나나 위 설탕 건 무한 주변 조용하다 분위기공간 변신 과 아늑하다 말 넛 라떼 괜찮다 누 치바 달달 바나나 크림 젹셔먹으 입안 녹아욜 시간대 간 덕분 즐겁다 수다 타임날 꾸리 조용하다 달달 디저트 비록 배부르다 창가 시원하다얼마 전 누 치바 다른 친구 처음 덜 크리미 듯 그때외부 파사드 이쁘다 입 판도 강아지 산책 애견 동반 가능하다 대서 바로 내부 아기자기하다 분 온 코지 편안하다 디저트 블루베리 스콘 위 콩포 트 스콘 맛집 여기 제일 중요하다 폼 부드럽다 고소하다 잡채 뜻분위기 음료공 공간골목길 시끄럽다 한적하다딩초 입맛 못 넛 크림 라떼 적당하다 쌉싸름하다 크림 누 치바 달달 구리 조합 노닥 거리만 프라이 빗 커피하우스 이름 이름 기억 테이블 원목 스타일 좀 아늑하다 느낌 논 딸기 음료 달달 아이스크림 로즈마리 덕분 함 더더 코끼리 정원 닷아기자기하다 외관 따뜻하다 감성 가장 먼저 눈 바나나 누텔라 크림 치즈 그거 바나나 카라멜 한번 바삭 밑 크림 부드럽다 달달 스타일 얼그레이 볼 데 하이 볼 적당하다 쌉쌀하다 단맛 친구 밸런스 담벌써 항상 디저트케이크 날씨 케이크 포장 아담하다 동네 분위기혼자 힐링날 좀 창가 멍 잔도조용하다 귀엽다 실속분위기디저트도 분위기 아늑하다조용하다 아늑하다 분위기 음악 와인가깝다 자주아늑하다 디저트굿얼그레이 하이 볼스콘매장 공간 자체 편안하다 분위기 자주 음료 공간 불편하다 자주 공간 자체 하이 볼 항상 낮 저녁 처음 독하다 부드럽다아주 여유 가면 봏 감격 일 배부르다 가야기록 보 계단 부담 접근성 골절 재활 계단 리뷰 선택 밀크 티 적당하다 달달디저트 음료 안전 고민 최애 음료 피치 블랙 티 시즌 음료 기대하다바닐라 맛집공간 편안하다 음료 디저트프라이 빗 광장 진하다 고소하다 모금 깜짝 피치 뷸랙 티 비쥬 훌륭하다 광장 상콤 요리 위생 장갑 착용 모습 자그마하다 특색 강 추하다이쁘다 무엇 인스타 감성 의자 음료 특이하다 밀크 티 아주 매력음악 음료 말아지트 공간 편하다 깔끔하다 존맛 처 프라이 빗 티 느낌 짱 피치 블랙 티말 그대로 프라이 빗 공간 개인 작업 해도 아지트 지인 굉장하다 만족알 개인 아늑하다 분위기 기호 일단 카 페 늘 청결하다 단골 일주일 번 꼬박 가요 치즈 케크 스콘 강 추하다 참고 창가 포토 스팟굿인테리어 요즘 유행 얼그레이 하이 볼 존맛 조만간 갈래아메리카노 만 따뜻하다 산미 스콘 조용하다 따뜻하다 분위기 처 기대굿아늑하다 깔끔하다 인테리어 하이 볼 봉케익 아쉽다 음료 가게 이름 조용하다 대화 얼마 안되다 깔끔하다 뭐 새 기분 화장실 깔끔하다음료 인테리어 깔끔하다 둘 대화 부 위기조용하다 친구 대화 매장 깔끔하다 청결하다 꼭 다시 분위기 포근하다 느낌음료리뷰 귀찮다 별 생각 검색 새롭다 아늑하다 분위기 처 달 시나몬 계속 물이 다음 번창포근하다 따뜻하다 인테리어 깔끔하다 바닐라 라떼디저트 모두 차분하다굿프라이 빗 꼭처움 과자 레전드인테리어조용하다 인테리어 이쁘다 아늑하다 아지트 느낌 매장 청결하다 깔끔하다분위기
119,카페씨멘트,37687817.0,예전 테 아해 반려견 동반 이번 신경 음료차분하다인테리어 이쁘다 몰랑몰랑하다 연하다 그렇다 말씀 샷 추가알바생 음료 도 감동 배이쁘다 대화밤 야외 날씨 쌀쌀하다 다음인테리어 국적 분위기 편안하다 주말 자리 평일 여유복잡하다 해 구경 여기맛집 용디저트 날 따뜻하다 야외 저녁 분위기디저트 블루베리 치즈 타르트 달콤 콤 직원 친절 미세먼지 날 야외 자리 이용가게음료 오렌지 자몽 블랙 티 강추월드컵 공원 강아지 애견 동반 직원 강아지 아쉽다 주차 가능하다 점도 앞 정도 주차테라스 자리키위 쥬스 오렌지 쥬스 묘 헌 쥬스따뜻하다 바닐라 빈 라떼 충전 필요하다 완전 만족 저번 도 블루베리 치즈 케익 시끌벅적하다 주말 조용하다 차분하다 찾기 어렵다 덕분 편안하다 대화담 강쥐강아지 배 강아지 동반다른 자리 그냥아늑하다 도 직접 분위기 따뜻하다 사진음료 생 과일 건강하다 달콤하다 만족하다 인테리어 만족하다 남자 직원 분 음료 관련 질문 대답 뒤 뒤 거리 셔 갑자기 어떻다 뭐 여자 괜찮다분위기 강아지 귀엽다인테리어 음료 최악 요 아쉽다만족하다산미 연해 어이 스크림 달분위기자리 편하다 음료분위기 아늑하다 편하다 디저트 음료 다양하다완전 존맛 반하다 음료 인테리어 마음 다음 재 각인테리어 귀엽다 생각 넓다 특색 음료음료 수제 청귤 차갑다 상큼테라스 할로윈 장식 귀엽다 디저트음료 진심 분위기음료 분위기 깔끔하다 꼭 굿가게 이쁘다 음료 사진 다음 재 의사음료 디저트 음료자주인테리어 너 무 이쁘다 음료 두번째이쁘다 조용하다 평일 오기 딱이다 데이트 이쁘다 포토 존 징망리 까페 투어 조명 짱 티크 아늑하다 정가음료굳다 굳다 굳다추석 서비스 주신 까페 복음료 분위기 인테리어 친구 만족스럽다분위기 테라스 자리 안쪽 자리 타르트 크레플 꼭분위 캠핑 온 줄 서비스 주시 사랑대화 음료인테리어 식물온 캠핑장 온 다음친구 인테리어 음료 직원친구 모임 자주 드 르 디저트타르트 도 굿분위기 산미 아메리카노 오렌지 비 고 아이스크림청귤티 콤 달콤하다 요 분위기 노래 좌석 개방 바람 통쫀득 무엇 가게 아기자기 각도 사진 인생 샷날씨 야외 분위기 디저트 아아 오랑 아주 귀엽다굿아이 백신 오전 힐링 즐겁다 목요일 음료 노래직접 딸기 청 사용 고 딸기 라떼 딸기 큼직큼직하다 청귤티 생각마땅하다 중 사막 속 오아시스 발견 듯 멀리 빛 무언가 홀리 듯 딸기 청 딸기 라떼인테리어 멋지다 용 디저트 배치 감성 삼 매장 음악 힙함 수제 밀크 티 아인 슈페 너 드럽다 짐굿아이스크림야외 댕댕 재미 쏠쏠하다 음료 특별하다음악 별로 케이팝 일색이쁘다 인테리어 이쁘다날씨 짱 상큼 엔틱 분위기 음료테라스정신 디저트 풍경 혼자 노트북딸기 라떼 먹기 아깝다 인테리어 분위기 악분위기굿라떼 사랑 잔 추가 발라드 타임 굿테라스 자리 편하다 사진 평일 한적하다대표 이름 유니크 매번 내부 공간 이쁘다 음료 디저트 만족스럽다근처 살 단골 아쉽다 정도 서비스 주신 도짱짱티크 고급 진 분위기 까페 씨 멘트 추억 스푼 추가 센스직원분위기 흑임자 슈페 너 꼬소야외 테이블동남아 분위기외부 인테리어 반려견 물이 간식 감동 내부 인테리어 이쁘다 앞 자주이쁘다 까페 이쁘다디저트 이드 아주 맜있어 서비스 무지이렇다 처음 신기하다 인테리어 완전 취저욤근처 날 평일 혼자 자주 편이 언니 두 분 인테리어 조용하다 책 힐링 짱 남자친구 한번 요즘 혼자 서도 가끔 장사 번창 일 돈 버세화장실 공용맛집 체다 치즈 처음 쫀득 부드럽다 오렌지 비 코 짱 강 추하다망리단 맛집 까페 적 고향 성산 국민학교 가깝다 휴가 맞이 아이 나들이 깔끔하다 인테리어 비행기 타고 동남아 아이 분위기 달달 상콤 음료 맛집 맛집 아이 추억 여행 서교동 지나 망리 지나 페 멘트 과 라떼 고고밀크 티 처 돌이 드뎌 밀크 티 맛집 분위기 가시 꼭
120,베베크,1555121344.0,글루텐 프리 디저트 종류 이렇다 애플 럼블 케이크 딸기 생크림 케이크 구입 과 달 오히려 기분 건강하다 케이크 다음 소금 빵 종류 보고 덩달아 기분 랍아기자기하다 테이크아웃 크리스마스 분위기 단아 디저트 쌀 가루 비건 베이커리 궁금하다 부드럽다 가성 비도 망원역 추 천하다멀리 부터 빵 부다 덕분 주말 도 부지런하다 빵수니 테 건강하다 빵 주말 행복하다 나보이 귀하다 진땀 후기 아주 황 치즈 사르르 낼 예정 얼른 항상 건강 우선글루텐 프리 쌀 로만 빵 진심 보통 쌀 로만 빵 가격 가성 비 넘치다 처 소금 빵 우유 크림 곁 무제 스타일 바스크 치즈케이크 크림 덕 달달 크림 맛집 해 담번 베이글 오픈 한지 달도 안되다 신상 빵집 빵 순이 단골 예약누군가 베이글 맛집 베이글 존맛
121,나이스망원,1287839428.0,여전하다 덥다 날씨 데이트 발견 젤라또 러버 없쬬 피스타치오 젤라또 신선하다 물 그렇다 진정하다 매장 분위기 넘치다 자주 자주처음 젤라또 이상 쌀맛 레몬 생강 공간 편하다너 무 덥다 가게 컵 시원하다크림 치즈 최애 다크 초콜릿 초당 옥수수 욤 옥수수 알알이 식 자두 콤달콤 여기 젤라또 나용젤라또 종종 아이스크림친절 때문 처음 쌀 스트라챠텔 번창쌀 레몬 생강 피스타치오 나이스 쌀 젤라또 다른 젤라또 쌀 리조 젤라또 사뭇 다른 그동안 쌀 젤라또 부드럽다 달달 나이스 젤라또 생강 레몬이 그렇다 달달 상큼 쌀알 과 레몬 상큼 신기하다 피스타치오 부드럽다 고소하다 달달 함 피스타치오 돌이 피스타치오 강추자리와인 아이스크림 신기하다 담 도전피스타치오 품절 아쉽다쌀 깔끔하다젤라또 맛집 쌀 레몬 생강수제 아이스크림 여러 종류 보고 저녁 배 두 종류 생강 쌀 아이스크림집앞 가게 생기 나중 생각 젤라또 사랑 홍시 최애 쌀 원픽 스트라챠텔 민트 언제덥다 홀리 듯 아이스크림 리뷰 좌석 별로 쾌적하다 담번 포장 구 피스타치오 강 추하다젤라또 맛집 합정동 가면 늘 티라미수수제 아이스크림 맛집 스크림 이름 아주 지은 듯젤라또 맛집 젤라또와인 페어 링 나이스 최고포장 덕 다음 구젤라또 맛집 배달 종종 매장 인테리어 멋있다 최애 스트라챠텔 라즈베리 초콜릿인테리어 젤라또젤라또 기분 자두 소르베 존맛깔끔하다요즘 덥다 날씨 젤라또 먹기 수박 달달 쌀 생강 색다르다피스타치오젤라또 요괜찮다쌀 비싸다 매장 밖 벤치 한적하다덥다 날씨 최고 궁합가격 살짝 비싸다 우유 소르베가게 이쁘다 직원 아이스크림 최 곱다한번 줄 서서 알 스크림 맛집 인 정 합 니 솔티 캬라멜 알 스크림 꼭 인생 알 스크림 등 재시수제 아이스크림가격 좀 비싸다건강하다 욥 스쿱 사악하다 가격 젤라또 비싸다입맛 조금아이스크림 매장 와인 만 간단하다 디저트 와인 편하다 자주젤라또 건 당연하다 사실 가게 분위기 깔끔하다 포장 꽃길젤라또와인 아이스크림완전 지방 느낌 깔끔하다 마무리 아이스크림 이예 개인 베매장 테이크아웃 쪼꼬미 젤라또 귀엽다 분위기 종종오픈 한지 얼마 안되다 매장모든 종류 다른 꼭 다시 인테리어 젤라또 힐링앗 생각 옅다 재료 별로 안나 텍스처 쫀득해 응 스럽다죤맛퇴근 달콤하다 콘 그날 하루 보상 느낌 고급 진 여식후 젤라또 기분 행복 나이스 젤라또 나이스 데이 나이스 데이트분위기 독특하다 아이스크림 고급 밥 후식 먹기 여 멋지다 추가메론 소르베 배맛젤라또
122,종이숲,1418523051.0,모카 포트 진하다 비 날 조금 온화하다 도착 공간 곳곳 애정 가득 창가 석 옆 화분 잎사귀 상처 말 대신 말 초록 식물 가판 도서 종이 숲 처럼 테이블 작다 혼자 도 둘이서 가면 모녀 대화 소리 친구 이야기 출입가을 스페셜 밤 범벅 차 라떼 종이 숲 모카 포트 항상 만족스럽다 말 종이 숲 부드 럽 장소라 명절 마음 가득 밤 범벅 자리 바로 가을 다운 고소하다 밤향 크림 지향 크림 부드럽다 조금 야하다 아쉽다가면 자주 책 잔잔하다 아기자기하다 분위기 모든 소품 정성 화채 귀엽다 예 뻐 먹기 아깝다아기자기하다 아늑하다 북카페 푸딩 예정책 조용하다 혼 공간 정성 다정하다 느낌 마음 쏙 책 살 직접 주시 미리 예약 푸딩 색감 알록달록하다 커피잔 받침 맘 푸딩 이번 주 비 지엠 책 멍 테이블 정도 작다 공간 다음 혼 갈래조용하다 책 가기 혼자 오기비 날 아늑하다 핸드 드립 주로 제주도 관련 서적 판매 계시책방 차 아포 카토 책 소소하다 즐거움 차 아포 카토다정하다 책방 지기 나긋하다 음악 빵 버터 긴장 몸 국화 차잠깐 급하다 북카페 아담하다 편안하다 책 집중 분위기조용하다 푸딩 책자주 도중 애견 동반 가능 종이 숲 발견 견주 입장 강아지 별로 데 아주 특별하다 한번 차 라떼 아이스 아메리카노 핫 초코 푸딩 딸기 알 가요차 라떼 푸딩 진하다 차라 늠 꼬숩 푸딩 탱글탱글하다 카라멜 소스 이름 예 종이 숲 동네 사랑방작다 책방 아담하다 드립 모카 포트 종류 모카 포트 거의 독특하다 수제 푸딩 딸기 듬뿍 느끼하다 강아지 동반 애견 인분 자주 오 실 종이 숲 꼭상큼 민트 티 마음 상큼 기분 해 쥬네 강추새롭다 과일 푸딩 상큼 달콤 봄 느낌 오늘 종이 숲 모카 포트 오늘 궈엽 잘생기다비 날 포근하다분위기 인테리어 신경 책 음료 차 아포가토 모카 포트 라떼 완전 반하다 귀엽다 번창아아 주 분위기 디저트후르 츠 푸딩 순식간 해 자주 푸딩 역시따뜻하다 감성 넘치다 조용하다 책처음 이렇다 공간 차 아포 카토 대박 요만 응대 음료 여전하다 메뉴인 과일 푸딩 오시 꼭 야하다반려견 가기 음료 디저트 뽀짝 계시푸딩코 오지 자체 차분하다 강 추하다 지도 귀엽다 자주 좋아욤창밖 뷰 차 라떼 편안하다맛집 푸딩 맛집 분위기 책강아지 차 라떼 꼬 수운 분 최고푸딩 존 맛집 존 맛집 종이 숲항상 기분 따스하다 느낌 디저트 모두벌써 세번 사진 차라종이 숲 꼭 푸딩자주 단골 항상 차 라떼 저번 아바책 푸딩 기대하다 달력 직접 귀엽다 미니 호빵모카 포트 라떼 분위기 매장 깔끔하다처음 차 라떼 요 공간음료 디저트차 아포가토 분위기 책최고 최고분위기 청결하다 분위기 짱짱강아지 강아지 반갑다 맞이 물 작다 공간 잠시 책 여유 푸딩 재밌다 책들뜨다 숨 잠시 잔 따뜻하다 종이 글 간동하다조용하다 따뜻하다 공간분위기 음료조용하다 분위기 책 집중 거나 생각푸딩 작다 테이크아웃 할인 푸딩책 종이 숲 상달핫 조용하다 깔끔하다 차 잔 마시기 음료수 주인 그렇다 정갈하다 단골 멍 강추자그마하다 아늑하다 단단하다 푸딩 글 단단하다 취향 푸딩 분위기 조용하다 아늑하다 책 드립커피 모카 포트 류 번창차 라테 혹시 노 키즈 존 걱정 다행 아이 레몬에이드 푸딩 차 라떼 우왕 제주도 크림 적당하다 차 라떼 가격 어떻다 궁금하다 데 꽤 푸딩 카라멜 시럽 혹시 제품 알 직접 계란 동물복지 유정 란 뭐귀엽다 멈무 푸딩두번째 전 커피한잔 눈 책 모카 포트 부드럽다 앗 복숭아푸딩 분위기 독서 흐트러졌던 마음 정리푸딩 옛날 푸딩 이나 젛았어 아담하다 아늑하다 책 골강아지 데리 사진 강 가끔 출근 하니 꼭 타이밍넉약속 전 발견 가게 기대 준 선물 가게 뜻 기분 사진 인테리어 도심 속 듯 공간 젊다 굉장하다 지인 가게매장 나무 책장 눈 책 책장 사진 깜빡 처음 메뉴인 차 라떼 최고 다음 직접 레몬에이드 아기자기하다 소소하다 인테리어 직접 책 짧다 소감 문도 번창 오분위기 책푸딩 적당하다 글 차라 부드럽다 멍하다 잠시 편안하다 장소푸딩 아포가토 대서 달달 탱탱하다 나긋나긋하다따뜻하다 아늑하다 분위기 공간 책 진열 대의 서평 몇몇 샘플 문구 밑줄 따뜻하다 섬세하다 감성 글구 차 라떼 강 추하다귀엽다푸딩 크림 달 혼자 거의 흡입 듯 모카 포트 방식 산미 책 자유롭다 보고 분위기 다음굿따뜻하다 공간살짝 배 고프다 식빵 쫄깃 고급 진 전 오늘 레몬 차 담 반드시무덥다 날씨 시원하다 레모네이드 원샷 노트북 업무 하루 분위기 부담작고 조용하다 요민트 티 깔끔하다귀엽다 책 커피가게굿분위기 보 북카페 책 음료 차 라떼 크림 다음 차 라떼마음 편하다 이쁘다 공간 요 드립커피 고소하다차 아포가토 존푸딩차 바닐라 라떼 책 구입 기도가게 편하다 아늑하다 분위기 자주레모네이드 상큼 깔끔하다 책 볼 인테리어 다음아늑하다 공간수록 푸딩 분위기 음악 자주음료 매장 분위기 책 편하다 노래 매일용 가게 이쁘다존맛굿굿굿
123,메이 멜로디,1598158323.0,외관 내부 아늑하다 편안하다 분위기 처 라떼 몇 번 감탄 다른 특별하다 가시 꼭 한번우연 찮 분위기 조용하다 집중 골목 오픈 민가 한적하다 쾌적하다 만 혼자 생긱 디저트 다양하다 충실하다 차 먹기치즈케이크 덕후 동네 치즈케이크 투어 여기 가격 값 끄덕 끄덕 바스크 순삭만 땅콩 크림 조화 요 역시 편안하다 분위기 한번 취하편하다 탁 통창 우드 테이블 메이 멜로디 수제 크림 라떼 수제 토마토 청 이드 요가게 골목 좁다 넓다 만족스럽다 화장실 매장 깨끗하다 음료 와이파이 비밀번호 센스 감동 매장 베이커리 냄새 계속 요액 얼음 그린티 라떼 고소하다 디저트 달콤 자체 용 분위기 짱짱 이예 용바스크 치즈 케익 작 줄 생각 분위기 작업 거나 조용하다 얘기 일 분도 나무분위기 내부 조용하다 블럭 라떼 우유메이 라떼 크림 꼬소 크림 샷 밀크 입 차례 조화 바질 토마토 이드 독특하다케이크 마들렌 분위기 매장 넓다한번 보고 재 치즈 바스크 케이크 다시 인테리어 디저트 행복하다골목 안쪽 찾기 디저트 종류 다양하다 인테리어 이쁘다 봄 테라스바스크 케이크 분위기 노래 오 다음 옹음료 사진 맛집 분위기 다음 책아늑하다 따뜻하다 분위기 디저트 완벽하다까페 한적하다 조용하다 맘 아이스커피 먹기엄마 데이트 앞 테라스 공간 덥다 건물 나머지 사무실 활용 중 여름 여름 작가 작품 곳곳 감상 재미 자리 넓다 편이 대화 공간 케이크 마들렌 등 디저트 종류 다양하다 블럭 라떼 에스프레소 블럭 달달 우유 부어 방분위기 인테리어 디저트 자주레몬 티 레몬 달 시지 적절하다 메이 라떼 크림 달콤하다 요 건물 얼마 안되다 한번주택가 사이 조용하다 얘기 화장실 문 독특하다 직원 라떼 그니 비주 얼디저트 분위기 커피한잔 완벽하다 요 마들렌분위기 커플 끼리 데이트 오기 다른 커피집 좀 차별이틀 연속 처 블럭 라떼 꼭미가 원두 딸기 이드블랙 라떼 밀크 티 디저트 모두 다음조용하다 모던 분위기 듣기 음악 인상보 아기자기하다 그니멜로디 라떼 아메리카노 초코 레 치즈케이크 멜로디 라떼 처 엑셀 런트 통 도 산미 적당하다 고소하다 초코 레 치즈케이크 노 밀가루 덕 달 초코 치즈케이크 분위기 하니 직원 의자 테이블 다른 감성 다르다 편하다 충분하다 얘기인테리어 음악공간 바스크 치즈 케이크 구매 얼그레이 초코매장 깔끔하다 분위기 정성 스레 자리 얼그레이 갸또 쇼콜라 눔 중간 쿠키 무엇 도 메이 라떼 크림 고소하다 왕 얼음 보 마 음외관 내부 청결하다 대화 시원하다 흑임자 궁금하다처 크림토마토 바질 이드 세 이용춥다 크리스마스 분위기 물씬 따뜻하다아메리카노 구아바 이드 주태 조용하다산미 고소하다 조용하다 공부애견 동반매장 쾌적하다 디저트 가볍다 산미 단 디저트 쟈 갸또 묵직하다 견고하다 자랑 거기 적당하다 달달 함 얼그레이 일품 치즈 은 짭쪼름 은은하다 입안 갸또 다른 분위기 주어 재밌다 선사 사랑인테리어 이쁘다 분위기 디저트 짱직원 음료 매장 쾌작 조경이 조용하다 위치골목 깨끗하다 넓다 깔끔하다 갸또 완전분위기 매장 깔끔하다 친절 친절라떼 진하다 처 블럭 라떼 굉장하다 더위 사냥 얼그레이 케이크 굉장하다 덕완전 바스크 치즈케이크 맛집 최고 노래 담맛집 바깥 공간 여유 커피타임 배부르다 케이크 다음 무조건넓다 매장 조용조 용한 분위기 깔끔하다 화장실 깨끗하다 디저트 다양하다 라떼 진하다 고소하다 사 장님 테이블 넓다 독서 노트북인생 바치 케 바질 토마토 이드 요예나 작가 그림 반한 밀크 티 분 꼭 맛집 분위기 사진분위기 잔잔하다일단 매장 넓다 편도 테이블 편도 인테리어 깔끔하다 동안 무척 데 이동 동안 겉옷 혹시 전화 분실물 데 조금 다시 전화 씨 티비 걸 확인 다시 전화 셔츠 못근처 분위기 커피집 조용하다 책 최적화 좌석 배치 인상 적임매장 감성 음료 처 스트로베리 이드 상쾌하다 시원하다몇번 늘 만족스럽다 못 분 위해 디카 페인 스트로베리 밀크 등 음료 종류 마들렌 류 케이크 요 매번 블럭 라떼 특이하다 달달 행복하다 분위기 차분하다 쾌적하다 무엇 음악 개취메이 라떼 크림 갸또 얼그레이 쇼콜라 멜로디 라떼 리뷰 작성 시 주신 서비스 쵸코 마들렌 외관 디자인 보고 완전 마음건물 이쁘다 분위기 라떼 케익매장 쾌적하다 의자 편하다 잔 딱이다 음료 외 다양하다 못 분얼그레이 케이크 쫀쫀 진하다 케이크 완전 취향 저격 아아 조용하다 분위기흑임자 분위기 체고매장 청결하다케이크아메리카노 멜로디 라떼 스트로베리 우유 인테리어 깔끔하다 테이크아웃 다음시끌벅적하다 오아시스 디카 페인 원두발견 아메리카노 라떼주택가 굉장하다 조용하다 매장 깔끔하다 처 블럭 지인 대화 업무디저트 모던 분위기매장 청결하다 음료 디저트 매우분위기 테라스 지금 날씨 직접 밀크 티 분 오기인테리어 이쁘다 음료 가게 넓다 조용하다 편하다 장소노트북 작업 근처 편하다 발견 인테리어 분위기 편안하다 무엇 디저트 종류 다음 모든 디저트 도장 도전 바치 케랑 덩달아 기분 단골 다음분위기 아메리카노 직원 서도 기분 시끄럽다 조용하다 대화 일 자주골목 우연 발견 고소하다 직원 항상 매장 전체 깨끗하다 화장실 깨끗하다 가끔 날씨 날 야외 출출하다 마 꿀맛 단골 기분 기본 개인 중 최고애견 동반 가능하다 우선앞 항상 한번 생각 케이크 음료 모두 집중 분위기 더욱저번 이벤트 초코 마들렌 초코 마들렌 꼭 직원 항상몇번 항상 디저트 개인 케이크 먹기 오픈 깔끔하다 매장 기분 화장실 항상 브랜드 핸드 워 시가 비치 신경소아과 근처 대기 오기 인테리어 엄마 취향 디저트 아기 취향 저격 전 얼그레이 케이크매장 조용하다 깔끔하다 직원 분위기 다음 다시 재분위기처음 음료 직원골목 귀엽다 분위기 일 분도 이야기 오기주민 인테리어 보고 매번 보고 생각 분위기 차분하다 마들렌 기분 덩달아 음료애견 동반 분위기매장 분위기 북적 북적 조용하다 대화 노래 잔잔하다 매장 노래 매장 깨끗하다공간 넓다 깨끗하다 디저트 라떼 화장실 다음분위기밖 보고 분위기 취저 매장 넓다 좌석 아쥬 굿시끄럽다 디저트딸기 라떼 마들렌 이쁘다분위기처음 매장 깔끔하다 디저트 종류 최고자주 단골 음료 디저트 달 종류 별로 골목 안쪽 분 좀 계시 지인 자주 가요제일 마음 저번 인테리어 마음 재편하다 가기 디저트 분위기 이쁘다굿뿐 얼그레이 바스크 치즈케이크 보고 외면 얼그레이 가득 바깥쪽 안쪽 크리미 르르 어울림 꼭 추추 다시 해디카 페인 가능하다 벽쪽 밑 쪽 콘센트 아예 멀티탭 노트북 쓰기 편하다 아늑하다 햇살갤러리 운영 기대하다 티 직원 안내가게인테리어 분위기인테리어분위기이색 강아지 디저트깨끗하다 조용하다 공간 마들렌디저트 음료 매장 쾌적하다 시원하다
124,쿠키바이브,1469089588.0,매일 바닐라 라떼 여기 이후 다른 여기 시럽 직접 레 시피 위해 자주 상의 날 캬라멜 마끼아또 생각 다른 시 판 캬라멜 시럽 캬라멜 마끼아또 다른 덜 달 고소하다 질리 쿠키 케이크근처 음 디저트 이상 레몬 케익 달 적당 말 도 수제 느낌 낭낭 버터쿠키 식감 합격 버터쿠키 이나 향수 도 중년 여자 만약 다시 최고 추레하다 후드 모자 잠옷쿠키 망원역 쿠키 맛집 쿠키 바이브 항상 배민 매장 처음 매장 쿠키 쿠키 새롭다 출시 약과 쿠키 적당하다 달콤하다 덕 아주 다음 영솔티드 콜드 브루 라떼 출시 시식 중 제일 우유 대신 동물성 생크림 그렇다 우유 라떼 텁텁 깔끔하다 깊다 그대로 남아 나중 출시 꼭 쿠키 대한 애정 열정 비결쿠키 바이브 망원역 마포구청역 사이 위치 작다 가게 쿠키 센스 가격 대도 적당하다 만 가게쿠키 말 뭐 소금 빵 소금 빵 쿠키 바이브 소금 빵 따끈따끈하다 유쿠키 종류 별로 쫀득 초코 달달 데 소금 톡톡 짠맛 완존 왕 친절 포장 박스 패키지 귀엽다 선물 용 쿠키 사이즈 고급 패키지 선물 번창쿠키 종류 다양하다 결정 장애 한참 고민 신상 메론 쿠키 메로나 자체 덥다 존맛 나머지 쿠키 중 오트밀 쿠키 속 재료 묵직하다 두툼해 존맛 쿠키 친구 선물 용 체고쿠키 궂 날 쿠키 바이브 후회 뻔 보기 첫 기본 쫀득 아메리카노 조합 강 추하다 꿀떡 존맛 쿠키 사이즈 완전 아주 만족스럽다 사이즈 설명 코지 공간 가요쿠키 바이브 닉값 꾹끠집 황 치즈 처 돌이 옴뇸뇸 충전 여왕님 어머님 왕자 운영 깜짝쿠키 재료 조합 가게 한쪽 디저트 관련 책 잔뜩 이렇다 부분 대해 고민입 머릿속 생각 냥 몇 살 걸 완벽하다 말차 쿠키 적당하다 쌉싸름하다 견과류 쿠키 견과류 처음 나중 한번 사서 쟁 구 번창 앞 자주쿠키 바이브 최고작고 아담하다 쿠키 다양하다 훈남 애견 쿠키 서비스 주시 단골쿠바 쿠키 힘들다 약과 쿠키 레몬 파운드레드 벨벳 크림 치즈 쿠키 구매 짱수제 쿠키 달달 요 종류 다양하다 선물 쫀득 그니 달달 분 강추 훈남 이세 번창직원쿠키 가장 덕함 대박 두께 완전 다른 쿠키 배정 두껍다 듯 황 치즈 쿠키 꼭 존맛손바닥 쿠키 가격 혜자 망원역 마포구청역 중간 위치 망원역 마포구청역 쿠키 가깝다 자주 쿠키 오래오래전국 쿠키 맛집 베스트 무조건 인생 쿠키 맛집 베스 처 메뉴인 쫀득 쿠키 부 터 이상 쿠키 거나 만족하다 새롭다 황 치즈 뽀또 쿠키 도 미치다 그냥 전국 수제 쿠키 맛집 무 조건 최고 일 조용하다 위치 최고 맛집 꼭쿠바 왜 쑥 가나 슈 쿠키 꼭 얼 쟁이러깨찰빵 서비스 다음직원 친절일부 매장 나머지 포장 플레이 팅 포장 꼼꼼하다 해 화이트 쫀득 달달 얼그레이 촉촉 쫀쫀 식감 치 질감 쿠키 버터 스카치 단 조화 아주 적당하다 진하다 물리 클래식 르뱅 쿠키 처 럼 견과 초콜릿 가득 차별 폭 신하 기만 덕 무겁다 식감 버터 스틱 셋번 영수증 리뷰 처음 요 큐키 맛집 쿠키 바이브 여기 레몬 파운드 라떼 행복애매 차 애매하다 거리 자주 근처 일 꼭 쿠키 단 아들 바스크 치즈케이크 딸램 오빠 안남 기고 입 사이 거의 달 적당하다 근처 애 가격 크기강의 단맛 생각 쪼금 아쉽다 완전 쫜득 꾸덕쫀득일단 테이크아웃 쿠키 어떻다 쿠키 맛집 레드 벨벳 크림 치즈 쿠키다이어트 가장 적 자꾸 쫜득쫜득 재료 단점 제법 멀다 애 자꾸 쿠키 바이브 쿠키 달라 근처 대충 사주면 다르다 담 인절미 간 친구 그거 그것 대요서비스 부모님 쫀득 촉촉하다 크기 다양하다 재미 다음쿠키 가득하다 쿠키 바이브 쿠키 크기 다양하다 종류 쿠키 케이크 판매 힘들다 외쿡 감성 내부 분위기 덕분 행복하다 쿠키 바이브 쿠키 쫀득쿠바 사랑 레드 벨벳 말 뭐 최애 쿠키 힘들다 에너지 보충 최고 쿠바 쿠키 삶 낙어제 발렌타인데이 근처 부모님 일 부랴부랴 급하다 네이버 픽업 품절 상품 아쉽다 뻔하다 부모님 주인 센스 다음 쿠키 살 땐 요기 구매굿쿠키 달 근처 쿠키 땡 종종 가요쿠키 바이브 말 뭐 일주일 한번 쿠키 쟁이러 가요 유일하다 쿠키여기 쿠키 크기 쿠기 종류 다양하다 다른 디저트 화이트 쫀득 최고가성 비 쿠키 크기 클래식 쿠키 견과류 장보 사서 굿늘 가성 비 최고굳다여기 쿠키 르뱅 쿠키 얇다 쫀득 스타일 고요 쿠키 여기 소금 빵 소금 빵 맛집여기 늘 디저트 쿠폰두껍다 쿠키 스타일 얇다 쫀뜩 쿠키 만 쿠키 종류 쇼케이스 앞 한참 고민 쫀득 시리즈 만 구매 만족스럽다 분 기분 용치즈케이크 소금 빵 쿠키쿠키 진심 듯 특별하다 쿠키 선물 대해처음 가게 황 치즈 쿠키 품절 소금 스카치 구매 단 조합선물 지인 만족하다 쿠키 큼직하다레드 벨벳 크림 치즈굿사실 쿠키 자주 정도 편 택배 그냥 일반 쿠키 사이 손바닥 크기 를 생각 픽업 쿠키 손바닥 손 전체 크기 사진 쿠키 찍 적당하다 달달 단 속 쿠키 한번 괜찮다쿠키 천국 쿠키 바이브 쫀득 쿠키 바삭 쿠키 매력 크기 커서 가성 비도 훌륭하다 다음 소금 빵 갈래 효쿠키 바이브쿠키 크기 사이즈 우리 조그만 쿠키 사이즈 사진 손바닥 크기커피타임쿠키 케이크 최고 조합레몬 파운드 케익 상큼최고 디저트 바스크 치즈 케이크 강추말차 쿠키맛집 제법 쿠키 카 틈 타 쿠키 바이브 처 쫀드 쿠키 피넛 버터 카라멜 쿠키 말차 화이트 쿠키 구입 청포도 이드 구매 청포도 이드 달 홀라당일 동료 분도 칭찬 일색 덕분 뿌듯하다 쿠키 특징 확실하다 개인 말차 쿠키 클래식 쿠키 최고 다른 쿠키 다다 다음 스콘 종류 파운드 종류 다음화려하다 다기 편안하다 달 홈 베이 킹 정감 재료 쓰시 가격 왜 저렴하다 트러스 계열 디저트 레몬 케이크 맘 쇠맛 안나 레몬 최애 등쿠키 다음 다음 케이크 한번 개인 쫀득 쿠키 인터넷 쟁여놓눈 즐겁다 즐겁다 쿠키 그렇다 두툼 큼지막하다 필링 듬뿍 마진 요 착하다 가격 크기 쿠키 항상 감탄 그렇다 춍춍쿠키 완전 완전 짱 식감 쫀득하 짱 짱 완전 친절 훈남 오시 꼭쫀득쫀득 쿠키 저렴하다 진하다 바스크 치즈케이크 와인 찰떡 분도 기분레드 벨벳 크림 쿠키 크림 그렇다 다음늘다른 쿠키 보고원래 쿠키 안좋다 평가 크기 가격 그냥 냥굿탑 쿠키 가게쿠키 종류 항상 이용 전국 국민 한번 쫀득 쿠키 시나몬 쫀득치즈케이크 레몬 케이크 쿠키 케이크 가성 비도쿠키 다양하다 쿠키 만들기 위해 새롭다 레시피 계속 도전 모습 신제품 자주 사진 어유아이스 아메리카노 쿠키 사서 주인 디저트쿠키 가득하다 쿠키 바이브 쿠키 크기 다양하다 종류 쿠키 케이크 판매 힘들다 외쿡 감성 내부 분위기 덕분 행복하다 쿠키 바이브 쿠키 쫀득 여기쿠키 정이 대단하다 쿠키 친철 쿠키굿가격 착하다 양도 쿠키 손바닥 레몬 케이크 달 퐁 신하 피넛 버터 카라멜 쿠키 늬끼 달달 쫀득 쿠키 쫀득쫀득 가까이 이렇다 앞 자주 서비스친절항상 응대 무엇 쿠키 쿠키 중 제일 담쿠키출근 날 카드 호다닥 보람 다크 스모 제일 궁금하다 쿠키 크기 가성 비 대박 오늘 출근 행복하다저렴하다여기 쿠키 맛집 인정이헤헤 어떻다 분 손바닥 만하 비교 용 손 작다 만족 비싸다 맛없다 디저트 다르다 매 매우 만족군것 지로 딱좋다엄청나다모든 쿠키 케잌 직접 쿠키 케이크 환상 쿠키 종류 다양하다 레몬 케이크 사진 레몬 케이크 완전 상큼화이트 쫀득 개인 느끼하다 좀 시나몬 쫀득 완전 개취 이름 그대로 쿠키 말랑말랑하다 조금 덜 달 어르신 쿠키디저트 딱좋다맛집 디저트쿠키 크기 바삭 쫀득 촉촉하다 나나 욤 리뷰 생각 몇 사진 재 재주 의사 가성 비 갑 부사 피글렛 루삥뽕 크류크기덕분 자주 가게 새롭다 솔티 버터 스카치 쿠키쿠키 요 가끔 달달 근처 서비스 주신 까눌레움 과자 인테리어 심플 이쁘다 대박 오픈레드 벨벳 크림 치즈 쿠키 짱일 때문 자주 자주 가게 전 케이크 쿠키여기 쿠키 쿠키 케이크 종류 요즘 인테리어 비싸다 맛없다 디저트 샵 가격 디저트 가게 주민 자주 살 번창여기 넘버원 쿠키쫀득쫀득하 여자 아주쫀득 쿠키
125,ex WHITE,1806226318.0,클래식 그릭 요거트 그릭 샌드위치 제주 귤 이드 일단 그릭 요거트 이집 독특하다 비주 처음 인 상적 벌집 꿀 듬뿍 비주 최고 샌디 맛없다 힘들다 음료 달달 콤 도리 간만 그릭 요거트 맛집 발견 요 장점 그리스 현지 요거트 질감 재현 맛집 신선하다 재료 직접 전부 망리 혼수제 그릭 요거트 판매 매 아침식사 그릭 요거트 로써 행복하다 디저트 욤 다양하다 그릭 요거트 판매 본인 호도 선택 먹음 유 샤인 머스켓 샤인 그릭 욤 과일 토핑 신선하다 그릭 요거트 덕 수제 릭 요거트 맛집 요 내부 전반 깔끔하다 화이트 톤독보 비주 얼 그릭 요거트 맛집 처음 가격 좀 비싸다 재료 그릭 요거트 비주 얼 보고 그렇다 만 이유 목 멕힐 정도 덕 지도 무르 적당하다 쫀쫀 식감 그릭 요거트 복숭아 속 아래 그릭 요거트 가득 피치 그릭 요거트 벌집 더블유 클래식그릭 요거트 푸석하다 촉촉 덕 완전 아이스크림 느낌 내부 인테리어 여기 아메리카노 깔끔하다 신경 느낌 가득 매장 포장 해요거트 비주 최고 분위기 차분하다 조용하다 느낌 제대벌꿀 그릭 요거트 궁금하다 이유 비주 폭 신하 달콤하다 요거트 도리 피 안나 고소하다 깊다 올해 아아 중 젤 도리그릭 요거트 완전 덕 자체 꿀 적당하다 달달 요거트 찰떡 거기 다가 키위 막 먹기 최고그릭 요거트 덕 트 라떼 공간그릭 요거트 맛집 그릭 요거트 포장 한강 벌집 꿀 통 의 처 그릭 요거트 벌집 꿀 크게 라서 요거트 위 그렇다 눅눅하다 작다 통 센스 벌집 꿀 살짝 입안 가득 달콤하다 어요 빨 산딸기 가득 산딸기 그릭 요거트 그릭 요거트 온갖 과일 산딸기 처음 살짝 걱정살 생일 블러 를 시작 새내기 이웃 블러 를 보고 근처 가야 네이버 향목 이종미 검색 글 진솔하다샌드위치 음료 그릭 요거트 분위기그릭 요거트 석류 그렇다 상상 못 조합 요거트 덕 진하다 단맛 적당하다 시럽 더하다 완전 취향 덩어리 만족스럽다 끼 제주 귤 쏙쏙 음료 청량하다 달달 귤 콤 달콤하다 입안 시럽 더하다 깊다 미가 완전 존맛 구리 봄날 산책 기샌드위치 그릭 요거트 베이스 차지 키 소스 블루베리 잼 살짝 달달 모닝 귤 이드 카페라떼 존맛 조합그릭 요거트 평소 자주 인생 그릭 요거트 마냥 덕 부드럽다 크림 느낌 딸기 잔뜩 레놀라 꿀 잔뜩 주시 심지어 리필 저희 충분하다 리필 안해 음료 인테리어 깔끔하다 앞 단골 각점심식사 겸 그릭 요거트 완전 덕 망고 완전 실하다 개통 라떼 완전 꼬 소하그릭 요거트 옆 손님 기 러시 플레이 팅그릭 요거트 맛집 완전 인정 비주 덕 그릭 요거트 꿀 꼬숩 그렇다 디저트 완전그릭 여거 트 신맛 덕 식 샤인 머스킷 완전 달달 라떼 제주 귤 이드 제주 흔하다 매년 댁 귤 청 알 톡톡 상큼 달달 특별하다 맛집 인정신선하다 독특하다 요거트 주말 데이트 테이블 점심 샌드위치 요거트 조합이렇다 보물 벌꿀 가득 파 유튜브 먹방 궁금하다 봣 핵 달달 구리 존맛요거트 애견 동반 가능 강아지 요거트 라떼 진하다 진하다 분 요거트 석류 톡톡 허니 그렇다 달달 고소하다 디저트 요거트 완전 고급 진 요거트인생 그릭 요거트 맛집 엑스 화이트 정착 마 우캄 그릭 요거트 처 도전 최고 왜 리뷰 극찬 한지 알 재 의사 프로 임요즘 다이어트 건강하다 와중 사무실 근처 요거트 맛집 그릭 요거트 그렇다 덕 석류 신선 자체 상큼 비타민 충전 느낌 끼 해결 고소하다 먹기분위기 그릭 요거트 맛집 과일 어쩜 신선하다 당 최고 그릭 요거트 합 미치다 산미 적당하다 덕 그릭 요거트 극찬 제품 제공 솔직하다 작성만 수제 요거트 제대로 주변 줄 망고 요거트 정망그릭 요거트 맛집 딸기 그릭 요거트 최근 그릭 요거트 제일 딸기 신선하다 그릭 요거트 적당하다 덕함 레놀라 꿀 조합 굿굿 분위기 깔끔하다 더욱 통 유리창 채광 매장 분위기그릭 요거트 쫀쫀해 고급스럽다 샌드위치 토핑된 재료 밸런스 그동안 간 요거트 그렇다 앞 자주그릭 요거트 맛집 인정 양도 완전 배부르다 망고 짱짱 달 처 말모 꿀 통째친구 다이어트 중이 그릭 요거트 잘생기다 아메리카노 처 요거트 존 다음 용수제 그릭 요거트 샤인 머 스캣 그렇다 과일 신선하다 덕함 적당하다 올리브유 시럽 생각 요거트 적당하다 달달 샤인 머 스캣 굉장하다 고소하다 무엇 아트 조심 맛집 인정이인생 그릭 요거트 발견 딸기 제철 딸기 그릭 요거트 달달 그릭 요거트 식감 덕 메이 시럽 레놀라 더더 가게 내부 깔끔하다 음료 식사 대용 그릭 샌드위치 자주 샌드위치 블루베리 잼 모든 재료 싱싱기본 그릭 요거트 산미 거의 질감 적당하다 덕 부드럽다 손 꼽 정도 석류 조합 처음 그렇다 그릭 샌드위치 흔하다 재료 조화요즘 딸기 철 그릭 요거트 여기 분 과일 신선하다 요거트 괜찮다 퇴근길 딸기 철 딸기 요거트 딸기 무엇 요거트 그릭 요거트 산미 싫어하다 분도 산미 질감 뻑뻑 덕이 부드럽다 산뜻하다 그릭 요거트 자주 처음 분도 호불호배고프다 샌드위치 조용하다 분위기 앞 공사 못 뻔 골그릭 요거트 꿀 시럽 선택 과일 신선하다 제품 믿음 평소 다이어트 비건 관심 분 간단하다 식단 오트밀 라떼 그냥 카페라떼 떼 좀더 라이트 어터 비 다이어터 그릭 요거트 모두요기 디저트 맛집 그릭 요거트 완전 존맛 시럽 선택 가능하다 그릭 요거트 시지 샤인 머 스캣 혜자 담그릭 요거트 정착 처음 처 그릭 요거트 그렇다 듬뿍 석류 알알이 메이 시럽 중간 중간 왜 처 트 라떼 오트밀 아침 건강하다 느낌 시작 패션후르츠 이드 요즘 음료 봣 헤헤 다음 딸기 그릭 요거트그릭 요거트 덕 데 띡하 정도 부부 드럽다 먹기 라떼 고소하다 깔끔하다 트 라떼 고소하다 묵직하다 부담 매장 깔끔하다 힙해 마음그릭 요거트 덕 요거트 달달 상큼 토핑 조화 깔끔하다망리 위치 그릭 요거트 엄청나다 깔끔하다 멋 지심 꼬소 그릭 요거트 꼭그릭 샌드위치 빵 바삭 그릭 요거트 건강하다 느낌 산미 패션후르츠 이드 상큼 달콤 어용그릭 요거트 최애 맛집 오늘 지모 그릭 요거트 진심 과일 빵 먹기 조 화가 부드럽다 생크림 텍스쳐 그렇다 은은하다 고소하다 단독 건강하다 느낌 랄 그릭 최애 맛집꿀 클래식 덕 쫀득 산미 요거트 호불호점심 취저 샤인 그릭 만족 음료 트 라떼주민 를 오늘 간첩 습 그릭 요거트 샤인 머스켓 입 왜 단맛 느 느낌 그릭 요거트 덕 목 그렇다 라떼 오트 라떼 생각 라떼 대신 라떼 여기 오트 라떼오늘 일요일 북적 구경 후 근처 처 그릭 요거트 바삭 샌드위치 따뜻하다 아메리카노분위기 모던 그릭 요거트 맛집 망리 길가 꼭 건강하다 그릭 요거트그릭 요거트 그릭 요거트 처음 과일 싱싱하다 샤인 머스켓 그릭 요거트 올리브유 기본 구성 딸기 그릭 말 뭐 분위기 햇볓 사악요거트 존맛 그릭 요거트 진심 요거트 러버 로서 왕 맛집 무조건 조용하다 책 대화 나누기 매장 포장 듯 쬰맛덕이 요거트 과일 신선하다 요거트 요즘 트 라떼 트 라떼 햇살 한잔 요거트 한보 울그릭 요거트 뿐 그릭 샌드위치 내내 감탄 샤인 그릭 요거트 요거트 묽다 기 편하다 식 상큼 샤인 머 스캣 메이플 시럽 코코넛 슬 라이스 꼬 수운 그렇다 완 벽 그릭 샌드위치 별다르다 설명 안보 블루베리 잼 킥 치아바타 워 겉 빠작 속 최고 거기눈 한번 입 한번 그릭 요거트 플레이 팅 완전 스타일 다른 그릭 요거트 덕 나머지 목 정도 적당하다 덕함 입맛 위 생 딸기 신선하다 그렇다 메이플시럽 최고 조합 포만 다이어트 용 식사그릭 요거트 맛집 여기 가격 착하다 양도 그릭 요거트 엑스 화이트 딸기 듬뿍 그렇다 꿀 부족하다 망원역 번 출구 도보 거리 요기 꼭안녕하다 발견 그릭 요거트 플레인 요거트 포장 구매 요거트 식 촉촉하다 부드럽다 느낌 완전 퍽퍽 덕 덕이 생크림 빵 생크림 촉촉하다 스타일 입맛 까다롭다 산미 강하다 산미 강 오히려 고소하다 가깝다 앞 최애 그릭 요거트샤인 머스켓 그릭 딸기 그릭 처음 올리브 오일 샤인 머스켓 그릭 올리브 오일이 딸기 메이플 그렇다 최상 조합 그릭 요거트 중 제일그릭 요거트 맛집 딸기 그릭 존맛 다른 음료 꼭 한번 분위기 맛집 그릭 요거트 종류 별로 그렇다 꼬수워매장 깔끔하다 완전 성 자체 배부르다 뻔 양그릭 요거트 맛집 다이어트 중 간식 그릭 요거트 대신 만족감 덕 그릭 요거트 쫀득 꿀 조합 최고여기 그릭 요거트 딸기 그릭 요거트 대박 딸기 달 촉촉하다 위 꿀 견과류 식 달달 함 배 계속 최근 음식점 중 가장 만족스럽다 청귤 이드 레몬 유자 듯 꼭분위기 요거트 맛집 덕 데 그렇다 메이플 시럽그릭 요거트 요거트 부드럽다 토핑 가득 비주 친구 트 라떼 청귤 에이 드 트 라떼 완전 꼬숩 청귤 에이 상큼 요거트 맛집 줄 라떼 존맛 최고 자 주 한번 분위기 갤러리 심플 감각 용요거트 샌드위치 모두엑스 화이트 그릭 요거트 종류 다양하다 인테리어 깔끔하다 그릭 요거트 원래 골드 키위 듬뿍 트 라떼 이드 말 필요 그릭 요거트 일단 인테리어 즐겁다 골드 키위 그릭 요거트 메이플시럽 조합 천국 극락매장 감성 통 유리창 햇빛 완전 분위기 딸기 제철 딸기 그릭 그리스 요거트 점도 너 무 덕 지도 무르 점도 덥다 딸기 자체 달 싱싱하다 과일 요거트 품질 관리 철저하다 시럽 그렇다 조합 최고 다이어트 브런치 후식 플레이 팅 먹기 아깝다 정과일 신선하다 그릭 요거트 덕 완전 건강하다 아주 디음 가게 깨끗하다 조용하다 대화여태 그릭 요거트 중 가장 덕 그릭 요거트 싫어하다 적당하다 덕 부드럽다 샤인 머스켓 가득 재료 신선하다 나중 꼭 맛집근래 그릭 요거트 중 제일 적당하다 덕 산미 먹기 그렇다 바삭 함 달달 함 완벽 요거트 샌드위치 요거트 크림 치즈 발라 극락 요거트 샌드위치 꼭 매장 감성 가득하다 행복하다 왔어욤대화 아늑하다 그릭 요거트 직접 음료홀 손님 포장 포장 꼼꼼하다 과일 요거트 여기 과일 맛집 요 샤인 왜 신선하다 과일 요거트 기분 최고매장 직접 그릭 요거트 직접 구 그렇다 트 라떼 대박 꼬숩 아메리카노 음 재 의사 완전 엄마 만족하다그릭 요거트 맛집 발견 덕 그릭 요거트 아이스크림 질감 요거트 견과류 꼬 소하 꿀 입 순간 염불 매일그릭 요거트 볼 그릭 요거트 꿀 아가 베 시럽 메이플시럽 옵션 선택근처 그릭 요거트 그릭 요거트 수제 완전 땡큐 겨울철 딸기 그릭 요거트 필수 쥬 딸기 거의 만남 다음 플레인 요거트 여지 일요일 아침 가볍다 브 런치 앗 여기 카페라떼 우유 다르다 쓰시 카페라떼 강추그릭 요거트 원래 그릭 요거트 각종 요거트 덕 거나 묽다 먹기 편하다 신맛 전혀 플레인 그릭 요거트 포장 감인테리어 취저였 구성 은근 다양하다 간단하다 식사 다른 접 못 그릭 요거트 한적하다 주말 만족하다그릭 요거트 맛집 요 종종부드럽다트 라떼 고소하다 처 요거트 달달그릭 요거트 자주 거나매장 깔끔하다 그릭 요거트 딸기 그릭 요거트 새롭다 출시 매장 꿀 그렇다 부족하다 하니 서비스 최고 용기분 사실 전 인스타 통해 대해 터 기대 진심 때문 실제 더욱 기분 요거트 처 그릭 요거트 덕 부드럽다 질감 흔하다 아메리카노 진하다 부드럽다 열 정성 더욱 특별하다춥다 급 그릭 요거트 맛집 일단 그릭 요거트 자체 적당하다 덜 덕 그니 처 그릭 그릭 요거트 위 벌꿀 석류 조합 상상 수도 샤인 머스켓 왜 신지 입당 샤인 가능하다 요거트 쵝오 햄벅해 올리브오일 요새 트렌분위기 깡패 그릭 요거트 전문점 요거트 소문 라떼 오트 유당불내증 천국 곳입 라떼 진하다새롭다 매장 그렇다 깨끗하다 요즘 트렌드 인테리어 감각 무엇 그릭 요거트 덕이 부드럽다 덕함 플리 취저입 요거트 노래 힐링 잡채 앞 자주인테리어 요거트 샌드위치 전부 공간 넓다 다음 예정요거트 퍽퍽 부드럽다 딸기 신선하다 꿀 너프 금상첨화인테리어 깔끔하다 멋지다 그릭 조합 아주 샤인 머스켓 트 라떼 고소하다 이렇다 멋지다 그릭 요거트 디저트 한번줄 요약 그릭 요거트 맛집 인정 인테리어 분위기 깔끔하다 인테리어 대화 차분하다 분위기 딸기 그릭 적당하다 덕 그릭 요거트 싱싱하다 생 딸기 듬뿍 그렇다 시럽 리필 가능 트 라떼 고소하다 강력분위기무화과 인기 소진 다해 아쉽다 정도 굉장하다 처 벌꿀 석류 요거트 아주 습 댜 트 카페라떼 진하다 번창그릭 요거트 가성 비 그리스 수제 그릭 요거트 가게 가게 분위기 아담하다 만 엽서 철학 확실하다 다가 비주 얼 무엇 과일 퀄리티 게다가 그렇다 그릭 요거트 적당하다 덕 부드럽다 타입 입문 전 플레인 포장 무 화가 품절무화과 플레이 팅 일단 비쥬 얼 압도 당하다 과즙 넘치다 제철 무화과 수제 그릭 요거트 담 상큼 함 대박 진심 존맛 입 이유 고소하다 계속 청귤 이드 청귤 상큼 함 달달 함 더하다 분전 환하다 딱이다무화과 그릭 요거트 플레이 팅 감동 글 무화과 그릭 요거트 촉촉하다 무화과 쫀득 부드럽다 요거트 머그 행벅 데리 간 친구 마음샤인 머스켓 넉넉하다 덕 그릭 요거트 올리브오일 요거트 싹싹최애 맛집 매장 깨끗하다 굉장하다 대해 샌드위치 치아바타 근처 자주 그릭 요거트 다른 다르다망원역 거리 위치 블랙 화이트 톤 인테리어 깔끔하다 깨끗하다 느낌 처 그릭 요거트 이드 청귤 이드 샌드위치 처 그릭 요거트 석류 꿀 그릭 요거트 상큼 달달 식감 요거트 석류 씨 부드럽다 벌꿀 시리얼 고소하다 청귤 이드 달달 조금 상큼인테리어 요거트 존맛 덕 그릭 요거트 살짝 소프트 느낌 텁텁 주 신 올리브 유랑 라떼 밸런스 만족스럽다 담 무화과 요거트 여기 매장 화이트 톤 사진신선하다 제철 딸기 덕 그릭 요거트 끼 샌드위치 궁금하다 든든하다그릭 요거트 맛집 건강 그릭 요거트 편안하다 분위기 이드 아주 나이스 잘머꼬 요메이플 시럽 후르 고소하다 샤인 달콤하다 그릭 요거트 건강하다 입안 득그릭 요거트 싱싱하다 망고 이드 상큼 내부 협 소하 던데 웨이 팅 빡세 건강하다매장 분위기 깔끔하다 모던 사진 찍기 생각 음식 말 모말 모 건강하다 걸 엑스 화이트 최고 저녁 끼 건강하다 끼 식사 혼밥족 커플 친구 강 추하다그릭 요거트 꼭 꿀 완전 달달 꿀 어떻다 꿀 알 자연 광 매장 인물 사진 찍기 최고 최고 조금 작 신경 티재료 프레 일단 디저트 크레마 완벽하다 고소하다 직 요거트 시 처 덕 카이 막 마냥 식감 살짝 콤 견과류 석류 조합 상큼 자체 샌드위치 치아바타 밥 쪽 순삭그릭 요거트 꼭 딸기 달 그렇다 그릭 요거트 게다가 트 라떼 취향 저격그릭 요거트 덕후 요 샤인 머 스캣 완전 신선하다 그렇다 미치다 에이 드류 이드 흡입 최고 일행 트 라떼 도전 고소하다 그렇다요거트 배속 사진 덕 걸 덕 걸 고급스럽다 플레 이팅 이쁘다 석류 마치 유리 알 카드 글 멋지다 마인드 메세지 위안 주 말 힘 이나 메시지 이렇다 밥 매일 질리 아주 알 돠그릭 요거트 딸기 싱싱하다 덕 그릭 계속 점심 매번 다른 과일 그릭 요거트
126,망원디저트카페 롤링앤필링,1270379459.0,점심 대용 라따뚜이 사먹엇어 저번 저녁 든든하다 왓 간단하다 햇 생각 묵직하다 배부르다 라따뚜이 담 무수 커리 미트볼 유늘 파이 커스터드 라따뚜이 도전 빵위 운 야채 이상하다 세상 애호박 달 촉촉하다 왜 이제 아아 도 아랑롤링 파이 바로 슈 가득 오늘 저녁 라따뚜이 파이 삿는데 파이 위 토마토소스 갖 채소 미가 가득하다 든든하다 레드 플랜트 사용 해 파이 저녁파이 음료 무척 내부 귀엽다페스트리 커스타드 크림 조합 무조건 찬성 크림 부드럽다궁금하다 어떻다 고민 먼저 시식 권 덕분 구매 솔직하다 시금치 궁금하다 막상 달 개인 리지 널 제일 그때 필링 시스템 좀 오히려딸기 롤링 파이 겉 바삭 딸기 크림 가득하다 크림매장 이쁘다 귀엽다 파이 맛집 양도 직원 다음 회사 선물매장 아기자기하다 귀엽다 파이 지금 제일 사진 이쁘다 만족스럽다매장 퀸 망 판다 다양하다 커스터드 크림 시식 해주시 설명 기분 구매 커스타드 시금치 말차 신기하다롤링 파이 보고 라따뚜이 파이 파이 위 토마토소스 각종 야채 감자 조합 심지어 배 덥다 재 의사롤링 파이 시금치 최애 오늘 라따뚜이 파이망원역 번 출구 가까이 디저트 맛집 핑크 핑크 귀엽다 인테리어 파이 디저트 쉐프 출신 시라 빵 빵 처 롤링 자리 직접 크림 커스터드 우리 어렵다 시 금 유니크 녹차 구매 라따뚜이 간식 짭짤하다 아주 굿 매우 가시 재고필링 바로 커스타드 스피 나치 입맛 커스타드 바삭 촉촉하다디저트 맛집 롤 파이 바로 수제 크림 존맛 시금치 산미 깔끔하다 끝맛 먹기 패키징 박스 포장 선물 용저번 상큼 딸기 강추 커스터드 크림 파이 헤비 조화시금치 궁금하다 겉 바삭 크림 부드럽다 완전 녹차 가게차루 밥 차로 디저트 배 모양 동글동글 일단 눈 이후 입 즐겁다 스트로베리 초코 롤링 파이 용 스탈 다음 용디저트 깨끗하다 파이 인테리어 아기자기하다 귀엽다소금 퀸 망은 처음 소금 빵 안쪽 빵 토스트 듯 식감 아주 소담 거기 크림 달달 시금치 크림 독특하다 얘기 대로 말차 비슷하다 시식 가능하다커스타드 크림 파이 아메리카노 조합 아주 진하다 다른 보고 크림 중 저번 시금치 크림 완전 녹차 존맛크림 듬뿍 크림 빵 패스츄리동료 준 롤링 파이 계속 재 의사커스터드 이번 롤링 파이 아메리카노 이드 완전 굿굿 달 부담크림 빵 부분 맛있넹요기 다른 꼭인테리어 이쁘다 새롭다 뎅 디저트 이쁘다 다음해외 생활 든든하다 재료 파이 파이 맛집 요 아이 데리 거리 하모니 식사 데 매장 굿 도 이쁘다 행복하다 새벽 핸드 메이드 파이 요즘 날수 파이독특하다 아늑하다 분위기 필링 종류 다양하다 취향 매일파이 맛집커스터드 크림 게다가 시금치 크림 신기하다 시금치 녹차 살짝 끝 시금치 아주 살짝 시금치 말 자주 밀크 티궁금하다 달달 크림 가득하다 다른 담 도전시식 무엇 디저트크림 롤 롤링 크림 가득하다 달 촉촉하다 처음 커스터드 딸기 다음 도전 아아예전 커스터드 파이 가게 이쁘다 크림 혜자빵 직원 근처 자주 빵 종류 별로처음 시식 권유 파이 생각 부드럽다 선물파이 맛집 종류 다양하다 카 스타 드 파이 매장 아지 분위기귀엽다 인테리어 눈 파이 맛집 라따뚜이 파이 양도 생각 배부르다 종종롤링 앤 필링 퀸 망 라따뚜이 디저트 매장 인테리어 이쁘다 망원역 꼭빵 핑크 가게 이쁘다 다른 필링두 지난번 크림 롤 종류 별로 사 다시 롤링 앤 필링 인테리어 분위기 해외 디저트 온 핑크 핑크 아기자기 저번 파이 사 파이 리뷰 오늘 파이 커스터드 롤링 파이 롤링 파이 초코 롤링 파이 아이스 아메리카노 포장 예가볍다 점심 라따뚜이 파이 바삭 맛집 요처음 시식 주시 대해 커스터드 크림 파이 완전 자마자 바로 필링외관 롤링 앤 필링 롤 가득하다 뭘 한참 고민 필링 입물 과즙 크림 쫙 크림 덕후 늘 빵 크림 부족하다 촉촉하다 크림 끝 선물 용 앞 자주 이용굿항상 회사 근처 디저트 가게 생각 얼마 전 사원 분 시금치 커스타드 파이 궁금하다 독특하다 가득 다음 번 바질 파인애플핑크 핑크 새롭다 내부 외부 신경 라따뚜이 귀엽다 크림 바로 재미 파이 야무지다 다음기본 롤링 파이 크림 녹차 주일 번 이상은 바삭 한식 감 느끼하다스피 나치 매장 핑크색 귀엽다 롤링 크림 겉 바삭디저트 맛집 인정이 수제 커스타드 비쥬 얼 커스타드 진심 무조건매장 아기자기 귀엽다 초코 크림 롤 커스터드 크림 롤 크림 롤 스트로베리 크림 롤 등 크림 롤 종류 다양하다 겉 바삭 속 촉촉하다 디저트 아메리카노 테이크아웃 해 다음우연 자주 겉 바삭 커스타드 크림퀸 망 자주 애용 근처 퀸 망 전문점 용소금 퀸 망운동 아침 대용 왓우 신기하다분 사무실 미팅 발견 파이 크림 롤 포장 포장 이쁘다 간단하다 선물 괜찮다 함 시금치 크림 녹차 시금치 건강 느낌친구 준 파이 보고 직접디저트 다양하다 무엇 인테리어 이쁘다 망원역 가깝다시금치 크림 나선 오 패키지핑크 레드 조합 사랑 인테리어 디저트 완맛입 직원평소 크림 빵 은 느끼하다 느끼하다 다음 예정디저트 맛집 완전 녹차 딸기 최애 음료 괜찮다 정성 파이 디저트 맛집 강추저번 보고 재 근처 자주 가게첫 어떻다 야하다 고민 설명 시식 무엇가게 깔끔하다 빵 비쥬 얼 미치다 빵집 면서 아메리카노 자리 크림 새롭다 오픈 매장 내부 깔끔하다 청결하다퀸 망 직원감각 외관 커스터드 크림 롤 구매 자리 다만 가격 비싸다 사이즈 대비 비싸다 다시 가게페스 츄리 신세계 식사 겸 디저트 먹기 매장 욤뽀 짝디저트 요즘 동네 언니 사이 유명하다 디저트 와우 눈 디저트 종류 다양하다 직원처음 가면 시식 꼭 시금 어떻다 말차처음 기대필링 가득하다 달콤하다 행복하다쾌적하다커스터드디저트 답 다양하다 종류 디저트 퀸 망 부드럽다 분위기 데이트 장소 딱이다아기자기하다 인테리어디저트 이쁘다 달달 분위기 이쁘다 사진 꼭 번 강추오 크림 달달굿굿
127,아이다호,38248412.0,평소 보고 알 멋지다 인테리어 교차로 눈 괜찮다 아마 연주 음료 좌석 띄엄띄엄멋지다 공간 인스타 계정 팔로우 정보 볼 비건 친구 가기 감자 튀김 비건 고 음료 다양하다 낮 가면 햇빛 모습 반짝 밤 가면 내부 조명 완전 다른 분위기 연출 개인 피자 미숫가루 피자 웬만하다 피자 가게 맥주 꿀꺽 꿀꺽 반려동물조금 비싸다 분위기해질녘 미숫가루 한잔번은 꼭 최애 아이다호콘셉트 기굿국 베리 굿건물 불빛 홀려 마치 을지로 온 듯 분위기 신기하다 생맥주 적당하다 인테리어 독특하다 색다르다 기분 만끽 감성 영화 제목 이름 정이 드분위기 짱짱 나이스 타이밍 공연공연 가요키 아누 리브 취향 직원공연 밀크 티 따뜻하다음료공연굿무심하다 느낌 한적하다굿기본 인테리어 분위기밀크 티 별로 분위기낮맥분위기강아지 마토토마토 맥주 일찍분위기 아주영화 아이다호 생각 영화 분위기 번 음료 그냥 구스 반 산트 다음앤 펍 빈티 레트로 취향 라면 금토일 대관 아티스트 라면 공간분위기자주 분위기자주 맥주 음식
128,푸댱,1576099617.0,푸딩 작고 귀엽다 아이 사진다른 푸딩 다르다 입 누구푸딩푸딩 매장 깔끔하다 주변 친구푸딩 그냥 푸딩 모 다르다 다양하다 테이크아웃 가능하다여기 푸딩 종류 별로 맛없다 강추새롭다 오픈 푸딩 병 귀엽다 다양하다 푸딩 여러가지여기 푸딩 다양하다 선물 포장푸딩 입요기 푸딩 완전 디저트 짱푸딩 별로 푸딩 알 요재요즘 푸딩 인생 푸딩
129,comfy,1874405324.0,강아지 귀엽다 콘센트 좌석 아예 아쉽다 화장실 내부 깨끗하다휘 낭시 인테리어라떼 충격 제대로 공부 바리스타 텍스처 깜짝 트렌드 주도하다 핫 플로 자리 잡 고 집도 변하다 슬프다 승부 짱짱하다 몇 군데 순간 인스타 그렇다 머블 변하다 사실 우동 즈음 마지막 손님 포장 문 기대아바 달차로 차로 추가 디저트 음료 나이스나무 무한 인테리어 배부르다 디저트 재 보고귀엽다 강아지감성 충만 살짝 신맛 진하다 한파 무엇 인테리어 분위기 미치다 성 짱짱맨 날 자연 광 사진초코 라떼 휘 낭시 괜찮다 낮 햇살커피집 중 반려견 동반 가능하다 리드 필수 장님동네바닐라 빈 크림 라떼 요올해 초코 라떼 중 제일 핫 마지막 친구 얼음 아이스 역시 욥나름 힙 적당하다 버터 냄새 냄새 기억 남아디저트깔끔하다 점심 가기휘 낭시 굿분위기 이야기 좌석 생각 편하다직접 움 과자 체고 디저트 맛집디저트자리 편하다 작업분위기휘 낭시종종 음악등 불편하다일단 인테리어 마음 드통창 해도고소하다조용하다 통창 화장실 깨끗하다굿여기 레몬 레 치즈케이크 최애 케이크 미리 예약 홀 케이크 픽업 간김 매장 브라우니 라떼 거덩 디저트 무엇 매장 인테리어 장님배부르다 맛집매장 분위기 디저트 맛집 다음매우 부드럽다 무난 레몬 치즈 케익 아주 다음 휘 낭시 화장실 깨끗하다깔끔하다 음료 뭐 하니 우동 돈까스 입가심 딱이다 강 추강 추만족스럽다플랫 화이트 아주 나용 컵 앙증맞다 구입 컵 나무 색 초록 커텐 컬러 친구두번째 장님 편안하다 분위기 저번 라떼 재 이번 새롭다 딸기 라떼 그것음료 디저트 최애 된둣 덜디저트 디저트 아바 강추분위기 분 카 처 레몬 레 치즈 케 브라우니아바 맛집 적당하다 도굿특별하다 얼그레이 스파클링 날씨 덥다 시원하다 화장실 룸 스프레이 냄새역시 디저트 맛집 브라우니 레몬 레 치즈케이크 신세계브라우니 덕후 브라우니 제일 다른 음료 최고 보기 아이스크림 무려 하겐다즈 다른 디저트 보고 꼭동료 강아지 옆집 손님 모 기엽 지구 뿌셔 바닐라 라떼 이렇다 라떼 처음 임 뚜껑 어보 바닐라 빈 가루 혀 착착 감 거리 두기 단계 테이크아웃 만족도 최상친절 행브라우니 아이스크림 조합 환상 브라우니 맛집분위기 생각 음료 꿀맛지하철 뚜벅 망원역 정도 위치 인테리어 화장실 깨끗하다 돈 사 희한하다 로선 신기 에너지 날 바닐라 빈 라떼 디저트 눈병카페라떼 완전 고소하다 취저 동네 분위기 라떼 고숩고숩아이스 아메리카노 꼭건강하다 첫 당황 만 깔끔하다 만족귀엽다 강아지 짱 분위기 대박인테리어 맘 자주초코레 치즈 케익 나용존맛 인정 인테리어 인정
130,로토드,1517529478.0,데 커피숍 우리동네 커피숍 라떼 맛집 찾기 라떼 맛집 분위기크림 뷔릴레 커스터드 크림 나유 설탕 좀 아쉽다 아쉽다카라멜 라떼 음료 밍밍 아쉽다 테라스 장시간 수다 떨기 실내 공간음료 츄러스 휘 낭시 도리 토드 그린 이드 달달 페퍼민트 깔끔하다크림 라떼 좌석 좀 복불복 인 테이 좌석 불편하다분위기 아기자기하다리지 널 쿠키 다크 초코 쿠키 테투리 바삭바삭하다 가운데 촉촉하다 쫀쫀합 계피 약간 신경 정도 짱짱 포장 신경 냉장 후 설명 구교 급하다 쿠키 다음 용크림 맛집 구 베이 킹 중이 신지 버터 가득하다 기분 매장 청결하다 따뜻하다 분위기 대화 나누기 화장실 무섭다 친구매장 깔끔하다 무난음료굿 분위기망리 끝 사거리 쪽 위치 분위기 약간 산미 부드럽다 가볍다 아메리카노 술술 매장 깨 끗 자주 용하다 날 자리 간격 넓다 직 넓다 직하다크림 라떼실내 실외 내부 인테리어 디저트 휘 낭시 종류 무난 무난분위기분위기주변 유명하다 굳이 웨이 팅 싫다 그냥 여기 떡 상해 랏 토드아아 요음료 베이커리 모두 분위기 심지어 화장실 깨끗학 재 의사굿굿길가 다가 이쁘다 취향 저격 디저트 크림 브륄레 존맛 데이트 분위기 다음욤초코 음료인테리어 다양하다 좌석분위기 디저트 요분위기 휘 낭시 괜찮다분위기 눈 멍크림 라떼토드 크림 라떼 트 라떼 조금 밍밍 대화 나누기 분위기크림 라떼 크림 고소하다 부드럽다 어어 무 크림 먼저 달 취향 저격인테리어 완전 스타일청포도 이드 모 주말 음료 좀 근처 행보 쿠분위기 햇살 음료크림 브륄레근래 아이 슈페 너 크림 라떼 중 최고 휘 낭시 재 각오픈 한지 주가 좀 안되다 데 크림 브륄레 인테리어 이쁘다 성 어쩌다가가깝다 기억 재 어어 무 아인 슈페 너 이제 말 요 은 사실 기대 데코 해 눈 번 반하다 반하다 다른 브륄레 설탕 막 딱딱하다 커스터드 크림 풍부하다 오늘 갑인테리어 가구 이쁘다 분위기 딸기 레몬에이드 어어 무 상큼 달달 도 최고 근처 매일 정도 맘 드딸기 레몬에이드 달달 상쿰 베스트 굳다 굳다아인 슈페 너 아인 슈페 너 맛집 원두 자체 고급 원두 사용 그렇다 로스팅 담백하다 깔끔하다 인슈페너 크림 달 최고 최고 혼자 분 리뷰 정성 인테리어 덕분 사진 인생 샷 이구 동안 편하다발견 인테리어 처 음료 크림 브륄레친구 분위기 오픈 한지 얼마 안되다 지금 오픈 기간 마감 저희 얘기 인테리어 스타일 코지 세련 재즈 음악 좌석 그게 저녁 와인 그렇다 몇 달 핫 조만간춥다 바로 분위기 나쁘다바삭 존맷 배부르다 상태 가능 매장 이쁘다 테라스 날 날 강추음료 진하다 확고하다 가게 컨셉 다음 일 마이 레이스 저장오늘 매장 깔끔하다 디저트 생각 양도 가격 다른 상대 저렴하다 편이 고요 근처 식사 먹기 재 의사첫 분위기 인테리어 감성 음악 분위기 원래 디저트 여기 아메리카노 찰떡 순식간 걸 그렇다 앞 단골 자주간만 잠시 집앞 발견 우리 동네 알고싶다 선곡 무엇 가구 저희 매장 테라스 자리 넓다 구석 남자 손님 잘생기다엄니 핫 거리 구경 거리 이쁘다 음료 디저트 모두 인테리어 포근하다 편안하다 았 딸기 라떼 초코 라떼 신랑 둘째딸 원샷 꼬소 달콤하다 흑임자 라떼인테리어 소품 예뿜인테리어 이쁘다 토드 일단 분위기 음료 존맛 디저트 최고여자친구 왓 한적하다 노래 소리 작다 왜 리 투어 여기 맛집 여기 번창가게위치 인테리어 깔끔하다 무엇 버터 직접 고급 진 최고 재 의사 프로매장 깔끔하다 인테리어 이쁘다 처 메뉴인 토드 라떼 강추 테라스 다음 테라스 최고인테리어 이쁘다 분위기 굿안녕하다 리뷰 기억 작성 음료 빵 분위기 욱인테리어 편안하다 이쁘다 야외 좌석 조그맣다오 흑임자 라떼 뇽매장 디저트 존맛 좌석 간격 넓다 맘구경 이쁘다 야외 테라스 밀라노 기분 내일분위기 맛집 요 인테리어 소품 따뜻하다 느낌 토드 도 크림 브륄레 담 테라스적당하다 노래 때문 친구 이야기 딱좋다 인테리어 이쁘다 포토 스팟 존맛 구리 꼬숭맛 산미 적당하다 호불호로투스 휘 낭시인테리어 깔끔하다 느낌분위기 아늑하다 음료푸드 또한 완벽하다 주민 여러분 꼭깔끔하다 좌석 편하다 요즘 유행 인테리어덥다 혼자 순간 크림 브륄레 신미도 적당하다인테리어 친구 얘기 분위기 한번 취하 번 취하 뭐 말 필요 일단 분위기 우디 우디 마음 편안하다 느낌 야외 테라스 강아지 한잔 다음 강아지 대리 토드 마음속 저장생각 센스 바닐라 라떼 원두깔끔하다 음악 잔잔하다 수다 떨기 크림 브륄레아인 슈페 너 맛집 영조용하다 이쁘다호밀빵흑임자 순 흑임자 라떼 크림 고소하다 쫀쫀 함 흑임자 인생 탑 자꾸 아인 슈 페너 크림 브륄레 디저트 여기 벽 완 벽 집앞 었으 단골 예약 집앞 실 생각 가요 담토드 크림 라떼 아인 슈페 너 완전 바로 장함 담디저트디저트 분위기새롭다 공간 분위기 음악 취향 동네 자주굿굿굿굿굿
131,마핑파,1775186110.0,프렌치토스트 브리 뽐므 샌드위치 오늘 스프 빵 트러스 스프 진하다 프렌치토스트 필수 이번 샌드위치 브리 뽐므 과육 진하다 호불호 트러스 단맛 신맛 강하다 야채 신선하다선 유 재 의사 뿜뿜프렌치 토스트 왜 베스트 다른 프렌치토스트 다음제일 브런치 맛집 배달 훌륭하다 매장젤로 브런치 맛집 프렌치토스트 무조건 가야 삭슈카 벌써돈 산 맛집 후기 새롭다 시작 브런치 두툼 주먹 고기 국내 산 생 고기 육 비법 양념 존맛 구리 고기 약간 붉다 은기 임 두툼 베이컨 퀄리티 미치다 핫케이크 숙성 반죽 부드러움 케찹 버터 비싸다 고 브랜드 아이스티 취향 저격 하루 동안 홍차 우려 임 한국 스타일 거의 깔끔하다어디 혼밥 브런치 월요일 팝업 날 아메리칸 브런치 혼자 다음 마핑파음식 공간 멋지다 곳곳 배려 소품매우 귀엽다이야기 감각 인테리어분위기 물가 자주 어렵다 브런치 여기분위기 취향강아지 분분위기 음식 가면 다시 생각분윅기 재 예정음식 신경 보통 팬케이크 담백하다 고소하다 다음 팬 케잌 추가토요일 점심때 대기 바로 다양하다 브런치 세트 보고 에그인헬 추가 다양하다 부라타 치즈 추가 조합 딱이다 느낌 다음 다른 조 합플래터 프렌치토스트 눔물남가격 대가 조금 재료 신선하다 그만하다 가치 주말 브런치 몸 먹이 온 기분굳다 굳다이쁘다 함두번째 처음 오늘이 인상 깊다 샐러드 신선하다 토스트 부드럽다양도 일단 재료 신선하다 인테리어 넓다 쾌적하다브런치 맛집 주말 점심시간 혼자 가면 좀 눈치 듯 오후 매장 한가하다 하몽 브라 프렌치 양 배부르다 담 보고동네 브런치 알 눈 왜 이해 프렌치토스트 세트 토스트 무엇 야채 꼬소 야채 바게트 잠봉 뵈르 쾌적하다 브런치 땐 여기 정꽤 괜찮다 브런치더위 여기 덥다 분위기가장 브런치 음식 직원 항상 최애 베지터블 샌드위치 바 트 빵 치아바타 빵 두 개인 바게트 생각 사진 림프 샥슈카 잠봉뵈르 연어 플레이 트 베 지터 블 샌드위치브런치 마감 조금 마지막 매장 넓다 편안하다 브런치음식 직원 모두 새우 오픈 샌드위치 왕 에그인헬 살짝 매콤 빵 먹기꼭 문해 기분 가면친구 브런치 보기 양 인테리어 음식 유명하다 보기 훌륭하다가장 자주 브런치 맛집 프렌치토스트 세트 최애공간여기 테이블 넓다 편하다 지인 친구 최고 새우 샌드위치 꼭 추가 함 블로그 자세하다 구경이름 귀엽다 마핑파 아침 일찍 브런치 만족 연어 포 케랑 프렌치 토스트지난 번 가족 데리 다시 마핑파 모든 가족 하몽 부라타 너 무 장소 편안하다 멋지다 따뜻하다 주방 소중하다 명 데리브런치진지하다 꼭 프렌치토스트 세트 프렌치 토스트 유죄 탑 브런치 맛집 친구 친구 친구 알 아아 기 아아 프렌치토스트 행복하다 주말 완성 프렌치 토스트 세트 번 세 번감성 맛집 비싸다공간조금브런치 맛집 인정프렌치토스트 맛집 다른 궁금하다친구 음식 쪼끔 편이 참고분위기세 햇빛 음료 음식 주말 평일 좀 괜찮다 토스트 꼭 드 두 번 세 번굳다유럽 냄새 구성일단 치아바타 잠봉뵈르 에그인헬 바게트 겉바 촉촉촉 식감 매장 분위기 인테리어 친절 일 기 준 별매장 넓다 브런치 든든하다즐겁다분위기 음악 가격 적당하다 편이 생각 서비스 직 기본 실수 죄송하다 말 먼저 생각 기분 외식 언짢다굿굿굿굳다좀 비싸다잠봉뵈르 세트 포함 아아 샥슈카 아아 추가 양도 적진 매장 이쁘다 좌석 꽤 불편하다 직원 매우 친절어제 오늘 최애 프렌치토스트 에센 소시지 토스트 겉 빠삭 속 촉촉하다 샐러드 소스 정도레몬 현미 스프 익숙하다 듯 상큼 프렌치토스트 달달 사이드 야채 싱싱하다 샥슈카 약간 에그인헬 맛일 생각 묽다에그인헬 토스트 샌드위치무난 데 가격 좀 비싸다 느낌새우 오픈 샌드위치 특이하다 음료 망리 간다 무조건 마핑파 반려견 동반 가능하다 매장 샌드위치 도중 귀엽다 강아지 행복하다삭슈카 아메리카노 쌀쌀하다 날 몸 새우 삭슈카분위기 감성잠봉뵈르 잼 존맛 샥슈카 입맛 그냥 그렇다 잠봉뵈르직원기대하다 오늘 스프 치킨 현미 맘 세트 빵 딜 무화과 잼 도 가격 대비 양 좀더 아쉽다 프렌치토스트 다른브런치 마핑파와우브런치 시나몬 라떼 반하다 브런치 중 토스트 제일샥슈카 특별하다 치즈 준 치아바타 바케트 빵 맘 빵 맛집 듯 다음 잠봉뵈르 보고브런치굿식사 디저트 계열 음료 훌륭 직원굿인테리어굿새우 오픈 샌드위치연어 플레이 트 잘먹엇어 빵 완전 햇살 맛집 오늘 스프 샥슈카 기대 미치다여기 잠봉뵈르 어쩌면 소금 취향 샥슈카 샥슈카 어제 술 마실껄 그렇다 느낌 랄 만 여전하다 브런치 역시 마핑파운영 브런치 로만 운영삭슈카굿굿브런치 짵브런치주말 아침혼자 책 음식샥슈카 림프 샌드위치
132,604seoul,1706675619.0,만 림프 번은 언제 번 겉 살짝 하드 느낌 속 부드럽다 달달 빵 림프 야채 소스 환상 궁합 이구 모 이제새롭다 햄앤코운 슬로 샌드위치 노랗다 겨자 소스 킥 용 혼자 책 최근 친구 명 공사 브런치 진하다 친구 사진 공사 모습 기쁘다 분과 크루 고맙다 그렇다 자리 쇼그릴 드 치즈 토스트 수원 가끔 가요 왕복 바삭 빵 자체 소스 단 그게 치즈 베이컨 짠맛 빵 곡물 빵 고소하다 살짝 밋밋하다 느끼하다 피클 러드 고춧가루 질리 끝 듯 해 나나이모 처음 진하다 일단 얼음그릴 드 치즈 만 여전하다 치즈 배이컨 조합 아주 딱이다 식빵 그릴 아주 치즈 입 소스 조금 나나이모 처졍 아주 환상 짝꿍만 브런치 상 연휴오트밀 찾기 어렵다 여기 트 라떼 인테리어 따뜻하다 분위기 의자 편하다귀엽다 로제타 처음 눈 보기 만해 라떼 쿠키 초코 칩 쿠키 진리 생각 피넛 버터 신세계 특별하다 그냥 계속 구매 인테리어 아늑하다 동안 기분 다음샌드위치거리 이렇다 거주 운 림프 번 두 입 부족하다 정도 시원하다 아아 먹기 새우 소스 취향 앞 날 여기 왜 이제 정도 외관 인테리어 친절 휴일 완벽하다 정도뭐 모든 가끔 음료 도장 쿠폰 걸 오늘 처음 아쉽다유명하다 왜 이제야 인테리어 멋있다 반려동물 동반 귀엽다 강쥐 만날 공간 매력 유명하다 림프 번오늘 레몬에이드 바닐라 최고 용만 달달 한잔 지난번 딸기 타르 틴 대신 이번 오렌지 치즈 사이 패션후르츠 달콤 콤 비주 어디 공사 디저트샌드위치 포장 역시 샌드위치크림가도 변하다 야채 과일 조합 아보카도 후숙 적당하다년 동안 변하다 매번 그릴 드 치즈 다음 번최고여덟시 오픈 출근 전 매장 이용 림프 번 돌이 딸기 타르 틴 티라미수 타 르틴 딸기 블루베리 신선하다 리 코타 치즈 밑 빵 입천장 아프다 정도 빠삭해 순간 건가 원랜 촉촉하다 호밀빵 오븐 바삭 구 빵 좀 덜 바삭 쫄깃 티라미수 포특별하다 림프 번처 나나이모새롭다 음료 늘 라떼 선택 레몬 바닐라 이드림프 번 도리 브런치 곳임 플랫 화이트 꼬소 담백하다 난하다 남새해 첫 공사 어찌 오 어어 무 리지 널 티라미수 딸기 고민 딸기 철 딸기 픽 혼자 먹기 넉넉하다 먹기 양 세 네시 소강 상태 좀더 여유 차분하다 평일 휴무 왜 그렇다 마치 고향 마냥 마음 편하다 따뜻하다 공인테리어 멋지다 아침 일찍빵 샌드위치 소중하다 공간 림프 번은 새우 소스 디저트 유명하다최애 쥬 명 이서 접시 만족 쿠멋지다 공간 아침 오픈 이후 출근 전 종종 피버 쿠도브런치 산미 고소하다 취향 그릴 드 치즈 토스트 치즈 듬뿍 베이컨 달달 꿀 디저트 딸기 티라미슈 달 직원 분 생일 식사 케이크 덕분 행복하다 요와우 타르 틴 브런치 랍만 다시 행복하다 역시 최고덥다 날씨 차갑다 라떼 쿠키 가도 따뜻하다 편안하다 공사 항상인테리어 분위기 디저트 햇살 만족스럽다 분위기 노래 선곡 조금 아쉽다 사과 착즙 주스 런 시럽 주스 다르다 깔끔하다 단맛 덜하다 라떼 깔끔하다 쓴맛 신맛 구 림프 번 고기 새우 핫도그 새우 통 실하다 특제 소스 적당하다 톡피넛 쿠키 살 마다 자꾸매장 그니 브런치 음식 시모어 크림 달달 라떼 위 크림 고소하다 부드럽다 후 기 매장 아기자기 커피잔 이쁘다 사진 구성 다양하다 듯시모어 생각 림프 번 소스 덕 와이파이 매장시모어 아이스 가볍다 음식 디저트 늘 굿분위기오웅 캐나다 캐나다 온 그이웨이 팅 힘들다 브런치 인테리어 직원 애티튜드 훌륭하다 꼭 번 볼 만해친구 새롭다 브런치 섭렵 아아 여자 둘 아주 배부르다 즐겁다 휴무 그릴 처 피타 피자 선 드라이 토마토 신선하다 이탈리아 파슬리 조합 완벽 스프 덕 무겁다 식감 빈속 든든하다 준 친구 말사랑스럽다 공간 림프 번 등 브런치 감각 요 참고 여기 피넛 버터쿠키 못 쿠키 꼭새우 빵 소스 시모어 크림 찰떡포테이토 스프 스모 카피 적당하다 달달예전 다시 힙하 공간 리뉴얼멋지다 공간나나이모브런치 부터 인테리어 부터 모든 완벽하다 간만 요굳다지난번 림프 번 이번 오픈 런 역시 한번 림프 번 제일 데 볼 식감 근처 간다 그렇다 무조건 림프 번 리뷰 티라미수 타르 틴 인 매번 전화 문후 포장 후다닥 담번 매장샌드위치 존맛아주 힙 개성 분위기 브런치 느낌 분위기밴쿠버 매우 반갑다 느낌 이름 반갑다 나나이모 개인 그니 단 경우 딱하다 함 단맛 조절 여기 샌드위치 담 샌드위치피타 피자 짭쪼롬하 스프 겨울 날 먹기 빵 바삭 가격 대비 양은 좀 편이 실내 인테리어 따뜻하다 귤주말 대기산미 아아 사랑 분위기 아늑하다 규 햇살 가득 사진 담 용 오늘 맛집 발견 성공핫 감각라떼 나나이모 최애 중배달 로만 처음 장가 림프 번 그릴 드 치즈 토스트우리동네 매일 줄 아침 자리 바로 색다르다 토스트 짭짤하다쿠키 택배 첫 샌디 치 더욱여름 증말회사 근처 쿠키 레드 벨벳 쿠키 젤 분위기핸드 드립 원두 구매 아로마 어떻다 설명 더욱식사 류 종류 다음처음 신선하다 재 의사림프 번 나나이모 벤쿠버 라떼 따숩 행볻합사무실 처리 궁금하다 림프 번 소스 뭐 마법 소스 찰떡 빵 부드럽다 여기 맛집 고소하다 다음 번샌드위치 림프 번 신선하다 새우 식감 톡톡 아아 나나이모 사진 작다 적당하다 양 적당하다 단 부담 갱얼쥐 데리 가도 사전 문의 귀엽다 해주시 물 그릇 감사 장소 협소해 웨이 팅 평일 가끔 재 의사 가득 다음 쉬림딸기 타르 틴 참고 평일 웨이 팅달 고온 공사 라떼 음료 쿠폰 다시 부활최애 커피숍림프 번 멀리 원정 솔드아웃 림프 번 알 아쉽다 크루아상 샌드위치 포장 피타 피자 최애 림프 번 호기심 썸머 펀치 애기 감기 시럽 이나 입맛전 도장 림프 번 조화 이렇다 거구 바삭 부드럽다 번 새우 쌉쌀하다 채소 모든 고소하다 부럽다 소스 완벽 잡채 매장 크기 비 스텝 분 스텝 분 끼리 합 분 업 서비스 물 편안 오늘 를 알 행복하다 앞 차곡차곡 전 뿌 시기가성기절 림프 번 다다 완벽하다림프 번 한번샌드위치 맛집만 가도 공사 병원 오프 날 가장 마음 고향림프 번 무조건 야하다만 여전하다 따뜻하다 분과 크루 나나이모샌드위치림프 번 피넛 쿠키 최고머그잔 구매 꽁꽁 친환경 종이 포장 엎어놔 실물 사진 매끈하다 오트밀 색 로고 궁금하다순삭예전 휴무 영업 오늘 직원 매장 도 음식 날 다른 용굿림프 번 존맛 직원 재 백프로굿이전 처음 여전하다 시모어 달달 위 코코아 가루 아주샌드위치한번 한번 매우 매우 다음림프 번만 포장 이번 크라상 샌드위치 크라상 샌드위치 최애 림프 번 림프 번 크라상 그릴 드 순주스 굿샌디 치만 아보카도 토스트 여전하다 빵피넛 쿠키 플랫 화이트
133,오랑제뜨21,1228319924.0,인테리어 오랑 날 딸기 디저트 후 바로 데코 완벽하다 따뜻하다 뱅쇼 몸 녹 달달 당 충전 힐링 음악 대화 방해 따뜻하다 분위기 속 즐겁다글리 베이커리 바로 옆 인테리어 음료 분위기 글리 베이커리 구매 빵 영수증 음료 할인 해주시 식기 빵 편하다음료 모듀 최고다디저트 완전 가게 인테리어 직원 용오렌지 색상 이쁘다 스타일 과 디저트 천국 생 일 음료 신선하다 무엇 사진 야외 편하다 힐링 스팟 귀엽다 댕댕 도 댕댕 구경 재미 쏠쏠하다외부 음식 반입여 직원 인테리어 이쁘다 아이 나중마다 자쥬 항상 분위기 최고 디저트 음료 최고애견 동반 테라스 인테리어 동남아 온 기분 요즘 밤 바람 불어 테라스 먹기 딱좋다주황 주황 음료 디저트 번 꼭인테리어 아기자기하다 곳곳 소품 사진 찍기 강아지 동반 귀엽다 강아지 볼 음료 디저트 자주음료 알바생 은은하다 노래 혼자 공부 친구 수다 떨기디저트 이렇다 분위기 오랑 유일하다 고 사진 최고 강추화장실 진짜진짜 좁다휴양지 분위기 상콤 오렌지 인테리어 기분 상콤 비엔나 라떼 딸기 라떼 음료 디저트 딸기 라떼 냉동 딸기 딸기 감동건강하다 주스매장 주황 주황 넓다 분위기 요즘 날씨 야외 기도 일단 중 젤 음료 가격 퀄리티 가면주황 주황 인테리어 이쁘다 음료 디저트 처 핑크베리 티 민트 잎 상큼 상쾌하다 과일 디저트 과일 싱싱하다 자리야외 테이블야외 조명 맛집 밖 사진 인생 샷 급 인테리어 손 신경 느낌 오렌지 컨셉 확 청귤 이드 계절 과일 생크림 도 종류 에이 생 과일 청 음료 달기 이드제주도 여행 온 기분 조명 맛집 임 오렌지 비 코 신기하다 제주 초콜렛 네모인테리어 취저 재 여행 어요요기 소품 왜 귀엽다 사진 옴 음료 치즈 루 토스 쿠키 가루 조합 최고 캬 역시 크림 치즈 더맛 날씨 포 자리 쟁탈전 하겟어욤비주 얼 달달 함 폭팔 사진 디저트 맛집 용 요즘 날씨 딱이다 야외 테이블 광합성분위기매장 인테리어 오렌지색 음료 디저트제주도 느낌 귤 인테리어 인테리어 마음 외관 눈 날씨 야외 기분 듯 음료 도 쑥 라떼 엄마 수다 떨기 사진 찍 스팟 가득하다 공간디저트 아주 귀염 뽀짝해 인테리어 주황 주황 하니 제주 성 여기 테라스 자리 날씨 날 먹기매장 관리 전혀 안되다모기 헌혈 각오 야외 신랑 수박 쥬스 조금 시원하다오렌지 비 코 레몬에이드 저녁 테라스 바람 시원하다 기분시즌 과일 프레 페 아주 정직하다 아바 테이블 청소 조금 필요하다 외부 자리 편이 힘들다 선선 날 가기음료 글리 베이커리 산 빵 접시 포크 나이프 제공 즐 천원 할인야외 날씨 쫌 날 날 대화 디저트 당근 타르트 귀 워근방 눈 확 느낌 정도 이쁘다 사진 이쁘다 내부 아기자기 이쁘다 제주도 느낌 정도 주황 주황 은 딸기아기자기 귀엽다 글리 빵 취 가능하다 인 음료 천원 할인 좋네욤수박 쥬스 존맛 분위기 상큼 아유중 제일 여기 케이크 유명하다 픽업 매장 분위기 음료아기자기하다 직원 음료 디저트 힐링 다시 꼭 근처 가시 인테리어 음료 서비스 완벽 잡채글리 베이 커리빵 수박 주스 듀 시원하다 달달제청 귤 이드 이드 맛집 오랑 제청 콤 달콤하다 깔끔하다 음료 요거트 스무디 비주 얼 두근거리다 색감 양도 달달 시원하다 기안 아이스크림 누가 뭐 도 밀당 밀가루 당 최고 행운 귀엽다 졸 고 강아지 볼처가 처 흠여기 번천 번 가깝다 매일 딸기 라떼 정도 양 가성 비 일 임자 라떼 흑임자 혜자 꼬수움 무엇 로투스크로플 사랑 여기 은 뭐 생 의 차이 자체 인테리어 소품 아기자기하다 노래 증맬루 보물 맛집 발견생크림 제철 과일 덕 치즈케이크 비엔나 사진 찍기분위기 따뜻하다 데이트 딸기 타르트 존맛 꼭 음료수 양도음료테라스 석 마시기음료 분위기딸기 케이크 요 갈래특별하다 날 특별하다 준 케이크 비주 가족 행복하다 축하 용 케익 딱이다 오오오 멋지다 케이크음료 상큼 분위기 마음 무척 편하다 힐링 제대로 날씨 따뜻하다 야외 크리스마스 크리스마스 귀엽다 연말 왕자리 가격 저렴하다빵 아주맛집 처 돌이 쫄깃 크림 흑임자 라떼 시 즌 샷 달 청귤 이드 꿀맛 상큼 보스 재 의사분위기 주황 주황 밤 는걸분위기 이쁘다 오렌지 오렌지 인테리어 눈 딸기 라떼 딸기 분위기 기분 엇답 닷분위기 이렇다 오렌지 음료 상큼 인테리어 오렌지 비 코 강 추하다 케이크 디자인 이쁘다 올해 크리스마스빵집 빵 사고 빵집 옆 커피숍 잠시 괜찮다 산미 심하다포토 존수다 떨기 공간매장 아기자기하다 사진 도 비주 얼 핵 존예옆 글리 베이커리 제휴 영수증 할인 빵 접시 포크 주심 그렇다 모든 손님 글리 베이커리 손님 인테리어 귀엽다 디저트 종류 은근 다양하다 부분 만족하다 손님 말 연하다 고 샷 추가 손님 보리차 느낌 분명 샷 제조 한샷 아메인테리어 독특하다 비엔나분위기편하다 가기완전 크리스 마켓 분위기 이쁘다 음료 디저트 최고분위기굿글리 베이커리 투떰즈업 뒤 글리 베이커리 영수증 제시 테이블 당 할인 접시 포크 나이프 제공매장 오렌지 달 디퓨져같 신 걱정 신맛 비엔나 덕 크림신나다 음료 사진 과일 주스 키위 주스 달콤새콤 잔 귀엽다 뻣 생 과일 주스 바닐라 라떼 야외 좌석 날씨 날 날씨 만끽 최고소문 까페 음료글리 베이커리 빵 사서 여기 크리스마스 인테리어 이쁘다작 잔 귀엽다주변 고민 여기 정 음료 아늑하다 분위기 다만 의자 테이블 짐 청결 조금 쓰시 천 해도분위기귀엽다 힐링경쾌하다 분위기 번창외부 자리 훨 춥다 그냥 실내오렌지 라떼 원래 여기 오렌지 라떼 제청 그렇다 외관 주황 황해 귀엽다 잠시 휴가 온 여기 애견 동반 런가 종종 강아지 귀엽다 인스타 성 동네 랄 편안하다 전남친 토스트 크림 미치다 놈 참고 여기 미미 꼭인테리어 상큼 멋지다 외국 여행 온 느낌 설레다 오렌지 비 코 고소하다 라떼 상큼 오렌지 조 화로 웠구 오렌지 히비스커스 티 오렌지 쥬스 콤 달콤하다 아이스크림 블루베리 타르트 말 뭐 달콤하다 아이스크림 꾸덕쫀쫀해 취저였 애견 동반 강아지 산책수박 주스 최고 색소 전혀 수박 간 달 시원하다 글리 베이커리 빵 사면 천원 할인 빵 접시 나이프 포크 매장 이쁘다 사진 스팟 매장 자체굳다아메리카노 파티 오도 멋지다 디저트 종류구글리 베이커리 옆 빵 그릇 칼 포크 주시 영수증 천원 할인요즘 가면 공간 자체 협 소하 거나 의자 불편하다 경우 밖 둘 자리 편하다 제일 중요하다 음료 디저트 겉보기 저희 아인 슈페 너 전남친 토스트 계절 생크림 딸기 이름 귀엽다 배부르다 평일 임 불구영수증 할인 세팅딸기부드럽다 라떼 옆 빵집 글리 베이커리 빵 사서 글리 영수증 천원 할인핫 오랑 여기 완전 주황 주황 오렌지 가득하다 디저트 다양하다 디저트 한참 정도 디저트 사진 찍 생각아기자기 인테리어 디저트 평타 이상 음료 괜찮다 장내 상콤굿망원역 멀다 오랑 블루베리 치즈 존맛 아아 디저트 젤 맛남 오렌지 비앙카 처지 디저트 노노 추가 화장실 깨끗하다 비 좁다 데 해결 는걸 인테리어 맛집 전 다시그니 음료 도 바삭바삭하다 전반 괜찮다 가게 분위기매장 사진 찍기 이쁘다 아기자기하다 소품 완전
134,메이크제로존,1457717315.0,위치 보물 장소 빈티 샵 복합 공간 지하 매우 조용하다 느낌 조명 인테리어 매우 공 라떼 플렛 화이트 모두 나름 진하다 색깔 밈 공간 빈티 쇼륨 빈티 제품 큐 레이 팅 재미있다 일러스트 셔츠 슈프림 투시 브힙 일단 빈티 샵 구경 쇼핑 왜 고소하다 진심 꼬소 끝 짜증나다 이드 고급스럽다 그릭 요거트 바삭 빵 잼 증말 환상 가격 대도 괜찮다 분위기 사진 행벅 왕 증말 번창매장 깔끔하다 조용하다 편안하다 빈티 샵 겸 매장 곳곳 구경 만 물건 취향 득템힙 신상 음료 빈티 샵 볼거리 인테리어 사진 이색 특별하다이드 신선하다 쾌적하다 노래 플레이 리스트 취향 저격 그릭 요거트 쫀쫀 담백하다 빵 망고 잼 계속 잼 중 제일 쪽 빈티 구경 공간 구경 다양하다 금새롭다 핫 분위기 무엇 웬만하다 그릭 요거트 전문점 그릭 요거트 맛집 덕 달달 블루베리 콤포트 조합 내부 분위기 아늑하다 아주 굿근처 지하 자리 구제 겸 빈티 복점 온 듯 인테리어 멋지다 공간 널 김 스포 티 의류 모자 구경매력 공간별로 오히려 인테리어 카메라 지하 쾌적하다 느낌 분위기 스타일 자주인테리어 빈티 지하 편안하다 빈티 샵 운영 구경 편안하다 분위기 원하다 꼭빈티 딥 귀엽다 빈티 소품 음악 잔잔하다 매장 조용하다 혼자 일 무엇 이드 디저트 존맛재밌다 티 제품바스크 치즈 케익 아늑하다 느낌 노래 선곡 분위기 마음 빈티 샵 샵 구경 재미단맛 자극 디저트 자주 분위기매장 분위기 조용하다 음료 디저트 모두 그릭 요거트 최고이쁘다 노래 차분하다 여유 빈티 신기하다매장 꽤 넓다 아늑하다 빈티 분위기 노래 선곡 지인 편안하다 대화 매장 빈티 진열 재미 아주 이색 맘 지름신 강림 수도 깊다 진하다 바스크 케익 아주 꼭동네 신상 인테리어 멋지다 다음 친구 링 디저트분위기 주민 최애 커피집 케익 직접 존맛감성 넘치다 패션 감성빈티 샵 분위기 너므 요 친절 자주인테리어 감각 단골파시 이쁘다
135,브라운 프론트 도어,1084559006.0,컵 용 컵 디자인 특이하다 팔고 구경 재미 직원 디카 페인 최고날 덥다 시원하다 에스프레소 토닉 탄산 레몬에이드 에스프레소 샷 아샷추 느낌 완전 아유 역시 빈티 편집 볼거리 재밌다겸 의류 소품 판매 공간 신선하다 보통 둘 중 마련 취급 이쁘다 버터크림 라떼 강 추하다 다음 다른 재볼 힙피넛 크림 라테 무조건 제발날 브프 행복하다 여기 티 각양각색 매력 쩔어요 다르다 체인 스티치 작업 팝업 중이 색다르다 매장 걸최근 아메리카노 중 제일라떼 종류 다양하다인테리어 멋있다 산미 깔끔하다 제품 구경 일찍 오픈 위치 욤뺑 쇼콜라 썸머 라떼 직원 내부 깔끔하다반려동물 가기 반려동물 음료 음식 매장 청결하다 넓다 대형견 가능하다 베스트 직원 구경 심심하다 커피숍 작다 편집 느낌 사진 네오 바닐라 빈 라떼 컵 이쁘다 사진 인스타 용남자 옷가게 생각 외로 사이즈 정도 티셔츠 버터크림 라떼카모마일 생강차 우어 어어 생강차 완전 취향 요 생강 특유 매콤 시원하다 맵 약간 산미 카모마일 늘 그렇다 향기 부드럽다 아유근처 밥 소개 오시 꼭 가야이디엄 짱 방앗간 미니 크루 상 매력 군 전 개인 느낌 먹기 편하다 디카 페인 처음 역시 군오버 트 지점 모두 옥직원 은 평범 매장 의류 판매 구경 듀테 러프 사이드 기억 분위기 더더자주영롱하다 라떼 자태 라떼 온도 적절 폼 적당하다 고소하다 마룬 라떼 당 피곤하다 달 밑 라떼 역시 고소 처음 크림 동안 계속 감탄 크흐 끝 음료 여기 선택 늘 어요 다르다 선 아아 소금 빵 마감 가면 도 추가라떼 밖 분위기 아보 설명 그니 오늘 단 고소하다 라떼 익숙하다 기억 괴롭다 대중 뭐 해라떼 테이크아웃 할인 안되다디저트 주민 피셜 첫 분 강력 강아지 직원 깨끗하다 넓다 편하다 위치 편하다 망리 중심 거리 꼭 까눌레 개인 에스프레소 토닉 강추 고급 진 아샷 추 느낌여기 피넛 라떼 존맛 임 일 분 심인테리어 특이하다 다양하다 구비 좀 다른 색다르다싸이 펀 방식 새릅 아주 아이 바리스타 직원 감동 드립 아주 맛있엇어굿굿크루아상 차갑다 매장 조용하다 편하다 대화이번 가장 메뉴인 플랫 화이트 까놀레 조합 먹기 위해 퇴근 후 자극 음악 덕분 작업 다양하다 종류 잡지 빈티 카탈로그 서적 구비 매장 비치 서적 이번친구 단골 며 다이어트 중 마론 크림 라떼 고해 홀린 듯이 빵 작다 눌레 직원 소금 크로와상 마론 크림 찍 존맛 비쥬 얼 보고 유혹 다이어터 잇츠 이유 마론 크림 개개 크로와상 찍 어떻다 생각 천재피넛 라떼 꼭 직원 의류 이쁘다 댕댕 동반 가능하다 게다가 자주처음 옷가게 줄 알 그릇 귀엽다 음료 까눌레 존맛디저트 인기 국내 브랜드 의류 판매 구경 공간일단 종류 다양하다 독특하다 그냥 색감 매력여기 직원 오늘 직원 파마머리 남자 아주 설명 해주시 여자 상냥하다 설명 디카 페인 중배 전 투메릭망 앞 여기 정착 구까눌레 맛집 다른 디저트 기대 편집 남성 의류 매장 쇼핑 손님 시추 강아지 달팽이 인하 여 더욱 즐겁다 저녁남자 아이 매장 디피 눈 깃 거리크림 라떼망리 잔 만해굿근방 처음 융 드립 땜 여러 번 재 피 폭력 추가 유명하다 취향직원 전부 상냥하다 진열 의류 구경 재미 응대 덕분 즐겁다 행복하다본연 역할 충실하다 퀄리티 음료 디저트 동시 국내 브랜드 제품 소개 널리 편집 역할 또한 부족함 훌륭하다 공간 의류 뿐 쪽 전시 빈티 파이어 킹 머그잔 컬렉션 카운터 전면 배치 메이커 등 전시 의류 외 눈 거리 충분하다 대표 비롯 직원 응대 덤 이구 에스프레소 중 플랫 화이트 드립최고마테 레몬 그라스 시나몬 럼 어어 무디저트 재 의사디카 페인 테이크아웃 싫어하다 직장 가깝다 테이크아웃 구 쪽 남성 팔고 비치 전부 고급강 배전 만 중배 전 역시 산미 고소하다 까눌레 겉 바삭 속 촉촉하다 바삭 캬라멜 코팅 콰쟉 마룬 라떼 달달 크림 쌉쌀하다 밑 고소하다 라떼 꼴깍 말모사진 온 번 꼭 여기 려고 세상 젤 중배 전 강 배전 고소하다 디저트 개성 소금 크루 상 크루 상 중 제일 꼬숩 버터 구운소금 생 자체 어효 애정 라떼 역시 뜨겁다 온도 고소하다 우유 적당하다 폼다양하다 디저트 영업 퇴근 자주 자주 생각 매장 조명 음 악 부담 테이블 거리 넓다 처음 따뜻하다 라떼 크로와상 라떼 적당하다 온도 고소 함 크로와상 버터 소금 조화라떼 팝업 모두 흥미롭다 줄주말 운 자리 직원 귀엽다 빈티 식기 구경즐거움 가득하다 직원 무엇 음료 디저트빵 세상 힙 분위기 덤 친구 간 마음 쏙 피넛 버터크림 라테 꼭디저트브라운 프론트 도어 편집 샾 이디엄 운영 카페인 땜 디카 페인 고소하다 음미 편집 샾 주로 남성 동안 구경 재미 음악 시절 던 올드팝 음악 줄 다음 차도 보고 말씀 차 펀 우려 하니 맘 듬 차티가게요직원 크림 요가게 애매하다 재미있다 느낌리뷰 음악 대화 소리 리지 작업 라떼 오늘 고소하다 따뜻하다여기 존맛사진 다시구경분위기 치도매장 멋지다즐겁다 공간 소품 인테리어 디저트 음악 부족함이색 요굿굿
136,스몰커피,36406719.0,원두 맛집 스몰조용하다레트로 분위기 취향 탈 편하다 소울 음악 디저트 약과 어울림 매실 이드 굿음료 노래 매장 내부 인테리어 멋지다음료약간 산미 약과 맛집로스 터스 바로 내부 인테리어 굉장하다 힙 음악 테이크아웃 할인 깔끔하다 뒷맛 텁텁 솔솔 남아 무척 리프 레쉬 무척분위기공간 유지 편안하다인테리어 모두 만족하다굿배민 매장 처음 잔잔하다 분위기 다양하다 원두 라인업 원두 부터 구매 가능하다 다양하다 원두 재미 구매 늘 사가 흐흐 스몰 원두 무조건 스몰무난 이용 가능포장 할인 천원 매장 작다 편 위생 글쎄굳다독특하다 분위기 다양하다 원두 판매 담 원두엄마 인정 아아 맛집다양하다 원두 가격 구매스몰매장 아담하다 종류 원두 다양하다원두 구입 아이스 라떼 한잔 사 행복하다생 과일 쥬스굿가게 이전 전 가격 합리 이제 평균 요 요즘 유투브 보고 라벤더 라떼 궁금하다 오트밀 변경 가능하다 가게 분위기플랫 화이트 일반 라떼 생각 양 생각 컵 반 안되다 개인 샷 우유 아주 적절하다 비율 최고 테이크아웃장소 식물 간접 조명 분위기 포근하다 플랫 화이트동네 분위기 따뜻하다 차 한잔 힐링 느낌원두 네민트 우유 민트 편의점 달달 민트동네 아늑하다 단골 음료깨끗하다 깔끔하다 스몰궁금증 음료 다음 다른 도전 베지밀 라떼 굿공간공간계절 제철 음료 공간저렴하다 분위기스몰 로스팅 원두 사서 원두 설명 수월하다혼자 책스몰 사랑 가격약간 산미 분늘 따뜻하다 인사 맛집 동네 사랑방작고 아담하다 카페인 스몰 더치커피 주로 편 제철 일로 음료 항상 준비 느낌 알 분위기분위기
137,두더지짜이집,1902491905.0,당산동 가게 후 첫 바삭 따뜻하다 샌드위치 어쩜 느낌 기분 탓 진하다 인도 세상 아늑하다 귀엽다 순식간 아쉽다 아이스크림 사 진 못 마무리 조금평소 밀크 티 궁금하다 알 편하다 공간 카페인 예민하다 편이 디카 페인 루이보스 뜻 다음알루 샌드위치 순간 인도 이동 짱 공간굿 먹기 계절 야외 테이블 끝내주다공간 애정 마음영등포 멀다 한번 만족하다애정 포근하다 공간 매력공간 매우 취향 저격 요 귀엽다 여전하다 샌드위치 무조건 조합인도 핫 샌드위치 골목 핫알루 샌드위치 은은하다 카레 야채 치즈 감자 인상 책장 편하다 좌석 내부 책 풍경 구경샌드위치 가게 분위기 아늑하다레트 브루 통 둘 자주근처 이렇다 샌드위치 포근하다 분위기
138,포페,1704158255.0,펫 프렌들리 단골 이도 보고 크리스마스 포스터 작다 트리 덕분 크리스마스 느낌 뿜뿜하 자리 협소 높다 의자 조금 불편하다 걸이 세심 준비 잠시 한잔 가기 괜찮다분위기 인테리어 엄천 특이하다 디저트 맛집 혼자 디저트 다음 친구 어요 사진 디저트 찍 필름 비싸다 대요 여기 팻 애견 동반 가능하다치즈케이크 스티커 사진 다만 그냥 일반 강아지 동반 가능 매장 줄 알 완전 펫프렌들리 강아지 편하다 동반 미리 알즐겁다 대화 바스크 치즈 케익 티 미미 슈 모두바아루 상콤 감칠맛 계속 완전 취저 당하다 못 티 상콤 디저트 먹기 도장 또또크룽 과일 딸기 아쉽다 다시 딸기 철 죠켓다 미식 역시 포페포페 최고음디저트이집 디 자트 챠크룽 인더 포레스트 회사 일찍 바로 인스타 보고 보고 보고 생각 상상 크로와상 반죽 얇다 누룽지 바삭 운 쿠룽 과일 우유 크림 조화 디저트 포페 포토 존 사진 주신 피스타치오 티라미수 입 보고 즐겁다크룽 인더 포레스트 미치다 드립커피 오지 미식 역시 포페 꼭 시즌 번마음속 최애 매일 잠시 가족 친구 이야기 음료 디저 트 즉석사진기 한장 인쇄 수도 무제한 의 해 음료 디저트 고민 생각 애정 포페아담하다 디저트 다양하다 필터디저트 페어 링 미챳어 오늘 소금 사진한잔패션후르츠 아이스티 진 용량 애플 크런블 포장 박스 디저트 요 직접 디저트 하니 더더 기대 번창매번 시즌 디저트 원두 매력다음 날 친구 데리 반려견 덕분 편안하다 재미있다 찜 콩일단 디저트 말 해구 이용 방법 설명 서비스 설명 이용 동안 즐겁다 재 의사 백프로 구 다음 브라우니 꼭근처 포페 조금 불편하다 힙하당처 아메리카노 말 잔소리 짱 요 바스크 치즈 케익 눈 앞 토치 직접 깨 재미 솔솔 달콤 고소 존맛 에그타르트 안이 가득하다 살살 기부 니 재 의사날 기분 가기 개성 디저트 가격 착하다 망원역 근처 자주 해매장크룽 요거트 찰떡 페 라떼 꼬소 부드럽다치즈케이크 맛남매장 아기자기 귀엽다 기분 츄러스 꼭 욥매장 분위기 다음이번 원두 미쳣 존맛 분 꼭 이번 콜롬비아 사진 흑백 음 료 꼭고구마 브륄레 달달 음료 다마 신 후개발 뭘 실패왕왕 나유 가게 힙 다합 니 음료 디저트 전부 맛집리뷰 직원 분 고압 말 이해 분 그렇다 건물 대한 질문 안내 단호 설명 일 싫다 분새롭다 츄러스 역시일구구일 디자인 사랑스럽다 움원두 픽 미치다 콜롬비아 원픽드립 실력 최고포페 미치다 매번 새롭다 원하다 여기 가세 소금 빵 데 완전 다르다 똥 구리맛집 소식 크림 완벽하다 디저트주민 완전 강추 소금 빵 버터 바 맛집 별 강아지 소금 빵 토마토 바질 소금 빵 버터 바 에그타르트 레몬에이드 최고 깔끔하다 인테리어 이쁘다 강 소금 착하다 귀엽다종종 가요바스크 치즈케이크 유명하다 갠 소금 빵 솔드아웃 갠 화장실 밖 세면대 어서 불편하다 좌석 엉덩이 아프다 테이크아웃 포장 편하다굿굳다밥힙 해 소금 빵아지트 주인 미각 탁월하다 신분 디저트 재료 신선하다 덜 달 산미 사진 원두 꼭 바로 원두 구매디저트소금 빵 마지막굳다포페애정 포페 다른 음료 디저트 분위기 사진 찍기 강추 라떼 초코 팅 클라우드 바스크 치즈케이크 꼭케이크 아메리카노 모두 근처 매일 발견 선택굳다새롭다 원두 나왓다 왓어 완전 한잔 자리 항상 원두 항상 정성 노트 시 멋지다굿오픈 빠르다 디저트 처음 브라우니 먼저 도전 세상 눈 번쩍 이구 다음 매장 음료 함 담 댕댕굿굿친철 인테리어 디테 일도 이쁘다 센스소금 빵장 가기 전 충전 아이스 아메리카노굿초복반려견 발도장 인증 망리 반려견 동반 가능하다 공간 수집 망리 중간 아담하다 문 반려견 먼저 쏙 결 착석 작 분위기 음악 공간 좌석 모두 바 테이블 때문 반려견 옆 끼 건 불가능 바 닥 편안함 종종 반려견 동반 출근 동행 반려견 매우 주심 간식 방석 감동 함포페 논 알콜 칵테일 항상 새롭다 포페 완전 새롭다 미쳣습최고 소금 빵집구경 발견 잔 스탈 영수증 리뷰 일부러 영수증 요 크림 고소하다 음악 취향 집앞 멀다 아쉽다 담 일딸기 브라우니 처름 조합 느낌 가장 역할 재료 중간 역할 크림 덕 적당하다 크리미 크림 상상 정도 크림 인상 깊다굿가장 장소 안되다 항상 새롭다 포페엘 파랗다 리치 드립 전 다른 느낌 새롭다 이번 시나몬 허니 롤 스콘 어울 렷어 퍽퍽 지도 먹기 식감 오늘 소금 다음 기대 포페굿무 알콜 칵테일 모히또 포페 던 레이크 던 레이크 란디저트 요 다음포페 디저트 까눌레 겉쫄속쵹 드립커피 까눌레모든 음료 디저트 감탄 저희 앞 바치 케 유명하다 크리미 바치 케 취저 바치 케 여기 새롭다 스콘 존 바닐라 빈 겉 부분 바삭 걸 다른 데 다른 스콘 틀오늘 디도 드립 마일 드하 균형 텁텁했던 입맛 리프 레시 포페 항상 반갑다 포 페인 데 그렇다 힘들다굿딸기 밀푀유 바삭 패스츄리 식감디저트 성격 꼭 이전포페 바스크 치즈케잌 페 라테 레드 플라워 모두 사진 인식 안되다 속상하다 포장 내부 공간 촘촘하 포장 서비스 주신 석류 콜라겐소금 빵 최고 맛집요 달달 구리 딸기 산 브라우니 뜨끈하다 핸드 드립 엘 살바도르 원두 안나 적당하다 산미 바스크 치즈 케이크 테이블 직접 토치 갓 구 따끈따끈포페 원두 사 포페 로스팅 원두 여기 경험 다르다 못 가요오늘 엘살바도르소르베 원두 미치다 바알만 조카 다시 망리 디저트 맛집 포장 핸드 드립커피디저트 스토리 보고 리뷰스콘 바스크 케익 이제 논 알콜 칵테일바치 케 딸아이 이드디저트 대한 진심 맛없다음료 디저트 거기
139,오버스쿱,1436548624.0,블루베리 치즈케이크 아이스크림 굉장하다 상당하다 젤라또 중 블루베리 치즈케이크 젤라또 다른 젤라또 완전하다 다르다 차서 꽤꽤꽤 다른 젤라또 강남구청역 유명 젤라또 맛집 젠 만 해도 미지미스 켐벨 베리 리치 나이스 스니커즈 타이 밀크 티 오 쿠키 두소르베 종류 허브 흔하다 에스프레소 피칸 최애 쿠키젤라또 다른 수제 아이스크림 쿠키 쫀독 달달 상큼 아이스크림 맛보기 포도 완전 취향 저격재 새롭다 도전 재미 쏠쏠하다아이스크림 지인 쿠키 직접 운 거래 정성 와우 파인트 포장 남편 가게 전달 싹싹 대서 모 뿌듯하다 가깝다 슈크림 각수제 아이스크림 종류 다양하다 수제 아이스크림 날 기분 날씨 골 전 갠 블랙 포레스트 괜찮다 다른 아이스크림 레몬 샤워 그거 상큼 쿠키 도 존맛 포장 거의 몇 담 미리 예약 좀 정신쿠키 아이스크림 조합 말 모말 모 옥수수 인위 단맛 깔끔하다 아이스크림 완전 강추 미인 이세수제 아이스크림 수제 쿠키 조합 니요 말 완전 런던 포그 에스프레소 피칸 쿠키 조합 대박 라임 코코 말 입 아프다 가면 꼭 후회 안함퀄리티 남다르다 수제 아이스크림 레모니사워솝 다른 꼭 쿠키 버터 각 재료 밸런스 종류 별로 미가 장난 파인트 얼른아주 힙 최애 장소허니 가든 달 쫀득하아이스크림 쿠키 모특별하다 쿠키 반했어 묵직하다 느낌 쌉싸름하다 궁합 아이 부담 선물 필요하다 꼭 다시 이용 생각 알 동네 맛집친구 종류 쿠키 개인 럼 캔디 완존아이스크림 허브 가든 강력 쿠키 존맛임쿠키 한번 보고 종류 별로 아이스크림 종류 나중 아이스크림허브 자두요퀄리티 가격 허브 가든 꼭 쇼 디저트 매너리즘 빠졋었는데 긴장감 꼭수제 아이스크림 라임 코코쿠키 근처 아이스크림토마토 바질 체리평소 색다르다 아이스크림 강추
140,피카브로드,1096275635.0,사진 왜 까맣다 절데 까맣다 타르트 최근 이집 중 아주라떼 에그타르트 맛집 출근 전 행복 충전 가용포장 한상태 부모님 부드럽다 번 변하다에그타르트 먹기 위해 이사오 정도 포르투갈 구현 진심 이보 에그타르트 한국 꼭 자두 다도 청량하다 여름 시즌수수하다 굉장하다분위기 음악 라임 타르트 위 크림 부드럽다단골 피카 브 로드 디저트 맞이 주시 피카 브 로드 에그타르트 꼭단골 피카 브 로드 에그타르트 아늑하다 차분하다 분위기 피카 브 로드 망원역 근처 이심 번 해 보시다시 피카 에어컨 아늑하다 분위기 매콤 바삭 멕시칸 파이 차 한잔 하니 무릉도원 맥주 궁합 잘맞다 데 어떻다 안되다 요단골 피카 브 로드 괜찮다 아늑하다 분위기 랍 에그타르트사진 맛집여기 에그타르트 맛집 위치 망원역 근처 실내 분위기 차분하다 앞 단골단골 피카 브 로드 에그타르트 맛집에그타르트 맛딥 사실 디저트 라임 케이크 콤달콤 상큼 오래오래 요일요일 날씨 날 갓 운 에그타르트 가용 시나몬 초코 가루 에그타르트 아메리카노 한잔 햇살 구경 힐링 피카 가용조용하다 분위기 이야기모처럼 한가롭다 평일 오후 책 한번 밖 덥다 햇살 따뜻하다 늦가을 분위기 자두 처음 한잔 다르다 국초 이스 설명 복잡하다 설명 타르트 비스 거도 담 적당하다 먹기 책 언제 나중 일단아늑하다 분위기 피카 브 로드 피카 브 로드 단골 아이 레몬 에그타르트 망원역 근처 번 보시주말 에그타르트 에그타르트 절반 시나몬 가루 에그타르트 밀크 티 밀크 티 단맛 강하다 고 고유 찻잎맛 진하다 피카아늑하다 차분하다 분위기 피카 브 로드 직접 디저트 에그타르트 단골 피카 브 로드 망원역 처 번 보시디저트금요일 퇴근 바로 커피한잔 디저트 힐링 용재 회사 근처 밥 대신 빵 저번 까눌레 이번 에그타르트 레몬 마들렌 직접 아침 굽 타르트 숙성하다 베이 킹 진심 정성 신뢰 다르다 마들렌 촉촉하다 금방 아메리카노 에그타르트 겉 바삭 결 포르투갈 여행 에타에그타르트 맛집 라임 파이 에그타르트 후 조합 에그타르트 소진 금방 다시 따끈하다 지방 피곤하다 배 출출하다 디저트 든든하다 오픈 한지 정도 벌써 에그타르트 맛집 입 소문 다음 일행 재에그타르트 까눌레 단골 피카 브 로드 편안하다 분위기 티타임 망 원 근처음료손수 그림 글귀 감상 재미 디저트 재료 직접 그렇다 정성 즐겁다 편안하다퇴근 티라미수 크림 듬뿍 티라미수 오늘 힐링 가용에그타르트 맛집 겉바 촉 혼자 느긋하다 최고 장소 조용하다 음악 기간 한정 얼그레이 베르가 못 밀크 샷피카 브 로드 갓 운 에그타르트 역시 언제 에그타르트 솜씨 변하다 오늘 힐링 가용두번째 사실 저번 베이글 흔쾌하다 브런치 베이글 에그타르트 서비스 레몬 마들렌 배 제대로 피카 타임 피카 브 로드 가장 자리 햇 빛 브런치 타임 주일 확행 오늘 아늑하다 분위기 취하 가요 직접 사진 엽서 구매 가능하다망원역 도보 위치 피카 브 로드 그냥 당신 인생 손해 에그타르트 전문점 일반 에그타르트 수준 안팎 에그타르트 재료 재료 정도 퀄리티입 선물 용 인기 주요 디저트 품절 피카 브 로드 디저트 추포트 투칼 에그타르트 맛집 만 트 맛집 발견 정도 에그타르트 완전 계속 구유럽 여행 에그타르트 분위기 내내 행복 잡채 사실 골목 위치 지도 매장 분위기 디저트 비주 얼 보고 진주 옆 외국 시나몬 롤빵 아주 분위기 커피타임 여유 워 사실 냉동 포장 감동오전 피카 브 로드 갓 에그타르트 운 필링 볼록하다 에그타르트 따끈하다 상태 젤 었네용 오늘 운에그타르트 맛집 포장 먹기 겉바 촉 여요 매장 따뜻하다 복잡하다 카 페 싫다 혼자 가도 편안하다 여유 리뷰 보아 에타에그타르트 분위기요즘 혼 카를 에그타르트 맛집 타르트 까눌레 간 날 쉬폰 딸기 생크림 케이크 반전 쉬폰 촉감 촉촉하다 처음 포크 크림 치즈 빵 줄 부드럽다 쫀득 쉬폰케이크 처음 빵맛 겉바 촉 타르트 맛집 쉬폰 에그타르트 냉동 후 에어 프라이 해동 가능하다 포장 조용하다 공간 위치에그타르트 단골 피카 브 로드 바로 단골 에그타르트 꼭피카 브 로드 지인 자주 단골 랍 아늑하다 분위기 기분 피카 브 로드피카 브 로드 에그타르트 퇴근 신나다 에그타르트아늑하다 차분하다 분위기 피카 브 로드 디저트 자주 단골 랍 항상 맞이에그타르트 아늑하다 분위기 피카 브 로드테이블 생화 자주 아늑하다 분위기 피카 브 로드 에그타르트 단골요즘 날씨 꽃 냄새조용하다 분위기 굿아기자기하다 쿠키에그타르트 단골 아늑하다 분위기 피카 브 로드굿피카 브 로드 에그타르트 단골테이블 생화 자주 아늑하다 분위기 피카 브 로드 단골빵 항상 에타 케잌 닉 질 원두 드립커피 아늑하다 느긋하다 망원역 오시 강추아늑하다 차분하다 분위기 피카 브 로드 피카 브 로드 에그타르트 까눌레피카 브 로드 아늑하다 분위기 다른 음료 까눌레 에그타르트 랍 아침 오픈 잔분위기 자주 단골 랍 에그타르트 까눌레라떼 진짜진짜 둘 디저트 먹음아늑하다 분위기 피카 브 로드 단골아늑하다 분위기 자주 단골 망원역 근처조용하다 아늑하다 혼자타르트아늑하다 분위기 피카 브 로드 단골 디저트에그타르트 맛집아기자기하다 분위기 피카 브 로드 단골 인테리어 세심 손길 랍분위기 아늑하다 대해 단골 피카 브 로드 망원역 근처입구 싱싱하다 꽃 그림 홀린 듯이 살갑 가게 아늑하다 가게 그림 작품 드립커피 깔끔하다 깊다 움 과자 맛집 쿠키 다른 종류 별로 담날 회사 포장 대박 재료까눌레 에그타르트 표현 어렵다 구 가게 시원하다 자리 꼭디저트 단골 중 피카 브 로드 망원역 근처 잔 듯움 과자 여러 종류 준비 탄산수 음료 사진 이상하 레몬 마들렌 아주 상큼 타르트 중 제일 인위 거나 과 달 까페 그림 인상 아기자기하다 소품 눈 즐겁다 점토 부산물 점토 줄 그릇 볼일터 근처 디저트아담하다 공간투어 취미 중 하나라 위치 아늑하다 피카 브 로드 다른 음료 디저트 친 절 랍 이렇다 단골 근처 번 보시 듯오늘 바닐라 라떼 달 부드럽다 애 타르트 완죤 맛남에그타르트 직접 그린 그림 감성 뭍 내부 인테리어 멋있다아메리카노 타른 트아담하다 인테리어 드뎌 빵 평소 결 바닐라 마 디저트 짱 고소하다 심하다 달 빵 조합 최고 다음 까눌레자주 리뷰 번 바닐라 빈 가루 로만 그렇다 입맛 달달 덥다 추가 오렌지 음료 탄산 시원하다 짱짱디저트 아기자기하다 공간 힐링 빅토리아 케이크 꼭그냥 골목 빵 냄새 홀린 듯 가용 냄새 빵 둘 빵 부시아기자기하다 이쁘다새롭다 디저트 놀래다 파운드 휘 낭시 모두 담 디저트 오픈디저트 진하다 재료 재료 사용 직접 매장 분위기 성 최 곱다 줄 서서 한번일곱시 쯤 혼자 여자 노래 잔잔하다 퇴근 유부 리다 움 과자 다음 낮 꼭
141,피치앤플러피,1100190528.0,케잌 이쁘다 금방 순삭홈페이지 디자인 보고 카카오 톡 채널 이용 예약 케잌 픽업 전문 리지 널 사이즈 예약 홈페이지 보시 다른 디자인 여우 레터 링 신경 이쁘다 해주시 전날 문의 예약 답 픽업 후 보관 방법 케잌 완전 덕 버터 케이크 단 정도 바닥 빵 중간 버터 위 쿠키 빵퀄리티 이쁘다 번창전 날 급하다 예약 걱정 흔쾌하다 픽업 후 보관 방법 응대 디자인 다양하다 모두 마음 다음 레터 링 케이크 요기당일 급하다 케이크 감사 분위기 최고 덕분 가족 끼리 행복하다 케이크 최고 부모님 케이크 리지 널 사이즈 순삭 담 사이즈 오래오래 케이크꺄앙 매장 케이크 급하다 요청 드렷 헤헤굿케익 제작 원하다 디자인 다음굿모두 랄 당일 케이크 발견 친 절 무엇 케이크 퀄리티 레터 링 케이크 글씨 글씨체 가격 퀄리티 당일 다시 한번 덕분 친구 행복하다 기분 컵케이크레터 링 케이크 아기자기하다 귀엽다 레터 링 다른 현장 판매 케이크 이쁘다 분위기 한적하다 편안하다 이쁘다 분위기 앞 자주입구 감성 귀엽다 컵케이크 눈길 매력 레터 링 케이크 조용하다 더하다 행복하다 하루 이쁘다 미모 완벽하다 막 공간 완전 자주멋지다 케잌 행복하다 스텀 캐릭터 이쁘다매장 우드 톤 편안하다 분위기 레터 링 케익 다른 가게 다르다 심플 전체 조화롭다 포장 이쁘다 해주시 다음 방지난번 만족하다 예약 이번 레터 링 케이크 포장 케이크 모두 신경 덕분 즐겁다 앞 번창레터 링 케이크 예약 다른 데 다르다 홈페이지 디자인 보기 답변 빠르다 데 다르다 디자인 과 깔끔하다 귀엽다 레터 링 포장 감성 생각매번 컵케익 보고 엄마 생신 홀 케익 다음레터 링 케이크 귀엽다 느끼하다 색깜 이쁘다 특별하다 날 선물 다음귀엽다 발견 대문 창문 나무 인테리어 일본 골목 딸기 케이크 푸딩 크리미 케이크 무겁다 여름 먹기 딱이다조용하다 디저트 괜찮다케익 다음 케익 예약오늘 케익 덕분 특별하다 순식간 흔적 담 번창 욥친구 휴가 겸 힐링 가면 레터 링 케이크 이쁘다 입 자리 친구 다음강추 하와 이안 코코 망고 피치 우롱 티 조용하다 아늑하다 이쁘다아담하다 분위기 케익 계속 가게레터 링 케이크 포장굿
142,찰찰보리식빵 망원점,1210847446.0,가성 비 빵 빵집 길가 참새 방앗간 못 빵 진심 맛집 발견 기분 빵 쫄깃하 종류 한번 안되다 자주눈 종류 젊다 직원 신지 설명 가격 저렴하다 식빵 재료 찹쌀 쫄깃 블루베리 알밤 마늘 엄마 우유 한정 판매 버터 빵 끝 버터 팥 꽉 식빵 부담 건강하다 먹기새롭다 빵집 식빵 종류 다양하다 부담 가격 덥다 몸 찰보리 더욱 손 가구 처음 찹쌀 쫄깃 식빵 무조건 가성 비 빵집 새롭다 단골가격 착하다 신상 식빵 가끔 매장 깨끗하다 오늘 신상 초코 식빵 득템식빵 종류 다양하다 식빵 쫀쫀 채 워 가격 퀄리티 손해 가격 저렴하다 빵집 요기 한번뭘 선택 실패 찰 찰보리 식빵 마늘 소스 듬뿍 속 촉촉하다 식빵 양쪽 끝 바삭 식감 손 머재료 가득 크기 가격 모두 가성 비도 빵집 다음자기 전 통채 혼자 조금 부담스럽다 정도 식빵 만족스럽다 가격 완전 착하다 강 추하다빵집 중 빵 신선하다 가성 비 빵 편하다 가격 도착 종류식빵 리도 촉촉하다 쫀득 일인 순삭 요용기 낼 찰 찰보리 식빵 처음 친구 다가 전부 비닐 포장 용기 선택 적지 용기 낼 굿잡양 요즘 물가 가성 비 대박 가격 퀄리티 빵 먹기 힘드다 일반 다른 다양하다 강 추하다 절대 이득 임가격 덥다 보리 쌀 구매 시식 팔뚝 롤 케익 못 아쉽다 식빵다양하다 식빵 종류 합리 가격 빵집 밤빵 크렌베리 빵발효 식빵 다른 저렴하다 건강 빵 구매 완료고구마 식빵 시골 빵 시식 구입 시골 빵 맞춤 용기 시골 빵 커팅 편하다 담백하다양 부담 쫄깃하건강하다 빵오늘 빵집 블루베리 식빵 엄지 척처음 고구마 크림 치즈 고구마 빵 쫄깃해 뻔 겨우 반건강하다 식빵 저렴하다 판매개존맛 제발 여기 검정색 빵 무조건 사고 거기 마늘빵 다른 인스타 빵집 그렇다 데 아무 의미 빵 순이 여기 나무 베이커리 두 군데빵 쫄깃 고소하다담백하다 쫄깃해 중독 본가 사고 친구 만날 널리 알리 영빵 너 무 담날 크림 치즈 빵 악 쫄깃 부드럽다 가격 부담 살수 크기 적당하다 주기도 그요 전 빵집 불친절하다 새롭다 빵집 너 무 대해 기븐좋 사고 망원역 사이자주 가요식빵 생크림 싯빵 별로식빵 좀 작다 무거워 저녁 오니 빵 아쉽다 번창가족 선물 대요근처부드럽다 찰보리빵 속도 편하다 재료가격 빵아주부모님 셧었 아침 대용 식빵 식상하다 빵 종류 다양하다개점 얼마 안되다 가게 빵 요 갓 빵 먹음 아이식빵 아주 부드럽다 건강하다 식빵쫄깃쫄깃 종종 이용식빵 촉촉하다 종류건강하다 식빵 부드럽다식빵밤보리 빵 찰떡 사이즈 작다 식빵시식새롭다가격 저렴하다빵 부드럽다 열량식빵 종류굿식빵 쫀득하만족굳다찰보리 식빵 완전 매번 대박굿찰보리빵 당 부담 덜 쫄깃쫄깃굿굿굿굿굿빵 저렴하다
143,호두커피,35326800.0,여기 핵 맛집 외관 보고 장사 지난 후회 정도 핵 맛집 아메리카노 라떼추석 연휴 동안 쟁겨 만 음악 무엇 최고 오래오래 커피집라떼 청결하다 가격 착하다매일 점심식사 후 방앗간 요즘 덥다 아이스 라떼 주로 음 요 가끔 원두 사가 사 면 한잔 서비스라떼 양 아쉽다 장안 일본 방송 특이하다 매장 굉장하다 작다 특색 공간사견 라떼 시리즈 최고 생각 숏 라떼 바닐라 라떼 일요일 라떼동네 라떼 여기 정 라떼 원두 구매라떼 고소하다 나용바닐라 라떼 까페 라떼원두 사고 라떼 라떼 고소 원두 금방 로스팅 원두 늘 신선하다 친절혼자 운영 대량 구매바닐라 라떼 강추 피로아메리카노구석구석 움 숏 라떼 요굿가격 둘오래오래호두 요무척 괜찮다만 여전하다아이스 라떼 고급스럽다 그렇다 텀블러 스탬프바닐라 라떼 가게 힙라떼 찌 이이이 인하다 굿원두 신선하다라떼 최고 맛집 프릳 박 등등 유명하다 커피집 여기 라떼 망리 좀 안타 깝 진정 굳이 이유 충분 오래오래 가게 운영 강추너무맛잇름왕존맛라떼 인정 커피집라떼 요 번창고수 맛집라떼 꼭최애 커피집 가깝다 행복하다
144,베러댄알콜,34565313.0,날 따뜻하다 처 밀크 티 다양하다 종류 밀크 티 깊다 풍부하다 코지 분위기 집중 일 거나 책날 덥다 루이보스 아이스 소이 밀크 티 밀크 티 알콜 카페인 디카 페인 밀크 티 두유 옵션 하니 발길 자연 분위기 편하다 마음 알콜 소중하다알콜 매장 비건 음료 가면 꼭 요즘 덥다 처 밀크 티 비건 역시 진하다 전 냉침 뭐 직접 밀크 티 냉침 이상밀크 티 맛집 알콜 비 날 소이 판매 그렇다 테이블 향초 은은하다 향기 차분하다 한국 밀크 티 마시기 분위기 소중하다다른 음료 지금껏 밀크 티 중 가장 깔끔하다 애플 진 라떼 화장실 대박 깨끗하다 기분 화장실 화장실 때문 오다양하다 밀크 티 비건 테이블 코지 대화알콜 태블릿 왁스 구매 한적 매그넘 파리 사진전 직접 풍부하다 기억 쇼룸 겸 처음 봣 룸 스프레이 적당하다 용량 가격 합리 선물 용 구매 포장편하다통 테이블 자리 애매하다 차 전문 메뉴판 자체 차갑다 제일 먼저 테이블 찻잎 나열 물 잔 달라 고해 직원 직접 테이블 심 다즐링 부케 트리요즘 차 여기 블렌드 티 특색 케이크 놀래다 내추럴 디 차 약간 담백하다 느낌 근래 무화과 디저트 중 최고 블린드티 티백라즈베리 크림 메뉴판 디카 페인 차갑다 표시 더블 초콜릿 텁텁하 상큼 남밀크 티 최고다 케익 당처 밀크 티 화장실 깨끗하다 통 유리창 가게 인테리어 오픈 케첸 외 관련 제품 디 퓨저 티백 구경분위기 코지 비건 옵션 음료 이번 여름 레몬 피치 이드 달 과즙 그대로 상큼 알콜 소이 차이 라떼케이크 간곳 티 밀크 티 케이크제품 해도 기분 독특하다차 이드 진하다 다음 차 보고특별하다 차 특별하다 관심 차 원래 친구 모두 만족스럽다 진열 관련 다양하다 상품 전시 대중 보지 못 이상 다양하다 제품 한참 구경 차 친구 친구특별하다 차 날 다르다 거리 굿굿다즐링 아인 슈페 너 최고 용안마굿조금 가격 대화서비스 응대 아주 다즐링 아인 슈페 너 화장실 깨끗하다향기다즐링 아인 슈페 너굿차 종류 달달 차도 차 싫어하다 오늘 케이크 청포도 치즈케이크 상큼 고소하다 그린 앤옐 로우 다즐링 애플 티 오늘 케이크 청포도 치즈케이크이렇다 티향초차갑다 은은하다 부드럽다 아몬드 쿠키 따뜻하다 차 먹기케이크차 종류 다양하다 깔끔하다독특하다 가격 좀가격 케이크 매번 티밀크 티 처 돌이 사랑 테마 차갑다 처 만큼 찻잎 볼 비치 디 퓨저 류 눈코입 즐 겁 매장 포장 포장 이렇다 케이크 자주 오늘 케이크 매장 일단 후회 안함 케이크 녀 보장 일 버세블렌딩티 고급 진맛 직원비건 옵션 가능디저트비건 라떼차주전자 차 날씨 끝 따뜻하다평일 조용하다이름 그대로 술 차 카페인 분퀄 제품 꾸준하다 음료 풍부하다아인 슈페 너 나용모히또차 빵 케익 좌석 길다 도서관 식이 살짝 불편하다 단독 테이블 이면공간 넓다 다양하다 차 종류케이크 생각 촉촉하다 담 홀 케이크 예약 번시 티 아인 슈페 너티백 팔고 선물 용 구매 다음깨끗하다 분위기 찻집왓 차 중 세상 최고 완전 티랩캔들 룸 스프레이 다양하다깨끗하다 분위기 까페다즐링 아인 슈패너이드 밀크 티 이번 차이 라떼 처음 밀크 티 따뜻하다 지금 계절 마시기 디저트 종류 항상 만족스럽다 케이크 데코 건 위 용도 작 설명 모습 세심 응대 느낌멋지다 깔끔하다 분위기 인상 가을 메뉴인 차이 라떼 애플 진저 하이 볼 둘 직원 응대 친 절 상쾌하다 기분 무게 진지하다 여러가지 멋있다 향기 구매 블렌딩 티 다양하다 카페인 디카 페인 음료 구분 이점 세심 생각 듭베리 이드 고급스럽다 테이블 의자 이쁘다온라인 디 퓨저 구입 하자 재 오픈 김 겸사겸사 티 종류 블렌딩 음료 공간 세련되다 전체 공간 자체 도 매력 간김 디 퓨저 리필 용액만족 강 추하다장가 아쉽다 요즘 밀크 티 키트 뱅쇼 거도 기대만족 강 추하다시어머니 선물 준비밀크 티 유목민 정착 요 인위 고급 지게 복숭아 레모네이드공간 편안하다조용하다 차마 시기슴슴차갑다 전문 대신 차 디저트 흡입
145,꽃뜨루,1051164520.0,케익 무엇 달 어른은비 생카 신비 생일 생 가끔 아이돌 꽃뜨루 생 카이 벤트 고 이제 궁금하다 해결 도하해린 생일 이벤트 내부 인테리어 케이크규현 생일 축하 사진 주차장넓다 포근하다 소품 귀엽다 분위기디저트 세트 종류 제일 카드굿뷔 생일 이벤트깜찍 갱얼쥐 쿠키작년 알 음식 그렇다 마카롱 가격 분위기 전체 과 이쁘다 연예인 싸인 신기하다 무엇 평생 단골 등록모든 디저트 신경 정도 분위기 편안하다음료 스콘 자주 추가 직접 케익 기 낭 대해 마이걸 아리 생일 전체 분위기 이쁘다전 선물 케익 마침 컵케익 부드럽다 살살 케익 친절 갑 데 케익 백 만년 영업처음 꽃뜨루 인테리어 어떻다 쿠키 시식 권 이름 꽃처럼 화사하다 혹시 거주 못 여러분 꼭 꼭 음료 디저트 꼭 구마 수제 일반 납품 케익 수준 다르다정이 생일마카롱이쁘다생일 말 그대로 생일생색 요굿그냥아기자기 요즘 보기 드물다 레트로 감성 포근하다 느낌 음 모든 디저트 직접 베리 쵸코쿠키 오우 세상 촉촉하다 진하다 쵸코쿠키 베리 도 깜놀 쪼그 순하다 귀엽다 담 번 재 각심밀크 티 강아지 활발하다 조용하다 다음 피스타치오 라떼 도전굿강아지 가을 순둥 귀엽다어떻다 손님 마카롱 구매 얘기 설명 모습 좀굿생 주스 생일 흔적 한쪽 아기자기하다 공간 한쪽 벽 싸인 긴장 제대로 다음 꼭남자 아이돌 그룹 앤 오프 의 멤버 제이 어스 이승준 군 생일 아기자기하다 귀엽다 쿠키 음료 강아지 귀엽다내부 좀 작 아기자기하다연예 생 카를 음료 선착 특선 주지 친구 똑같다 일 당하다 친구 줄 서서 때문 자기 몇번 선착 특선 당황 예전 얼굴 분 살짝 키링 설마 그게 선착 특선 분 친절 음료피스타치오 라떼 딸기 라떼피스타치오 라떼 독특하다가게 아담하다 분위기 아주 귀엽다 강아지강아지 귀엽다윤기 생일 아기자기하다분위기 강아지 귀엽다 딸기 라떼 조금 아쉽다굿굿분위기강아지 귀엽다귀엽다 강아지 가을망리신기하다 이름굿 행사망리 까페도넛마카롱
146,디거스,1087663953.0,늘 길목 힙 외관 가게 오늘 어디 못 겨울 생 주스 가능하다 일 생각 모로 유니크 파인애플 제철 생 과일 주스 특유 혀 아리 적당하다 신기하다 쿠키 코코 칩스 피넛 버터 젤리 두 치통 심하다 힘들다 피넛 버터 젤리 내일 다시 해도군 고구마 바치 케 귀염 뽀짝 아이템 판매 랍 재 의사유니크 느낌 가격 좀전시 진행 전시 보고 저렴하다 글쓰기 수업 마지막 날 꼭 보고매번 매장 분위기 음료 디저트 동네 종종 최애볼거리 가득하다 이쁘다 구청 근처 최고음료 다양하다 지하 공간 편하다 이용 해구청 이렇다 인테리어 스콘 존맛 버터 스콘 꼭 가격 착하다 자주스콘 자주 음악 판매 상품 친구 공간분위기 힙하 아몬드 봉봉 특이하다 분위기식사 후 좀 아쉽다근처 이렇다 가볍다매장 넓다 분위기 음료편안하다 기분디저트 음료자주 지하도 넓다 인테리어 라떼 디저트 항상동네 가장 우리동네 맛집 진하다쿠키 등 디저트 계절 새롭다 매장 자리 지하 넓다 자리 간단하다 미팅 여러 명 가기직원 음료 다양하다인테리어 멋지다 여러 아트웍 볼자주 인테리어 멋있다 늘 그렇다 지하 공간 넓다 음악 취향 저격직원 음료 좌석 지하 작업 개꿀분위기 소품 다시분위기사진 찍기 전 리뷰주변 친구 자주 매번 맞이 음료분위기 제일 힙한곳고구마 치즈케이크 기절 뻔하다 다양하다 화분 그림 해 내부 분위기 지하 다음 아래여기 아메리카노 초콜렛 초코 아아 확아바 줄창 라떼 아바 불씨 둥 꼬 심지어 막 최고 임둥 라떼 오트 변경음료 디저트 인테리어 분위기 멋 다한디카 페인 주류 다양하다 음료 디저트 류인테리어 이쁘다 처음 죄 용마포구청역 쪽 가기 분위기스티커 엽서매번 손님다음거리 가깝다 요귀엽다레몬 생강 레몬 유자매장 바로 옆 지하 별도 공간 넓다 조용하다 음료공간 넓다레몬 유자차 잔 작다깊다 진하다 저가 다른 값스콘 입맛달달 레몬 유자차 굿굿케잌굳다대화굿굿사전투표 인테리어굿무엇 인테리어 자주 가요피스타치오 요굿굿굳다굿매장 이쁘다굿굿음료초코케익 최고 꼭 존 맛집조용하다굿자주 가격 대비 지하도 넓다밀크 티 라떼 여기 아이스티 체리 콕 대박 다른 데 완전 다르다 두 음료 슬 라이스 레몬이 그게 완전 최고 덥다 항상 분위기 자주 번창굳다민초 밀크 티 초코 아이스티 못 못 아쉽다 최고 구 외 음료 장님 지하 자리 넓다 분위기 자주 강추모던 분위기 용량 가성 비체리 콕 맛남가성 비 최고 망리 감성 까페 용자주 이용 가성 비 커피집민트 초코 라떼 가격 착하다 데 양도커피전문점 저렴하다 매일 아침 오늘 리뷰토마토 주스 인공 단맛 깔끔하다 단 더치 쓴맛 깔끔하다 가성 비진하다 지하 공간 따뜻하다친철 까페
147,시우,1711314210.0,리뷰 생각 사진 리뷰 생각 사진 케이크 제품 대한 자부심 넘치다 이해딸기 케이크 레몬 귤 케이크 상콤전 블루베리 치즈케이크 반하다 종종 만 포장 블루베리 치즈케이크 밑 쿠키 원래 블루베리 콩 포트 치즈케이크 부분 밑 쿠키 한번 오늘 자꾸 변하다 위 수분 치즈케이크 눅눅하다 변하다 쿠키 지라 아쉽다 가격 전보 오른비싸다케잌 그냥 케잌 평소 케잌 크림 엄마 케잌 어쩜 편하다 달 케잌 리사 싹 처음 빵 어쩜이리 촉촉하다 감탄 딸기 싱싱하다 모형 쥴 행사 날 칭찬 듬뿍 케잌 정성 눈 케잌 주인 장님 칭찬 케잌 맛집 인정 강력사랑 케이크 가게케익 과일 묵직하다 생크림 부담 레터 링 직원 응대디저트굿굿카라멜 호박 케익 살짝 달기 케익 종류 다양하다홀 케이크 처음 손잡이 잡기 편하다 포장 뭐 시 딸기 케이크 크림 시트 딸기 조합 장 난 꼭 생일 축하 케이크 도 레터 링 살짝 세기말 오히려 모두 시 케이크 행복하다멀리 간다 아이스팩 센스 상콤 딸기 가득 생크림 햇 고요항상 눈 보고 역시 케이크 케이크 맛집 유명하다특별하다 날 항상 애용 케익 이쁘다 아주갈수 테이크아웃 녹차 수플레 케이크개사 선물 걸 어떻다 다음 구매딸기 케익 딸기 촉촉하다 스폰지 케익 금가루 이쁘다 꽃 마무리 소소하다 행복 시가특별하다 날 특별하다 케이크 가족회사 근처 제일 케이크 딸기 쇼트 케이크 오픈 주방 항상 깨끗하다 항상 모습 감동 영수증 리뷰 회사 주변 축하 제일 먼저쇼트 케이크 깔끔하다 옛날 일본 살 동네 케이크 사 기억신선하다 빵 촉촉하다 두툼 부드럽다 다른 케이크 가게 달라케이크 종류 다양하다 테이크아웃 전문점 한번시트 촉촉하다 생크림 데 아쉽다 전체고급 진 크리스마스 케익 앙증맞다 딸기 쇼트 케익 녹차 수플레 강추어떻다 케익 선택늘굿굿선물딸기 쇼트 특별하다 날케이크 앞 자주 사 듯이번 크리스마스 다양하다 케잌 보고 홀 케잌 조각 케잌 사서 준비 우의 밤 고구마 케잌 각종 견과류 가득하다 케잌 담백하다 호박 캬라멜 오후 품절 아쉽다생일 레몬 귤 케익 구매 모양 상큼 케익 부드럽다 다음 번 블루베리단호박 케이크 직원 분도 옴총 케이크 종류 다양하다치즈케이크 자주진심 당근 케이크 존맛임모양 이쁘다 아쉽다생파너 무 가격 너 무 힘들다 자주 링가격 대가 좀케이크 내용물 데 볼 조합특이하다 케잌케이크 구매 살짝 재료 적절하다 진하다 특징 취저 우유 상자 사용 다양하다 가격 케이크 좀굿케이크초코 진하다그냥 고급스럽다 크림카라멜 호박 케이크 최고 겉 쿠키 속 촉초 빵 카라멜 크림 기분 달콤하다 회사 동료 프렌 차이 케이크 차원 다르다 모두 만족달녹차 수플레 치즈 케익 박카라멜 호박 케잌 역쉬 시 케잌재료 케이크 맛집정성스럽다 케잌 담무난 가격 무난케잌 주인 언니 이쁘다 재 의사 프로모두 재료 진하다 딸기 쇼트 당근 마스 카포네 최고케이크 진리항상남케이크 크림 달 어버이날 케이크 딸기 쇼츠 최고남편 생일 하루 전날 코코아파우더 고급 지게 타르트 위 시럽 촉촉하다 생일 축하 문구 남편 해케이크 다음 홀 케이크 도전케익케이크 다음 블루베리 케이크여기 이번 두 첫 레몬 케이크 수가 무엇 매장 오픈 주방 깨끗하다 주방 내부 바로 볼 모든 직원 헤어 캡 장갑 위생 면 안심 절로굳다블루베리 치즈 반 구성 생일 케익굳다청결하다 무엇딸기 케이크 아이 최고 해케익포장 슈 케익굿초코 부분포장 선물 용 번 케이크케잌 요직접 그렇다 애기굿청결하다조각 케이크 블루베리 치즈 딸기 쇼트 다음 다른 도전딸기 케이크케익 모든 재료 초콜릿 진하다 체리 체리 비율달딸기 쇼트초코렛 진하다케이크 딸기 케이크 생크림 티라미수 타르트 시럽 빵 촉촉하다 다음 단 용자주 구 달콤딸기 케이크 깔끔하다감동초코 헤이즐넛 찐득하다 초코 네모 모양 녹차 케익 위 화이트 초코렛 요 오늘 냉장 고 화이트 초코렛 토핑 저리 치즈 케익 덕 치즈 치즈 부분 약간 콤 몽글하다 치즈 케익 약간 치즈 선 호도 호불호 어떻다 분 우세케이크 틀 쉬폰 줄 묵직하다 치즈케잌 대박 대박 무게 케잌 맨 마지막 바닥 크래커케익 맛집청결하다 무엇 케이크 당근 케이크 다시 오래오래 가게딸기 케익 매장 깔끔하다 응대 직원 선물 용 다음굿사과 타르트 사과 속 파이 류 쇼송 갈레 꽤 흔하다 시나몬 경우 시 시나몬 아마 빵 사랑 모름 콤 상큼 사과 기분 어어 둥글다 켜 사과 조각 귀엽다 꼭대기 리트머스 초콜릿 파 사브 레 고소하다 요 근래 년 동안 타르트 중 입당근 딸기 산딸기 초코 케익 생일 케익 선물 서도 홀 케익 분 덥다 날씨 아이스팩 약간 이면친구 생일
148,쁘띠보뇌르 망원점,35188260.0,처음 조금 빵 다른 빵여기 공주 밤빵 매니아 원래 슈크림 빵 알 슈크림 빵 슈크림 빵 가격 적당하다 크림 빵 쪼끔 비싸다 감 여기 공주 밤빵 이후 계속매콤 치즈 파니니에그타르트 맛집 쁘띠 보뇌르빵 동네 빵집블루베리 식빵콩떡콩떡 언제빵저번 여기 산 우유 상태 안좋다어떻다 빵 근무 분쌀 재료 빵골목 그냥 빵집 요 빵 옛날 빵 요즘 핫 빵 슈크림 빵 일 저렴하다 유명하다 크림 느끼하다 게다가 좀 최애 주통 밤빵 정 말 최고어떻다 빵콩떡콩떡쌀 빵집 발견 동네 빵 맛집 성분 빵 햄 치즈 롤 아침 먹기 딱이다보로콩떡콩떡 언제남바 완 베이커리반미 감자 바게트쌀 식빵빵 맛집가성 비 쌀 빵어떻다 종류 빵 매번쁘띠 보뇌르 빵굳다블루베리 식빵 젤빵 다음쁘띠 보뇌르 밤빵늘 동네엄마 마다 빵 오늘 크림 빵 유자청 오렌지 청 상큼블루베리 식빵빵 이름 온 스콘 버터 빵 식감 최고쌀 식빵 비싸다여기 케이크 옹동네 맛집 빵 품절 체인점 믿음 포인트 적립 할인빵 사서 한강 공원 맛있드앙평소 자주 빵집욤빵 슈크림 빵 이집 최고동네 빵집빵 달동네 유명 빵집소금 빵 맛집빵 아주에그타르트 맛집 용 고르곤 치즈볼 처음 다음 모든 빵 소중하다 쁘띠 보뇌르상도 산딸기 맘모스소금 빵콩떡콩떡자주 빵 요단팥빵 생크림 초코 케잌초코 생크림 케이크빵집 빵 고급스럽다역시 치아바타 여기 최고동네 빵 맛집여러분 슈크림 빵 최고빵리뷰 이유 짱짱 다음 예정쌀빵동네 빵집 최강치아바타 나용 티 멤버십 할인 쏙치아바타처음 소금 빵 다른 종류 쌀빵빵 맛집케이크 오모듬 샌드위치 감자 샐러드 감자 포슬해굿굿우리 동네 빵 맛집굿재료 신선하다가격 금빵자주 동네 빵집 반미 감자 바게트 타르트 완전굿굿가까이 빵집 가격 좀 자주샌드위치올리브 마카 미아 입우리 동네 빵집 중 케잌우리 동네 빵 맛집 케이크우유 식빵 베이비 슈
149,카페밤비 2호점,1635400713.0,최애 생 카이 벤트 땜 케이크 귀엽다 담 기념일 날 여기리 테 진원 생 이쁘다 케이크 귀엽다디저트 이쁘다생일최고 생카 장소리베 란테 팬 언니 디저트 케잌 귀엽다 용트 레저 박지훈 생일 겸 이전 장일 자주 여기 생카 꼭 가용 케잌 이쁘다 다쿠와즈 디저트 맛집 앞 평생 생일 자주디저트 음료행복하다생일 이벤트 케이크 가끔 이렇다 특별하다 케이크 느끼하다 경우 전혀 그렇다마카롱 다쿠아즈 트 레저 지훈 생일 이벤트 온 마카롱 다쿠아즈내부 분홍 분홍굿매장 청결 깔끔하다 아인 슈페 너 아메리카노음료아기자기하다디노 생카때 직원 매장 쾌적하다 다쿠아즈귀엽다도영 생일하성 운 생카 굿인형도영 생일 다쿠아즈굿직원 음료케이크 이쁘다 이쁘다 생카 마다 수가 오레오 케이크굿디저트매장 딸기 라떼이벤트 때문 분위기 케이크내부 너 무 귀엽다 아이스티케이크 항상 최고뷰데뷔 축하 기념 케잌 부족함 준비 바쁘다 고객 신경이벤트 때문 음식 음료 다만 장소 협소해 행사 땐 테이크아웃엔시 티 드림 주년 이벤트 진행 케이크디저트 달 분홍색 느낌 아기자기하다 귀엽다 마카롱 다쿠아즈 케이크 등 다양하다 디저트디저트 생일 때문 알 귀엽다 아이돌 특성 생카 무조건 디저트 생카 기억 생카 디저트 무조건샤이니 생카 알 기준 웬만하다 프렌 차 이즈 케잌내부 사진 찍기 아이돌 생일 때문 여기 디저트 구경굿쪼케이크굿생카 꼭 음료 항상 가요음료 케이크 귀엽다산들케이크처음 좌석 괜찮다 케이크 이쁘다 말모 생 카를 핑계 사실 케이크 쁘 생카 맛집 생각다쿠아즈전시 응대 치 공간 기분 이용생카 디저트 음료수 화장실 깨끗하다 이쁘다 사진 나중케이크대장 고양이 생축인테리어 귀엽다 디저트아이돌 생일 너 무디저트 최고 맛집 인테리어 이쁘다케이크역시내년케이크 귀엽다깔끔하다유아 생일 자체 인테리어 아기자기하다 귀엽다 생일 이벤트 디저트 귀엽다 담 생 카아 녀 꼭 재매장케이크 보고 밀크 티굿말차 라떼인테리어 사진 이쁘다 음료 가격 좀 높다 편이 직원 친절 도레드 벨벳 케이크 얼그레이 케이크민혀기 생카 케이크 아기 기해 기절케이크 귀엽다케이크 귀엽다 아이스티케이크 이쁘다굿앤 오프 션 생일지훈 생카 아기자기하다귀엽다굿레드 벨벳 케이크 연해굿
150,달리는커피 서울망원점,1408914918.0,빵 재료 용도 일 뿐 속 재료 두껍다 다른 샌드위치 다르다 압도 뚱뚱 샌드위치 샐러드 싫다 인간 운 버섯 후추 소금 간 토핑 요 후추 덕분 특유 덜하다 오히려건강하다 샐러드 쥬스 샐러드 신선하다 야채 가득하다 리 코타 치즈 역시 단백 깔끔하다 쥬스 건강 건강 쥬스 샌드위치 맛집 알 샐러드돈 산 맛집 인생 샐러드 샐러드 양도 기분 샐러드 맛집 강추 강추가장 신선하다 샌드위치 자부 두툼해 양 조각 배부르다 자극 재 료 모두 프레 죄책감 덜하다 샐러드 다음 샐러드 딩가성 비 최고 듯 재료 샌드위치 배 자주 배달샌드위치 맛집 재료 입 먹기 힘들다 정도 왠만하다 선 배부르다 대식 샌드위치 완전 배부르다 재료 신선하다 건강하다 느낌동네 샐러드 가게 보고 기대하다 가성 비 대비 훌륭하다 불고기 샐러드 배달 직접 다음 번 재 의사연어 샐러드 토핑 듬뿍 뒤 연어 가득하다 각 토핑들 입 입안 가득 차서 다음항상 볼 양도 단호박 단호박 저희 엄마 단호박 샌드위치 항상 망 원점 손 샌드위치스럽다 양도 짐 끼 식사 만족 다음 다른 볼 예정샐러드 샌드위치 맛집 매장 홀 식사 포장 테이크 아웃 안성맞춤 혼식 건강하다 샐러드 샌드위치 건강하다 혼밥 가능하다 식사 전 간식 챙 기기 종류 다양하다 종종 애용인스턴트 탄수화물 다음 날 건강하다 양도 채소 신선하다샐러드 샌드위치 재 의사 서비스 맘 에드 맛집 아따자주 혼밥 샌드위치 아주 툼두툼 가게 늘 환하다 깨끗하다 샌드위치 적 한쪽 배부르다 오늘 토스트 도전 예정 매콤 친구매장 깨끗하다 다만 배 고프다 샌드위치 깔끔하다 다음 샐러드 구여기 샌드위치 샐러드 절대 채소 신선하다 당연하다 양 완전 혜자 스럽다 소스 이인 채소 특별하다 할라피뇨 양파 피망 등 물리 바닥 싹싹 위생 청결 관리 매장 깨끗하다 재 시운동 건강하다 식사 평소 채소 샌드위치 샐러드 가격 착하다 재료 신선 달 스페셜 샌드위치 용 테이크아웃 부담 자주 이용 번창양도 구성 알차다 재료 신선하다 건강하다 든든하다 최고샌드위치 샐러드 브랜드 저렴하다 판매 자주 이용 이번 새롭다 출시 치킨 랩 스무디 어요 데리야끼 치킨 랩 데리야끼 소스 후추 닭 가슴 살로 소스 넉넉하다 마지막 랩끝 부분 치폴레 치킨 랩 소스 그냥 치폴 레소스 갠 자극 소스 치킨가까이 이렇다 건강하다 미리 가면 매장 깔끔하다인생 연어 호밀 샌드위치 가격 착하다 내용물 실하다 애용 샌드위치 샐러드 망 원점 매장 깨끗하다 쾌적하다 다음 양상추 두께 가득 연어 신선하다 리 코타 치즈 처음 봐욬 다음 날 짐 다이어트 식단 든든하다 끼크림 치즈 연어 베이글 래미 샌드위치 햄 치즈 샌드위치 종류 뭐 꼭 능 뚱뚱하다 샌드위치 크기 차 감동 가성 비 가격 차 감동 무엇 중요하다 존맛 탱탱 차 감동 샌드위치 맛집 강력완존 감동 가성 비도 신선하다 재료 요종류 다양하다 신선하다먹음 직 가볍다 끼 식사 완성 타로 스무디 생각 블루베리 무언가 다음 타로 스무디 구 데리야끼 치킨 랩 케이준 치킨 랩 신선하다 갖가지 야채 토마토 피망 양상추 할라피뇨 등등 신선하다 고기 맛깔 소스 든든하다 끼 식사신선도 음식 속도 모두 만족하다 요즘 야채 값 만 야채 가득하다 재료 짐 맘가성 비도 건강하다 끼 점심 항상 무겁다 식사 이렇다 매장그냥 동네 흔하다 오전 오후 가끔 이용치킨 랩 샌드위치 샌드위치 샐러드 종류 건강하다 끼 양도 연어 샌드위치 연어 넉넉하다 제일연어 샌드위치 연어 듬뿍 싱싱하다 건강 생각 요즘 샐러드 바매일 샐러드 도리 그냥 핵맛 도리든든하다 식사 간단하다 해결여기 최고 샐러드 가격 대가 부담스럽다 다른 음식 앞 그렇다 걱정 안해 워 입맛 요즘 자주 구성 메뉴판 매장 편식 만족하다 파스타 샐러드 도장샌드위치 구성 알차다다양하다 자주샐러드 양도저녁 햄 치즈 샌드위치 아이스티 툼 빵빵 샌드위치 재료 신선하다 소스 적당하다 아이스티 평범하다 시각 샌드위치 가게 퇴근 길목 신세저렴하다 자주 추가 토핑 무엇 재료 신선하다 야채 크기 큼직하다 주 변 가다가 여기 정착 이유가격 대비 샌드위치 크기 만족하다 다른 분 샐러드 담 파스타 샐러드즉시 신선하다 양도 식사 대용 짱 샐러드 샌드위치 맛집 인정 드 샌드위치 여기 정착싱그럽다 식사샐러드 가끔 직원 재료 신선하다 샐러드 파스타 처음 끼 식사 토핑 추가 그렇다 양도 수가 그릇 가격 대비 최고 그동안 샐러드 샌드위치 가게 중 지점 재료 신선하다 가성 비 갑이번 불고기 샌드위치 꾸준하다 신제품급 와우 가성 비굿신선하다 재료 가득 가득하다 양도 최고케이준 로스트치킨 타로 스무디 점심 혼밥 거나 포장 딱이다 야채 신선하다 양도 짐 스무디 달 샌드위치 먹기짐 원래 샐러드 샌드위치 배 달 배부르다 가성 비도 야채 싱싱하다 다음 날 방금 산 샐러드 샌드위치 꼭가요 나중 셀러 드 도전원래 달 지점 처음 역시 치아바타 빵 처음 여기 치아바타 맛집 용연어 짱 존맛 탱탱 구리알차다 최고뚱뚱 샌드위치 유명하다 혼밥 핸드폰 거치 대도젊다 데 글 글 매장 아담 깔끔하다 달 처음 샌드위치 양 입 뻔 큐샌드위치 건강하다 웰빙 야채 가성 비 건강 샌드위치저번 단호박 베이컨 샌드위치 이번 햄 치즈 샌드위치 앞 종종지난번 파스타 샐러드 샌드위치 시 다른 오늘 케이준 치킨 샌드위치 빵 가운데 아쉽다 칠리소스 개운하다 채소 건강하다근처 샌드위치 샐러드 가게 한번 후 반하다 자주 재료 쓰시 요 희다 하하점심 저녁 착즙 주스 생각 덕분 건강하다 포만 요트그냥 순삭 케이준 둘 다른 도전아침 배 고프다 든든하다 가성 비 포장 샌드위치 앞 여기샌드위치 뚱뚱하다 샌드위치 조각 배부르다 연어 샐러드 연어 듬뿍 마지막 다음 융 강추 강추수박 주스 완전 강추샐러드 괜찮다샌드위치 재료 못 음식 깔끔하다 매장 인테리어 맘 쏙자주 애용 건강하다 끼처 파스타 샐러드 샐러드 최고 파스타 샐러드 짱 망 원점 혼자 먹기 웬만하다 포 장하다 가요주로 샐러드 샌드위치 자주 근처 매장 비교 손색 정도 가성 비 최근 운동 샐러드 기회 면 예정역시 샌드위치 속 재료 짐 야채 신선하다 건강하다 기분재료 든든하다신선하다 재료 가득 포만 감 번창매장 깨끗하다 즉시리코 치즈 샐러드샌드위치샐러드샐러드 양도 재료 신선하다 배합 가격 대도 괜찮다 샌드위치 양상추 삭함 완전동네 샐러드 달 제일뚱 샌드위치 최고 재료 정성 기분 꼭 연어 베이글 하루 행복하다 번창양도 짐 항상 샐러드 샌드위치 달 이용샐러드 종류 신선하다 자주 샐러드 샌드위치 음료 꼭일주일 번은 양 대박 다이어트 로스트치킨 샌드위치 꼭샌드위치 내용 알차다 직원샐러드 여기 젤음식 다음음식 채소 항상 싱싱하다 직원 자주 가게샌드위치야채 성하다 영양소 꽉 채운 뚱 샌드위치 반 배부르다 소스 묽다 주르륵 한쪽 좀 아쉽다 회사 주변 샐러드 샌드위치 음료 종류 건강 달 매장라드재료 신선하다 매우 강추요즘 처 덥다 날씨 입맛 상큼 샐더드 끼 먹기 음식음식입맛 샐러드 야채 싱싱하다 다음 요크림 치즈 연어 베이글 모짜렐라 페퍼로니 토스트 평소 양은 워낙 말 고 항상 뭘 고민 항상 배달 매장 토스트 매장 인테리어 요새 날 도 포장 한강 딱이다 양도 자주 이용로스트치킨 샐러드 사진 못 사진 가게 깔끔하다 혼자 혼자 편안하다 다음처음 케이준 치킨 샌드위치 가성 비 단골 각양 깔끔하다 배달 더더 번창 오서브웨이 긴장 타라매번 로스트치킨 샌드위치양가성 비 최고 내용물 가득 든든하다 배 이집 이제 제껍 장사 제발양도 담 이용친절 음식 깔끔하다동네 자주 가게 깔끔하다 신뢰 가용 카야 토스트 최고먼저 매장 깨끗하다 샌드위치 대박 단골 음료 샌드위치 끼 든든하다 애용 항상 번창한강 나들이 가면 구매 위치 한강 샌드위치 완전 뚱 샌드위치 배 빵빵 거기 얼마나 왜 돈 아깝다 습 댜 거기 친절 덤 자주 애용매장 깔끔하다존맛 양상추 재료 신선하다 짱 아주 그냥 순식간 혼쭐야채 신선하다 매장 깔끔하다샌드위치 처 돌이 다른 비 완전 완전 꽉 가성 비 한쪽 배부르다 자주 번창
151,로스터제임스 커피랩,1172451985.0,화장실한번 아메리카노 산미 좀 편이 라떼 디저트 약과 쿠키 이틀 연속 약과 쿠키 맛집 약과 쿠키 오전 가면 갓 바로 사진 약과 유행 전 꼭그렇다 조금 불친절하다소연 생일 파티 참석일요일 오전 자리 넓다 의자 편하다 날 바깥 테라스 여유 빵 케이크 종 류 다양하다 청 에이 드류 음료 다양하다 달콤하다 오전 가요 오전 오 직접 원두 로스팅 고요 원두 원두 혹 케냐 원두 사가 감사 햡날씨 날 야외 테라스 진하다 시원하다 아아 마시기자리 편하다 생각 여기저기 아이스 바닐라 라떼 귀엽다 고양이 쟁반 유리컵 손잡이 신기하다 머그컵 컵 고소하다 어느새다 재미있다 다음기분 앞 자주만 메뉴판 정갈하다 고소하다 디저트 완전 찰떡 욤 요즘 날씨 바깥 수다 얘기 남편 재밌다 다음음료 디저트 맛았제청 이드 바닐라 빈 라떼 최애굿리사 생카 음료 미니 돌 키링 귀엽다굿아메리카노 가격 합리 노트북 수다 떨기매장 친절 깔끔하다 진하다 케익 자주 최애잠 조금 연하다 얼마나 감탄 감동 스콘 꿀전국 어디 여기 제일 진하다 온 가족 중독 원두 다가 핸드 드립 고소하다 산미 진하다 여기 답 산 주민 거의 데 여기 최고 오래오래 장사 우리 식구 여기 워낙 그렇다 다른 음료굿고해 역시 위치 망원역 가깝다 역시 고소하다 시원하다 다음굿향굿굿굿짱요 동네 선 아메리카노 제일굿굿굳다굿디저트생 디카 페인요 동네 아메리카노 일등예전 종종 주로 아메리카노 종류 오늘 이드 케이크처음 무엇 음료 패션후르츠 이드 색도 이쁘다 컵 받침 완전 찰떡굿브라우니 나용 다음 테이블 용젊은이 취향 저녁남사 닌 인테리어굿아주괜찮다걸 효정 효 덩이 효 덩이 생파마이걸 효정 생파 창조경제그냥무난분위기 랩분위기 차분하다자몽 차 굿 유명하다조용하다하얗다 괜찮다여름 꼭 핫초코굿무난부가 아주 깔끔하다 조용하다 듯 아이스 초코 라떼 아주 자주 이용아이스 초코 라떼 달달 자몽 이드 깔끔하다 인 귤 서비스굳다굿
152,구슬이,1053165623.0,이름 구슬 스몰 미디움 점보 사이즈 땐 한가지 동시 행복하다 종 류 흔하다리뷰 이벤트 대왕 구슬 블루 버블 뽕 짱절므니들 하쁠 구슬 아스 끼 아름답다 저렴하다 가격 양 껏 앞 번창구슬 아이스크림 세 혼자 바나나 스플릿 버블 천상 레인보우 샤베트 품절 못 낼 모레 도전평소 구슬 아이스크림 구슬 아이스크림 가장 식 장내 디저트 먹기 담 장오 구슬 무조건 찜편의점 구슬 아이스크림 단단하다 구슬 산책 김밥 떡볶이 후식 냠냐미 잘생기다 야외 벤치쪽 구슬 아이스크림 간단하다 가기 상당하다딸아이 자주 가격 대비 주시 오늘 싸늘하다 딸 성화 강 추하다처음 가게 귀엽다 아스 크림 기분 탕후루 코팅 설탕 조금 두껍다 딱딱하다 살짝 아쉽다 앞 번창수제 구슬 아이스크림 달콤하다 건강하다 아이 자주 탕후루 못 담 탕후루 도전요즘 핫 구슬 아이스크림 양도 사르르 최고 유명하다 이락 바로 옆 가게 귀엽다 장님 핫 블루 버블 레몬라임 처음 둘앞 구슬 아이스크림 가게 가게 핑크 워 아이 아이스크림 다양하다 선택깔끔하다 구슬 아이스크림 첫 구슬 아이스크림 생각 날구슬 아이스크림 종류 알갱이 탕후루 토핑 일석이조탕후루 왕가네 구슬 아이스크림 말모구슬 아이스크림 만 자주 앤 오프 맛집추억 구슬 아이스크림 맘껏 다양하다 양도 재 의사 프로구슬 구슬 아이스크림 제일 다음친구 밥 후식 밖 테이블 먹기 편하다 다양하다 매장 청결 종종인근 구슬 아이스크림 디핀 다츠 다른 느낌 양도 다양하다새롭다 아이스크림 가게 먹기 아이 구슬 아이스크림 사 기세탕후루 구슬 아이스크림 일석이조종류구슬 가격 대도 나쁘다 상큼구슬 아이스크림 특색아이 오늘 아이 천국귀엽다 붕어빵구슬 아이스크림 냉큼 더위 씨 원한 아이스크림 총 비밀 빅 구슬 아이스크림 점수귀엽다 떡볶이 여기 뚝딱구슬 역시 다음 보고 초코 딸기 오레오 모두구슬 아이스크림 보고 성공하다 어른 모습 걸발견 일반 구슬 아이스크림 다르다 종류 다양하다 다음 다시 다른 도전구슬 아이스크림 구경 역시 여름 아이스크림 다양하다 친구 블루 버블 레몬라임장보 휴일 꼭 오늘 지금 자리새롭다 사은 귀엽다양 줌 왕방울구슬 아이스크림 위 빅 구슬 토핑 양도 다음다음구슬 아이스크림 다양하다네가지 뭘 야하다 완전 사진 맛집매장 이쁘다 아이스크림분다 역시쫑마탱편의점 구슬 아이스크림 전혀 다른 요 시원하다 알갱이 아이 서비스 최고 난리이제 구슬 아이스크림 마음껏 어른구슬 아이스크림 귀엽다 근처 다음바나나 스플릿 강추가게 상큼구슬 구슬 아이스크림망리 구경 더위 싹 구슬 아이스크림 행복하다 구경 꼭 야하다 가게여러가지 습 엄마 허락 구슬 아이스크림둘 먹기 구슬 짱구슬 아이스크림쫀마탱 탱탱구슬 아이스크림 추억 그대로 행복하다편의점 구슬 아이스크림 차원 다른 종류 양도 빅 구슬 방앗간구슬 충전쫀마탱탱탱왕 구슬 대박구슬 아이스크림구슬 아이스크림 가게아이스크림 완전 가득구슬 아이스크림 최고우리동네 디저트 맛집 다양하다 돈 버세와우 편의점 놀이 공원 구슬 아이스크림 생각 탕후루 토핑 기분 가게굿굿
153,누운,1225646339.0,낮 밤 위스키 분위기 자꾸 매력 선택 진지하다 고민물 먼저 판 옆 글씨 이렇다 다정하다 덕분 공간 더욱 크림 브륄레 진하다 위스키 더욱 오트 디카 페인 선택 가능 완벽하다 그냥 인 센스 유행 타지 수제 나무 의자 완벽차분하다 분위기 마시기 공간분위기 디저트 주시 담 예정아이스 아메리카노 스트레이트 더락 잔 더락 아이스 해 숐 센스 만점 시원하다 에스프레소 요 원두 바디 감 산미 약간 전 거래 오신 게다가 디저트 손 분위기입 시원하다 물이 따뜻하다 손수건 빨대 대신 스푼아늑하다 집중 후보 순위 차 크림 브륄레 휘 낭시 모두 만족스럽다물 숯 접시 따뜻하다 라떼 넉넉하다 잔 독특하다 편안하다 의자 곳곳 눈길 주인 단아 인테리어 기본 주인 인테리어모두 공간 응대 최고크림 브륄레 은은하다 위스키 크림 부드럽다내부분위기 모든 사시 분 무조건 한번마음 뒤 숭숭 안정 찾기 분위기 훌륭하다 쌀쌀하다 날씨 가요 자칭 구분위기차분하다 우드 톤 함 대부분 조용하다 분위기 조용하다줄 크림 브륄레 금방 부드럽다 촉촉하다 집중 개성 인테리어이렇다 멋지다 발견 낮 작업 오후 친구 술 잔 요 분위기 아지트대화산미 가볍다 정성 세팅 인상 좀 느리다 심 약 소요 분위기 조용하다 집중 저녁 주류 판매 듯정적 분위기 누운 자몽 이드 둘 감동 분위기 선곡 너 무 계속 공간 조용하다분위기 작업 만족하다굿굿성산 일출봉 이전 여전하다 서비스 주신 크림 브륄레 대박 명상 듯 평온하다 단정하다 공간플랫 화이트가볍다 식사 후 티 한잔 디저트 아쉽다 티 우려 제빙 기도 빙기 사용 얼음 다르다 재 의사감성 옛날 오디오 음악 가구사무실 근처 차분하다 공간 생겻 방울 흥굳다 굳다조용하다 편하다요다음 위스키 한잔여백 미가 편하다 요아늑하다 분위기 때문 편하다 이드 탄산 세고 요편하다음악 분위기자주굿분위기 맛집굿요
154,널독,1255286301.0,예민하다 강아지 편안하다 널독 우선 강아지 진심 널독 간식 기호 특 캉캉 트릿 뒤 순위 간식 강아지 사랑방 한번 귀엽다 강아지 못 가요웅 세상 처음 간식 이자 마지막 널독 항상 건강하다 간식 아가 사랑 듬뿍 오래오래 웅 간식 보호자 음료 진심 신지 보장 행복하다 기억 널독 확장 공사 데뱔우리 강쥐 최애 편식 심하다 강쥐 널독 간식도넛 츄 조금 비싸다 강추 평소 간식 초 꿀꺽 해 위 고기 먼저 생각 만족하다 다음 도넛 츄꼭 널독 핑구 최애 레이스 수제 간식 봉지 사서 한강 가면 핑구 기분 최고 만 간 슬프다 두부 칩 얇다 순식간 아쉽다 핑구 아기자기하다 강아지 장난감 강아지강아지 데리 가기 가장 간식 기호 성분 토스 최고 강아지 용품 장난감 아기자기 귀엽다 다르다 가게 아기자기 이쁘다 최 곱다강쥐 간식 종종 가요 갈수록 쿠키 내용물 느낌 은 기분 탓 요아코 널 시프 멍 증신 몬체리겟다멍 널도쿠반려견 전용 수제 간식 애용 종종 용품 디자인 구경 저희 해방 라서 사진 작고 귀엽다 친구 디자인 잡화 장난감 컬러 감 화려하다 인형 강아지 소품 내부 좌석 밖 사진 이쁘다 잔디 색감 진하다 내부 테이블 개인 아쉽다 가끔 종종최애 레이스 판매 중인 간식 모두 알러지 프리 간식 부담 주기 편하다 강아지가끔 산책길 알러지 프리 간식 인간 간식귀엽다 강아지 편집 발견 유니크 디자인 반려동물 그렇다 사 이쁘다매장 깨끗하다 칼라 풀 자주 애 넓다 이사 가면 애 간식 별로 혹시 솜씨 오늘 캥거루 간식 다음 쿠키 다음애견 동반 군데 널독 최고 저희 강쥐 진심 으루 해주시 알러지 수제 간식 귀염 뽀짝 소품 장난감 눈 오래오래 운영최고 아지트 저희 강아지 여기 간식 알러지 친구 간식 강아지 분 꼭 간식 바리 료 강츄강아지 피자 귀엽다 기호 성도 기념일 특식 기분인형 전부 귀엽다가게 이쁘다 번 이상 중 주민 널 독알 세상 힙 우리 강아지 알러지 넘심햐 널독 간식 몇개 월 영양사 출신 건강하다 낌항상 쾌적하다 내부 마음 다정하다 강아지 친구 말 애견 제일 중요하다 어떻다 돌발 상황 강아지 케어 제일 우선 케어 깔끔하다 애견 감히 처음 말 강 수제 간식 부분 영양사 자격증 소지 직접 간식 맘 편하다 맘껏 실제 기호 성도강아지 주민 라면 무조건 널독 날 애기 일주일 한번 꼭 요 왜냐면 저희 여 애기 첫 간식 첫 친구 소중하다 인연 만난 널독 여름 바깥 애기 사진 리 음료 어디 제발 어디가 계시애견 맛집 오늘반려견 동반 자주 강아지 특별 식도 널독 쿠키 기호 다이어트 애 두부 칩 토스 음료 반려견애기 매장 근처 골목 가도 정신 못 차려널독 손님 댕댕 손님 규 사진 찍기 댕댕 소품 널 독 널독 공간우리 애기 제일 애견 널독 간식 규 유재밌다 애견 용품 간식우리 강아지 워힌 건강하다 간식 이과 다양 힌 소품욧저희 애기 단골 애기 절대 자동 입장 중 강아지 단골 완전 진심 애기 해주시 애기 아프다 사료 간식 걱정 널독 볼 다행 면서 항상 애기 먹거리 건강하다 사실 여기 맛집강아지 선물 건강하다 느낌 물씬강아지 이모어르신 입맛 저격 강아지 라면 집밥 팽 널독 외식 볼 그린 퓨레 사람인 스푼 뻔 널 치노 코박 드링킹 어디가 보지 못 간식 세련되다 홀린 듯이 종류 별로 사 반려 동반 방 티타임 데이트 장내 분위기 깔끔하다 음악 미치다 다방면 만족하다브라운 치즈 미치다 꼭 야하다강아지 간식계속 널독 가게 아기자기 귀염 투성이 멍 맛집 저희 댕댕 흡입 수제 간식 전부 특이하다 널독 볼 왕 단골강아지 모듀 만족스럽다댕댕 육류 알러지 널독 기호 성도 토스강아지 음식 애기 귀엽다 소품분위기 추석 한복 센스 무엇 태풍 비옷 구매 산미 굳다 굳다 쿠폰 노래 선곡 아주 힙해수제 간식 강아지 강쥐알러지 맞춤 간식 덕분 안심 우리 강아지 널독 쿠키 미치다 가게 인테리어 짱 오미자 이드 존맛 장난감 귀엽다 잔뜩 최고 시 돈 방석매일 산책 오늘 첫 앞 자주 강아지 수제 간식 다양하다 무엇 알러지 강아지 토토가 서비스 쿠키 캥거루 볼매장 아기자기하다 귀엽다 강아지 위 존귀 망리 강아지 데뜌 여기 자주맛집 닷귀엽다 둥이 옴 옴총 음료 털칭 구들 도 매장 깨끗하다 무엇 털칭구 편하다 공간 근처 산책 털칭구 여기 졸라이쁘다 널독 마스코트 귀엽다 강아지 구경 재미 장난감 간식 용품 텅 앞 자주 적극 널독 최공굿애견 동반 강아지 가면 은근 눈치 불편하다 곳도 널독 항상 편하다 맞이 애기 데리 여러 애견 동반 널독 아가 곳도 아유펫프 랜들 리 귀엽다 댕댕 주인 파산 주의 가게 앞 걸이 꼬까 모델 갱얼쥐 사이즈 상담 해주시애견 동반 애견 간식 널 쿠키 모 율무 최애 이모 율무 이쁘다 모영양사 자격증 간식 오미자 차 단종 견주 간식 도 진심 아이스크림 눅눅하다 지지 실화 구오 돈쭐나세 널독 마스코트 귀엽다간식 수제 간식 아가저희 강아지 최애 장소 산책 꼭 야하다 장소 강아지 월요일 월요일 문 꼬 리 건강 장사 먼저이쁘다 사진 짱 우리 강아지 두번째 강아지 갈고 제청 음료 맛남 이쁘다 저렴하다 장난감 간쥐 저렴하다자주 인대 상주 강아지 귀엽다 굉장하다 전 오미자차 자주영양사 출신 전문성 이쁘다 인테리어 강아지 간식 인간 최고 강 추강 추애견 맛집우리 강쥐 널독 먹음 이쁘다 사진 맛집 이쁘다 비싸다 탕진 주의강아지 간식 다음 강아지디저트 강아지 이쁘다 가성 비 쩔어요 장난감 재밌다 짱 짱 친절맛집 애기 편하다알러지 심하다 다른 간식 못 널독 간식 강쥐 욥간식 모 마약 우리 강쥐 다르다인테리어 강아지 만족하다이쁘다
155,찬찬커피로스터스,1012359773.0,테이크아웃 오렌지 라떼 네이버 맵 보고 분 오렌지 라떼 앱 먼저 리뷰 선지자 분 감사 밑 오렌지 과육 오렌지 과육 신선하다 단 일품 하나로 단골 쿠키 사고 아쉽다 날 쿠키 남지지인 아메리카노 테이크아웃 굿굿오렌지 라떼 존맛 우리동네강아지 가방 함 아침 일찍쌀쌀하다 날씨 오늘 따뜻하다 라떼 한잔 맛집찬찬 로스 터 작고 귀엽다 가게 직접 로스팅 가성 비도 터 줏대 감업굿문 여 디카 페인아침 일찍 작 이야기평일 오전 급하다 수혈 필요하다 찬찬 최고만족아메리카노 롱 블랙 가격 다른 음료 볼 계획아몬드 크림 라떼아침 문 저렴하다모든 음료귯달달 뉴올리언스 오렌지 라떼 가장굿바로 여기 맛집 소품 구경 재미 덤우리동네 단골굿
156,카페네이,1866135804.0,펀 에티오피아 처음 아메리카노 확실하다 다르다 메론 쥬스 메론 과육 상콤 달달 보늬밤 도 별미 직원 매장 동안 창 햇빛 따뜻하다 기분차 키 리모 찌 포스터 보고 홀린 듯 평일 시각 늘 그날 바람 거리 한산하다 혼자 서도 어요 시즈오카 산 일본 차 현 일본 제일 차 생산 시즈오카 산이 괜찮다 바 테이블 바로 앞 그것 차 우려 모습 볼 즐겁다 키 리모 현지 방식에스프레소 토닉 최고 상큼 시원하다 덥다 여름 법 청량 크레마 쫀쫀 인절미 은 떡 그렇다 건 인절미 가루 아이스크림 달 무슨 좀 아이스크림 끝 바삭에티오피아 샤 볼리비아 한잔 따뜻하다 한잔 라떼 이야기 원두 고심 커피한잔원두 보고 선택 간 친구 모두 만족하다 하나로 다음 생각 이드 직원사거리 괜찮다 오픈 음료 괜찮다 통창 해도 구경 일본 관련 업 무 경력 이력 볼팬 확장 오픈 다음 날 바로 리스트 가깝다 매 일 무조건 강추 가격 퀄리티 경험진 인테리어 기분 재 의사디카 페인 산미 풍부하다 깔끔하다 분위기 편안하다 혼자약 동안 잔 알 이전 화장실 깨끗하다 매장 크기 음악 적절하다 취향 못 분 위해 파르페 준비 계시 번창자주 이전 요즘 안좋다 디카 페인 디카 페인 힘드다 그렇다 도 예전 장소 화장실 깨끗하다 더욱처음전문 멋지다새롭다 랍 날 낮 말차 라떼 인절미 다음날 덥다 인테리어 멋있다 음료수와우 바닐라 빈 라떼 믹스 오픈 첫날 번창필터고민 최고걸 처음 이름 유래 현상 궁금하다 연구실 방불 케 기구 일본 활동 쪽 유명하다 분 확실하다 깊다 무언가 아시 분 꼭일주일 여전하다 기도 선호 친구 마일 드하 깔끔하다 누구 음료 디저트 여전하다알 고온 건 일본 공부 좀 유학 파 원두 좀 디저트 듀 나쁘다일본 신분 멋지다 처음 다양하다 음료 궁금하다 재미 재미문의 설명 해주시 편안하다 티타임일본 좀 운영 요 확실하다 전문가 대한민국 혀 자극마시기 시작전문전문성 바리스타 파티 시 최고 최고 인생 맛집스페셜 티 싱글 오리진 금과일 신선하다 여름 미로 특색 쯔 자주최고 최고 디저트흥미롭다굿깔끔하다만들기 실패하다 케이크 서비스 돈 내지 먹기 아깝다 정도 또한 다음매장 깔끔하다 인테리어 이쁘다 마 이스터 늘 여기 차원 확실하다 다르다 친구 완전 만족하다이쁘다 오늘 차라 스페셜 티 커피전문점 이색 데이트 딱좋다추출 게이샤 가격 착하다 게이샤 가격 힘드다 가격 추출 정성 콜롬 비아 게이샤 처음 산미 적당하다 마 신후 기분 혀 감촉 일본 공부 얘기 매장 마 신후 테이크아웃 한잔 꼭 번창고소하다 매장 협소해 좌석 재 의사 레몬에이드분위기 차 라떼 손님 다음 차 라떼주일 두번째 요 비 날 향기롭다 더욱 표현 부족하다 여기 무언가 보태 리뷰 꼭 동네 자주 이유 격 감정 실 아마 다음 주안 리뷰오픈 위치 분위기 만 오늘 보늬밤 손님 주시 선물 훌륭하다 바 자리 구경 기분 디저트 냄새 계속 장내 일본 아기자기하다 기분 전환케냐 를 부드럽다 아이스 깔끔하다 황 치즈 크림 스콘 얼그레이 파운드 디저트 직접 함 일본 마스터 자격증 자부심 디저트 요 번분위기 진하다 부드럽다 스콘 황 치즈 크림 스콘 진심 최고 직접 큰일 날 뻔하다치 호기심 여자 대한 열정 철학 계속 유니크 배전 매달 셀렉 트 이번 니카라과 피베리 네추럴 맛집 동시 디저트 맛집 디저트 종류 점점 오늘 다르다 케익 류 대신 드라이 스콘 담번 티라미수 꼭신상 전문점 디저트 달 가격 착하다 파운드 케이크 존맛 레몬에이드 직접 청오늘 콩 이번 바 요것 진하다 텁텁하 부드럽다 이번 치즈 크림 스콘 디저트특기 방식 방식 만족 점심 휘 낭시 친구 보라 황 치즈 크림 스콘 왜설명 자세하다 원샷바리스타 게이샤 입맛 친환경 종이컵이렇다 원두 가성 비 재료 관리 꼼꼼하다 일본 묘미 를 맛집페루 초코 릿 레드와인 게이샤 폭발 자스민 화하다 부드럽다 산미 케냐 부드럽다 바디 정도 갠 게이샤 화하다 느낌오우 이상 게이샤 굿 취향 딱이다 황 치즈 크림 스콘 유명하다 이유 흠 품절 기회 겟해 게이샤 궁합 굿굿어떻다 궁금하다 더치 굉장하다 뒷맛 깔끔하다 산미 갠 디저트 마리 쯔 막 사진 처음 깔끔하다 모양 좀 흐트러졌 크림 느끼하다 자주만 역시 황 치즈 스콘 덕 치즈케이크 당연하다 산미 이상하다 여기 산미 부담 보늬밤 날 품절 아쉽다 담 꼭깔끔하다 원두 예민하다 편 원두 확실하다 남다르다 아주다쿠아즈가격 착하다 주민 자주정성 스운 다음 시즌 산미 원두 픽 부탁드리다처음 한번 진하다 묵직하다 디저트 모두 치즈 스콘 처음 서비스 주신 휘 낭시 지금 견과류 고소하다 인상독특하다 분위기오늘 단골 아메리카노 완전 달라편안하다 작다 휴식 처 혼자 기도 소소하다 즐거움 각자 다르다 특별하다일본 분위기 편안하다 단화 분위기 커피숍 디저트 친절 갑욤 혼자 잔 아이스 핫 스콘 파운드 케익 디저트 분위기 깔끔하다 용 자주 영 홍보 영스페셜 티 합 디져트 소량 준비 보늬밤 조림 특별하다 아메리카노 조화 고급 지네새롭다 인테리어 처음 다음 가면오픈 한지 얼마 유명하다 일본어 수료증 그렇다 카푸치노 무난 시나몬 가루 어서 조금 아쉽다 바닐라 라테 수제 시럽 휘 낭시 서비스분위기 일본어대한 지식 풍부하다 그렇다 강력부드럽다 깔끔하다 처음 역시 마스터 마 이스터 자격 일본 현직 종사 자만 딸 자격증가격 아메리카노 가격 차이 신세계 무조건 좀 무조건맛집
157,슬라브,1992884008.0,처 밀푀유 아쉽다치 분위기남자친구 디저트 피 규어 누가 대결 재밌다 가요직원 초 불친절하다 공간멋있다 인테리어커다랗다 테이블 가장 자리 벽 각종 사진 그림 대화 힘드다 듯 조용하다 분위기 지하 어둡다 차분하다 조명 분위기 형성 아인 슈페 너 기억분위기 데이트 장소 분 요 책 분 쫌 어둡다제품 가게굳다멋지다 테이블 맘 에드 잔잔하다 재즈 음악 테이블 곳곳 조명 때문 혼자 오기 연인 오기 음료 달달 처 디저트 왕왕아늑하다 이쁘다길가 작다 간판 보고 멋지다 비밀 아지트부뉘 기도 코분위기 무엇 데이트 딱좋다 그니 디져트 유명하다 카페오레 라떼 요 완전 디저 트 음 왕 재 의사얼마 멋있다 공간 처 도 미노 시스템 꼭 원래 디저트 친구 보고 욕핫 예상 도 미노 시스템 드립커피 끝내주다공간 특별하다 노래인테리어 굿굿내부 디저트 맛없다볼땐 여기 무 조건 출신 분명하다 뭐 세련되다 멋지다 분위기 잘나다 과 멋대로 추측 꼭 친구 약속조용하다 인테리어컨셉 독특하다 공간 충분하다 가치 드립커피 깔끔하다 만족스럽다 신기하다 디저트 찰떡 궁합분위기분위기여기 분위기 코분 운영 제주도 사실 느낌 분 인테리어 가끔 강아지 오늘 아쉽다 자주알 티라미수 바로 지하 맛집 유명하다 가게 자주 가게 니야 드립 잔 마심 디저트 맛이썽 가면 무조건 가야 핫 임 언니 일디저트 특이하다 궁금하다 이상 신기하다색다르다 느낌 애플파이 건축물 처럼 부숴 먹기 재밌다 분위기 완전 빈티 조명 가구 전시 판매 중이 요 조용하다 작업장소 깔끔하다굿
158,홈다운,1199059619.0,애정 마 토스트 놈 분위기 책 집중 오 면 힐링 장소라 종종 겨울 귤 완전 움 킬포 오시 번토스트 규 음료 매장 전체 깔끔하다 자연 사진 용 음악 멜론 몇개 넣기 다음 남자친구평일 도 꽤 벌써 크리스마스 분위기 토스트 음료해 영 음료 테이블셔벗 그간 궁금하다 휴가 마지막 날 겸사겸사 온 몸 행복 샌드위치 라떼 주 무 요 적당하다 달 꼬 수운 홈 다운 라떼 치아바타 사이사이 재료 조화 기분 개인 이어폰 공간 플리 속 노래 내심 반갑다 취향 노래 플리 추가 바쁘다 동네 라면분위기 무엇 음료 디저트 짱 존맛 따뜻하다 인테리어휴무 샌드위치 센스 미챴습홈 다운 제주도 분위기 노래 선곡 취향 저격 마 토스트 사랑 합홈 다운 마쉿어용 아샷추 강아지 행복하다개존맛 커피집 담 임몇번 본적 처음 티 셔벗 보고 굿좌석 편 막상 널 편안하다여기 뭐 어쩜 음료 디저트 수가 있쥬 골목 성 제대로 홈 다운 라떼 맛집 샌디 치 맛집 단골 예약분위기 이쁘다항상 영수증 습관 처음 리뷰 꼬 지미 단골 처음 라떼 맛집 행복하다 애견 동반 직접 디저트 존맛 남자친구 가면 솔티 카라멜 휘 낭시 품절 사진 치아바타 샌드위치 미뗬어 미치다 홈 다운 갱쥐 마음 편하다샌드위치 토스트 디저트 류 공간 깔끔하다 분위기 인생 샷 애견 동반 가능하다 강아지 오기피자 스콘 존맛 처 샷 추가 해도주변 제일 디저트 사진 순삭 스콘 최고매번 영수증 리뷰 깜박 이번 처음 주변 소문 애정 디저트 음료 인테리어 감각 여서 촬영 완벽 잡채 요즘 핫 만석 슬픔 이렇다 핫 야하다골목 안쪽 위치 조용하다 포근하다 통창 햇볕 공간 최근 아아 중 제일 마음 고소하다 아메리카노 식사 후 음료 샌드위치 다음 보고지금 날씨 수박 셔벗 최고 빵해 날 기억 남 채광 공간 샌드위치 년 샌드위치 중 최고새롭다 브라우니 재 연휴 도 만석 브라우니 덕 달달 디저트 양하다 다음 번 음료 디저트 짱크리스마스 티 파스트라미 샌드위치 존맛 요 애견 동반 천국 티그레 존맛완전 코앞 자주여기 음료 일단 엄청나다 홈 다운 라떼 강추 대표 꼭 샌드위치 무조건 공간 멋지다 눈 즐겁다 입도 즐겁다멈머 가기 디저트 솔티 카라멜 둘 기절 꼭 강추저번 지인 테이크 아웃 샌드위치 음료 이번 직접 정신 분위기 사진 찍기전 크리스마스 티 디저트 전 땐 종류 붕어빵 휘 낭시홈 다운 가면 꼭 홈 다운 라떼 다음직접 핫초코랑 이드 붕어빵 유투브 고대로 신기하다 골목길 인테리어 눈 확 등장 놀래다 오시 꼭 한번 좌석 편하다 분위기처음 애견 동반 디저트 직접 자주 가요 이제 쌀쌀하다 따뜻하다 라떼 별놈 유튜브 촬영 자주 유튜브 반갑다 항상 번 창공간 최애 블랙베리 이드 분 강추 샌드 위피 원래 토마토 참고 재비밀스럽다 좁다 골목길 사이 이상하다 나라 앨리스 등장 미가 음악 평화롭다 햇살 인상 조만간 샌드위치오픈 한지 얼마 안되다 조용하다 마시기 연유 라떼 달 부드러움 토스트 작다 만 매장 화장실 자두 알 서비스 먹음 종종 동네앞 핸드 핸드 드립 지금 드립 그냥 손 물 생각 라인 드 그거 손 직접 깜짝 샌드위치 토스트 소스 잼 다이어트 중 토스트 도 부드럽다 인스타 보고 건물 느낌 주택 옆 야하다 주택가 사분위기딸기 라떼 수박 샤베트 샤베트 다양하다 분위기 아담하다 답답하다홈 다운 라떼 깔끔하다 청결하다 분위기 음악 플리 궁금하다 느긋하다 힐링 다음 강아지 다시구경 골목길 신상 분위기 비 지엠 버터크림 라떼 청귤 이드 크림 라떼 너 무 달 부드럽다 청귤 이드 제청 그렇다 깊다 어유 디저트 샌드위치 토스트 샌드위치 배부르다 토스트 마 토 수트 블루베리 콜라보레이션 담 샌드위치 규 골목길 안쪽오픈 고소하다 토스트 샤베트 달달 남자친구 마음 성공 댱 여기 오자주이쁘다 취향 저격 샌드위치 급하다 사진 여 빵 부드럽다 토스트 미치다 번창샌드위치 소스 모 자꾸 겉바 촉 치아바타 파스트라미 샌드위치 프로도 앞 아침 진 심 홈 다운 라떼 달달 데 달 자꼬 샌드위치 전 홀라당 뻔 햇 서요 얘 인테리어 멋지다 멋지다골목 발견 외관 아기자기 귀엽다 새롭다 오픈 직원 기본 음료 음식 파스트라미 샌드위치 마 토스트 완전 완전 강 추하다 직접 제청 귤 이드 보 덥다 날 시원하다 이렇다 발견 뿌듯하다 주민 앞 자주편안하다 분위기 노래 디저트 만 마음카잘 알귀엽다 골목 사이 아기자기하다 아이스 아메리카노 청귤 이드 둘 직 접 청귤청 청귤 이드 최고 파스트라미 샌드위치 마 토스트 꼭 꼭 뒤 매일 아침 오픈 런 심지어 편하다 더더골목길 위치 프리 빗 느낌 발견 특별하다 발견 느낌 샌드위치 식사 대용 즐 기기 아주 처 메뉴인 버터크림 라떼 처음 달달 기분 달달 함 항상 가면 아메리카노 신세계 경험 모든 첫 시 꼭 그니느낌 공간 테이크아웃 아쉽다 다음 친구새롭다 오픈 디저트 보고 샌드위치 재료 신선하다 굿굿 구 수하 스탈 깨끗하다 강아지 데리 댱노래 비 날 자주토스트 분위기 맘 뿜뿜샌드위치 조합 장인 노래 맛집 오픈 한지 얼마 안되다 여유 빡세 암턴 골목 기대 만족하다 홈 다운 샌듸치깔끔하다 핸드 드립 기뷰 인테리어 음악 음료 음식 말 모말 모좁다 골목길 보물분위기 샌드위치 피자 스콘분위기 상치 못 이쁘다 음료 셔벗 굳다 굳다인스타 보고 실제 성 무엇 샌드위치 남자친구 감탄분위기 이쁘다 음식 이쁘다처 피자 스콘 다른 도전제일 핫 질 분위기 최고 샌드위치 어유골목 찾기 실내 테이블 정도 혼자 넉 오기음식 신선하다 음료 깔끔하다 재 의사 번창정성 디저트새롭다 친구 골목 자리 아늑하다 노래 깔끔하다귀엽다파스트라미 샌드위치 수박 셔벗 존맛 마 토스트금손 샌드위치 자주가게수박 셔벗 유자 티 테이블 수가 작다 아늑하다 인테리어 깔끔하다셔벗 시원하다 상콤 덥다 딱이다 잔 도 귀엽다 스푼 귀엽다 계속 사진 비주 얼멋있다 가게 시원하다수박 셔벗 존맛 존맛 미치다 달달 시원하다 수박 단맛 뿐 상콤 번창파스트라미 마 샌드위치 존뫄탱 간지소품 아기자기하다착하다 감성 다음 번인테리어신상 인테리어 버터크림 라떼 토스트 무조건홈 다운 온 편하다 공간 아주샌드위치 존맛 여름 수박 셔벗 사진 오늘 인생 컷발견 인테리어 이쁘다 깔끔하다 음료 버터크림 라떼 개인 카멜분위기샌드위치 음료 젊다 그렇다 공간 맘 일 분도 재 의사멋 드럽다 공간 샌드위치 왜샤베트 인테리어 사진 찍기뷰 제주도 골목 느낌 비 날 청귤 이드수박 샤베트 국밥 맛집 여름크림 라떼 존맛탠인테리어 요즘 성 느낌 토스트모던 인테리어 야외수박 샤베트 위치 깔끔하다대화샌드위치 토스트 골목 위치 북적 거리 지도 편하다내부 깔끔하다 처음 료 취향 자주만 새롭다 몇개 역시샌드위치 재 의사이쁘다 햇볕 사진매장 깨끗하다 멋있다 골목길 앞 사진 찍기 토스트레드 유자 티 존맛음료 노래 가구 소품 정성인테리어
159,트랙26,1800475386.0,이쁘다 컵 이쁘넹가도커피잔 득템 두번째 컵 만족도 프로동네 커피샵 자주 요가족 애정 요즘 자주 아쉽다 조용하다 공간이렇다 멋지다 조용하다 집중 선곡 아주 카페라떼 아메리칸 쿠키 라떼 에스프레소 우유 비율 환상 분명 시럽 달달 고소하다 쿠키 두툼 견과류 초콜릿 라떼 쿠키 모두 완벽하다 무조건 좌석 인석 테이블 인석 테이블 의자 테이블 모두 편하다 콘센트 인석 주변깔끔하다 집중 아담하다 깔끔하다 자세하다 후기 블로그오미자 콤달콤 인테리어 멋있다 반려동물 동반 가능하다토마토 주스 요분위기 인테리어 감각테이크아웃 텀블러 사용 둘 할인토마토주스 완전분위기딸기 요거트 카스테라 케이크키 워드 모질라 모질라키 워드 섬택할두번째항상저희 가족 최애 신기하다 오브 제도 귀엽다 반지 감사훌륭하다 가게쿠키 조화롭다 매번 화병 꽃 인테리어 변화 재미이렇다 편안하다 공간 근사하다말 필요없다 트랙내사 트랙두유 플랫 화이트 쿠키분위기 음악키 워드 부족하다자주동네 최애 어디항상 하루 기분조용하다음료 이쁘다 다해 만 힐링시선 섬세하다 공간 공간 자리 사물 인하다 다양하다 시각 즐거움 담백하다 하루 당 충전 미숫가루자주 가요 요아주 깔끔하다 매장 청결하다 힐링 단골 다른 볼 오브 컵 판매 친구 선물 리빙 제품 사기 플레이 리스트 공간 혼자 힐링 친구 자주 공간마포로 온 후 애견 동반 가능하다 검색 순간 차분하다 모던 함 예술 감성 가득하다 돈 한번 인테리어 남다르다 미적 감각 누군가 손길 세 심하다 느낌 젊다 쿠폰 카드 스탬프 펜 화병 꽃 바로 걸 보고 솜씨 분 걸 바로 알 꽃바닐라 라떼 나용카스테라 무스 플랫 화이트 진심주변 이렇다 음 발견 마다 러 확신 한번 공간 데코 레이 션 세심 디저트 직접 굽 팅 디테 훌륭하다 조용하다 분위기 작업 책 분 공간늘 한결가깝다 이렇다 행복하다 지인 놀러와 자신 지인 모두 인정 함디저트 요 플레이 팅 분위기 인테리어 곳곳 센스 직접 스티커 감각입 아프다센스 대박 임마음 안식처일단 제일 중요하다 인테리어 유니크 사진 다음 재매장 데코 소품 음료 잔 음악 전반 부분 고민 취향 부분 멋 스럽다 공간디저트요조용하다 멋지다 공간공간 동네 이렇다컵 인테리어집앞 맛집 롱 블랙 너 무 그다음 날 진해 남자 상냥하다 음악 남다르다 감성 분위기 젠 어디 가기 싫다 정도 테이크아웃 텀블러 사용 땐 가격 주시 스탬프 대신 그림늘 트랙 여기 음료 다다 바닐라 라떼특유 빈티 분위기 쿠폰 스탬프 대신 직접 그림 멋지다 잔 음료 인상 플랫 화이트 과정 실수 착오 되레 배려화병 구입뜨겁다 아메리카노 텍스쳐 부드럽다 로스팅 적절하다 연하다 적당하다두번째 아메리카노자주 항상 서비스인테리어 감성 모든 걸
160,삼공,1031263856.0,신선하다 무화과 듬뿍 색감 단면 멋지다 아이리쉬 위스키 시트 크림 샤인 머 스캣 베린 자마자 딜향 시원하다 밑 호두 럼블 아주 고소하다 카운터 가슴 웅장색감 블루베리 강추 레몬 베리 에클레어 신맛 강하다 트리플 베리 휘 낭시 베리 가득 애플 민트 레몬 사브 레 식감개맛 도리 디저트 포장 가능하다 무화과 케이크 차 향기 장난 밤 무화과 타르트 큰일 날 뻔 만족섬세하다 디자인 절제 당 모두 취향 라인업 재료 수급 따갑다 자주 항상 기대하다망고 케이크 부분 망고 크림 시트 계란 쫀쫀했어독특하다피스타치오 럼블 밑 절 딸기 넉넉하다 습 디 바닐라 타르트 고급 지게디저트 조합 특이하다 디저트 섬세 한편 유니크 마음 평가타르트 먹기 아깝다 정도 피스타치오 딸기파리 브레스트 프랑스 디저트 알 유래 자전거 경기 고구마 크림 바닐라 크림 번갈아부드럽다 피스타치오 크림 무화과 만 빚 디져트 기분로즈마리 허브 입안 가득하다 캔디 스냅 과육 콤달콤멜론 상쾌하다 딜 치즈 크림 조각 디자인포장 솔직하다 디저트 얼마나 불친절하다여기 샵 크리스마스 추억 초당 옥수수 컵초당 옥수수 베린느 조합 최고 삭 옥수수 듬뿍 토마토 무스 브라운 치즈케이크오후 세시 디저트 아쉽다 선택 중 고수 편임 금귤 상큼 망고 케이크 스타일 편 만족스럽다 다만 혼자 운영 좀 제품 꽤 편이 참고 어쨌든 다른 제품 여유고수 금귤 조합 낯설다우선 매장 어둡다 분위기 초당 옥수수 에끌레어 중 어떻다 대해 좀 구체 껄 그렇다 에끌레 금귤 덕 수향 심하다 크림 사이 잎 식감 에끌레어 크림 오일 입 저서 별로 포레 누 초코 체리 부분 별로 모양금토 일만 아쉽다 새롭다 출시 테이크아웃 왓 달달 체리 상큼 달달 함 우려그냥 디저트 예술 기분 다운 입 행복하다 어떻다 만큼 두 훌륭하다 동네 이렇다 행복하다 뿐정성 비싸다포레 누 타르트 고급스럽다 초코 초당 옥수수 베린 기대 초당 옥수수 고소하다 토마토 소스 시큼하다 밸런스 쯤 의자 불편하다 편이 전반 가격 서비스 면 아쉽다명 자체 견과류 호두 잣 도 아주 낮다 견과류 까끌까끌하다 홍시 젤리 가나 슈 몽테 초콜렛너 철칙 느리다 디저트 가이드 의자 좌석 조금 고객 친디저트예술 경지디저트 재 의사 디저트 가격 서비스 포함 듯디저트차 디저트 서비스 별로 듯 조명도 판매 홀 조명 거의 춥다 괜찮다 솔직하다 근처 곳도 굳이 재디저트 정성 그릇 감각 음료 티 디저트 공간 유 일 아쉬움 의자 조금 불편하다 못 다른 디저트 예정루브 카사블랑카 티정성 가득디저트 거의 삼공 알 후 디저트 차 매력 명확하다 식감 고 디저트 제겐 최고 즐거움 뿐 즐거움 플레이 팅 마지막 모금 따뜻하다 티 워머 제공 세심 함 감동 포장 시 무분별 일회용품 남발 요청 시 냅킨 등 제공 점도덥다 날 매장 시원하다 디저트 미지근하다 그거 완벽하다 덥다가격 걸 양 질 의문 가격 인상 관련 파티 셰리 리뷰 또한 동일하다 합리 재고 더군다나 포장 포크 휴지 지인 소개 재 의사부드럽다 밤 쌀 컵케이크 차흑임자디저트 사냥꾼 아주 제대로 요 만족스럽다바삭 촉촉하다 최고디저트 취저최고얼그레이 사과 롤 크림 느끼하다 풍부하다 정성 가득하다최고애플파이쇼숑오뽐므 강 추하다모든 디저트 연구 거듭 공 완성 인테리어 감각 장난 방위 예술가애정 가게 구성 형태 등 완성 도 훌륭하다 작품공간 최고 다른 꼭 용밤휘 낭시가도 삼공 꾸준하다 비주 짱짱정성 가득 파이자두 파이키쉬갈수 가격 착하다 당연하다피낭 시 비롯 모든 취향조용하다재료 쓰시 디저트 고급스럽다 공간 아주 멋지다정성채광 케이크 차 초로 마시기 식지시나몬 파이
161,굿디드,37555747.0,딸기 바나나 음식하겐다즈 아이스크림 굿 존맛아이스크림개존맛하겐다즈 아이스크림이제야 크레페 깜짝 놀래다 다양하다 크레페 먹기 편하다 깔끔하다 단골 듯오레오 쿠키 크레페 바나나 크레페 오레오 쿠키 추가 바나나 크레페 오레오 추가 존맛 다음겉 빠삭 촉촉 뉴텔 바나나 환상 조합크레페 유목민 둘 오늘 굿디드 정착 하겐다즈 아이스크림 얇다 도우 바삭 함 재료 넘치다 부족하다 적당 깔끔하다 이렇다 크레페 만들기 어렵다 진정 장인 니 자주근처 크레페 맛집 우선 아이스크림 하겐다즈 사용 재료 사용 듯순삭그라페 바로 만친절 학 딸기 자주 용번만 어린이 어느덧다 청소년 여전하다 원픽 어머님 댁종류크레페 하겐다즈 완전 편의점 가격 대비 개꿀 위치 편이 아쉽다 크레페 기분바나나 누텔라남자친구 요즘 자주 크레페아이 크림아이굿굿굿크레페 맛집굿크레페굿굿음식 당연하다 크레페 짱짱 대박 양도 주심동작구 여기 근처 저희 가족 인 크레페굿망고 셔벳남친 가면 번 최공아담 깔끔하다굿맛적당하다가성 비 최고모양 짱 동네 제사 보고 용 두번째저렴하다프레 페 순삭 친구크레페 요크레페 현금 결제 할인 해아이스크림가격 운 종류가격 살짝 부담스럽다 빠말투 그렇다 무엇 야단 기분 애 멀다 잘못 번호 아주 죄송하다하겐다즈 아이스크림흔하다 체인 동네크레페 맛집자주 지안 초코렛 존맛굿조금 비싸다간단하다 디저트맘
162,투썸플레이스 마포망원점,1989142526.0,기프티콘 공교 롭 도 날 기프티콘 스트로베리 초콜릿 생크림 차액 트 모랑 유자 레몬 티 트 모 시럽 뿌리 크게 달 한국인 선호 만 단맛 디저트 시럽 양 케이크 좀 넉넉하다 편 유저 레몬 티 찬 기온 따뜻하다 날씨 보정 뭐 요 매장 넓다 간간매장 넓다 지인 즐겁다매장 넓다 직원 조용하다 한잔시원하다 매장편안하다망고 빙수 존맛대화 일 단체 손님대화 자주 용하다직원 인지 분 매장 넓다 깨끗하다 빙수지인 이야기초코 무스 초코 거의 안나 피치 콤포트 과 달 오히려 조화늘 편하다 장소만 차마 시아이스크림 우유 진해편하다 자주 용하다편하다 대화 요대화굳다 국굿굿아이스 아메리카노 난 더위 따뜻하다 아메리카노치즈케이크 쇼콜라 사랑깨끗하다 넓다 자리음료굿늘 편하다 차마 시 커피한잔 요 수론 하트대화 자주 이용달달 케잌 콜드 브루편하다 차 한잔 가요한산하다굿애플 민트 대화넓다 다만 화장실 건물 걸 사용 깨끗하다 관리마카롱이탈리아 푸딩 아메리카노굿역시 케이 쿠 씨제이지인 블루 밍 파인애플 라씨지인 과대 화하다집중바나나 쥬스 매장 넓다 청결하다굿 굿굿 굿굿디카 페인 요굿 굿굿지인 차 한잔새롭다 매장 넓다 깨끗하다 직원 대부분 혼자 놋북 공부 분 평일 런가 아기 유아차 끌 오르막 단도 소파 의자 테이블 넓다 의자 넓다 평평하다 아기 가기쿠키대화 디저트주말 저녁 계시 남자 불친절하다굿오늘 도지인 커피한잔밤 이용 가능굿집중굿지인 차 한잔투썸 팥빙수대화 편하다 자주 용하다깔끔하다 매장 요굿 굿굿대화 장소대화 편하다 자주 용하다얼그레이 케익애플 민트 유애플 민트 커피한잔굿굿그냥 그렇다굿편하다 직원투썸 렛스기릿지인 차 한잔 면서 대화얼그레이 밀크 티 쉬폰케이크보장 디저트 맛집 투썸 추정 분 아포 카토 티라미수 둘 투썸 가면 두 번 중 번은 꼭대화굿 굿굿대화대화 민트 차자주 용하다 항상 매장 춥다 한기 이요 오늘 점원 말씀 가장 틀 조금 따뜻하다 아늑하다대화케잌굿생일 축하 자리 케익굿매장 넓다 쾌적하다망 원점 고민 홀 넓다 좌석 간격 다만 자리 인석 좌석 이동 금지 아쉽다 화장실 투썸 건물 한겨울 듯매장 깨끗하다 직원 불친절하다굿
163,카페인중독 망원점,1923641657.0,삼겹 입가심 바로 맞은편 평소 생각 자그마하다 홀린 듯 묵직하다 다크 입맛 잘맞다 가격 사이즈 모두 컴 포즈 절묘하다 조화 평소 찰떡 값 절충웬만하다 리뷰 편 햅쌀 와플 미치다 합정 산책 겸 아깝다항상 보틀 처음 진하다아깝다 정도 조리 좀 단축 와플 분 말 짜증나다와플 맛집 크림 느끼하다 깔끔하다 와플 꼭 아메리카노 궁합 굿 크림 조금 달라 달 고 걸 후회타 지점 와플 반죽 밀가루 포장 재료 티나 별로 카페인 중독 망 원점 주민 라면 숙대 입구 숙대 입구 서비스 최고굿와플 번창배달 도 몇 번 이번 햅쌀 와플 달달 바삭 식 재밌다 도 와플 도 개인 버터시원하다다양하다위치 도로 옆 편하다와플 맛집와플 음료 하니애플 와플 햅쌀 와플 포장아이스 아메리카노따뜻하다 카페라떼 아샷추 와플 극락젊다 친구 편견 기본 매장 앞 친구 끼리 마스크 손 드 배달 전문 신경 건가 기본배달 금방 꼼꼼하다 포장 굿굿카야 생크림 토스트카페인 중독 토스트 와플 중독위생 신경와플굿굿만족만족굿와플 중독와플 요굿와플굿연유 라떼나용연때 챱챱이집굿굿다양하다 디저트 가볍다 브런치생크림 연유 조합와플 맛집맛집연유 항상 정성 스레 샷 정성 감덩괜찮다조용하다
164,설빙 망원점,1656566604.0,토핑 리해 연유 필요 별로 땐 금방 녹차 트리 빙수재 출시 개존맛 연유 필요없다 얘 자체 달달 토핑 리뷰 사진 보빙수 다른 데 말 무적인 응대 빙수 치즈케이크 앞 접시 용도 그릇 요청 더니 우리 앞 접시 그냥 종이컵 태도 당황 스럽다 다른 그릇 앞 접시 도저히 내기 힘들다 앞 접시 로만 그릇 충분하다 다른 방식 응대 가능하다 기분 잡빙수 설빙불친절하다설빙 제대로 만족하다덥다 여름 빙수 최고밑 글 보고 공감 글 불친절하다소음 다소 취약 구조 목소리 소리 울림 빙수 키 오스 임빙수연유 면 충분하다 치즈 큐브 메론 달 여름 딸기오픈 자마자 포장 역시 설빙 동네 설빙얼마 매장 깨끗하다강아지 동반 안되다 설빙 그냥 특별하다 매장 분위기 인테리어 빙수 설빙딸기 치즈 메론 빙수이번 새롭다 인절미 아이스크림 빙수 원래 인절미 빙수 새롭다 포장 아이스크림 두 덩이 었다 매장 알바생 손님 응대 왜 그렇다 뭐 반응 좀 주변 알바생 그렇다 보시 말씀 좀친구 설빙 리지 널 인절미워낙 조금 아쉽다 빙수 가루 때문 입 좀 헹구 물 부탁드리다 주말 제공 안되다 물 종이컵 한잔 물 하니 좀 당황 스럽다 뭐 이유매장 크기 적당하다 빙수 분위기 살짝 시끌시끌하다 하겐다즈 신상 연유 기본 돈 내야 조금 아쉽다치즈 설빙 치즈 아쉽다 윘다른 설빙 지점 재료 부실하다존맛 원래 연유 리필 번은 한번 끝 매장 다르다 리필 갈껄 그렇다 흐미빙수에어컨 장식품 실내 전혀 시원하다 지난주 군산 애플 망고 빙수 중간지점 거의 그릇 반납 이유 주방 쪽 공기 찜질방 빙수 덜덜 아쉽다리뷰 좀 보고 갈껄 후회 카운터 남자 직원 바쁘다 그렇다 불친절하다 리뷰 개선 안되다 매장 덥다 빙수 매장 퀄리티 별로 매장 손님 그렇다 분해설빙리얼 통통 메론 최애 블치빙 애플 망고 인절미장소 작고 협소해그냥 그렇다굿매장 공간 좀 협소해 주로 포장 이용인절미 빙수 요만 설빙 여전하다설빙 매장 깔끔하다 분위기근처 차 지점 덜 깨끗하다 늘 실망 설빙빙수 설빙매장 깨끗하다 대화메론 빙수드뎌 설빙 반갑다 시원하다 떡볶이 나쁘다 좀 조금 부분설빙 미세하다 점차 좀 지점 빙수빙수 밖 기온 별 차이 그냥 덥다 간다 훈련소동네 설빙 자주 이용굿인절미 빙수 연유 퍽퍽함설빙 최고 맛집에어컨남자 직원 응대 별로 궁금하다 바쁘다 이해 뻘쭘하 말 무시 잠시 말 자기메론 빙수어머님 조금 끌 분위기매장 별로 시원하다주차 응대 꽝 서비스업 응대 응대 고객 여럿 골탕깨끗하다 인 테리 넓다 공간 응대 모두 만족하다 즐겁다 모임 자주 각굿조금 불편하다망빙 인절미 빙수 빵 굳다종종 새롭다 설빙 망 원점 대화설빙요굿굿설빙굿망원역 설빙 반갑다 설빙 애플 망고 빙수 번창여름 역시 팥빙수 더위 이지 시원하다 빙수애플 망고 치즈빙슈굿
165,KONA,1219682210.0,아늑하다 달콤하다 디저트 사진 부탁드리다 흔쾌하다 촬영 플레 팅 스파이스 초코 독특하다 덕 평점디저트 전부 특색 스파 생토노레 장미 은은하다 상큼 매우 만족다시 진심 젼맛시즌바나나 푸딩사진 영수증 껀 포장 푸딩 최고 바나나 강하다완전하다 필수 코스스파이스 달 블랙 스트로베리 마들렌 핑크 레몬 마들렌 다른택배 포장 아주 깔끔하다 튼튼하다 크리스마스 느낌 물씬 슈톨렌 케이크 처음 기억 남 정도 생각 따뜻하다 우유 먹기디저트 설명코 블랙 스트로베리 겨울 딸기 날씨 춥다 라떼 아트 완벽 여기 실패하다 적 빛 겨울 베린 기대디저트 정성 디저트 만 발견 기분 마들렌 흡입 부드럽다 쿠키 냉동 실 해동 견과류 초콜릿 실하다 인스타 실력 파티쉐 마들렌 좀 바 다시 번창디저트 시즌 갸또 바눌레 케이크 포장 상큼 별로 코코넛 부드럽다 밸런스 생 특별하다 케이크눈 입 케이크아늑하다 유니크 분위기 디저트 군더더기 완벽하다 모두 코자리 협 소하 조용하다 디저트스파이스 식스 완전 덕 초콜릿 타트 르 완전 취저 딸기 케이크 보이 디저트실속 알차다 까눌레 바삭굿디저트 유니크 가게 만 족 인테리어 아기자기하다 귀엽다 살짝 좁다 은감 기존 샵 항상 아쉽다 정도 만 족 결론 디저트 진심 거나 디저트 성공하다 분음료 디저트 짱 여기 로만 데 강추이번 새롭다 디저트 역시 성공 몽블랑 모양 티라미수 밤맛 티라미수 가운데 자주 빛 콩 포트 상큼 단맛 적절하다 중화아몬드 마들렌 보 바로 견과류 마들렌 텁텁 꼬숩 친구 사서 최고 바닐라 라떼 맛집 용디저트 귀엽다 블랙 그린 케이크 귀엽다 존맛 여기 가면 디저트 꼭새롭다 디저트 가게 대서 모든 포장 선물 코세 라면 매일 디저트 스페셜 티원굿특색 정성 느낌굿 디저트다양하다 디저트 가게 차별 강추 가게 사진 찍기 인스타 용 일단 보통 데 사두 쟁 먹기 다음 사고 마들렌 쿠키 쟁오픈 기간 인스타 피드 바나나 푸딩 보고 다른 디저트 보 인 테리어 구매 디저트 정식 오픈 보고 쿠키 놈 꼭 꼭친젛초코 스파이스 식스 댐 간판 아이디어 귀엽다 오후 무지개 맛집 담 푸딩 바근처 자주 여기 한번 너 무 쓴맛 별로 안나 스페셜 티 귀엽다 컵 디자인 덤가게 작 디저트 종류 꽤 설명 도움 스파이스 식스 완전이집 처 쿠키 쿠키 거기 거기 별 기대 도라방스 바나나 푸딩 미치다 일 버세블랙 그린 선 플라워바나나 푸딩 존맛 포장 냉장고 차갑다 존맛 스파이스 식스 향신료 로안 색다르다 슴디저트 쿠키 꼭기존 단골 업 자리 새롭다 디저트 베린류 바나나 푸딩 간단하다 포장 맛보기 매장 이쁘다 도장디저트 특색디저트일단 당 충전 확실하다 스파이스 식스 바나나 푸딩 담 갈래 용 존맛디저트 여기 디저트 다른 못 먹음 존맛 쿠키 쫜득하기존 디저트 판매 디저트존맛새롭다 오픈 보 자제 자마자 허겁지겁오늘 오픈 첫날 마들렌 레몬 마들렌 은은하다 레몬 포지 초코 츄러스 달달 리기 좋습니댜디저트 선물 용 구매디저트달달 디저트굿
166,마르뜨빙수카페,1151473604.0,주차공간 친구 망고 빙수 빙수 중간 망고 다이스 톡톡 펄 재미 매장 아늑하다도쿄 빙수 근처 빙수 여기 얼음 가늘다 입 부드럽다 달 올해 빙수 처음 제일 친구 인 빙 완전 만족뭐 그렇다 이유 세심 빙수유 어유골드 키위 녹차 빙수 더무 핑 추기인테리어 멋지다빙수 맛집빙수빙수우유 빙수 특별하다 설빙 다르다 특별하다 블루베리 빙수 강추빙수 좀 용서신기하다녹차 실 타래 과일 키위 빙수 위 녹차 실 타래 빙수 아래 키위 가성 비도 막 달이렇다 질감 빙수 처음 독특하다 요 인위 녹차 달달무슨 빙수 한참 고민 겨우 망고 치즈 빙수 블루베리 빙수 딸기 녹차 빙수 생 망고 넉넉하다 달달 부드럽다 큐브 치즈 망고 후 살짝 덜 약간 아쉽다 대신 신선도 높다 습 에어컨 가동 그렇다 매장 안쪽 조금 덥다 바깥쪽 덜하다 듯 망고 치즈 빙수실 타래 빙수 만 부부 운영 계시 번창핵존맛 대만 요기 망고 빙수 인 빙망빙 대만 빙수 실 타래 우유 얼음 요 안쪽 생 망고 조금레인보우 치즈 빙수 치즈 토핑 중간 중간 팝핀 빙수 업그레이드네이버 검색 태이블 무비 좁다 대응 척 불친절하다 인테리어 마루 벽 인터넷 그림 보고 낙인 듯다양하다 비건 두유 빙수 얼음 두유 색다르다고명 생 데 우유 냉동 딸기 조금 아쉽다 영망고 빙수인 빙 해 담 딸기 철 용빙수 부드럽다 실 타래 모양 조금월요일 날 빙수 맛집빙수 까페 주차장 지인 딸기 핑크 빙수 동안 행복하다 보이차 입가심 센스 하트 컵 달팽이 담 서비스굿굳다굿우유 베이스 눈꽃 빙수 블루베리 우유 간 우유 블루베리 노 절대 블루베리 계속 가득하다 아래 쪽 식감 톡 투명 알 상큼 단 색다르다 다음 다른 빙수내부 분위기 아기자기하다 빙수 실크 빙수 사르르 아이스크림 식 신기하다 식감 빙수 망고 치즈아기자기하다 아늑하다 편하다 눈꽃 빙수 달달 망고 치즈 큐빅 넉넉하다 티라미슈 케이크 최고 매장 전체 깔끔하다아메리카노 디저트자주 단골망고 빙수 얼음 우유 얼음 빙수 자체 도 망고 시럽 충분하다 처음단골망치 빙수 빙수 망고 가깝다 위치 분위기 재 의사좀 딸기 싱싱하다 소스 음료 포토 존 주차공간 요빙수딸기 빙수 시즌 블루베리 빙수 만족스럽다 다음 꼭 딸기 빙수키위 녹차 빙수 자몽 이드 주차공간 아기자기하다빙수 미치다 망치 빙수 리얼 생 망고 상큼 망 빙수 현지 이렇다 요빙수 계절 컴백 우유 얼음 고소하다 다음 망빙우유 두유 비건 팥빙수 고소하다 팥 위 뿐 속 팥 아몬드 약간 느끼하다 수도 사실 양 보 양 괜찮다 남자친구 알맞다 아메리카노 산미이치 젠 건너편 전 빙수 맛집 값 검소 오잉 신맛 퀄리 티원 메뉴판 케냐 블렌딩 어쩐지 가성 비 강추가끔 가끔 디저트 맛집 빙수빙수 딸기 빙수 얼음 부드럽다 데이트 장소딸기 핑크 빙수 눈꽃 빙수 생 딸기 달달 상큼 최근 딸기 빙수 중 최고 아메 다른굿딸기 빙수 생 딸기 다른 프렌 차 이즈 다르다 가성 비 게다가 알콜 스왑 센스 딸기 빙수왕 친절 음악준비 데 좀굿딸기 빙수딸기 빙수 달달 강추핫 라인 빙수 대박 완전 사르르 눈꽃 얼음 생 망고 가득 치즈 큐브 완전 망고 치즈 빙수 꼭 야하다망고 치즈 빙수 망치 빙수 꽃차 차도편안하다 분위기 눈꽃 실 타래 빙수 매장 아담하다 데이트 주차공간라떼 부드럽다 연하다 빙수 재료 아이 어른 모두 만족 비쥬 얼 모두 엄지 척 요 가게 분위기 재 의사딸기 녹차 빙수 강추 눈꽃 빙수 사르르망고 치즈 빙수 존맛 망고 애플 망고 달 빙수 소복소복하다 입 살살 호두 타르트 시나몬 면서 달짝 지근 고소하다빙수 가게 분위기 대박 요 방 치즈 빙수 치즈 망고 동그랗다 톡톡 젤리 이드 가격 저렴하다 단골 다른 테이블 딸기 빙수 다음 꼭 비주 사 장님눈꽃 빙수 망치 최고실 타래 우유 빙수 이색 이예 비주 얼 속 푸딩 고급 빙수 요망고 치즈 최고우유 프로 그렇다 금방 부드럽다블루베리 빙수 핵맛망치 빙수 요즘 날씨 덥다 시원 하니 음료 빙수 실 타래 빙수 결 아주빙수 사르르 스푼 움빙수 망리 딸기 녹차 빙수 아기자기하다 예뽀빙수망고 치즈 빙수 존맛 덥다 에어컨 바람 밑 빙수 더위빙수 맛집 귀엽다 블루베리 빙수 처음 부드럽다 허브차 네오 타르트 초코 머핀블루베리 빙수 얼음 전부 우유 얼음 부드럽다블루베리 빙수 대박 부도 사진 장삭막하다 테이블 낮다 인스타 감성 스타일 아기자기하다 편안하다 동네 관광지 망리 길이 주민 법 음료 빙수 빙수 음료 그대로 빙수 더위 여름 빙수 블루베리 녹차 둘 음료 고민 무조건 인 빙망치 빙수 망고 치즈 아아 찰떡치즈 망고 빙수 빙수 푸딩 알 톡톡 식감 재밌다블루베리 빙수 색다르다블루베리 가득 빙수 오빙수 빙수 빙수동네 빙수 맛집 귀염 뽀짝 빙수 발견 레인보우 치즈 빙수 딸기 라떼 컵 귀엽다블루베리 우유 땅 어요가끔 가면 꼭 빙수 아메리카노 빙수 고급 진 조만간인 빙수 조금 작다우유 얼음 부드럽다특별하다 빙수 먹음 모양 실 타래 부 드럼 입안 살살 강추 빙수 이름 재미 남 딸기 핑크 딸핑 망고 치즈 망치 고민 딸핑 먹음 오우 존맛 다음 망치 고고망고 치즈 빙수 존맛 타래 빙수 식 진하다 인생 빙수 등 빙수 발견 행복하다특이하다 다음 심
167,뚜레쥬르 마포구청역점,13403633.0,동네 뚜레쥬르 빵 종류 하진 그냥 뚜레쥬르 빵집케잌빵매장 인테리어 깨끗하다 오늘 직원 덕분 케이크 선물 다음빵밤 식빵 밤 식빵 예전 루 맘모스 빵 유자 파이햄 포테이토 샐러드 샌드위치할인 빵 못 비싸다친구 생일 생크림 제일 전화 전화 시도 친절 크기 보고 뚜레쥬르 생 림 최애 말모 다음 이용빵 종류 다양하다크림 빵 달 대화여기 지점 처음 빵브랜드 식삥 는걸 왜 이제 귀엽다 식빨제품 종류 다양하다 빵사라다 빵케익주말 아침 빵 막 간 이유 식빵 해당 사항 요 근처 소규모 빵집 건 기프티콘 사용 규모 프랜차이즈 빵집 편 구비 가게 정도 인식조용하다 먹기 얼그레이 빵 예전매장 넓다 빵 종류 다양하다설명 애기 려고 하츄핑 케이크 귀엽다현대 포인트빵종류 친절우유 바닐라 케이크 존맛굿빵 다양하다 선택 후회청결하다티 데이 할인 카멜 케이크 구매 달달샌드위치 맛집전망 한가하다 커피한잔 비밀 장소 꾸준하다 이용 듯 해자주 이용 수요일 할인 데이 이용역 앞 가성 비동네자주 이용빵 종류 다양하다카멜 콜라보 빵케익샐러드 사려 샐러드 아쉽다 일반 샌드위치 괜찮다카멜 콜라보 메뉴인 번 음료 판매근처 가끔 조용하다뚜레쥬르 생크림 케잌 제일굿빵 종류 다양하다굿빵 가격 파리바게트 저렴하다빵구굿만 피자 빵치즈 방앗간 았 빵 조실 부분 편안하다굿평범까페 다양하다 빵뚜레쥬르 번 평일 낮 계시 중년 아주머니 알반 기분 불쾌하다 드 웬만하다 뚜레쥬르 이용 일 다른 한번 가면 기분 인상 친절 기본 좀 발길 일굿뚜레쥬르빵 종류 얼그레이 크림 빵 최애 빵뚜레주르인사 매번빵 종류 다양하다 역 근처 접근성햄 포테이토 샐러드 샌드위치 신선하다 깔끔하다샌드위치간단하다 빵 먹기 굳다초코 쉬폰 케익 달빵가끔 이용 오늘 슈크림 빵 꽝 다음 당첨 이면 소시지 빵 비닐 매우 실망하다얼마 안남 매장 중 특색 괜찮다통신사 멤버 할인 벌꿀 카스 떼굳다마시기만족굿남자 젊다 알바생 나이 여자 알바 신지 여자 장님 불친절하다 말 꼭할머니 생신 케이크 케이크 종류 다양하다만족물건 종류 다양하다굳다샌드위치 대화몰블 매번 가면 아숩식빵매월 주 수요일 굿뚜레쥬르빵
168,소소한 작업실,1095489390.0,급하다 케이크 케이크 재료 엄마 할머니복 주머니 떡 케이크 이쁘다 예약 부모님 이쁘다 며 앙금 디저트 떡 앙금 적당하다 달 딱이다 덕분 가족 행사 마무리 맛집 꼭 케익 픽업 가면보자기 케이크 고급스럽다 이쁘다 다음 번 기념일 리얼 아이스티 달달엄마 생일 보자기 케이크 가격 착하다 엄마 다음 재출근길 항상 고소하다 케이크 디저트 훌륭하다 매일결혼 주년 하루 전 날 당근 케익 고급 보라보라 색감 완벽하다 케익 달 도아빠 생신 보자기 케이크 선물 매력 디자인 디테일 표현 색감 모두 만족하다 고맙다존맛시부모 생신 지금 떡케이크 느낌 고급스럽다 가성 비 끝판 뮤아버지 순 케익 단호박 케익 정성껏정성 가득하다 작품이쁘다 당근 케이크 칭찬 기념일 여기 감동 최고가족 행사 항상 케잌 매일자몽 이드 어떻다 자몽 이드 자몽 이드 꼭 여기 식빵 여기 직접 용 조금 허겁지겁 정신 사진 완전 굿굿늘 정성껏 마음 가득 분 기쁘다 당근 케이크 여기 꼭 다른 못 빵 판 금방 속 당근 견과류 듬뿍 무조건 기념일 소소하다 작업실 제작 주변 이렇다 케익 어디 며 기분 짱 사케익 쿠 등등 디저트 맛집이쁘다가장 사르르 케잌 가족 모두 환호 감동 우유 생크림 빵 그냥 사르르 단맛 조절 종류 케잌 최고 어보 케잌 수수하다 멋 데코 정성스럽다 무엇 내외 환하다 미소 웃음소리 기분 케이크 강강추레밍 턴 맛집 미국 레밍 턴케익 맛집 알 케익 보고 엄마 마음 뒤 여기 만 케익 제작 다른 리뷰 사모님 짱 가격 저렴하다 팔면 정도 해 리 넉넉하다 여유 보통 전 연락 가장 항상 마음 정성 가득 제작우연 기회 일단 케익 포장 케익 크리스마스 케익 내외 케익 아주 자주 이용가끔 케익 제작 의뢰 항상 정성 다해 이쁘다 여기 코코넛 스무디 세상 케익 여기 고정 자주 이제크리스마스 케이크 초코 케이크 예약 케이크 퀄리티 다만 케이크 고정 핀 이동 중 케이크 속상하다 리뷰 케이크 고정 핀 제발이쁘다 귀엽다새롭다 알 동네 가깝다 케이크 쿠키 시구 신경축하 용 케이크 장식 재료 가격 착하다얼마 전 케익 반하다 이용 특별하다 날 특별하다 케이크 덕분 모두 행복하다 이용기념일 여기 케이크 항상 정성 세상최고 곱창자주 케익 최고정성스럽다 수제 케이크 가성 비 강추라떼 맛집 젤리 플라워 꽃 대신 선물 아이 젤리 모양 고 요소소하다 작업실 케이크 정성 진심 소중하다 위해 정성 껏 가격 착하다 미안하다 정도 케이크 맛집다른 이렇다 케이크 비싸다 이쁘다 가격 착하다아침 일찍 여짱 밋있어영단호박 케이크 자주 매번당근 케이크 떡케이크 기대공간 좁다 단호박 롤 케익마카롱선물 케익 원하다 날짜 사이즈 상담 완성 촬영 케익 달콤하다케익 먹기 아깝다 쿠기 고소하다 아이스 아메 여름내 선물 케익 아침 일찍 오픈한적하다 시원하다
169,카페 드 캄플랫,1760548415.0,휘 낭시 신제품 모카 휘 낭시 강 추하다 철관음 요 철관음 짱짱 지하 테이블 테이블 메인 명 이상은 렵 차라리 명 이상 회의 느낌 야외 테이블분위기 시끄럽다 유 향기도 굿 화장실 향기도 굿새롭다 카페인 줄 근처 식당 저녁 가깝다 중 알 취향 민트 컨셉 소품 감각 야외 테이블 날 운치 밤 치즈케이크 존맛매장 컨셉 확고하다 지하 공간 혼자 다른 세상 완전보 기대 공간 신기하다 인테리어 소품 계속 영상 멋있다 공간 레몬 컵케이크매장 다카 페인인테리어 짱 레몬 말차골목길 이쁘다 실화 쓴맛 고소하다 부드럽다 솔티 카라멜 라떼 야외 테이블 자리 조용하다 대화 날 날 인생 샷너 무 지하 그렇다 손님 깔끔하다 초록 초록 인테리어 최고 음료 밤 다음 젤예 완전오감 모두 만족하다 장소 카페인 충전 힐링 온라인 샴푸 컨디셔너 사용 걸 스토어 직접 느 자연 분 힐링캄 플랫 샴푸 트리트먼트 보고 신세계 경험 오프라인 겸 쇼룸 트리트먼트 최고 사서 디저트 직접 익숙하다 맘 옥수수 케이크 여러분 꼭민가 디저트 직접 판매 테라스 형식 야외 테이블 지하 공간 초록 초록 느낌 사진 찍기 공간망리 신상 분위기 이쁘다 향기도 디저트이렇다 까페 용 주스 밤 치즈케이크 쟌맛 핸드 워시새롭다 끼리 컨셉 특이하다 샴푸 트리트먼트 가게 컨셉 디저트 지하 자리 넓다 테이블 방향 냄새 조금 쎄다 새집 냄새 그렇다무조건 여기 여전하다 캄 플랫 최고아이스 아메리카노 시원하다 깔끔하다 외부 창문 공간공간 이쁘다 사진 찍기 라임 포도 이드 밤 케이크 오시 꼭 한번비 급하다 검색 온 분위기 음료처음 인테리어 분위기 사진 찍기 분 직원 고구마 휘 낭시 강추새롭다 오픈 분위기 미치다 여 푸릇푸릇 자체 힐링 용 여행 디저트모 구석 밤 크림 치즈 부드럽다 숭덩숭덩 뭐 밤맛 최고 알 두번째 다만 어젠 과도 사진 촬영 미용실 분 때문 초 힘들다 뿐 명예 주민 번창보물 인테리어 독보 이쁘다 사진 찍기 음료 케이크 레몬 케이크 머리 속 조만간 다시 예정 글구오늘 오픈 신상 캄플렛 샴푸 오픈 샴푸 힐링 완전 힐링 남 자칭 구 편하다 남자친구 어머님 드릴 샴푸 트리트먼트 구입 지금 오픈 프로모션 할인 사 장님 샴푸 계속 야하다 이제 샴푸 정착공 발견 이예 날씨 맑다 야외 테라스 분위기 유럽 감성 물씬 직원 편하다 지하 향기 공간 깜짝 어요 화장실 깨끗하다 핸드 워 시도 매장 제품 구비 사용 소비 욕구 재 의사 무조건바닐라 라떼 디저트 직원 다음케이크 야외 이쁘다 지하 넓다 공간분위기 젛 냄새푸릇푸릇 감성 깃발 보고 조용하다 분위기 차분하다 솔티드 라떼 화장실 핸드 워시 욥인테리어 멋있다 오 초록 초록 완전 취저힐링 신기하다제일 사진 초록색 러버 로써 체고 왜 이쁘다 연예인 줄 디저트 짱 남자친구 일 쌤 도 올래욤망리 깃발 눈 목도 축일 겸 레몬에이드 적당하다 달 공간 지하 지하 디자인 이쁘다 식물 색감 사진인테리어 미치다 인생 사진 음료 케익 직원 완전 매장 깔끔하다새롭다 공간 제품 판매 컨셉 통일 포토 존 편안하다 지하 공간 고가 높다 전혀 답답하다 자주분위기 사진 찍기 인테리어핫 신상 푸릇푸릇 인테리어 이쁘다 주민 무려 할인 해일단 동네 무려 깜놀 식물 인테리어 여기 그렇다 분위기 조명도 이쁘다 사진 찍기 분 딱이다케잌인테리어 자주 만족하다피나콜라다 요구르트 느띰 말차 라떼 분위기인테리어 이쁘다인테리어 분위기 깨끗하다 자주 이용망리 못 분위기 이쁘다 직원 음료저렴하다 괜찮다 신상 그렇다 깔끔하다 조용하다노무 잘먹넜습 해해우연 분위기 음료공간 트렌디 힙 카페인 강추자연 친 적 매장 인 테리쾌적하다 음식 기분새롭다 기웃 주민 할인 해 헤어 제품 판매 지하 식물 분위기 다음미치다 여기 알인테리어 깨끗하다 인터넷 샴푸 세트 직접 구매 장님 분위기 나중명 공부 거나 얘기 은은하다 우디 전체 색감 이쁘다직원 음료 처 레몬 케이크 담번 다른 디저트 깨끗하다 분위기 공간 연인 행복하다분위기 음료 맘처음 지하 분위기 편안하다 직원 기분무심코 구석 이쁘다 코 최고
170,카페초이,1686798640.0,구청 어딘가 이렇다 외관 내부 인테리어 멈머 위 배려 이동 가방 곤란하다 의자 웰컴 간식 강쥐 디저트 가격 말 안되다 근처 오시 은은하다 간접 조명 사진 노트북 업무 자리디카 페인 애용 음료 구성 다양하다 디저트 외 간편하다 샌드위치 베이글 일단 가깝다 작업 편하다 혼자 수다 오기 편안하다남자친구 한강 데이트 일부러 주차 편하다 음료 늘 알바생 잘생기다 늘 기분 아샷추 번창 기원비 날 춥다 잠깐 아늑하다 정갈하다 느낌 괜찮다 따뜻하다 아메리카노 잔 혼자 책 분위기 알바 분 기분 사시 동네 무엇디카 페인 라떼 혼자 오기 여럿 편안하다 음료 다양하다 디저트 쿠키 티타임 무엇 자주회원 정도 집앞 우리 강쥐 데리 공부 종종 오전 브런치 식사 겸 도 강강강 추 뭐 당연하다 공부 콘센트 자리 넉넉하다 노래 잔잔하다 딱이다 오래오래 번창날 춥다 잠깐 직원 분 마음 따뜻하다 기분 하루 마무리 알바 신지 못 해주시 직원 덕분 처음 요 항상 디저트 류 처음 역시 밥 배 뻔 양 분위기 직원 화가 남요 이번 재 의사근처 애견 동반 다해 테이크아웃 몇번 이용 적 매장 아늑하다 음료인테리어 이쁘다 분위기 강아지 간식 물 자리 마련 아주 자주콘센트 가기 여자 기분 아샷추 맛집 밀크 티 맛집 토마토주스 맛집 번창쿠키 분위기 가깝다 이제야 자주 예욤프렌치토스트 후기 보고 크림 못 꼭 번반려동물 동반 가능하다 바닐라 라떼 음료 분위기 직원 편하다가깝다 작업 종류 다양하다 쿠키 간단하다 푸드 시원하다 간혹 수다 떨기반려동물 근처 발견 우리 코기 빵주말 아이 와플 아이 주인 편하다조명 설레다 딸기 비 코 아메리카노 산미 부드럽다 조용하다 분위기 최고 재 의사 나중 다쿠아즈어제 토마토 쥬스 오늘 여기 프렌치토스트 다음 그것 분위기 듀 토마토쥬스 도 너므앞 매장 인테리어 주스 다음블루베리 요거트 색상음식 사랑 동생 댕댕 우리 모두 행복하다음료 디저트 모두 동네 근처 배달 가끔 항상 만족스럽다날 덥다 망고 요거트 스무디 프랜 치 토스트 달 시원하다 서비스 편안하다 분위기 자주고민 정도 퀄리티 설명 오늘 선택 완전 베스트 담 잔뜩 다쿠아즈 달 크림 느끼하다 엄마 자몽주스 칭찬 담휴대폰 사진 못 조명 인테리어 특이하다 맥주 판매 디저트 깜짝 정수기 비치 물 마시기 부담 청결하다 책장 마련 좌석 편하다 포근하다 보 의사친구 친구 댕댕 데리 강아지 입장 가능하다 직원 인테리어토스트 직원 훈남 춥다 그냥 분위기 조용하다 분위기모닝 샌드위치 매우 가성 비 점심 저녁 해먹 의지 자주 저녁 가면 동네 주민 분 귀엽다 반려견 친구 볼 동물 프렌들리만 여전하다가깝다 다양하다분위기 감성 느낌 강아지 출입 가능하다 고해 담 강쥐급 라떼 근처 라떼 라떼 은근 적당하다 달달 고소하다 취향두번째 재 오늘 덕 우리 펩시 잔뜩 습 당 물 그릇 고구마 고구마 말랭이 줄 개이득 그렇다 도 펩시 고구마 말랭이 저번 고구마 오늘 아침 저번 초코 라떼아메리카노 스탈 자주 가요 만족스럽다 직원조용하다 자리 콘센트 의자 편하다 책길가 발견 카야 토스트 다른 버터 부드럽다 고소하다 분위기 가격 착하다 앞 종종 듯 해청귤 스무디 강아지 계 신분 이면 완전강아지 데리 산책 용 단골 아영토스트 바로 굽굽 애기 데리 쾌적하다 진하다 동네 이렇다매장 자주 이용 맛집 아샷추 흔하다 시럽 아샷추 완전 진하다 용 아이스티 조화 완벽하다분위기 디저트 음료자주 단골 만 혼자 둑 토스트 고민 스페셜 토스트 세심 감동 편안하다딸기 바나나 착즙 주스 판매 얼른 변경 사과 당근 주스 물이 설탕 시럽 단 방울 데 달달 몸 은 완전 만족 다음 다른 착즙 주스 단골 예약품질 찰 토마토 분명하다 주스 쫀득하 건강 에듀 항산화 징 편안하다 숩 감사 해대형견 견주 애견 빠꾸 한적 환영 강아지 물 필요하다 물 그릇 시 원한 정수 물 강아지 용 고구마 말랭이 도 서비스 도보 거리 애기 산책 무조건 여기 듯 산책 훈련 산책 힘들다 오픈 덕분 펩시 편하다 우리 펩시 고구집앞 분위기 자주디저트 애견 동반 산책 편하다 강아지우리 근처 이렇다 이쁘다 분위기 바닐라 라떼 크림 치즈 베이글 강추레인보우 케이크 쫀맛 용 여기 강 추하다토스트 무엇 키즈 프렌 리해 아기 소리 담 브런치 번창별로 주스 이드 선호 주스 이드 과일 생 과일 직접 에이 청 직접 이야기 와플 겉바촉촉 고소하다 특 크림 최고 느끼하다 달달 고소하다 크림일반 동네 찾기 힘드다 수준 요 자주보고 직접 용 음료 앞 자주강아지 발견 비 날 운치 커피한잔카야 토스트여기 스무디 바보근처 가끔동네 분위기 초코 약간 비싸다 초코 자주전부분위기 디저트 디저트 디저트 종류 직원 기분직접 듯 딸기 청 역시 인공 덜하다 앞 자주샐러드 빵 미치다 여러분 샐러드 빵 꼭 미치다디카 페인 똑같다 카페인 못 카페인 러버 테 빛과 소금 꼭 초이귀엽다 소품 아기자기 산미근처 애견 동반 가능하다 주차 가능하다 자마자 강아지 와플 인테리어 근처자주 분위기 다양하다 디저트 아이 오기 아늑하다 분위기가게 자바 칩 초코 담꼬소 요 쿠키 이벤트 인테리어 이쁘다 요즘 번가 중아기자기하다 사과 케일 주스 착즙 꿀떡 꿀떡 상큼 건강하다 애견 동반 가능 애정 다른 음료 재 번창사진 찍기 깔끔하다 인테리어 무엇 작업 수다 떨기 다른 친구먼저 여기 도리 산미 싫다 주민 디카 페인 산미 좀 깊다 남미 요거트 무디 그냥 거기 좀 이인 콤 달달 부드럽다 시원하다 골 요거르 리모닝 샌드위치 가볍다 먹기 아이스티 좌석 편하다 인테리어 이쁘다엄마 본집 근처 청귤 이드 제청 봣 스탈집앞 여기 토스트 베이글 뉴 오늘 프렌치토스트 크림 치즈 자극 토스트 빵 부분 적당하다 식감맛집 간만처음 와밨는데 음료과일 느낌 덴 가끔 인조 확실하다 과일 직접 간 느낌 드네용 자주상큼 달달카페인 슬프다 디카 페인 변경 달 무 카페인 티 종류 설명 자주친구 매장 직원 다음 친구 가기업무 차 한잔 전체 만족스럽다 데 볼 디저트 설탕 아예 착즙주 눈치 편하다 글 화장실 깨끗 자주동네 편하다 테라스 자리직원 언니 덜 출근 도장 중 강아지 실내 입장 쌉가넝 고구마 간식 주시 전용 물 그릇 애 카인 듯 프리쉬 안되다 애카 낌 우리 강아지 산책 가면 앞 몬해 음식 존맛 혜자 음료 존맛 혜자 어떻다 우리 돈 버세 안대 가끔 앞 진아메리카노 분위기 편안하다 휴일 줄집앞 새롭다 분위기친구 근처 공간 쾌적하다 음료 화장실아인 슈페 너 말차 아인 슈페 너 궁금하다 역시 위 웅큼 크림 진국 요 속세 말 차도 진하다 느끼하다적 매번 엔젤 링 크레마 산미분위기 매장 깨끗하다 자주원두 신선하다 느낌 디카 페인 자주디카 페인 음료 도 가끔 음료 요강아지 간식 주시 왕 용사라다 빵 돌이 왜 용 사라다 빵빵 최고 가요 아쉽다 요 듯항상 기억 자주 과외주변 음료 종류 디저트 화살 실 실내 깨끗하다 호감 상승 여기 맥주 류 다음 저녁 맥주분위기 아샷추 아인 슈페 너부드럽다항상 음료 베이커리 역시 섬세하다 신경 음식첫 분명 와이파이 비번 대문자 대문자 자꾸 안되다 직원 번 데 안되다 보고 약간 기분 나쁘다 소문자 대문자 누가 소문자 칩 처음 소문자 이렇다 일도 기분 안좋다 상태 억지로 인테리어 오늘 세번 직원 주음료 강아지 위 간식동네 제일 자주 요 재 랍 초이 디카 페인집앞 새롭다 무척 프렌치토스트 어어 무 스타일 가깝다 종종상큼 인테리어 멋지다 친구 토스트 다시산책오픈 뒤 거의 매일 애견 동반 가능하다 귀엽다 댕댕 인테리어 세련 동네 가깝다 접근성 번창아뭬 리 카노 인생 씁쓸하다강아지 연속 중 음식 개존맛 음료디저트 음료 종류 다양하다 유수지 동네 까페 발견 강아지 동반 산책 중간 기도 분위기 아늑하다 자주근처 이렇다 행복 아침 슬슬 브런치 토스트 비 구경 남자 토스트 모닝 빵 말 모말 모 잔잔하다 음악 차분하다 분위기 멍 듯
171,뇽뇽마카롱,37879865.0,디저트 보기 힘드다 인절미 마카롱 인절미 가루 가득 입 물어 도 입안 살살 팬 디저트 다음 경기장날씨 날 생 과일 빙수 초콜릿 포장 공원 빙수 배달 자주 건 알 초콜릿 순간 손 다시 가게 아른 거렸던 코코넛 일과 아몬드 일 바로 개봉 야무지다 빙수 맛집 디저트 맛집 시럽 절 여진 빙수 노 디저트 노 적당하다 연유 시럽 달달 과일 부드럽다 우유머랭 쿠키 진짜진짜 최고 코코넛 일도마카롱 종종 제철 딸기 빙수 엄지 척망고 빙수마카롱 진심굿마카롱마카롱 년 서비스 주신 머랭 최고적당하다 괜찮다얼그레이 레몬 쿠키 레몬 상큼 함 얼그레이 은은하다 조화 딱이다 소금 바닐라 인절미 마카롱쿠키자주소금 바닐라 마카롱마카롱 좀 비싸다사진 속 쿠키 구매 쿠키 종류 다양하다 입오늘 마카롱 코코넛 일 항상 변하다 유지 다른 움 과자 신제품 꾸준하다 번창비싸다딸기 요거트 마카롱카롱 간만 기존 쿠키 휘 낭시 몇 옴 원래군데 마카롱 뇽뇽 마카롱 으뜸 임마카롱 말 일 아몬드 일 꼭 야하다 두봉 후회 박스 쟁여자주디저트포장 가능 쿠키 여러분 존맛 여기 왜 사진 존맛 티라미수 쿠키 존맛 가운데 크림 치즈 한강 공원 길목 위치여기 빙수 딸기 빙수 굿소금 크림 브륄레 딸기 다쿠아즈 최애 짜증 단쿠키 처음 여름 종종 녹차 빙수 빙수 디저트 맛집딸기 빙수 유유 얼음 딸기 조림 딸기 마카롱 순수 딸기 러버 위 빙수가성 비도 쫀득해 기분 솔티 바닐라 짠맛 단맛 바닐라 아쉽다블랙 마카 미아 쿠키 촉촉하다 끝판머랭 마카롱 맛집설명 블랙 마카 미아 쿠키마카롱 원래 블랙 마카 미아 다음 걸마카롱 종류 가격 대도 생각 비싸다가성 비 마카롱 가게가격굿가격 착하다마카롱달달머랭 쿠키 맛집마카롱 딸기 생크림 케이크 제일 양도 용기 테이크아웃 편리하다마카롱마카롱 다음 케익 다쿠아즈 매우항상굿굿굿마카롱 뇽뇽 마카롱 마카롱 은근 다른 분 리뷰 보 다음 다른 디저트냄새 환장하다굿마카롱동네 마카롱선물친구 선물 기억 구매 황 치즈 마카롱뇽뇽 마카롱 가격 저렴하다 소금 바닐라 인절미 좋아욤굿임굿굿굿마카롱 맛남굿프레첼 머랭마카롱 휘 낭시마카롱마카롱아이 햐굿굿마카롱 자주 만 오 초콜렛 새롭다 용 과일 콤 초콜렛 달콤하다굿마카롱황 치즈 마카롱 존맛꼬 쫀득 꼬끄 생각 그냥 바삭 과자 감 아쉽다지난번 딸기 프레지 이번 망드 쇼콜라재료 다양하다 선물 도뇽뇽마카롱 케이크 평범하다마카롱수능 선물 가격 적당요마카롱 머랭 쿠키 자주매장 크기 작다 마카롱가격 포장 케이스 아쉽다달콤하다 유 산소마카롱 통통하다 요 돼지 바 복숭아 등 다양하다 선택 폭도 넓다굿
172,다도살롱 초록달 3호점,1204473060.0,
173,꽈대표,1655345304.0,꽤 배기 맛집꽈배기 쫄깃하 찹쌀 도너츠 굿꽈배기 도너츠 모두역시 도나 츠 깃꽈배기 도너츠 핫도그쫄깃기름 냄새 쫄깃쫄깃 핫도그 꽈배기 순위사진 없넹 찹쌀 도너츠 이집 진짜진짜 크림 치즈 팥찌 진짜진짜 가끔찹쌀 꽈배기 언제도너츠 핫도그휴일 오픈 구매 카레 게살 고로케핫도그 팥 도너츠굿번 매번 구매 품목 찹쌀 꽈배기 핫도그꽈배기 근무 분 모두깔끔하다 달달찹쌀 도넛 고로케 등 종류 다양하다 세트 판매 가격 저렴하다찰쌀로맹근꽈배기 가성 비도 훌륭하다 생각 찹쌀 도너츠 겉바 촉 닷굿굿갓 꽈배기 고로케 도너츠 꽈배기 도너츠 겉 설탕 무 선택굿굿자주 도넛 가게 소화도굿꽈배기 치즈볼 전부 꽈배기 담백하다도너츠꽈 대표 제일 마이 쪙유명하다 꽈배기 꽈배기 팥 나스 찹쌀 나스 의외 팥 나스 갈라고명물 꽈배기 가게 도너츠꽈배기 도나 맛집 찹쌀 도넛 팥찌 팥 도너츠 팥 팥 앙금 부드럽다 크림 치즈 오묘하다 요꽈배기굳다핫도그애용고로케 여기 최 곱다 가요꽈배기 깃김치 고로케 팥 도넛 츠 최고 도넛 팥 앙금 치즈볼 고소하다 순삭 반죽 전반 고소하다 너 무 기름 지지 물리 가성 비 도넛 맛집굿굿굿요만족요굿요 기름 좀 옥수수 요굿찹쌀 도넛굿굿요치즈볼굿굿굿꼭 핫도그 찹쌀 꽈배기 버릇왜 이제 고로케 꽈배기 도너츠 실패친절굿굿여기 자주 치즈볼굿쫄깃쫄깃 요요이제껏 꽈배기 최고
174,Hola Cafe,37463738.0,코코넛 라떼 모임조용하다카공어픈했을때 콘센트 창문 방향 인 좌석 조용하다 공부 테이블 좌석 얘기자주 조용하다분위기스터디 프리 칼 를 반갑다독특하다 분위기 위치조용하다 분위기 대화 룸 모임 적합하다 깨끗하다혼자 책 가기카공 가장굿넓다 괜찮다공부 코코넛 라떼외국 시라 런가 국적 소품 좀 심 단체 회의 룸 담요 물품 공부 화장실 깨끗하다 유리창 커서 저녁 가면 나름 운치테이블 튼튼하다 넓다 조용하다음료 가게 넓다 왜 노트북 공부 수다 떨기 눈치 보임 의자 끼긱 소리조 요공부스터디 룸공부 분위기시 원한 라떼 잔 책 작업 공간 콘센트 사방 음악 적당하다 스터디 딱이다조용하다 스터디
175,게뜨망하우스,1083933665.0,외관 신상 브런치 이탈리안 레스토랑 층층 아늑하다 엔틱 분위기 인테리어 구경 재미 다양하다 공간 음식 다음 디저트분위기 음식 모든 부라타 치즈 샐러드 바질 콤 거나 부담 러움 깔끔하다 치즈 과일 샐러드 새우 무화과 크림 치즈 마 스키 포 치즈 새우 담백하다 식사 분 트러플 파스타 트러플 진하다 크림 더치커피 크림 라데 류알록달록하다 건물 브런치 부드럽다 쫄깃 식감 바게뜨 활용 샌드위치 파스타 판매 다른 인테리어 공간 옥상 망 사진 찍 포토 존 준비 사진 찍기새롭다 브런치 겸 레스토랑 건물 이쁘다 분위기 직원 분 음식 다음 프렌치 토스트 한잔 생각인테리어 음악 러블리함 가득하다 상큼 눈 만다린 덕분 입맛 돋궈올리 처 메뉴인 새우 무화과 크림 치즈 그릴 치킨 바질 리조또 새우 무화과 크림 바게트 새우 조합 다음 연어 과카 몰리 뜨랑 파스타신상 브런치 레스토랑 걸 인스타 구경 오픈 기간 매장 컨셉 아기자기하다 프랑스 브런치 요리 망 대접 기분 매장 구석 공간 굿 구경 망리 나들이 일 번 보시 기면 오픈 기념 리뷰 이벤트 망 머그잔트러플 파스타 꼭 유럽 트러플 파스타 트러플 망은 오픈 이벤트 주신 만다린 망 미치다 망 바게트 정도 부드럽다 브라운 치즈 자네도 분위기 핫 당분간 트러플 만다린 망 브라운 치즈 자네골목 귀엽다 회사 근처 점심시간 호다닥 공간 특이하다 윗 자리 잡 음식 바게뜨 전문 빵 건가 바게뜨 베이스 레스토랑 파스타 덕 전부 종류 별로 보고 오픈 샌드위치 사진 덤 랄 음식트러플 머쉬룸 리조또 파스타 메인 파스타 원하다 만족하다 매장 앞 크리스마스 트리 노래 오픈 서비스 무화과 후식 다음 면 그땐 꼭 와인속 유럽 엄마 모시 인테리어 음식 만족 재 의사 크리스마스 분위기만 맛집 요 처 하몽 부라타 핫 그릴 친구 가족 위로 오기 수프 바게뜨 컨셉 확실하다 지금 보 새롭다첫 분위기 아늑하다 편안하다 이야기 이드 잔 디저트 눈 번 입 번 사진 번음악 크리스마스 분위기 리조또 파스타 양송이 스프매장 금 인테리어 이쁘다 브런치 주력 진심 조합 나용 더치 기본 티시 잔 쁘구 욥이제 연말 모임 시작 소중하다 데리 맛집 바게뜨 전문 레스토랑 마침 예약 날 오픈 첫 날 인 대박 우리 네 명 전부 바게뜨 라면 지구 끝 바 여기 바게뜨 일단 쫄깃해 합격 다양 바게뜨 여러 각각 네 등분 모양 흐트러져 좀 아쉽다 다음 번 인 바게뜨 샌드 위분위기 인테리어 뮤 직원 음식 새우 무화과 크림 최고 오 키 워드 아쉽다아늑하다 완전 연말 분위기 크리스마스 망 아저씨 깃발 귀엽다 일단 음식 바게트 위 새우 소스 재료 조화 미치다 단호박 프렌치토스트 따끈하다 보드랍다 고 담백하다 대안 하몽 샐러드 싱그럽다 고소하다 최고 베스트 음식 정 힘들다 정도골목 가게 듯 직원 음식 만족스럽다 다음 데이트아웃 테리어 인테리어 굿굿 동화 속 친절 청결 완벽하다 강아지 완죤 완전 강추분위기 미술관 유럽 여행 온 입 눈 즐겁다 망 하우스분위기 직원 무엇 음식 새우 무화과 크림 치즈 완전 취향 자격 왜 처 알새롭다 오픈 분위기 매장 처음 기분 파스타 리조또 자몽 이드 다음 보고오픈 전 미리 검색 오픈 바로 오늘 일단 음식 직원 완전 매장 분위기 회사 근처 자주센스 위트 넘치다 인테리어 가성 비 음식 가득하다 망하다 계단 타일 신경 모습 직업병 아주 기분 경험 만 공간 처음 뭐 뭘 바게트 덥다 자칫 바게트 눅눅하다 음식 빠르다 바 게트 그렇다 속도 든든하다 가성 비 넘치다 끼 경험 맛집 리스트브런치 와인 반하다 장소 워낙 와인 터 근처 와인 제공 이제 그렇다 고민 홀 와인 할인 포장 할인 앞 자주 이용골목 눈 이쁘다 건물 바게트 샌드위치 가게 이쁘다 소품 따뜻하다 느낌 실제 도 음식 이쁘다 회사 가깝다 자주 점심포근하다 분위기 인테리어 테이블 연말 모임 좋읗 옆 테이블 냄새 다음 번 음식 보고새롭다 오픈 점심 회식 명 단체 테이블 예약 조용하다 이용 파스타 바게트 이용 디저트 딸기 블루베리 생 과일 다음 저녁 와인 이용가게 이름 외관 생각 음식 재료 신선하다 깔끔하다 분위기 아늑하다음식 분위기 가성 비도 직원 공간 외국 주택 느낌신선하다 아주 꼭 가세 아아 앞 트리 귀엽다 깜찍하다 비밀남자친구 급하다 브런치 직원 인테리어 이쁘다 음식 연말아기자기하다 분위기 브런치넓다 분위기 바질 리조또 트러플 파스타트러플 파스타 제발 요 향기 가득하다 맛집 걸 정말루 트러플 파스타인테리어 귀엽다 샌드위치 가요귀엽다 와인 마시기 친구 데이트 짱분위기 갑 차 종류 담 생각인생 맛집 얼마 안되다 음식 강 추강 추연말 모임 장소 도 제격 트러플 파스타 존맛 유점심시간 산책 공사 보고 꼭 생각 갑자기 직원 분위기 아늑하다 파스타 다음 요리분위기 브런치 별로공사 일 건물 오픈 이제야 내부 깔끔하다 직원 샌드위치 종류 신기하다 핫 그릴 치킨 샌드위치 고수 별로 불구공간 컨셉 공간 누군가 초대 다음 와이프인테리어 음식 재 의사 가득인테리어 연말 데이트 모임 장소음식 분위기건물 눈 확 음식 트러플 머쉬룸 파스타 건물 외관 내부 인테리어 도 사진 무조건 맘 데이트 소로 굿굿공간 깔끔하다 기분요새 브런치 간 비주 건물 전체 망 하우스 사진 찍기 인테리어만 친구 맛집 찾기 성공하다 인테리어 이쁘다 음식 걸 과카 처음 요리 기대하다 다음 친구새롭다 아늑하다 분위기 조용하다오픈 한지 안되다 신상 브런치 레스토랑 연인 데이트 트러플 머쉬룸 파스타직원 분 새우 무화과 크림 여기 꼭 제발 오식당 분위기 아늑하다 괜찮다분위기 음식 직원 새롭다 강츄합정신 한장분위기그냥 양 금액 조금 어떻다 생각 드친구 최공트러플 파스타 요리 전체 무엇 사진 이쁘다 데이트 딱이다 남친 여기 꼭 여친 무조건 성공분위기분위기 음식가게 분위기 차분하다 공간 포장 이용 다음 매장 보고 직원 분음식 기분 분위기 데이트 장소 모임 등 강추이쁘다 매장 커서 전혀 답답 그렇다뭐 부탁드리다 하몽 부라타 치즈 마쉿 후루룩 피클딸기 치즈 크림 라떼 외부 파리 온 직원 분분위기 따뜻하다 조용하다 이야기외관 인테리어 특별하다 음식 세심 손길 아늑하다 포근하다 매장 하루 종일 자주
176,브릴랜드,1946364324.0,친하다 후배 생일 고민 케익 반응 케익 이쁘다 케익 온 픽업 설명 포장 꼼꼼하다 이번 크리스마스브라 덜 샤워 케이크 실물 이쁘다 버터크림 단단하다 라즈베리 버터크림 느끼하다 괜찮다 담 기념일꽃 엄마 위해 이번 생신 케이크 특별하다 브 릴랜드 엄마 취향 세심 상담 업 수월하다 엄마 행복하다 제작 내년 생신 부탁드리다케이크 이쁘다 만족하다 특별하다 선물 다음크림 일반 케잌 달라 디쟈 말 뭐 선물 특별하다 하루 행복하다선물 용 성공 기쁘다 기념일 자주여자친구 생일 기념 케이크 최고 여자친구 먹기 아깝다 정도 입 무엇 케이크 다음 기념일 구매 이쁘다 말 계속 부족하다 정도 최고 기념일 케이크
177,요기요거,1490419398.0,블루 루루 블루베리 요 다음 용량 가격 생각근처 요거트 오늘 요 럼블 늘 비건 굿굿아이 기 포장 빵 사서 내일 아침 발라 먹기 바로합정 상수 그릭 요거트 족족 요기 거만하다 덕 산미 적당하다 신기하다 요기 거의 요거트 질감 기본 적 보통 막상 다른 요기 거만만 일일 요거트 점심 도시락 멤버 요거트 바 여름 찰떡 레몬 피치 피치 멜로 니아 중독복숭아 요거트 요거트 럼블 처음 좀먹기 매우 협소 가면 거의 품절 원하다 일찍 가시 테이크아웃 편하다플레인 밀크 티 그릭 파인애플 서비스 파인애플 상큼 플레인 덕 데 포슬 질감 부드럽다 운 퍽퍽 덕함 뚜껑 자마자 고소하다 냄새 살짝 시큼하다 해 정도 애교 빵 발라 꿀 밀크 티 얼그레이 대중 얼그레이 밀크 티 나름 향기 좀더 상블루베리 요거트 이번 퀵 지난번 럼블 쟌맛탱 요 환상 조합 회사 담가게 인스타 팔로우 한지 기회 요거트 덕 마감 몇개 서비스처음 서비스 파인애플 밀크 티맛 다음 파인애플 요 자주조카 그릭 요거트 달라 부탁 황 치즈 럼블 다음다이어트 기간 픽업 요거트 잔뜩 구매 요거트 말 뭐저번 요거트 거리 도착 요그릭 요거트 급 강남 퀵 회 사칭 구들 먹음 포장 꼼꼼하다 역시 존맛 퀵비 아깝다 레놀라 꿀 필수 임 원픽 블루베리날 화창하다 입맛 황 치즈 크롬 블 저녁 확정 치즈 옥수수 끼 충분하다덕 재미크리스마스 에디 션 가깝다 선물 부담 그릭 요거트 중 탑두유 그릭 요거트 구매딸기 달콤 달콤하다 냄새 겨울 요거트 차갑다 완전 초코 아이스크림요거트 수제꿀 서비스 요거트여기크리스마스 시즌 앙증맞다 기엽슴 먹기 아깝다 얼렁요거트 나옹늘요거트 해 블루베리 밀크 티 요거트 강추그릭 요거트 비건 그릭신제품 쵸코 바닐라처음 그릭 요거트 한스 쿱 비싸다 생각 전혀 오늘 거볼 제철 과일 신선하다 종류 다양하다 습 당 과일 손질 손 과일 꼭꼭 왕 친절 그릭 요거트 워낙 덕 통밀 비스킷 든든하다 끼 완벽하다 달달 꼬소꾸 덕 바삭 신선 다해 다해그릭 요거트 항상 그릭 요거트 편 여기 그릭 요거트 덕어쩌 망고 쵸바쵸 바볼 초코 매니아 저격 글거 멜로 니아 기 맥힘 여름 아이스크림 훨 건강하다 요거트그릭 요거트 중 여기 젤고소하다 덕 한편 포슬 덕 찰지다 느낌 여 요분위기덕그릭 요거트 가끔처음 가도 단골 듯 친절앞 가끔 사 네이버 오늘 핫 막 오픈 요거트 다양하다 하니 자주주말 요거트 플렉스 그릭 요거트 여기 티라미수 민초 완죤 럽럽플레인 주로 파인애플 밤 토핑 추가전 장가 요기 볼 보고 정착 이번 아이 방학 간식 려고 쟁 고자 네이버 픽업 건강하다 간식 배부르다 간식 애플 시나몬 위해 빵위 발라 시판 확실하다 다르다 양도 주시 건강하다 간식 해배달 지역 애 쟁 구경 도하 고요 배달 지역 애 매일 습 핫 정도 계속 번창존맛 첫 이후 꼭 파인애플 가장 알밤 요거트 꿀 조금 달달 앞 자주 예정편안 해해최애 요거트 지도 완전 덕 요거트 최고 기분 가게 요최애 요거트 맛집 매번요거트 시지 고소하다 덕 요거트 가끔 민트 요거트 아이스크림 줄 강추최애 그릭 요거트요기 이제 네이버 행복하다 번창자주 요거트 맛집 요거트 밀크 티 진하다 딸기 요거트 크리스마스 선물 분자주 플레인 조합 꿀맛 하루 한번 통 사도 일주일 번은 동네 계속정성 귀하다 수제 요거트 밀크 티 소중하다 단골 요거트 밀크 티 최고 임그릭 요거트 처음 단골 식 든든하다 이도 아빠고급 요거트 아침 저녁 가볍다 먹기 자주 쟁여 아기자기 귀엽다 공간 계시 꼭그릭 요거트 정착 요거트 모로 기분 오늘 처음 산딸기 치즈 요거트요거트 달 요덕 고소하다 부드럽다 아주 만족스럽다 과일 시리얼 간단하다 끼 도 아주 둔하다 최애 그릭 요거트 등 담 다른 구매예전 다른 수제 요거트 그때 가격 대비 그냥 그렇다 뒤 근처 전집 가격 저렴하다 여기 자주 요거트 꼭 한번덕 그릭 요거트 제대로 여러가지 그렇다 수제 영 만족가게 애플 시나몬 애플파이 시나몬 시나몬 강추밤 그릭 요거트 맘덕 플레인 그릭 요거트 이번 무화과 고소 고소익 지금 만수무강그릭 요거트 다르다 스타일리다 군데 여기 존맛 가격 맘에듬만 덕함 고소하다 역시 몸 여유 느낌 다이어트 역시 요거트발견 맛집 새롭다 뭐 덴 그릭 요거트 덕 질감 과일 어간 완전 상큼 원픽 파인애플 그릭 아주 가깝다 일치 쟁그릭 요거트 건강하다 그렇다 꿀 살짝 다이어트 끼 식사 굿 밀크 티 최애 진하다 다음 날 담정성 수제 요거트 그릭 요거트 드링킹 요거트 식감 목 넘김 어무 그냥 꿀 직접 우시 시나몬 그렇다 완전 강 추하다 자주무화과 시즌 처음 콤달콤 무화과 달콤하다 요거트 부드럽다 시즌 전 자주우유 부드럽다 신맛 덕 포슬 질감 자주꿀 추가 좀 작다요거트 맛집 꼭 밀크 티 정성그릭 요거트 비싸다 자주영수증 리뷰 줄 오픈 한지 얼마 안되다 신상 맛집 공유 돈 산 리뷰 체리 그릭 번 세번 말 필요 그릭 요거트 진심 듯요거트 끝내주다양요거트 플레인 덕 고소하다 크림 치즈 대신 빵 발라 와이프 블루베리 요거트 달요즘 최애 그릭 요거트 맛집 플레인 덕 블루베리 적당하다 달콤 밀크 티 맛집 밍밍 일도 상세 해요거트 요기 그릭 요거트 꼭쪼큼 세콤 바 덕 수제 요거트 손가락 듬 레놀라 완전 존맛그릭 요거트 맛집완전 밤 완전 부드럽다밤 그릭 요거트 개인 최애 이집 즌쯔플레인 세상 덕 꿀 아몬드 쉐킷하 핵맛요거트 기분요거트 신선하다 맛존맛 오지블루베리 그릭 요거트 밤 그릭 요거트 적당하다 다도 덕함 부드러움 정성 다이어트 최고 앞 쭈욱 번창 바 요그릭 요거트화장실 고민 방 별그릭 요거트 꿀 밀크 티 완전요거트
178,더스피릿룸,1403307689.0,저번 분위기 이번 친구 다시 골목 감성 제대로 요 요즘 날씨 시원하다 테라스 한잔 인테리어 파랑 파랑 사진 친구 화하다 일단 망리 가면 꼭 단골어째서 선택 요 위치 풍경 분위기 노래 인테리어 디저트 고소하다 간단하다 작업 자주스피릿 룸 처 라떼 번 음악 힙 디저트 말 시 기분 커피한잔 다음골목 푸른 하늘 바다 골목 궁금하다 아메리카노 크루아상 그냥 파란색 보이 꼭 분위기 깡패스피릿 룸 휴일 아침 오픈 하자 마자 국내 해외 분위기 음악 선곡 아침 기분 하루 에그타르트 크루 상도 진짜진짜분위기 장난 새롭다 발견 초코 머핀 쵝 오입 니 처 라떼 다른 흔하다 느낌 조용하다 주택가 바람 솔솔 자리 만 힐링 바리 친구 얘 앞 단골 대요 짱 재 의사 백프로망리 인테리어 가성 비도 탈 사진 거지 성 화이트 쨍 딥블루 다크 우드 공간 훈훈하다 좀 정돈 금세 핫 길목 표 판이 좀만 만난 친구 신상 깨끗하다 인테리어 마음 리 뷰 친구 노래 난리 난리 시절 성 선곡 센스 디저트 강 추하다 만 기분 다음분위기 취저 망원역 근처 중 제일 이쁘다 빈티 느낌 베이커리 류 음료 크루 상 젤라또 완전 고용 매장 넓다 크루 상 꼭 무조건 야하다만 골목 골목 구경 골목 포스터 느낌 포스터 보고 가게 덥다 일단 인테리어 이쁘다 매장 시원하다 블루 컬러 포인트 시원하다 깔끔하다 요 쓴맛 깔끔하다 마시기 편하다 기쁘다 다른 분 꼭훈훈하다 인테리어 센스 기분 사진 맛집 거기 음료 최고 젤라또 크루아상 번 필터분위기 조용하다 힙해 창가처 스피릿 크림 라떼 젤라또 크루아상 선곡 센스 최고 분위기 여기 노래 작업 딱이다 용망리 좁다 골목 아늑하다 스피릿 룸 미국 바이브 디저트 저녁 와인 골목길 좁다 골목 입구 남색 스피릿 룸 포스터음료 전 낮 밤 오니 분위기 성분위기 저녁 점심 번 온 리뷰 노래 선곡 맛남 저녁 와인 바로 변하다 분위기 맛집 친구 모임 거나 연인 오기매장 이쁘다오픈 기간 완벽하다 인테리어 완벽하다 안주 훈남 와인 더욱 완벽하다 밤 간단하다 차 차로 매우조용하다 골목길 건물 한가롭다 분위기 취할 멋지다 스피릿 크림 라떼 크림 위 가루 크림 입 신세계 크림 음악 사랑애견 강아지 데리 가게 이쁘다 궁필터 골목 조용하다 집중 아지트 단골새롭다 궁금하다 미국 빈티 감성 곳곳 포토 존 저녁 와인 분위기매장 깔끔하다 인테리어 감각 무엇 힙 무조건 여기 다음 와인새롭다 오픈 친구 깔끔하다 빈티 인테리어 이쁘다 친구 젤라또 크루아상 진짜진짜 다음사진 얘기 다음 땐 저녁 와인 맥주 디쉬 기념일 분위기 내기근처 푯말 분위기 노래 코 디저트 저녁 분위기매장 분위기 이렇다 소듕 오픈 런깨끗하다 핫 백종원 대표 감탄
179,투고벅스,1042979677.0,분위기 펍 겸 저희 하이 볼 들깨 크림 라야 가격 저렴하다 오픈 칵테일 요리 보 재밌다 인테리어 잔잔하다 분위기 얘기 즐겁다 데이트 왓슴미하이 볼 맛집 분위기 가성 비 대박 투고 벅스 하이 볼 무엇 술 종류 다양하다 재미 톡톡하다 하이 볼 일단 포 따뜻하다 분위기 가성 비 이유 들깨 크림 가라아게 흔하다 고소하다 입맛 수제비 들깨 독특하다 하이어린이집 골목 다양하다 음료 가게 아이 잠시 초코 라떼 블루 레몬에이드 식혜 잠시 골목 안이 조용하다 아늑하다 낮 하이 볼 음료 가볍다 수다하이 볼 종류 다양하다 음식 판매 음식 하이 볼 맛집 직원 분위기 술집 루 최고술집 투고 벅스 매장 분위기 아늑하다 음악 음식 음료수 컵 눈 호강 데이트 담 옹맛집 발견 하이 볼 종류 무엇 안주 자꾸 매장 꼭 캠핑 느낌 조만간스탠바이 미고 불멍 감 바스 새우 토실하다 하이 볼가성 비 술집 하이 볼 등 주류 다양하다 안주 감 바스 마싰어 요리 맛집 듯 자꾸 친구 즐겁다매장 굉장하다 깔끔하다 음식 맛집다양하다 하이 볼 즐겁다 안주 깔끔하다 나중 매장 서비스 스탠리 잔 완전 센스 시원하다 그대로 유지 친구 대화 깔끔하다 친구 수다 떨기 장소달달 바닐라 라떼 매장 스텐리 텀블러 잔 시원하다 유지 분위기 굿 굿하이 볼 테이크아웃 처음 하이 볼 테이크아웃 친구 하이 볼 포장 핑꾸핑꾸 완전 취향 저격 팁 테이크 아웃 한번 그렇다하이 볼 가격 행복하다 새롭다 하이 볼 분위기 조용하다 자주 오래오래 장사 다음 남자친구 데리하이 볼 크롬 바 생맥주 가성 비 갑 분위기일가 분위기 용 하이 볼 테이크아웃 나중 단골술 안주 모두 만족 반려견 동반 플레이 리스트 혼술들깨 치킨 가라아게 고소하다 떡 다음 다른 안주안주 분위기 덕분 기분 취해 지인 기분 자주 즐겁다하이 볼 비율 오 분위기 남자친구 즐겁다투고 볼 종 종 칵테일 투고 볼 가볍다 기분 분위기 내기 술집 하이 볼 테이크아웃 싱기방 기 오늘 넌 최애가성 비 기대 깜짝 다양하다 하이 볼 안주 분위기 프라이 빗 고급 지니 더하다 나위컵 깨끗하다 레몬 신선하다 하이 볼 재료 신선하다 알한강 강렬하다 간판 보고 홀리 듯 만난 짱짱 술집 하이 볼 둘하이 볼 테이크아웃 자주하이 볼 테이크아웃 남자친구 색다르다 가성 비도 한번 꼭하이 볼 제일 친구 안주 또한 다음 여자친구 꼭 재 예정 번창분위기 데이트 다음기분 자주 번창하이 볼 굿 남자친구 한번 가성 비 강력이전 못 하이 볼맛 오래오래 장사 다음 남자친구 꼭다양하다 하이 볼 넘치다 유럽 감성 욱 자주
180,베이크앤쏘,1709731403.0,요즘 가짜 소금 빵 포인트 적립 가능하다 소금 빵 징 자 에그타르트 아마 다른 빵 아주 약간 산미 바질 토마토 이드 그것 사랑 저장즨짜 소금 빵 중 잠봉 소금 빵 중독 자주 휘 낭시 요 후회소금 빵 맜 뷰 가조 요참새 방앗간 자주 아침 일찍 문 소금 빵 손수 시럽 음료 모든 오래오래 영업 베 주년 축하번창 응원 화이팅여자친구 소금 빵 개존맛 가다가 소금 빵 개존맛 올리브 소금 빵 올리브 통 보통 소금 빵 보통 내기빵 맛집소금 빵 맛집 쵝맛집사진 대충 손님 빵 순이 베이커리 매장 바느질 오브 소소하다 보 재미 체크 다양하다 또한 장점소금 빵 레몬 차 수다 떨기샌드위치 처음 소금 빵 재료 실하다 콤홀 케익 예약 고해 크리스마스 기념 예약 예약 저녁 한판 흡입 기념일 예약소금 빵 중 제일 포장 냄새 못 참고 길빵했습니돠친구 예약 꼼꼼하다 보고 소금 빵 빵 요 파운드 강추처음 인테리어 아기자기 이쁘다 청귤 이드 상콤 입안 깔끔하다 카라멜 수제 견과류 고소하다 쿠키 구입 소금 빵 이후 소량 아쉽다빵수니 로밀 부 밍 모든 소금 빵 뿌셔봤 베 소금 빵 제일 여기 소금 빵 다르다 못 거의 매일 애정이렇다 맛집 주변 행운 크기 버터 말 뭐 세상 알 여기 소금 빵 입맛 패치 다른 못 가요 일 돈 버셔 오래오래 가요소금 빵 샌드위치소금 빵 샌드위치 용기 포장 할인 해주시 샌드위치 다음 잠봉 샌드위치갑자기 샌드위치 주섬주섬 용기 텀블러 장님 응대 기분여기 소금 빵소금 빵소금 빵 다음 휘 낭시 쫄깃해소금 빵 샌드위치 최고소금 빵 먹물 치즈 고소하다 장님 모두 다음 다른소금 빵 괜찮다 다르다 음료 제입 공간 깨끗하다 담 다른 디저트 보고다음 원데이 클래스 보고소금 빵 버터 짭쪼름 쫄깃해 인정소금 빵소금 빵 처 돌이 사방 하이에나 소금 빵 다음소금 빵 맛집분위기 깔끔하다 다음 빵 보고소금 빵 완전 바질 토마토 이드 매장 퀼트 작품 재미굿굿굿서금 빵소금 빵
181,던킨 망원점,1511935538.0,요즘 빵 빵 종류 때문 종종 던킨 티 할인 해피 적립던킨 요즘 빵집 빵 자주 애용 말 필요하다 요망원역 넓다 깔끔하다 던킨도너츠 추석 연휴 다양하다 빵구생선 매장 생각 넓다 대화 괜찮다 해 장안 도넛 종류 에너지 원하다 연말 도넛 진리매장 인테리어 이쁘다 깔끔하다 직원 현금영수증 포인트 적립 심 핫도그 소스 이쁘다던킨빵 요즘 빵 별로 던킨 무난 도넛 괜찮다할인 포인트 사용 추가 결제역 근처 위치 접근성 좌석 꽤 편이빵 종종달달 던킨매장 깨끗하다아메리카노던킨 광팬 던 그녀 이름 조던 킨 던 이야기 킨치킨 랩 자주 도넛 샌드위치 식사 대용 괜찮다아이 편하다 오기항상 던킨 베이글망원역 바로 앞 깔끔하다 넓다 자주 용하다도넛 말르다 아쉽다 다른 지점 유리 관안 츄 스티 최애 완전 딱딱하다맛집 웨이 팅 던킨 체인점 이유남자 직원 매우매장 넓다 도넛 종류여윽시 먹기 불편하다망원역 던킨 다른 매장 다르다 특별하다 도넛 먼치킨 노예리브 레커만 직원 도넛 종류매장 넓다 쾌적하다 도넛 다양하다스폐셜 도넛 다양하다 매장 넓다 쾌적하다도넛직업 행복하다 할인 방법 오늘 달달 도넛브라운 치즈 슬프다도넛매장 깔끔하다 직원새롭다 쾌적하다 직영 특별하다연한 아이스 아메리카노 친구 통화 난 잠시 직장 가기 싫다 잠시 난 발생 현상 첫째 직원 소음 발샹한다 주로 작다 냉장고 컵 시 운 소리 둘째 태이블 소독 무언가 옆 태이블애 뿌리 딲는다 세 다른 갑자기 네 옆간만 도너츠굿대화 나누기던킨 망 원점 깨끗하다 신상 도너츠 굳다먼치킨 사랑캡슐 구매 도넛 구매오매장 넓다 위치 굿츄 스티 오늘 좀 축축하다선물굿역 바로 앞도넛 종류 다양하다굿통신사 무료 쿠폰 빵 달 번 개꿀 엘지 쓰시 콕 던킨 용하다 꼭 유 후회 안함동생 한잔 아주 넓다 깨끗하다던킨 직영 라이브 도넛 살올해 오픈 매장 청결하다카스테라 도너츠카카오 허니 딥굳다 굳다던킨도너츠 만굿만화장실 최악 건물 오래되다 더럽다 화장실 변기 재래식 좌 변기 암모니아 냄새 심하다아이스 뚜껑오처음 다음거의 던킨 아아주차 자주 아쉽다 직원 매장 넓다 매우 청결하다 도넛 종류 다른 다양하다굳다 굳다매장 안이 션도넛덥다 시원하다 음료 달달 도넛 스트레스기본 도너츠새롭다 버터 바약과도넛 종류 다양하다던킨도너츠 특별하다위치구소금 우유 도넛 달달 우유 기분 드 우유 쿨 타도 우유 나니 뿌듯하다시원하다 매장샐러드 샌드위치 아쉽다직원 할인 적립 결제 도너츠 종류정리정돈데이 날 오류 매니저 알바생 해결 상냥하다 갬동갬동던킨매장 깨끗하다 도넛망원역 번 출구 바로 앞 위치 위치 퇴근길 달달 간식 던킨 매장 꽤 편이 통신사 할인 적립 저녁 도너츠 종류 낮 가면 커피한잔 즐 기기 매장 편이치아바타 샌드위치던킨굿흠점심 샌드위치할인굿
182,JS Lounge,1522371272.0,칵테일 바 깜짝 놀랏 부도 아늑하다 겉 과속 달라 혼자 사진 수업 문덕분 즐겁다 가요 조명도 조절 센스굿원데이 클래스 최고이슈 패너 꿀맛 용혜자꼭 한번 후회 분위기 음료 딸기 청과 딸기 잼 달 먹기 또한 스모 쿠키 휘 낭시 따끈하다 신제품 레몬 마들렌 출시 여유 생각 듭대관 청혼 사진 넓다 깨끗하다 칵테일 공간 가격 칵테일 바 테이블 넓다 고 커서 상당하다 고민 자주여기 오시 꼭 스모 쿠키 꼭 한번 번 꼭 딸기 청과 딸기 잼 마멀레이드 잼 마들렌 휘 낭시 브라우니 꼭 스트레스 만빵 땐 브라우니 꼭 아기자기하다 인스타 뿜뿜 주말 꼭술아이스티딸기 잼 딸기 청 귤 마멀레이드 오렌지 마멀레이드 직접 잼 귤 오렌지 빵 발라 괜찮다 에타 뜻 차로 딸기 청 우유 얼음 사이다 얼음 혼합 딸기 라떼 딸기 이드 요한번 강력 꼭 한번레몬 마들렌 밀크 티오픈 얼마 칵테일 다양하다 근처 자주 브라우니 덕새롭다 오픈 시내 깨끗하다 빵 과자 저렴하다 직원 분다 더치커피 딸기 잼 딸기 청 귤 마멀레이드 오렌지 마멀레이드 강 추하다바스 트 치즈케이크 저렴하다 가격 치즈케이크 디저트 저렴하다 꽤 넓다 카페인 약간 번창항상 디저트 저렴하다 대량 구매종종 칵테일 한잔 가격 괜찮다 재료 괜찮다 기주 사용 칵테일 가볍다 입문 기본 바 가면 기주 사용 한잔 만원 그냥 저렴하다 한번밀크 티 맛집 서비스 주시 동네 단골 예약스모 쿠키 휘 낭시 서비스 주시 데빵 과자 칵테일 직원 기분 다음달달 귤향 가득하다술청포도 모히또 휘 낭시 가격 적당하다 휘 낭시 다르다 휘 낭시 꼭이구 마멀레이드 짱 요칵테일 해주시 설명 칵테일밀크 티 공 바스크 치즈케이크가격 혜자 휘 낭시 갯수 주시 이벤트 계시 휘 낭시 굿좝완전매실 차갑다 맜딸기 잼 딸기 청 구매 딸기 잼 직접 달 가족대박 짱음료매장 이쁘다 오밀크 티 담칵테일 가성 비 쩌 듯 가격 퀄리티 칵테일 먹기 힘들다 앞 여기쿠키 다시갈수록 추가 계속칵테일 테이크아웃 편하다쿠키 종종마들렌브라우니 가격 괜찮다분위기수제 잼샌드위치 자주 이용직접 빵 발라 따뜻하다 차로
183,키싸,870417717.0,분위기 사진 찍기 네 인증샷 몇장 카약 토스트 자주디 자트 멋있다 애견 동반 다음 울 댕댕 데리 기친구 약속 햇살 분위기 얘기 편하다 수제 디저트 그렇다 았 이제 우리 아지트딸기 끝물 아쉽다 자주 외음료 디저트 완전 환상 직접 디저트 이쁘다 해 낮 가면 포토 존귀염 뽀작 디저트 픽 만족하다 찰리 브라운 꼭 달달 쫀득 초코 아악 생 각 요 크림 라떼 크림 부드럽다 선택 공적 다음 분위기 포근하다 겨울 연말 분위기 귀염 뽀작 깨알 소품 인생 샷 나들이 완전 만족 알키 와플따뜻하다 분위기 편안하다 집중 디저트 차도 직접 청귤 차도스노 피 캐릭터 디저트 이쁘다 요 토스트 끼 식사 가능하다크리스마스 분위기 디저트 친구 다음 여기 사진 찍기 셀카디저트 힐링 필요하다 크리스마스 분위기 음식 눈 호강 가요 카 덕분 몸 마음 도 힐링딸기 와플 아기자기하다 소품 분위기 아늑하다 종종자몽 차 샌드위치와플크리스마스 트리 소품 가득하다 사진 찍기 짱 디저트 사랑라즈베리 레몬에이드 그냥 레몬에이드 상큼 추가 고급 진깔끔하다디저트 전부 크리스마스 분위기 가득 연말 이기햇빛 아늑하다 디저트 요크리스마스 분위기 가요디저트 매장 청결하다 친구 더치페이디저트 내공 대단하다 지금 와플 중 제일 쿠키 귀엽다 안도 하니 가득 차서 완전 공간 편안하다 조용하다분위기 친구 이야기 나누기디저트 맛집 와플 와웅굿딸기 딸기 와플 두 디저트 궁합 딸기 디저트 맛집 인정생 딸기 우유굿굿음료 분위기 크림 라테 이용굿먹기 아깝다달달 상큼 딸기 싱싱하다아기자기하다 와플 사진풀 빙수쾌적하다 인터넷 조용하다 작업 컬만 몇 안되다 커피숍 집중브런치 청귤 이드 상큼귀엽다 깔끔하다 매장 커피한잔굿굿와플 맛집길거리 와플 존맛괜찮다 가게 좀 협소해굿적 학교 앞 옛날 와플 배 만족 키 와플조금 단 편이 딸기 가득징굿굿쿠키 카 겉 바삭 속 쫀득 블루베리 럼블 아이스크림 용빨르다굿빙수 와플 최고 크림 듬뿍 행복하다 개인 입맛 길거리 와플 크림 와플 빙수 완제 품 재료 취향 껏 토핑 시럽 원하다 정도 부어 맘 친구 친구 오죽하다 자꾸 친구 얼굴 볼겸 겸사겸사 키 애딸기 치즈 토스트 가성 비도 배달 분도수박 주스 작다시원하다 조용하다와플 크림 완전 고급 진 누텔라 애플 잼 취향 저격 분위기 조용하다편안하다 분위기 진하다최애굿아이스 아메리카노맛집요파니니 괜찮다 와플 괜찮다 만맛엣 용
184,rora,1433633124.0,술 픽업 한잔 가게 귀엽다와인 선물 짱유자 아메리카노 짱음 합격 바로 아래겸 와인 분위기 훈훈하다 즐겁다 얘기 와인 병 사책 보기 용굿친절친절굿굿굿굿굿오늘 로라 와인와인 종류 가격 대도 다양하다 준비 와인 설명 자세하다 원하다 와인 와인 이름 특징 국기 손수 걸 와인 대한 애정 구매 언제 번 예약 재 의사가게 와인 저렴하다 와인배민 구경 유자 아메리카노 생소하다 나중 각 너 무 러블리 티엠 아이 와인 사 거기 서비스 감동 단골 결심 뽀 개보 그날 유자 아메리카노 유자 묘 가끔 문득 문득완전 완전 여러 마다 기분 와인 판매 다음 와인 가게 가게 사진 강력하다이번 역시 와인 대해 궁금하다 귀엽다 설명 발품팔 살짝 뜸 하자 여기 와인 가성 비 갑 네추럴 로제 처음 입문 분 여기 가성 비 가격 유명 와인 구매만점오늘 남자 계시 약간 아쉽다 오레오 스무디교초 와인 맛집 친절최고최고파스 쿠 와인 로라별 기대하다 와인 품절 아쉽다 여자 직원 비슷하다 다른 와인 설명 바로 구매 가볍다 달달 모스 카토 와인 바로 지도 링 얼음 센스 반하다 모습 기분 다음 와인 살 일부러알 기분 전환이드 청 직원 기분 캔 한강 안전하다요즘 추럴 와인 가성 비 가격 구매겨울 아이스 와인 보고 나중 와인강추 단골 이쁘다친절 친절 요브라우니 해분위기 아늑하다 캔 포장 한강 아쥬라떼 맛집 다른 음료브라우니 성비단골 얌 코코넛 그거 슬펏어 바닐라 라떼 걔 햇음브라우니 계속라떼무난 무난여기
185,라디오망원,1837040356.0,남자친구 처음 망리 근접하다 찾기 소금 빵 게다가 다크 미드나잇 진하다 아이스크림 꼭 크리미 우유 아늑하다 공간소금 빵 윤기 원두 버전 선택 소금 빵 가격 적당하다 종류 다양하다 어서 처 세트동네 새롭다 커피숍 디저트 포장 소금 빵 살짝 따뜻하다 주시 휘 낭시 달달 요디저트 소금 빵 베이글 맛집 위치 한강 공원 사이 위치 라디오망 직진 정도 한강 산책 난 후 한잔 거나 한강 피크닉 가기 전 디저트 포장 가면 라디오 성비 세트 아메리카노 플레인 스콘 아메리카노 소금 빵 요즘 아메리카노 디저트 셋여기 빵 왜 소금 빵 베이글 휘 낭시 맛없다 빵 순이 오늘 행복하다 가격 착하다 요즘 핫 노티 드 런던 베이글 빵 주변 애 마 꼳 양도 은근 배서산 단팥소 금빵 꼭트러플 소금 빵 미치다 무조건 꼭꼭 빵 다른 빵 무화과 휘 낭시소금 빵 우유 아이스크림 매일가득하다 마음 크림 성하다 기분디저트 음료 아늑하다 분위기종종 가성 비도 빵깔끔하다보 다가 처음 빵 강추아메리카노 디저트 가격 착하다 디저트 빵 가격 원두소금 빵디저트 특이하다 가격 왜 혜자 쿠키 소금 빵 요 임지다 가다가 가격 대도 적당하다 괜찮다 작고 아담하다 인테리어 귀엽다애견 동반 가능 여기 가성 비 맛집 베이글 쪽파 스프레드 꼭 번 완전 소금 빵 존맛 욮움 과자 매장 아기자기하다 귀엽다가격 저렴하다 대박 자두 이드 하늘 맹세 역대 우유 아이스크림 원료 고급 진 가격 장님 다음헷 우리 댕댕 다른 입구 컷 당하다 라디오망 닷 일찍 다른 빵 아쉽다 베이글 사 장님 스프레드 발라 미치다 다음 보고 빵오픈 행사 아이스크림 쿠키 견과류 신선하다가게 귀엽다 디저트소금 빵 마들렌 쿠키 소금 빵 겉 빠삭한데 버터 겹겹 먹음 어진 마냥 촉촉하다 망원역 망리 지나 한강 공원 포장 빵집얼마 안되다 차 산책길 일부러 할인 가격 작다 매장 직접 만 자주귀엽다아스 크림 사묜 휘 낭시 주심 상하 목장 진하다 맛임 완전굿수박 스무디 양 아이스크림 수박 바 살짝굳다밀크 아이스크림 휘 낭시 직원다양하다 소금 빵 소금 빵 말차 쿠키아이스크림 행사 보고 소프트아이스크림 쿠키 도 동일하다 그니 말차 레몬 주관 순위 겨친절소금 빵 즉시 재료 사용 믿음새롭다 디저트 저렴하다
186,덩크트레이,1946838154.0,공덕역 분위기 펍 덩크 트 레이 매장 분위기 음식 스크린 굉장하다 크게 나중 축구 경기 꼭 공덕 주변 술집 모임 장소 강추바삭 디트로이트 피자 다양하다 맥주 공덕 펍 매장 규모 꽤 가족 끼리 식사 겸 손님 남녀 노소 기본 핫 치킨 살짝 매콤 정도 핫소스 필요없다 기본 그대로 피자 다른중앙 빔 프젝 축구 야구 오기 피자 치킨 모두 공덕 펍 날 엘지 케이티 경기 단 체 술 경기 재밌다 피자 경우 저희 디트로이트 더블 치즈 피자 치즈 미치다 고소하다 치킨 닭다리 살로 진심 맥주 일반 스포츠 리그 국제 경기 딱이다 솔직하다 경기덩크 피자 페퍼로니 갈릭 치킨 클래식 프라이 피자 생각 큼지막하다 갈릭 치킨 생맥 주도 시원하다 직원 대화 낮 운영 피맥 처음공덕 피자 맛집 덩크 트 레이 디트로이트 피자 처음 독특하다 포테이토 비주 얼 완전 굿굿 주차장 넓다 편하다 내부 외부 분위기 언제 듯 단체 모임 데이트 등등 요공덕역 술집 리뷰 피자 분위기 맛집 유명하다 그렇다 단체 손님 다행하다 자리 피자 파스타 다음 다른 피자 보고공덕역 애오개역 사이 술집 중 창고 맥주 심지어 피자 대체 누가 도우 토핑 부족하다 넘치다 요 주차장 넓다 날씨 야장 테이블 잔뜩 알바 전부 가게 힙 화장실 깔끔하다 최근 피자 피자 그냥 피생맥 가격 저렴하다 생맥 종류 자주 여기 피자 직접 도우 쫄깃 소스 자극 대형 스크린 야구 축구 경기 가면 매장 깔끔하다 커서 모임 가성 비 분위기 덩크 트 레이 강 추하다신선하다 루꼴 피자 담백하다 양 매장 넓다 개방 감 쾌적하다 기분 낮맥 만 안주 닭다리 더더 맥주 정도 음식 키 워드 부족하다 정도 담 축구 경기 꼭안주 퀄리티 만원 가성 비 테라스 자리 분위기 테라스 애견 동반 가능하다 푸리 더더 가족 모임 단체 저녁 편하다 부담 가기 펍 가을 저녁 테라스 피맥 힐링 제대로 완전낮 저녁 펍 운영 공간 저녁 덩크 디트로 이드 고르곤졸라 간만 제대로 고르곤졸라 피자 만족스럽다 생맥주 잔 위 귀엽다 고양이 그림 때문 기분 재 의사낮 저녁 어른 취향 저격 분위기 술집 공덕역 발견 맛집 포테이토 피자 맥주 하이 볼 면 안되다 환상 콤비 특이하다 피자 모양 감자 튀김 조명도 이쁘다 부담 간편하다 먹기 입구 문인 등 인테리어 기분 다음루꼴 마게 리타 피자 토마토 파스타 치즈 루꼴 듬뿍 피자 담백하다 물리 계속 요 파스타 아이 고소하다 짭쪼롬해 맥주 도 궁합 실내 인테리어 외곽 볼법 창고 느낌 공간 답답하다 레트로 인테리어 성도 스푼 슬세권 피맥 자주가게 분위기 간맥 최고 공덕 이렇다 펍 지금 거의 주말 오픈 후 손님 왜 인기 바로 음식 분위기 최고 입 직원 최고 재 의사분위기 매장 가볍다 한잔 피자 통닭 맛집분위기 음식 맛집 덩크 트 레이 피자 띤뎌 치즈 불닭 왓 치즈 불닭 면 이함 벽 주차장 크게 모임 소로 강 추하다토핑 치즈 피자 하나로 둘 배부르다 대형 스크린 분위기 공덕 펍 강추해주시 분위기 아늑하다 느낌 피자 가성 비도 훌륭하다 피자 이유 피맥안주 미치다 피자 도우 두툼 폭신 뿐 바삭바삭하다 감자 튀김 듬뿍 맥주 먹기 딱이다 시원하다 맥주 피자 환상 매장 넓다 회식 오기디트로이트 포테이토 샤베트 완전 존맛 기본 안주 닭다리 과자 센스 음식 짱짱 직원 재 의사 프로 용 공덕역 술집 펍 분 강 추하다공덕 쪽 외근 분위기 에너지 넘치다 덩달아 흥겹다 디트로이트 피자 포테이토 감자 튀김 실하다 공덕역 피자 맛집 글 맥주 위 고양이 아쉽다 날 냥 외출 길다 못 다음 고양이 단점 회사 가깝다 인테리어 음식 친피자 디트로이트 피자 처음 빵 토핑 치즈 가득하다 피자 색다르다 끝 느낌 루꼴 생 고소하다 치즈 조합 짱 거기 시원하다 테라 생맥 공덕 피자 무조건 덩크 트 레이소스 직접 그렇다 피자 공덕 피자 맛집 토마토 치즈 굉장하다 고소하다 생맥주 시원하다 거품 맥주 센스 직원 계시 공덕 펍공덕 술집 쾌적하다 에어컨 빵빵 단체 모임 충분하다 가능하다 내부 생맥주 종류 생맥주 더위 피자 직접 그렇다 적당하다 건강하다 적당하다 자극 맥주 안주 스타일 매장 스크린 금 스포츠 피맥 융가깝다 퇴근 공덕역 피자 맛집 디트로이트 피자 요즘 핫 데 치즈 쭉쭉 맥주 귀엽다 고양이 아깝다 못 뻔 직원 매장 규모 대형 스크린 나중 올림픽 월드컵 꼭피맥 오기 공덕 술집 공덕역 바로 근처 접근성 일단 인테리어 피맥집 답 다양하다 맥주 종 류 골 젤 건 기본 테라 생맥 갓 따끈따끈하다 피자 맥주 모금 천국디트로이트 피자 예전 보고 소원 성취 피자 분위기 스크린 나중 축구 경기일단 분위기 쾌적하다 핵 유쾌하다 피자 핵존맛 존맛 루꼴 양 실화 그냥 공덕 맛집 임 진심 레알 존맛 소스 직접 갈릭 소스 핵디트로이트 피자 루꼴 피자 매장 넓다 깨끗하다 모임 맥주 위 고양이 그림 귀엽다공덕 펍 중 멋지다 줄 저희 디트로이트 피자 치즈 양 미치다 테라 생맥주 전 갠 적 피자 가성 비도 아주 치즈 불닭 치킨 먹었늨데 반전 스파게티 면도 란 스크린 내부 공간 넓다 회식 장소여기 분위기 공덕 피자 도톰하다 맥주 공덕 맛집 진심 내부 힙하 사진 사진 오백 가요요즘 핫 디트로이트 피자 맛집 루꼴 피자 끝 부분 치즈 그득 그득하다 었어 루꼴 생으로 가게 넓다 쾌적하다 스크린 에밀리 파리 드라마 분위기 공덕 피자 강추 닷피자 맥주 분위기 생일 미리 예약 샴페인 서비스 꼭 한번 이용 테라 생맥주 시작 스텔라 아르투아 수가 분위기 분위기 취해 스텔라 아르투아 생맥주 한잔 페퍼로니 디트로이트 피자 찰떡 궁합 겨울 새롭다 오래되다 조만간 힙 느낌공덕 피자 맥주 계시 딱이다 핫 치킨 피자 매콤 마 소스 단 매장 넓다 벽면 영상 분위기피자 맥주 한잔 덩크 트 레이 넓다 시원하다 탁트인 인테리어 대형 스크린 분위기 피자 가성 비 생맥 피자 디트로이트 피자 겉 빠작 소스 사랑 소스 가득 버터 갈릭 감 감 맛집 여기 갈릭 소스 듬뿍 끝 간단하다 피맥 양공덕역 술집 땐 덩크 트 레이 자체 부지 주차 편하다 대형 스크린 스포츠 경기 관람 공덕 펍넓다 대형 스크린 단체 딱이다 피자세상 제일 피자 감자 감동 세상 제일 행복 피자 거리 가깝다 매일 가요공덕 펍 덩크 트 레이 첫인상 굉장하다 만족스럽다 아이 따뜻하다 직원 친절 매우 인상 깊다 맥주 미국 덩크 디트로이트 피자 감성 모두 상당하다 괜찮다 연인 친구 아이 동반 가족 단위 굉장하다 다양하다 저희 자주 느낌양도 음식 분위기 실내 야외 자리 주차 공간 넉 미치다 듯 모든 완벽하다직원 음식경기 날인 줄 대형 스크린 너 무 디트로이트 포테이토 피자 토핑 듬뿍 테라 생맥주 시원하다 피맥 앞 경기 날 친구공덕 피자 맛집 술 종류 다양하다 가게 대형 스크린 스포츠 경기 날 맥주 보기유쾌하다 피자 가성 비도 양도 디트로이트 핫 치킨 완전 소주 매콤 매콤 분 디트로이트 핫 치킨 맥주 귀엽다 고양이 용 완전 심쿵일단 피자 생맥 매장 넓다 대화 편하다천장 고가 높다 캐 주얼 분위기 피자 간단하다 음료 한잔 피자 치즈 불닭 지인 덩크 샷 소맥 도 재 다른오늘 음악 잔잔하다 매장 한적하다피자 치즈 듬뿍 피자 토마토 소스 생맥주 기계 관리 맥주 신선하다 공덕역 근처 차 장소 분 여기 꼭 한번 강추직원 모두멋지다 분위기 공덕역 피자 맥주 맛집 시원하다 생맥주 덩크 디트로이트 포테이토 피자 조합 캠핑 듯 기분 대형 스크린 취하 분위기 취하친구 맥주 잔 포테이토 피자 비주 얼 보고 사진 그대로 치즈 감자 튀김 가득 끝 완전 공덕역 맛집 직원 단체 회식 일직원 피자 넓다 쾌적하다 단체 모임 생맥 도리매장 깔끔하다 피자 바삭 맥주 술술 기분 맥주 위 고양이 귀엽다음닉 인테리어 맘 요즘 저녁 날씨 선선 저녁 일 에쁜 직원애정 덩크 트레 덩크 치킨 피자 류 새롭다 보고 치즈 불닭 듬 소시지 공덕 펍 덩 크트 레이 실패 분위기 데이트 오기 좌석 넉넉하다 단체 모임 마 단체 계시 펍 아기 의자 아이 가족 끼리 오시 분 종종 아이스크림 비피자 분위기 나쁘다 생맥주 비싸다 얼그레이 볼 가운데 시끄럽다 행 오늘 끝안주 야장 맥주 한잔 너 무공덕 펍 덩크 트 레이 공덕 맥주 덩크 트 레이 굉장하다 힙 외관 계시 피자 맛집 새롭다 맥주 캘리 꿀맛 포테이토 피자 둘 먹기 양 감 듬뿍 피자 짭쪼름 분위기 넓다 모임 장소요기 분위기 펍 완전 인정 저녁 남편 둘 디트로이트 피자 치즈 불닭 테라 생맥 뭐 실패하다 피자 갈릭 소스 리필 가능하다 치즈 불닭 참고 피자 갈릭 소스 왕창 치즈 불닭 생맥 귀엽다 그림 어떻다 그린 귀엽다디트로이트 배부르다 상태 재여기 나중 고민 피자 백프롭 도우 쫠깃 다른회사 촌 사이 이렇다 펍 왜 이제 음식 생맥 완전 예술 직원 유쾌하다 분위기공덕 이렇다 핫 펍 피자 맛집 이제 행복하다 루꼴 피자 추문 살 치킨 바삭 존맛 매장 넓다 쾌적하다 맥주 장소 직원 어어 무유쾌하다 재미있다 동안 기분 피자 치즈 듬뿍 재료 짐 강추 장안 대형 스크린 축구 야구 맥주 피 행복하다 다음 야구 예정음식 서비스 공간 무엇 일단 피자 페퍼로니 강추 진하다 부드럽다 토마토 허니 갈릭 감자 튀김 역대 도리 생맥주 추가 아트 고양이 그림 귀엽다 죽겟꼬 인테리어 분위 기도 대형 스크린 축구 경기 날 몰입 응원 분위기 무엇 직원넓다 직하다 치킨 발견 생일 예약 임 불구 샴페인 무료 제공 생일 축하 노래 도 치킨 감자 튀김 바삭 페퍼로니 디트로이트 피자 치즈 시카고피자 쭉쭉 끝 바삭 직원 에너지 넘치다 덩크 트 레이 분위기이렇다 맛집 디트로이트 피자 치즈 양 환상 신선하다 치킨 겉바 촉 무척 마음 직원 펍 분위기 퇴근 후 모임 장소 강 추하다 재 의사평일 저녁 데이트 장소 덩크 트 레이 피자 치즈 잔뜩 단체 석도 대형 스크린 알 공덕 핫사랑 말 요 깜짝 피자 치즈 가득하다 생맥 종류 다양하다 간단하다 맥주 딱이다 매장 분위기 퇴근 후 자주 요즘 날씨 테라스 분위기 끝장피자 우선 위 루꼴 성하다 공덕역 피자 덩크 트 레이 최고 매장 넓다 단체 오기 제격 다음 단체 종류 피자원래 피자 느끼하다 덩크 트 레이 피자 짭쪼름 토마토 소스 쭈욱 치즈 위 잔뜩 토핑들 완벽하다 피맥 맛집 가게 넓다 분위기 회식 모임 대형 스크린 다음 축구 여기 피맥 구주로 점심 자주 가요시원하다 아이스 라떼 깔끔하다 시원하다공덕 근처 피자 맛집 디트로이트 피자 감자 튀김 시원하다 맥주 피자 감 덩크 트 레이축구 날 술 축구 볼 술집 근처 고해 분위기 완전 힙 안주 왜 여기 이제 알 된거 근처 유명하다 맛집 빈 테이블 곳도 피맥 공덕역 술집 여기 한번만 디트로이트 피자 공덕역 맥주 중 넓다 단체 모임 덩크 트 레이 분위기 넓다 내부 탁 느낌 더하다 피맥 얼그레이 하이 볼 진하다 치즈 치즈 피자공덕 분위기 힙 펍 피자 세계 맥주 생맥주 신선하다 진하다 공간 넓다 여기 간단하다 맥주 모임 공덕 피맥 덩크 트 레이 적극인테리어 음악 천장 높다 답답하다 음식 맥주 이야기천장 에어컨 습덩크 피자 인생 피자 피맥 화가 환상 고요 펍 분위기 덕분 피자대형 스크린 공덕 감성 술집 월드컵 프로야 보기 분위기 피자 비주 최고 외 보고 양 다음 가면 잔뜩친 동생 맥주 한잔 재미있다 피자 맥주 한잔안주 직원 이렇다 분위기 부럽다 자주 얼그레이 볼공덕역 최애 펍 인생 맛집 일단 직원 텐션 높다 만 만난 친구 직원 모두 재미있다 부담 가격 대고 명 덩크 디스 트 피자 판이 배부르다 다른 파스타 배 다음 인원 다양하다피자 비주 얼 최고 감 가득 피자 치즈 쭉쭉 맥주 그림 가게 귀엽다 매장 인테리어 힙 화장실 깨끗하다 심음식 괜찮다 알바생다른 피자 가격 착하다 완전 포테이토 강추 양념감자 대박 존맛 대형 스크린 분위기 단체 모임 적합하다일단 분위 펍 흔하다 이탈리아 피자 디트로이트 피자 직원 입담 음식 재미있다 홀 가운데 자리 스크린 야구 축구 술 월드컵퀄리티 쫀득 바삭 도우 산더미 토핑 감칠맛 업그레이드 소스 피자 맥주 도둑 피자 트러플 크림 파스타 은근 매콤 갈릭 바게트 또한 할렐루야 피자 매장 이쁘다 넓다 회식 소로 최고 힙 분위기 아메리카 음식 여기 뉴욕특이하다 컨셉 약간 정신 독특하다 인테리어 덩크 트레 가게 농구 소품 하이 볼 그냥 그렇다 홀 한가운데 테이블 알바생 다모 명인 밥 특이하다 알바생 손님 불편 게다가 정리 분 짬 처리 음식 보기 직원 해결 처음 재 의사분위기 공덕역 술집 공간 감 낮 여유 낮술 음료 판매 아이 데리 친구 만남 후부 터 펍 영업 일 피자 술 한잔피맥 딱이다 공덕역 애오개역 사이 접근성 힙 분위기 음식 친구 가볍다 회식 데이트 적극수제 피자 가성 비 디트로이트 피자 분위기 내부 넓다 데이트 회식 소로 맥주 그림 평소 색다르다 재미 직원 기분피자 치킨 분위기 신나다 직원 재밌다 가요 매장 쾌적하다 빔 프로젝트 영화 경 기 식사 재밌다감 좀 핫 치킨 피자디트로이트 피자 처음 빵 두껍다 맥주 먹기 최고맛집 소문 피자 재료 듬뿍 직원 넓다 대형 스크린 나중 경기피자 맥주 가게 넓다 쾌적하다 피자 존맛우선 디트로이트 피자 처음 굉장하다 토핑 실하다 성비 완전 만족 굉장하다 무엇 음식 저렴하다 분위기여자친구 간단하다 맥주 야외 테이블 동남아 온 느낌 분위기 다음 페퍼로니 피자매장 넓다 단체 손님 가능 분위기 모임 데이트 주차장 차 오신 분 시기 편하다 피자 직접 피자 펍 걸 술 종류 내부 조명 인테리어 멋지다 직원 기분피자 미첬음자주 테이크아웃 캔피자 끝 부분 바삭바삭하다 토핑 짐분위기 맥주 다양하다 피자 치즈 쫙쫙 크림 스튜 따뜻하다 산체스 직원 유쾌하다 재밌다두번째 첫 핫 치킨 피자 갈릭 후렌치후 라이 이번 치킨 페퍼로니 피자 페퍼로니 피자 고 치킨 역시 세번 퇴근길 한잔직원포테이토 피자 무조건 함 인생 피자 등 계속 포테이토 피자
187,스튜디오파우드,1835581380.0,어머니 환갑 케이크 특별하다 케이크 제약 조화로 결정 케이크 수령 생화 줄 알 잠깐 생각 퀄리티 조화 꽃 배치 이쁘다 수령 느낌 어머니 보시 이쁘다 케이크 커서 블루베리 얼그레이 두 물리번 리뷰 처음 이번 케익 색깔 테마 말씀 결과물 벽 사진 실물 요 디저트 종종 배송 쵝오 번창이번 디자인 고급 선물 분 파 우드 케잌 이사 오기 전 번 굿부모님스튜디오 파 우드 스콘 케이크 류 소식 호다닥 호두 당근 럼블 포장 기분우체국택배 보냉 박스 디저트 개별 포장 깔끔하다 포장 깔끔하다 선물 용 디저트 종류 다양하다 재미 무엇 디저트 류 택배 다음생화 플라워 케이크 케이크 경우 스튜디오 파 우드 껀 서도 요청 사항 반영 생각 용 다음 재주요기 왜냐면 세상 제일 컵케이크 그것 손 직접 기억 원데이 클래스 선유도 양평동 쪽 동네 조용하다 매장 조용하다 아기자기하다 선생님 처음 절 위해 차근차근 모에 뒤 갈수록 자신감 꽃 여기 선생님 천사 자체아기 돌 특별하다 케이크 무엇 매장 깨끗하다 깨끗하다 환경 인상 깊다 생화 랜덤 뭘 제작 기대 영롱하다 보라색 맘 번창만족스럽다 원하다 디자인 칼 각의 마블 아름답다 하늘색 동생 취향 꽃 알맞다 덕분 졸업 파티 완벽하다케익 작다 먹기 사이즈유익하다 재미있다 처음 나이프 플라워 작품 차근차근 선생님 최고 세 조용하다 방 음악 케이크 힐링 나이프 룰 구입 조만간 수업이쁘다 케이크 치 마음 닷 존예 후회최고 케이크 세상 제일 움 잡채 웨딩 케익 꼭 여기 찜 쵝오 기념일 역시 파 우드 케익이렇다 클래스 처음 어색하다 어렵다 세심 컬러 조합 알차다 준비 좀 꼼꼼하다 손 느리다 재촉 느낌 차분하다 전혀 부담 디자인 직접 재미 무엇 솔직하다 케이크 도 맛없다 싫다엄마 환갑 기념 생신 파티 위해 무슨 작품 줄 보기 해도 그냥 저희 어머니 이쁘다 케익 처음 특별하다 날 행복하다 언니 친절처음 서투르다 무엇 원하다 느낌 케이크 줄 설레다 뿌듯하다 다음 선물 용 필요하다 꼭디자인 반하다 속결 예약 구매 전날 디자인 변경 죄송하다 응 케이크 선물 용 케이크 하루 종일 번창마스 카포네 딸기 케익 언박싱 하자 마자 진하다 딸기 먹기 아깝다 정도 란 단어 절로 지네 올해 마무리 케익 기분 특별하다 날 먹기 진하다 치즈 미도 굿 번만 앞 기원동네 알리 후기 이번 크리스마스 디자인 가족 모두 입맛 해피 크리스마스 케이크 디자인 유니크 특별하다 날 스튜디오 이제 케이크 파 우드 용크리스마스 케이크 데코 상자 모카 취향 친 절 주의 사항 등등 설명 케이크 특별하다 날 좀 유니크 강추온라인 미리 픽업 방식 원하다 시간대 픽업 가능하다 메리 어떻다 플레이 버 사용 상세 설명 번 투명 포장 용기 토퍼 고급스럽다 움 더하다 크리스마스 선물 메리크리스마스크리스마스 케익 예약 가족 끼리 케익 이쁘다 말모 케익 패키징 이쁘다 픽업 내내 가족 이쁘다 먹기 아깝다 단골 각 계속 쭉쭉 시트 부드럽다 촉촉하다 최고 모두 즐겁다 크리스마스 새해 복무엇 이쁘다 인스타 각 바로 후회 크기 인 가족 딱이다 재주 의사 퍼센트케잌 선물 용 가족 어머니 기분 케이크크리스마스 케익 구매 연말 케익 구매 생크림 할머니디자인 고급 지고 중요하다 분 크리스마스 선물 생각 모카 케이크 맘 포장 센스 용 무엇 디자인 느낌 다음 제껄 다시크리스마스 기념 케이크 케이크 기분 상자 자마자 모카 행복하다 다음달콤하다 상큼 딸기 크림 부드럽다 촉촉하다 시트 간만 케이크 맛집 기념일 생일 선 딱이다케이크케이크 멀리 케이크 자꾸여자친구 다음굿
188,배스킨라빈스 망원역,11489338.0,베리 베리 베 불친절하다 뚱뚱하다 알바생 교체 자주 가게 매일안경 남자 직원 뒤 오신 손님 키 오스 줄 손님 뒤 온 손님 먼저 보고 좀 어안 벙벙하다 친 친 구 분 가요 여가 베 원래 현금 키 오스 권장 줄슨건데 단골 어안 벙벙하다 다행하다 안경 끼 신분 먼저 처리 나름 자 영업 직원 교육 좀마감 베 역시 뭘매장 가면 일회용 용기 회용 용기 요 근방 배 매장 일회용 기날 요즘 아이스크림 먹기 좀 그렇다 매장 안이 따뜻하다 먹기매장 도 지하실 냄새 다른 지점민트 초코 칩 데박마감 사고 사지다시 정도 서비스 매너 별로 프렌 차 이즈 위치 장사 마인드 장사 안되다만 베 아이스크림 가든 변화 항상낫뱃레디 팩 핸찮가깝다 그냥 자주아이스케잌 일품욥바쁘다 매장 키 오스 약간 불편하다 앞 괜찮다직원여름 아이스크림 필수념념세로굿여름 그렇다 손님 여자 직원 좀 느리다 아이스크림 지점 똑같다안경 남자 알바 불친절하다 변경 사항 대화 짜증 가득하다 표정 목소리 응대 패밀리 스푼 최대 체크 픽업 보 스푼 장난 제대로 확인 보고 기 아이스크림 위 붕 지저분하다굳다 굳다직원 다만 아메리카노 가능하다 다소 아쉽다동네 애용배제조 교육 다시 야하다 돈 음료 정도 라면 심하다 물쾌적하다 에어컨 때문 따뜻하다 걸알바생 명 명 용역시 역시베뷰 교차로항상 자리좀편리하다굿여기 불친절 상상 이상 본사 직접 매장 직원 클레 임 예정 불쾌하다 도저히행사 배스킨라빈스짱늘 서비스 나쁘다무덥다 여름 배 스킨 힐링민초 최고기계사 용이 다소 불편하다 아이스크림 베월넛 왜귯베 스킨 최고굿토요일 저녁 빠르다 서비스위 부분 뚜껑 뚜껑 아이스크림앞 분 키 오스 앞 고민 답답하다 차 직원 빠르다굿베 회용 사용 기프티콘음료 거의쿠폰가끔 아이스크림 가요분주하다 키 오스 앞 버벅 답 직원 좋으렷지저분하다 불친절하다굿포장그냥 그렇다조용하다낮 계시굿미니 모찌 미니포함 달 배 스킨 무조건요친구 베 민초 파 가까이굿굿여직원 끝 힘껏 행복시원하다편하다꼭 가야손님 별로 인지 아이스크림 성기계로 퍼주 별로 옶어 항상 양도 항상 정량 이상 이하 자꾸배항상 알바 힘들다 화이팅컵 사이즈굿엄마 외계인 초코 볼 단 개도굿흑임자 고소하다
189,프릿,1642168774.0,퇴근 후 직장 동료 가볍다 마시기 좀 바나나 푸딩 크리스마스 트리 귀엽다 인테리어 깔끔하다 가볍다 얘기프릿 핸드 드립 디카 페인 사진 요즘 시끄럽다 프릿 친구 대화 입 저번 재 역시 만족하다 지금 크리스마스 시즌 산타 트 리 귀엽다프릿 크림 처 크림 담백하다 최애 인테리어 동안 기분 이번 친구 다음 남자친구 디저트 다른 달라 보고신상 프릿 알 우선 프릿 크림 그니 구 바게트 사진 못 소스 이용 디저트 한번 색다르다 디저트 앞 자주 리뷰 새롭다 도 서비스발견 매장 깔끔하다 화장실 청결하다 맘 완전 연말세련 인테리어 핸드 드립 경우 산도 아주 디저트 중 바게트 직접 루프 탑 오픈 자주근처 새롭다 까페 처 크림 라떼 구 바게트근처 저녁 간단하다 매장 심플 깔끔하다 기도 디저트 바게트 대화 마시기 배달 아쉽다 배달날 춥다 따뜻하다 구 바게트 는걸 처음분위기 차분하다 음료내부 디자인 깨끗하다 옥외 느낌 원두 핸드 드립조용하다간만 핸드 드립 예민하다 외국인 남편 맛집 과 고소하다 이제 여기 정착데이트 인테리어 미니 멀다 분위기 음악 크림 라떼 루프 탑 오픈 준비 다음고소하다 이드 종류 다양하다분위기 다음크림 달 초콜릿 맣항상 프릿 매우 인테리어 모두 만족하다분위기깔끔하다 인테리어 마음 음악 혼자 공부 일바게트회사 근처 새롭다 오픈 다해 드립 원두 설명 이드 자주종류 다양하다인테리어 이쁘다인테리어수제 핸드 드립 깊다
190,인덴트커피룸,1572676529.0,아메리카노 산미 달달 미가 싱글 에티오피아 은은하다 달달 산미 마치 시원하다 복숭아 아이스 티 듯 느낌 만족아아 앞 고양이 귀엽다파티 다가 만난 인덴트코지 내부 인상 구매 하진 단위 판매 인상 미온수깔끔하다맛집 티라미수 크림 주시 아메리카노 깔끔하다 이야기 깔끔하다분위기 티라미슈 페너 티라미슈 음료 제일 비건 초코 감동 음료 앞 나중에티오피아 디도 원두 사서 엄마 아주일단 말 최고 미온수 깔끔하다분위기 아기자기하다 귀엽다 아늑하다예전 간만 일부러 여전하다 분위기 음악 맘 약간 덥다 날씨 냉방 시원하다 쾌적하다 일부러 좌석 칸막이 옆 테이블 사진 점도처음프라이 빗 이름 책 공간 친 감 편하다바닐라 걸 원하다 말오늘 최악 맘 힐링 음악 멜론 차트 틀 분위기 음악 고립 딱이다 공간 책 완벽하다 당연하다 차도 화장실 냄새 인텐스 스틱 뭐 사용 궁금하다 최애 혼자 가면 무조건 재코로나 못 만 오랬 음 하니 고숩 멀다 온 보람 역시 매일 서도 원두 사서 총총 새해 복여유 조용하다 동네 집앞궁금하다 분위기 깜끔해 원두 깊다근처 줄 디저트 쿠키 쫀득 드립커피 깔끔하다 조용하다 요즘평일 날 아침 잠깐 역시 입맛 여기 최고 친구 선물 쿠키 겉 바삭 촉촉 못 생도 덕 기분 평일 시작 레알 루 한번깜박 마감 디카 페인 라떼독산동 자꾸 분위기에티오피아 아이스 드립 드립 가성 비만 마음 수수하다 확실 힌 발견 깊다 알 나름 소신 편입 니 친구 발견 원두 종류 다양하다 편이 무엇 해주시 마디 지식 애착 걸 보고 좀더 정성 역시 깊다 풍부하다 작고 소박두번째 멀다 멀다 보람 오늘 주신 무화과 꿀맛 아이스 라떼 꼬숩이렇다 몰랏 완전 분위기 따뜻하다 대박 무엇 대박 완전 친절 강추물이 의자싱글 오리진 라떼 멋지다 온두라스 아이스 라떼 햄라떼 존맛 공간 좁다 화장실 심오미자차 산뜻하다분위기 괜찮다 괜찮다
191,설병상점,1545501278.0,지난해 에이 수험생 합격 떡선물 낱개 포장 편하다 포장 이주 고급스럽다 움 한번 한번 감탄 우리동네 고급스럽다 떡집 지인 다양하다 완로 선물 조언수능 선물 특색 보르 개인 사서 남녀 노소 선물 용 간식 용어린이 어르신 뜻 깊다 날 선물 가성 비 고급 떡 이번 수능 수능 선물 찹쌀 대학 표장 고급스럽다 이쁘다답례 떡 무조건 설병 상점 운 찰떡 가깝다 위치 가닥 맞이 스몰토크 뒤 주방 깨끗 게다가 찰떡 부모님 댁 포장 부모님 고 임신 언니 건강하다 간식 포장 패키지 이쁘다 고급스럽다 움 답례 떡 결혼 준비 중 예친구 선물 구매 가볍다 인사 겸 다과 용 선물 포장 선물 패키지 고급스럽다 감동 선물 일 구매 번창검색 자주 근처 선물 떡집 보 깔끔하다 청결하다 매장 내부 계시 떡 토핑 미니 케이크 느낌 비쥬 선물 분 다음 선물 생기 꼭 다시동네 떡 국내 산 재료 떡 운떡 수정과 병 구매매장 일단 깔끔하다 떡 개념 쫄깃해 계속 주변 선물 선물 기분 완전만 발견 떡 완전 기분 설병 상점 순간 파스텔 톤 포장 떡 눈 서도 매장 깔끔하다 다음 매장 떡 약속 도착 전 요즘 디저트 디저트 가격 사악하다 가격 착하다 쌀 밀가루 살이 덜종류 별 낱개 구매 가능하다 그게 가장 저렴하다 직원 분 즐겁다 쇼핑 다음 근처마다 감동 정성 가득하다 그렇다 음식 신선하다 지인 분 설병 상점 떡 번 기억 다음 포장 고급 명절 선물 항상 정도 가게 마다 기분 가요개인 블로그 정도 또한 독특하다 어요 꼭 한번지인 선물 떡 사려 포장 분 기쁘다 디저트 걸 사 빵 부담 어서 아메리카노 매장 파시 수정과 고맙다 분 선물 제격인절미 근처 인절미 포장 시원하다 라떼 달달 수정과 한잔 와이프 잠깐 여유동네 줄 답례 떡 구 수정과 떡 독특하다주변 수능 응원 선물 딱이다 포장 선물 기회 마다흔하다 디저트 연령 상관없다 센스 주변 선물 다량 구매 분 예약 전 구매 못 한적 마음 가게 강 추하다친구 시험 응원 선물 위해 움떡 보 포장 깔끔하다 선물 다음 꼭포장 다시박스 상자 포장 굉장하다 편하다 선물 분 낱개 쇼핑 색깔 포장 포장 정성 선물 도 최고 평소 이집 떡고급 규 디저트 답례 품 괜찮다 선물 용 거나 어른매장 여기 인절미 정도 인절미 꼭쫀득 선물 용 여러 번 부모님마포구청역 사이 떡집 떡 빙수 수정과 등등 음료 판매 퍼센트 찹쌀 팥 수제 떡 뿐 패키지 매장 깔끔하다 답례 품 선물 용 딱이다 다양하다 기하 기도꾸준하다 소중하다 동네 디저트 가게 수정 빙수 떡 다다 따뜻하다 늘 번창선물 보고 떡 그렇다 빵 듯 떡 듯 쫄깃 덕 눈선물 용 구입 패키지 가게 자마자 고소하다 떡 냄새 생 분해 빨대 작다 부분 신경아늑하다 제품 대해 설명 남자친구 부모님 선물 뎅 어른 완전 찰떡 일여기 맛집 외 디저트 흑임자 인절미 꼭 보시 완전 짱지인 선물 구매 이유 세트 구성 깔끔하다언제 팥빙수 포장 아메리카노 진하다 매장 깨끗하다조용하다 골목길 위치 디저트 가게 커피전문점 진심 덕분 늘 텀블러 찰떡 쇼콜라 크림 치즈 소보 젤 오래오래 영업리뷰 처음 포장 깔끔하다 무엇 짱 중요하다 자리 선물 순위 낱개 도 판매 속 더부룩하다 자꾸 다음 봬용다양하다 선물 세트 사이즈 포장 꼼꼼하다 멋지다 해주시 항상 재별로 안좋다 인절미 한번 가깝다 아영팥빙수 국산 팥 접 차원 달라 수정 여름 별미 끝내주다이렇다 정성 가득하다 쎈스있는 포장 이쁘다 뛰어나다 담 예정 꼭 드 릴특별하다 떡 음료 선물 용 벌써 몇 구입 여름 전 팥빙수 한번친구 포장 기분 눈 보기 욥 근처 자주 포장빙수 포장 처음 선물 세트흑임자 빙수 인테리어음식 선물 사면 더살걸 후회되다수정과 병 사면 귀엽다 가방 추억 델몬트 모양 병 짱 귀욤 여기 인절미 완전 쫀득 요 남아 담날 여전하다 쫀 독해소중하다 선물 주기 떡 포장 정성스럽다 급하다 선물 필요하다가면 특별하다 무덥다 여름 시원하다 아아 해직접 용도 지인 선물 용 셋트 구매 응대 덕분 늘 기분 운 찹쌀떡 건강하다 건 기본 고요팥빙수 달 제대로 팥빙수 최고 주인 장님떡 빵 포장 무고 지고자주 이제 유 수정과 떡 그렇다 가게 임항상팥빙수선물 건 이구 이번 수정 구매 에코공간 무척 깔끔하다 정성 팥빙수 인절미 포장 팥 돌이 위 덜 단 팥빙수 떡 퀄리티 최상가게 쾌적하다 흑임자 떡 빙수 포장 깔끔하다떡 요즘 케이 디저트 열풍가게 안내 감사근처 빙수 떡 고급 지고 인테리어 음악 분위기팥빙수 찹쌀떡 팥 떡 근처 일 꼭 가요매번 궁금하다 가게 오늘 마침 구매 늘 궁금하다입매일 요 팥빙수 최고 선물 용 강력떡 수정 모두찹쌀 빙수 굿팥빙수 맛집 떡 여름 차례 빙수깔끔하다 흑임자 빙수 현미 떡최애 단골 매장 집앞 가깝다 냉장고 늘 간식 짱 최애 간식어디 서도 떡맛 쫀듯 떡맛 분위기 시원하다운 찹쌀 항상 청결하다 정돈 가게 응대 완벽하다 공간설병 달 견과류 듬뿍 선물 용 주인 인상 재 의사건강하다 고급 진떡 설병 꼭 만족하다흑임자 우주 최강팥빙수 인절미 등등 매번 정성 거의 매일 가요망리 꼭 찰떡 포장 언제 변하다쫀득 찹쌀 팥 달달 오도독 견과떡 아침식사 자주결혼식 답례 품 단체 세상 이렇다 답례 품 결혼 하래근처 우선 초기 기 어렵다 친철 설명 이제 단골 포장 이쁘다 해주시 가끔 선물 용 패키징 구매 패키징 아깝다 정도 매우 수준 저녁 퇴근 저녁 잔업 다음 날 아침 자주 구입 떡 쫄깃 빵 적당하다 탄력 부담특별하다 디저트 선물 용 흑임자 인절미 팥빙수원래 단골 장해 항상수정 포장 남 선물 용 구입떡 모두 건강 떡 안심 선물 용 부족하다 만큼 포장 고급부드럽다 진하다떡 종류 별로 선물 포장떡 이란 미니 간판 보고 떡 순이 그냥 강력하다 유혹 특별하다 떡 시원하다 수정과 흥분 다음 생각 꼭운 찹쌀흑임자 곱 간이 미치다 바로 그냥 말운 찹쌀 욥어른 선물 도 대표 항상 기분재 구매 선물팥빙수 요이번 새롭다 기프티콘 앱 통해 원하다 상품 변경 운 찰떡 세트 무려 할인 만원 구매 완젼 가성 비 굿 품질 굿굿 선물 포장 고급 지고 가게 깨끗하다 특별 서비스쫀득 포장 선물 용선믈용 간식기존 그렇다 떡 쫄깃해 선물 용깨찰빵 비슷하다 쫀득 거리 식감 쌀 미가 입안 가득 난 후 여운흑임자 흑임자 아주 곱 갈리 쓴맛 날수 요궁금하다 진열 모습 보고 찹쌀떡 팥 생각 찹쌀 빵 운 느낌 어른 선물 용 사면 달 부드럽다옥루몽 운영 아들 소보 떡 간식어른 선물 용 비싸다 값떡 이번 수능 지인 선물 게다가 앱 옹 할인요즘 빵 사 상점 할인 이벤트 더욱어른특이하다 떡 건강하다
192,리멘틱,1222238094.0,분위기 조용하다 가기 음악 곡 소금 초코 휘 낭시 아이스 밀크 티 매장 직접 베이 킹 다양하다 디저트 판매 다음 재 다른 음료 디저트근처 자리 리멘틱 디카 페인 선택 가능하다 위치 초록 초록 나무 풍경 조용하다 분위기 일요일 조금 오니 조용하다 일 땐 이용 스콘 직원 모두 좌 석도 편안하다 불편하다 나무 의자 의자 좌석 감각 넓다 공간 거리점심 분식 근처 가깝다 검색 리멘틱 줄 알 뻔 여기 이렇다 줄 답답하다 인테리어 굿 딸기 라떼 연유 빼 달라 달 싫어하다 심 연유공간 나무 뷰 테이블 의자 높이 편하다 리뷰 서비스 주신 쿠키 딸기 라떼 밀크 티대화 매장 나름 넓다 편입 니 주말 오후 나름 북적 북적 웨이 팅 거나 그렇다 대화 편안하다 분위기인테리어 이쁘다 감성 분위기 넘치다 디저트 최고 오늘 크로와상 못 아쉽다 다른 강아지 친구 환영공간 위치 입구 사 알짝 금방 음료 공간 아늑하다아늑하다 조용하다 분위기 원하다 분 드럽다 통창 뷰 디저트 음료 사진급하다 인테리어 이쁘다 햇살 맛집인테리어 햇빛 날 용 디저트 요인테리어 자주스콘 캬라멜 스콘 베스트 만큼 예상 대로 초코 크림 스콘 그냥 정도 다시 여기 인테리어조용하다 분위기 만족하다 음료 스콘 모두 나용인테리어 채광 사진 시즌 이드 다음 썸머 라떼 재지쨔 조용하다 분위기 갑자기 인테리어 반하다 다르다 지쨔 의자 조명 크리스마스 이브 날 캐롤 선곡 코지 분위기 완벽 충전 부탁드리다 딸기 라떼 넛츠 크림 라떼 다음편안하다 수제 밀크 티 바닐라 빈 그렇다 달콤하다 달콤하다 부드럽다 밀크 티 상음료 인테리어음료 좌석 편하다인테리어 편안하다 분위기 크루아상 존맛자리 시야 감각 의자 테이블 일단 의자 편하다 테이블 간격 여유 분위기 뷰 훌륭하다캬라멜 스콘 초코 스콘 걸 사랑 만족 의자 편하다 면 뷰 이쁘다콜드 브루 얼음 넛츠 크림 크림 먼저 그냥 입하 시 밑 우유 전체 그렇다 우유 별로인테리어 채광 사진 여기아늑하다 음료 어떻다 공간 넓다 멀다두번째 전체 조용하다 공간 큼직하다 지난번 스콘 스콘 단 아주 기억 썸머 라떼 아주인테리어 분위기친구 공부 겸 수다 겸 음료 디저트 강추 맛집 요전 한번 동료 괜찮다 우리 후 별로 명 테이블 좀 하니 예민하다 음료 특별하다 달 별로 다시 가요밀크 티 딸기 라떼 인테리어 따뜻하다 느낌 편하다진하다 카라멜 스콘공간 꼭 자주인테리어 아늑하다 스콘내부실내 인테리어 이쁘다 투어 마음 재 처음 요 분위기 조용하다 이야기 음료 넛츠 크림 라떼 미치다 재 강 추인테리어 빵 햇살 사진 재 의사공간 매일분위기 아늑하다 마음뷰 깔끔하다 낮 오니 분위기 조용하다말차 라떼 넛츠 크림 카라멜 스콘 달달디카 페인 콜드 브루 스콘 세트뷰 대화 스콘인테리어 멋지다 역시 아늑하다 공간 통창 채광남자친구 휘 낭시 선택 분위기 아늑 잡채 쇼파 푹신하다 크리 스마 스르 트리 장식 휘 낭시 존맛 창가 셀카 맛집 고요 돈 산이 용넛츠 크림 라떼 고소하다 진하다 스콘 깔끔하다 인테리어 사진 채광크림 입 땅콩 가득 햇살 잔뜩 분위기 시끄럽다 분위기카라멜 스콘 꼭 쇼 라떼 요디저트 달달 인테리어 이쁘다 친구 디저트 대화공간 넓다 인 좌석 혼자 분 편하다 음료 베이커리 류 산미 호불호 마시기 스콘 퍽퍽 마음 잼 버터 스콘 퍽퍽 잼 아쉽다 적당 촉촉하다 느낌 부담 통창 채광 조용하다 공간 만족하다 티분위기내부 창 따뜻하다 뷰 감성 인테리어 포근하다 모던 양도 스콘조금 시끄럽다라떼 밀크 티 맛집 신상 그렇다 인테리어 깔끔하다 최고공간 게다가 한번 감동 사진 어떻다 투어 필수 코스분위기 좌석 편하다 디카 페인 콜드 브루또온집 세번 햇살 마시기조용하다 한적하다 수다 떨기 인테리어 감각썸머 라떼 못 아쉽다일단 햇빛 자체 아늑하다 감성 분위기 맛집 사진 조용조 용하다 친구 얘기창밖 나무 뷰 햇살 나뭇잎 성하다 사진 찍 스콘 세트이쁘다 사진 맛집분위기 아늑하다 통창 답답하다인테리어 이쁘다 평일 그렇다 별로 음료수 스콘카라멜 스콘 음료 양도 다음 카공애견 스콘 요 계절 이드 사과 레몬 창 커서 시원시원하다 좌석 넓다 의자 편안하다 갑니댜분위기인테리어 깔끔하다 깨끗하다 스콘 클래식 스콘 세트 겉바 촉햇살 맛집 이쁘다 기분 음료 디저트아늑하다창뷰 상상 이상 리뷰 사진 보고 테이블 배치 애매하다 생각 배치 뭐 생각 창뷰 월요일 휴무 화요일 휴무 주민 메리트차도 이드 귀엽다 강아지 공간 따뜻하다 크리스마스 느낌음료 디저트매장 이쁘다 나쁘다 스콘 조금 비싸다 사진 이쁘다분위기 뒤 공부 분도 계시 수다 떨기 농담넓다 쾌적하다 인테리어 이쁘다 마음 다음인테리어 무엇 뷰 뷰 감성 장난 니자연 시즌 이드오늘 처음 뷰 분위기 다음 평일 오시 조용하다분위기 아늑하다 자리 편하다 친구 오기 스콘 다음매장 깨끗하다일단 주말 도 안이 북적 창가 쪽 테이블 초이스 성공분위기 주말 자리조용하다 쾌적하다채광 인테리어 스콘매장 전체 깨끗하다 쾌적하다 좌석 간 간격 넓다 조명도 은은하다 사진 어떻다 감각 오브 당연하다통 유리창 뷰 인테리어 사진 찍기 음악 잔잔하다 나중 날씨 책 날 아아 크루아상 잼 세트 아주 약간 산미 촉촉하다 크루아상 다음 스콘인테리어 미치다인테리어 여심 저격 스콘 세트 따뜻하다 습 댜오픈 바로 보고 인스타 트리 사진 보고 만 다시 음료 인테리어분위기 해도 자주넓다 깨끗하다 인테리어 음료조용하다 최고 죄송하다두번째 여전하다 조용하다 아늑하다 편안하다 공간 진하다 대화 또재조용하다 분위기 만족하다조용하다 따뜻하다 분위기의자 편하다 넓다 스콘매장 인테리어 이쁘다 음료 분위기 사진 찍기바닐라 라떼 여기저기 요기분위기넛츠 크림 라떼 완전 매장 완전 깨끗하다 자리 다음라떼 카라멜 스콘 달달 매장 쇼룸처음 깔끔하다 디저트 종류인테리어 무엇 집중 오시가게 완전 디저트 미적 감각 뛰어나다 의자 다른 디자인 전반 조화롭다 여자친구밀크 티 밀크 티 이드 과일 인테리어 이쁘다 테이블 간 간격 적당하다 편안하다조용하다 분위기 좌석 넓이 넓다 편하다음료 매장 깨끗하다햇살 맛집 스콘 맛집 분위기 조용조 용하다 스콘 바 아보
193,비전스트롤 베이크샵,1279344611.0,버터 푸딩 존맛 미치다 초코 푸딩 훨 가면 뮤 조건 트롤 주시 맛집 군데 버터 딩 라떼 꼬숩존맛원래 디저트 가능하다 젠 가능하다 대기 디저트 중 버터 푸딩 제일 그냥 평범하다 디저트 가기 단 테이블 간격 조금 불편하다버터 푸딩 존맛 초코 범벅 크루아상 촉촉 달달 바닐라 슈크림 완전 쫀독쫀독 젤라또 조합 장난 그냥 아아 살 짝 산미 연하다 버터 푸딩 계속 후블루베리 레트 한번 쯤 가게 협소 화장실 개선 필요하다 핸드 워 시도 없슴비주 얼 다만 가게 협소해 말소리 시끄럽다 노래 시끄럽다 용감당 힘드다 세상 힙 주말 웨이 팅 아쉽다 맘 테잌 아웃 해 바나나 푸딩 테잌 아웃 안되다 아쉽다 담 힙 제대로 용디저트 기대 블루베리 쩌 그냥 그렇다 저녁 매장 어둡다버터 푸딩테이크아웃 할인 가격 대비 양도 주변 좀 비싸다 생각 매장 전 테이크 웃 할인 가능하다 종종 이제 매장 굳이 당분간 로라 할인 안내 당연하다 알 확인 결제 뒤늦다 결제 된거 보고레트 품절 버터 푸딩 음료 달 디저트 안되다 음료 필수 분위기 힙함버터 푸딩 최고인테리어 이쁘다 느낌맛집 디저트 최고두 번 실패하다 작정 웨이 팅 이번 푸딩 무조건 웨이 팅 그렇다 임버터 푸딩 양 락앤롤 느낌카카오 모카 디저트 라떼 어유분위기 아메 라떼레트홀빈 여러 종류 음료 블렌드 선택 아쉽다 진하다 편이 고요 버터 푸딩 디저트 빵 초코 버터 따뜻하다 아이스크림 신선하다웨이 팅 나중 보 웨이 팅 산미 편이 버터 푸딩 블루베리 레트디저트너 무 시끄럽다 의자 불편하다 듯컵 분위기도넛블루베리 레트버터 푸딩 존맛버터 푸딩 항상 존맛 아아 아아 별로 닷 개취버터 푸딩 존맛 토요일평일 웨이 팅 자리 좁다 협소함블루베리 갈레 고급 진 라떼 모금 모금 소중하다디저트사진 찍기버터 푸딩 최고초코 푸딩 분위기 힙해 좌석 힙어유맛집비싸다 감성 굿굿분위기 후다닥 오픈 거의 만석버터 푸딩 기적나용굿
194,AIT,1015995644.0,아인 슈페 너 크림 부드럽다 달달 나중 크림운동 꿀조명 음침하다 마싯슴기대 다른 음료 모두 다른 후기 보 낮 밤 느낌 다르다디저트 분위기프렌 차 이즈 커피집느낌 매장 분위기 그렇다굿굿분위기굿파이 보고 친구 연결 파이 중간 아기 산책 부부 데 대해재 예약필터딸기 우유 생 딸기 알 웅파 제휴 어떻다이사오 단골 첫 리뷰 이제 체리 콕 체리 여기 가격 착하다 코로나 힘들다 꼭 성공 어유 이제 매일 리뷰사진 존맛 항상 항상 항상 토피 넛 항상 진리웅 파이 계 할인 음료음료음료 분위기 리뷰 보고 가세맛집 용 종류 다양하다 테이크아웃 꼼꼼하다 포장 감동 요즘 포장 친구 가도조음료 디저트동네 코너 조그맣다 비 원래 예정 데 엄두 안나 바로 혼자 아담하다 운영 곳곳 애정 눈 화장실 깨끗하다 밥 겨우 십분 럼블 입 살짝음료 시원하다 중간 중간 계속 손잡이 등등 소독 마음 편안하다가격 저렴하다시원하다 오
195,썬릿25,1920811841.0,음식 포장 좀 깔끔하다 양은 살짝 계란찜 포함 네이버 할인 식혜 써비스 달세트 소고기 야채 죽 배부르다 계란찜 부드러움 식혜 젖 갈도 건강 죽 음료 우리동네 죽 음료 오늘 죽 죽도속 안좋다 그릇 남자 조금 부족 즛 계란찜 반찬 괜찮다콜리 전복죽 소금 대신 김깨후 레이크 센스 간결하다 정갈스럼 후식 주신 식혜 눈 동그랗다후르 츠 이드 일단 양도 끝내주다 여기 음료 요 매장 시원하다 화장실 깔끔하다패션후르츠 코코넛 스무디 입 반했어 코코넛 고소하다 콤 달콤하다 조화 굿 테이크아웃 추가오늘 오픈 간판 썬릿 조금 헷갈리다 간판 마더 전 마더 죽 엄마 죽 생각 마음 더하다 마더 엄마 기도 마음 더하기 도하 여 가격 대비 구성 맘 죽도 추가 주시 반찬 식혜 써비스 오픈 가게 깔끔하다패션 후르 츠 코코넛 스무디 새롭다 요 처음 생각 중독 누구 최애 음료 듯매장 깔끔하다 오픈 키친 위생 상태 청결 맘 락토 프리 우유 다양성 퀄리티 대비 가격 완 전 강추왜인 알음료 죽도 민재 강아지 순하다 귀엽다일반 카페인 줄 죽 죽도 일석이조 자주마포구청역 근처 정갈하다 죽집 반찬 메인 죽도 수박 주수도사실 죽도 계란찜 다음 번 다른 죽자극 건강하다 부담 반찬 알차다 무엇 친절 기분 식사포장 매우 안내 깔끔하다시럽 주스 양도죽 오픈 신상 가게 죽도 수박 주스 반찬 가짓수 다음음식 사잔 선호 가성 비 전복 추가 제겅 계란 짬 아주 긍합연휴 아침 일찍 오픈
196,세리디저트,1932164704.0,말마카롱 완전 요 뚱카롱 금액 착하다 반하다급 충전 응 찰나 마카롱 지도 검색 오 울 동네 마카롱 괜찮다 생각 뚱카롱 가격 나쁘다 컴백홈 동안 행복하다 얼그레이 솔트 구매 갠 얼그레이 달 라이트 솔트 음 얼그레이 좀 아쉽다처음 마카롱 종류 쿠키 오전 마카롱 구경 못 아쉽다 판매 마카롱 먹기최고 디저트 항상 편하다 최고오늘 초코 시나몬 마카롱 역시 실망하다 적여기 마카롱 쫀맛 꼬끄 쫀득 크림 요 크기 대박 강아지 산책선물 세트 구입 보라 서비스일단 테이블 이구 인 좌석 배달 포장 이구 얼그레이 옥수수 크림 브릴레 데 옥수수 갑자기 크림 브릴레 마카롱 버전 구 디 옥수수 진심 계속 기억 남아 뜻밖 예상 밖 런가 옥수수흐엉 일주일 두 번 마카롱 걸 위안 삼고 오늘 곰돌이 마카롱 꼬끄 살짝 부숴 서비스 고맙다달달 달 매우 단 디저트 별로 세리 디저트 가끔 적당하다 달콤하다 가끔 당분 유일하다 마카롱황 치즈뚱카롱 사랑굿존맛 맛집 누 맛집 감별 사의 인증 얍더블 치즈 쿠키 완전 황 치즈 꼭 가운데 덕 필링 진해 비싸다 요서비스 주신 우유요즘 마카롱 마카롱 맛집 발견취식 공간 종종 소금 카롱 주차망리 입구 우치 세리 디저트 마카롱 플레이 버 쑥 인절미 솔트 카라멜 화이트 말차 독특하다 새롭다 따뜻하다 과육 펄프 가득하다 자몽 차 담백하다 요마카롱전문 마카롱 상회 마카롱 왕좌 군림 세리 디저트 선물 말 잔소리 사당 멋있다 서여소금 카롱 원픽 심마카롱 괜찮다 자극 지도 입맛 마카롱 발견 배달 서비스 귀찮다 배달 몇번 아주 편하다 굿 글 저번 보 다리 일 대단하다 이렇다 야하다마카롱 모두자주 듯최애 마카롱느끼하다망리 위치 디저트 맛집 주민 라면 픽업 홈 개인 얼그레이 충 얼그레이 밀크 티 마카롱 적당하다 달가면마카롱선물솔티드 캬라멜 마카롱늘 마카롱 맛집 번창굿친구 잠깐 길가 다가 생각 이상 디저트 가요아쉽다인생 마카롱 맛집 한번 단골 예약머랭마카롱 별로 다음 일찍머랭 쿠키 꼬끄 다음 마카롱망리 마카롱 맛집 발견 종류 별로 능 달 진하다 인생 마카롱 마카롱 뚜껑 친구 려고 가격 굳다 임 번창냉동 실 빡치다 마다 스트레스 완화 도움 문제 안되다최애 픽 말차 초코쿠키 마카롱 다발 사서 하루 행복하다 새롭다 월드콘 버터딸아이 마카롱 멀다이쁘다 이쁘다 달 필링 입안 가득하다 마카롱 덕 적당하다 달달 말차 초코쿠키 레드 벨벳 쿠키손 자꾸 마카롱 보통 마카롱 달 세리 디저트 마카롱 적당하다 달달 하루 중 마카롱 단골 처음 지방 계속 용 인스타 이번 처음 보 싹 결과 후회 세리 디저트 가면 결정 장애 그냥다른 가게 느끼하다 중간 여기 껀 매장 멀다 별로 구매 의향 선물 포장 무료 기분마카롱 선물 포장 해주시 데 한국인 입맛 맞춤 마카롱 예술 흑임자 쫜득 고소하다 말차 초코쿠키선물 용 쿠키 타르트 구입 재 서비스 주시 쿠키 타르트 맛집 요 포장 여기 이용쫀뜩쫀득옥수수 마카롱 최고 꼭 야하다꼬끄쫀득 필링 느끼하다인생 마카롱 선물 용 구매 아주 만족스럽다만 마카롱 발견 자주디저트 완전 맛집
197,베잇킹,1598648268.0,케익 만들기 아이 쿠킹 클래스 샘아이
198,메가MGC커피 망원역점,288147726.0,매장 생각 좌석 음악체리 콕 음료 가가 제일 나은망원역 근처 좌석 편안하다 무엇 평일 근무 어머니 뻘 직원 합축구 미스터 핸드 의 싸인 축구선수 땀 잔디밭 대단하다 존경화장실 의자 편하다 곡물 라떼 샌드위치 디저트 해 망원역 번 출구 가깝다 혼자가성 비가성 비남자바코드 인식 반복 직원 안내가성 비가성 비가성 비가성 비 갑굿포인트 적립 가성 비가성 비 갑손흥민 최애좌석 편이가성 비실내 넓다 가성 비도 역점딍 체고항상여자 신지 직원 신지 맞이가성 비자주 용해두번째 테이크아웃가성 비테이크아웃굳다굳다가성 비 탑굳다아이스 아메리카노 테이크아웃 함굳다좌석 편하다 집중굳다음료 저렴하다점심시간 피해굿가성 비 갑수박 주스 완전 박물 잠깐굿연유 라떼주차가성 비딸기 라떼가성 비 짱굳다 굳다자주 이용굿가성 비거의 하루 한잔만굿가성 비갑 코직원굳다연한 아아 좀내부 화장실 흡연실가성 비굿굿내부 좌석 직원굳다굿용량 구리 고프다굳다음료딸기 럽초입 편하다 요직원 수박 쥬스요굿굿굿역점 처음 남자 직원 조용하다 화장실 깨끗하다가성 비 커피집 목 마르다 저렴하다 가격 가성 비굿굿굿굿 시원하다 쾌적하다스모 블랙 쿠키 스무디 시원하다자주 이용굿
199,peak,1821627109.0,조그마하다 한강 바로 앞 피크닉 가능하다가격 좀귀엽다 욤아이스 아메리카노 시원하다 개인 비싸다 곳도 가격 합리 매우 만족스럽다 한강 테이크아웃 팬 꼭 한번 팬 말씀 환영 여유 재밌다 얘기 해주 니 사실 팬 뿐 축구 재밌다굿굿기대 바닐라 라떼 입 놀랫다굿굿혜자 양 한강 공원 바로 입구 위치 굿만족하다만족하다강아지 한강 산책단골가격 양도 보통 빽 다방 약간 정도굿
200,바나타이거 망원점,1901176717.0,바나 타이거 처음 가성 비 직원아이스 음료 얼음 양적 부분 감안 컵 절반 조금 음료 다른 매장 비 양 휘핑 야하다 다해 다른 전문점 음료 휘핑 차라리 뚜껑 정도 만 나들이 뚜껑아메리카노아메리카노 뜨끈하다아메리카노아메리카노어플리케이션아메리카노아메리카노아이스 카페라떼아메리카노아이스 카패 라떼멜론 요예전 원두 선택 옵션항상바니 타이거 망 원점 가성 비굿가성 비음료 매장 깔끔하다 직원 아이 잠시가성 비 짱짱 여기 딸기 쿠키 프라 페 전설아스 아메리카노아이스 아메리카노 양가성 비가성 비 바나 타이거항상연유 큐브 라떼멜론 요금요일 마감굿보통양굳다굿강추굿굿굿굿
201,루틸,38530833.0,갼 늘 감사향기 늦 자동 늘 취향 세상 볼 동네 주민 강 추하다요즘 바쁘다 오늘 이나 차 한잔 역쉬항상루틸늘 한결같다 그윽 상식 주시 오늘 대한 지식 공부 고맙다늘만 지인 아메리카노 취향자주 숖 출근 오늘항상굿지인 커피한잔바쁘다 요즘 못 오늘 여유 커피한잔 늘굿지인 따뜻하다 커피한잔바쁘다 만 늘공간 편안하다 대화원두 전문 설명 취향 원두항상항상 대화 편하다친구 따뜻하다 아메리카노 연하다 최고 친구 이야기굿굿브라질 강 볶음 핸드 드립 향굿 맛굿굿굿바닐라 라떼 달 핸드 드립 원두 종류 다양하다 신기하다늘까페 온 가요 스페셜 티 제청 직접 판매 음료 또한 왜 원두 직접 로스팅 판매 종종 사서 분 한번 후회 최 곱다완전 강추 미가늘 진심 이세일요일 주말 조금 일찍 번창라임 티완전관련 공구 유명하다 곳도 여기 기적 원두 라인 매번 원두 사면 실패 사가 거리 좀 일부 원두 드립 마 싫다 분위기 좌석 간 거리 적당하다 멀다 대화인심 무엇 최고 자주 솦예술맛집오늘 커피한잔 디카 디립 친절 친절굿분위기오늘굿최고 강츄손님 취향 파악굿맛집보고 콜드 브루 사려 구매 콜드 브루 좀 왕 대박 친절원두 종류 다양하다 설명 심 기대하다 산미 못굿굿낫집카페라떼굿굿친절 해굿핸드 드립 중 여기 제일 걸 디카 페인 원두 데 스페셜 티 등급 디카 페인 원두 선택 구매 디카 페인 도 뉘앙스선물 선물굿맛집처음 분위기 계시 기본 아메리카노 산미 산뜻하다 편입 니 쓴맛 과 재조용하다굿굿굿굿굿굿의자 편하다굿
202,빽다방 망원시장점,37911267.0,망원역 위치 빽 다방 통창 뷰 시원하다 눈 갑갑하다 잠시 욧양도 가격 착하다가성 비 빽 다방요 이드 존맛매장 편이 제조 빠르다딸기 빽 바닐라 아이스크림 딸기 시럽 아이스크림 쉐이크 아이스티 평범하다동네 어르신 사랑방엄마 공간 가게 일 하루 종일 일 팔 다리 허리 아프다 특성 가나 관광객 판매원 할머니 할아버지 식사 제대로 빽 다방 일 분 키 오스 활용 분 해주 매장 항상 청결하다저녁 음료 두 잔 매장 일회용 컵 괜찮다 목소리 바로 여자 직원 분 덕분 기분 별일 컵 죄송하다 말씀 아이 아이스크림 혹시 접시 일회용 컵 뚜껑 리도 살짝 흔쾌하다 수프 그릇다방 아메리카노 가성 비 괜찮다장보고 조용하다직원 매장 맘 굿굿 역쉬 빽 다방 빽 사이즈 빽 라떼 굿굿굿원조다방 가성 비가면 꼭아이스크림친절 저렴하다 가성 비간 얼음 아샷추 다른 지점조용하다가성 비덥다 여름 빽 다방 답 요굿가면 꼭 종류 여기 시원하다음료 친절 굉장하다빽 다방 최고굳다저렴하다빠르다 가성 비매장 직원 늘가성 비 양도 먾굿음료 당황 직원 세밀 응대 다음 다르다가성 비날 원두 썩두유 장점 직원 준비빽입맛테이크아웃 아아 가성 비 맛집가면 항상직원평일 오전 직원 완전 친절 빠르다아이스티 달달 망저렴하다사진 못 아시 분 근처 완전 핫 게다가가격 합리 직원가성 비 빽 다방 좌석 매장 가끔 이요맛집굿늘 이용 빽 다방아메리카노 한잔굿음료 당연하다 직원근처 구경매장 조금 작다 편입 니 가성 비가성 비 빽 다방 음료 빠르다가성 비 주굿매장 고갈 정듀가격 입구 여름 더위 여기 야하다굳다다방 라떼 괜찮다값 저렴굿아메 괜 춘해굿가격 저렴하다 자주 이용대왕 마들렌 생각사라다 빵 최고시원하다저렴하다 가격 굿자주좃가성 비굿빽 다방 굿빽 다방 처음 양도 가격 저렴하다 자주 생각굿날 잠깐 가기다방 다방가성 비 아메리카노바닐라 라떼 진심 존맛가성 비장보고굿
203,리파인드 카페,1000374656.0,망원역 날 이전 밀크 초코 푸딩 다시 전 못 자바 카페라떼 대박 여기 원두 우유 제품 사용 깔끔하다 자바 요건 뭐 완전 상 콤 부드럽다 완전 환상 궁합 디저트 모두 만족스럽다 재 의사세트 푸딩 가성 비 푸딩 주변 신선하다 아늑하다 친구 대화 가장 중요 화장실 깨끗하다아몬드 라떼 최애 라떼 주인 언니 아기 놀 작다 다락방 토끼 친구 옹기종기 살 아이 신나다 오자 듯여기 세상 힙 아기자기하다 감성 디저트 처음 커스터드 푸딩 한번 요 딸 통통 상큼 여기 꼭 가세 포토 존 스타일귀엽다 착하다 배우 임지연 궁금하다 확실하다 공간 디저트 젤리 별로 리파 드 디저트한잔 푸딩 티그레 금상첨화 요약속 잠시 겸 초코 티 레 초코 밀크 푸딩 완전 쪼코 매니아골목 귀엽다 젤리 탱글탱글하다 이드 처리파 드 저번 젤리 푸딩 보고 라떼 맛집 바닐라 라떼 파 국룰 리파 드 그렇다 진쨔 마슀습 여름 시즌 복실 아이스티 조합 폼 미치다 여 시즌 챠 해주시 안되다 코코넛 담 꼭 새롭다 느낌 담리파 드 재 바닐라 라떼 한번 역시 바닐라 라떼 사진 맛집 핑크 뮬 리가 뮬리뮬 리해 음악 띵곡 잔잔하다 분위기 아지트 정도 가게 이름 뜻 영수 증 오늘 재 발견 말 오늘종종 리파 드 쑥슈 라떼 처음배려 디저트 공간 디자인 구경 사진 재미처 리파 드 구슬 이드 젤리 비주 사랑스럽다분위기 조용하다 집중 푸딩 젤리 무엇 커스터드 베리 푸딩 꼭 아몬드 강하다 달달 오후 먹기길가 다가 눈 완전 디저트 맛집 커스터드 푸딩 한번 완전 취저 상콤 과일 꼬 소하 티그레 말차 완전 존맛 말차 진하다 덕매장 디저트아기자기 귀엽다 신상 발견 분위기 잔잔하다 색다르다 디저트 음료 전부 도장상큼 시원하다 여름 찰떡 가게 내부 아기자기하다처음 성공하다 분위기 오픈 한지 얼마 안되다 다해 에그타르트 서비스 습 디저트오렌지 이드 새롭다 다음단골 맛집 디저트 한번 반하다기본 강추 분위기 완죤 짱 아기자기하다 작다 소품 구석구석 야하다깔끔하다 분위기 대화 리파 드 점점 단골 오픈 후 계속망원역 근처 새롭다 아기자기하다 분위기 처 크림 과일 푸딩 상큼 글 취저음료 색감 뮤 이쁘다 먹기 아깝다 정도 뉴 구성새롭다 오픈 분위기 조용하다 확 눈 굿새롭다 뒤 번 깔끔하다 분위기 대화처음 디저트 처 음료 사진 맛집 다음 키위 푸딩점심 가게 생소하다 도 디저트 키위 푸딩 초코 티그레 젤 취향 다음디저트 해자주디저트 특이하다매우 이쁘다라떼
204,이디야 망원중앙점,37521524.0,토요일 오늘 계시 탈색 머리 직원 태도 때문 불쾌하다 테이블 위 산리오 굿 추가 사려 기분 나쁘다자몽 이드평일 직원 진심 주말 오전 알바 계시 가면 기분 불쾌하다 정도 불친절하다 일주일 번 이상 주말 어딘가 늘 화가 나신 손님 안보 말투 무섭다 주말 오전 직원 교육 좀 심각하다수박 주스 직원 화장실 외부 조금 민망하다 상황 발생요청 사항 아아 최고매장 청결하다 직원 계세주말 근무 노랑 머리 스태프 인성 문제 결제 테이블 키 보드 두 기 짜증수박 주스완전복숭아 아이스티 샷추 욥토피 넛 라떼 최고빙수음료 준비 빠르다 매장 내부 공간 음료 퀄매장 쾌적하다자주깔끔하다 배송편하다 편하다직원 모두 엠디 매장 넓다굿집중혼자 집중무언가 정리요대화매장 이용 쾌적하다 환경 배송 빠르다공간 넓다 작업만족디아만족굿생 딸기 와플 생 딸기 팬케이크 안되다 방향 술편안하다동네 커피집만족아메 사이즈비즈니스 자주 정드립석류 애플 라임가면역시 토피 넛 라떼 최고굿아메리카노 사이즈 변경편리하다땐 조금동네 근처 빵 좀 불시 착 쿠폰 조용하다굿굿화이트 초콜릿 모카 밍숭했어굿저녁 직원 때문친절새롭다 생 딸기 펜 케이크굿점원굿딸기굿음료 대해편하다굿굿굳다음식 요굿굳다굿친절굿굿푸드코트 느낌굿굿굿굿직원 분 무척생각 넓다키 오스 가편매일 아샷츄 오늘 핫 치킨 브리또 따뜻하다오늘 직장 동료 고소하다매일 아침 아샷츄 일정하다망빙 굿 뜻밖 발견매일 아침 출근 네이버 픽업 전화 편하다 신선하다
205,카페클로이인패리스,1071356852.0,아기자기하다 모양 이색 디저트 산미 밸런스 고소하다 원두 아메리카노 진하다 모카 라떼 위 부드럽다 달달 크림 크림 모카 라떼 케이크 모양 귀엽다 부드럽다 옥수수 무스 과일 디저트디저트 귀엽다 그냥 디저트 신선하다 과일 듬뿍 셋팅해 자리 추가 사항 안내 분위기 아늑하다특별하다 디저트 클로이 패리스 양 케이크 딸기 요거트 무스 치즈케이크 귀엽다 제철 과일 가득 최고 배맛 스무디 도 비주 얼 익숙하다 배맛 데코 매장 인테리어 친구 수다 오기 최고디저트 귀엽다 다음 재 의사 정도 내부 인테리어 청결하다 다음 다른 디저트 음료 보고디저트 맛집 강추 유럽 느낌 뿜뿜 감성 인테리어 디저트 다양하다 감동 감동 직접 로스팅 쫀득 아이스크림 조화 완전 환상 재 예정보기 떡 아기자기하다 디저트 원두 애플 망고 에이 청량하다 단맛 조화 위 꽃장식 마치 비 피해 온 따뜻하다 느낌 인테리어 조명 편안하다 분위기 사 장님 그냥 여기분위기 노래 선곡 귀엽다 디저트 가득하다 순간 기분 디저트 중 고민 무화과 케이크 부드럽다 시트 크림 굿디저트 맛집 분위기 맛집 연말 크리스마스 연말 분위기 제대로 아늑하다 조용하다 디저트 귀엽다 뭘 고민 엄 청 무 화가 케이크 달달 딸기 라떼 이쁘다 상큼분위기 인테리어 유럽 감성 확 디저트 음료 브라운 치즈 과 딸기 라떼 얼그레이 밀크 티 각종 과일 완전 바삭 내부 감성 인테리어 곳곳 포토 죤 가득 대화 완전아인 슈페 너 판다 귀엽다 케이크 옥수수 맛일 줄 당연하다 생크림 줄어디 고민 중 딸기 생크림 케이크 사진 보고 케이크 생크림 부드럽다 고소하다 다른 디저트 귀엽다 내부 넓다 참고음료 바로 음료 다시 잘못 음료 그냥 케이크 크림 분위기 이드 음료 라떼 다음 동생이렇다 앤티크 분위기 디저트 귀엽다 어찌 심지어 처 버터 스카치 크림 라떼 막 느끼하다 적절하다 조합 진심 강 추하다 크림 라떼 무조건 대화 분위기 다음 완전위치 분위기 연말 느낌 가득하다 따뜻하다 느낌 디저트 귀엽다 다양하다 케이크 미안하다분위기 디저트 귀엽다 조용하다 얘기 분위기유럽 인테리어 차 놀람 디저트 귀엽다 독특하다 차 놀람 디저트 피 다르다 다음세상 케이크 귀욤뽀짝 렁 스럽다 몽실몽실하다 졸귀 인테리어 이쁘다 다른 이쁘다 디저트 완전 힐 링신세계 사진 케이크 엄마 포장 음료 인 음료 공주 기분분위기 이쁘다 앤 분위기 분 오시 디저트 이쁘다 음료 연말 크리스마스 느낌 물씬 날 지금 겨울 느낌 이쁘다 놀 이용내부 인테리어 디저트 귀엽다 자리 동안 내부 구경 사진 금방 초코 곰 귀엽다 사진예전 남자친구 기념일 벌써 두번째 역시 분위기 인테리어 파리 해외여행 온 느낌 디저트 음료 모두클로이 인 패리스 입구 분위기 대박 따뜻하다 분위기 노래 트리 디저트 귀엽다 음료 디테일 장난없다 겨울패리스 디저트 맛집 용 보기 디저트 케이크 크림 귀엽다 꼭인테리어 이쁘다 디저트 귀엽다 곰돌이 담 친구 가게 이쁘다 여심 저격 제대로미자 귀엽다 동물 무스 케이크 아기자기하다 테이블 바로 디저트 달달 전문 유튜브 유리 소리음료 신기하다 무엇 가게 분위기 마치 파리 속 연인 기분포근하다 느낌 가게 인테리어 이쁘다 케이크 비쥬 얼 미치다 플레이 팅 섬세하다 감동 이예 음료 꼭 강추중 단연 독보 분위기 감성 유럽 가정 무드 완벽 거기 완벽 시크 처 음료 디저트 뭐 부족하다 입장 최고분위기 최고 완전 유럽 라떼 디저트 만족도 가을 무조건 강력 재 의사얼그레이 크림 케이크 덕 디저트 종류 다양하다 이쁘다 분위기 깡패 크리스마스 느낌 가득하다 인테리어 소품 사진 이쁘다 크림 종류흐앙 이렇다 귀엽다 디저트 귀엽다 다음 다른 디저트클로이 패리스 귀엽다 디저트 소녀 방 컨셉 패 브릭 소품 모두 마음 무엇 디저트 비주 얼 시선 강탈주님 카페인 듯 아기자기 아늑하다 분위기 오늘 손님 여유 곰돌이 케이크 특이하다 식감 자랑 직접 표현 얼그레이 밀크 티 진하다 만 분위기 기분 디저트발견 공주 무드 인테리어 남자친구 복숭아 생크림 케이크 아메리카노 아인 슈페 너 플레이 팅 인하다 조금 소요 금방 케이크 아인 슈페 너 바닐라 크림 달달 다음 양 곰 케이크 보고운 웨이 팅 자리 디저트 귀엽다 먹기 아깝다 매우 가게 이쁘다귀엽다 케이크 아이 데리 인테리어 따뜻하다 케이크 초코 진하다 페스 츄리 밀크 티 아몬드 딸기 라떼 딸기 청 아주디저트 귀엽다 음료 배맛 스무디 애플 망고 스무디 완전분위기 생크림 케익 데이트 장소 도 친구 시기 재 의사 퍼센트곰돌이 케이크 귀엽다 기절 한번 덕 초코 무스 케이크 아래 시트 크리 스마 시즌 크리스마스 인테리어 아늑하다 힐링 크림 모카 라떼 꼭 달달분위기 인테리어 뭐 여기 즐 박아 꽤 이제 녜임 무조건 재 각 인생 샷줄 원래 앤티크 컨셉 맘제일 귀엽다 케이크 늘 크림 다도 졸귀 이쁘다티그레 날 무화과 생크림 케이크 샤인 머스켓 자두 사과 무화과 과일 다양하다 상큼 크림 무겁다 적당하다 순식간 아인 슈페 너 베이스 달달 크리 습 에이 애플 망고 샤인 머 스캣 레몬 당 조절 가능하다 조절 안해 도 디저트 음료먹기 아깝다 정도 미치다 분위기 짱분위기 디저트 요키 워드 부족하다 정도 테이블 간격 대화 공간 복숭아 케이크 복숭 진하다 전반 세지 디저트 디저트 무조건 유럽 느낌 인테리어 마음사진 맛집 디저트 맛집 요 배부르다 초코 곰 포실하다 양 귀엽다 초코 곰 초코 초코 해 안달 과일 디스플레이최대한 사진 모양 디저트 댜분위기 곰돌이 치즈 케익 크림 모카 라떼 행복하다아기자기하다 귀엽다 디저트일단 이쁘다 디저트 깜찍하다 먹음 직 선택 장애 정도 설명 해주시 가성 비도 선곡 행복하다인테리어 이쁘다 디카 페인 무화과 케이크귀엽다우선 분위기 미치다 산미 원두 크리스마스 분위기 연인 케이크분위기 인테리어 앤 귀엽다 특이하다 디저트 종류 음료 밀크 티 다음 번브라운 치즈 눈 한번 반하다 한번 반하다 과일 주시 도 다만 살짝 밀크 티 진하다분위기 일단 압승 귀엽다 고민 음식 과일 신선하다이쁘다 먹기 아깝다 쪼금 비싸다 생각 이쁘다 아깝다 특별하다 날 데이트 장소 딱이다인테리어 디저트케이크 귀엽다디저트 공간 이쁘다디저트 귀엽다 크림 직원아기자기하다 아늑하다 분위기 밀크 티 미가 엄청나다 배부르다 밀크 티 다음 귀엽다 디저트디저트 귀엽다 분위기 음료 인 테이블 저희 일행 넷 얼른 테이블 자리 친절 테이스티클로이 앤 패리스 귀엽다 곰돌이 비주 얼 디저트 전부 귀엽다귀엽다 양 디저트 프랑스 노래 계속 아늑하다 분위기 데이트 코스인테리어 최고 최고 분위기 최고 조용하다 적당하다 말소리 수다 떨기 음료 설명 기분 디저트 귀엽다 실패인테리어 디저트 무화과 짱케이크 귀엽다 음료 인테리어 그렇다 분위기 케이크 귀엽다곰돌이 케이크 먹기 아깝다독보 귀엽다 디저트 귀엽다 걸 어떻다 과일 싱싱하다 재 의사 오백만인테리어 이쁘다 귀엽다 아기자기하다 데이트 오기 까페제일 편안하다 이쁘다디저트 분위기 나중곰돌이 귀엽다디저트 찻잔 예술 사진 주말 만석 일찍디저트아늑하다 평일 저녁 조용하다 얘기 디저트 종류유럽 디저트 초코 곰 귀엽다 도 원두 아주 즐겁다분위기 멋있다 디저트 요 다음 무화과 케잌 다음 케잌 구아아 밀크 티 디저트 귀엽다특별하다 선택 안되다 아쉽다 곰돌이 보고 클로이 패리스 입구 아기자기하다 소품 인테리어 감성 음악 파리 파리하다 분위기 이쁘다 무화과 샤인 머스켓 사과 견과류 완전 곰돌이 귀엽다 입 때마 맴 버터 스카치 크림 스카치 사탕 도나 크림 부드럽다 카리브 바다 하와이인테리어 이쁘다 이야기 양 케이크 옥수수 요깔끔하다 인테리어 꼭 아늑하다 크리스마스 분위기분위기 매우 포근하다 생크림 케이크 짱 퐁실퐁 실하다 순식간 해 초도 판매 생일 김 초도 사진 맛집 창가무화과 케이크 파리 분위기 분위기 아늑하다 화장실 깨끗하다 재 의사분위기 파리 온 중 인테리어 탑 디저트 원두 선택친구 도리 내부 디자인 분위기 사진 제발화이트 앤 브라운 톤 화사하다 아늑하다 분위기 디저트 귀엽다 의외 맛집빵 순례 친구 음료 디저트 감동 얼그레이 밀크 티 꽃향 말차 라떼 우유 부 드럽다 끝 쌉쌀하다 혀 완전 녹덕 만족 복숭아 크림 케이크 플레이 팅 아름답다 계절 과일 복숭아 달콤하다 포도 케이크 우유 크림 촉촉보 달콤향 완전 만족 인테리어 분위기 유럽 느낌 창가 프라이 빗분위기 케잌귀엽다분위기 디저트기분 국적 인테리어 인상 디저트 맛집 브라운 치즈 제철 과일 디저트 업그레이드 이드 특별하다 비주 사진 찍기 스팟디저트 기대 이상 재 의사분위기 아기자기하다 버터 스카치 라떼케이크 먹기 아깝다 부분 고소하다나용 이쁘다 성 굿굿분위기 디저트 귀엽다케잌아주카페인 줄 밖 이쁘다어디가 발견 디저트 음료인스타 보고 인테리어 음료 디저트 여처음 분위기 아보 보 자주분위기 미치다 디저트 귀엽다 꼭바닐라 라떼 시럽 일반 바닐라 시럽 달달분위기 원두 선택 디저트양 무스 케이크 귀엽다 음료
206,달로아,1878938830.0,조용하다 대화 곰 컵 곰 받침 티슈 신경 디테일 곰 컵 받침 귀엽다얼그레이 푸딩 오 아바 아메 괜츈 케이크 망고 케이크 위 망고 시지 달달 화장실 내부 분위기 사진 조용하다 대화아늑하다 부드럽다 느낌 행복감 동안 인 케리 전 구도 특이하다 작다 소품 과 마음 드 아포 카토 에스프레소 얼마나 행복하다케이크 입 얼그레이 분 원래 고민 왜 고민음료 케잌 류 디저트 맛집 인테리어 깔끔하다 화장실 깨끗하다 더욱 신뢰 마들렌 포장 다음 날깔끔하다 새롭다 깨끗하다 이미지 대박 그윽 케이크 장난 적극 매장 인테리어 차별 수제 케잌 디저트 으뜸 주인 직접 그날 손님 제공 난 당근 조각 케이크 미각 여러분 적극 단골 샹겨덥다 여름 오아시스 발견 신상 까페 케익 파운드 케익 수제 확실하다 다르다 딸기 라떼 감동 아지 매가케익 감동 리뷰 가게 이쁘다 케익 케익 남자친구 포장 해 당근 케이크 분 조카 리스트 살포시 담음료 양흘륭 케익 류친구 케이크 포장 케이크 촉촉하다케익 신맛 로안 분 케익 달 적당하다 달 고 빵 부드럽다 매장 꽤 넓다 편이 이용캐익 종류 쵸코 얼그레이 당근 레몬에이드 쵸코 라떼 두번째베이스 터 크림 크림 세상 가게 깔끔하다 이쁘다정성껏 디저트 적당하다 가격 고급유목 음료 스콘 존맛 내부 쏘카인드디저트 종류 별로 보고 쵸코 라떼 망고 케익 인테리어 예브 토일렛진짜진짜 아메리카노 미가 생 딸기 라떼 딸기 가득하다서비스 감동 단골깔끔하다 티라미수 나유 자주 늘새롭다 딸기 라떼 생 딸기 라떼 대박 기분새롭다 길가 다가 발견 생각 오래오래맛집 요매장 깨끗하다 밀크 티 소품 귀엽다굿괜찮다
207,BGT호두단팥빵 망원동점,1558131358.0,이번 새롭다 단팥빵 꼭 한번 급 단팥빵 정도 생크림 단팥빵 먼저 단팥빵 고소하다 원래 팥 과 달 생크림 비율 단팥빵 었어 여자 매장 직접 계시 믿음 남자 보 단체소금 빵 단팥빵 생크림 단팥빵 부드럽다 고소하다 느끼하다 그렇다 전혀 일단 팥 실하다 포인트 소금 빵 그냥 왜냐면 요 꼭여기 아무 번 한번 빵집 자꾸 단팥빵 똑같다 생각 착각 저희 아빠 소식 좌 데 소고기 빵 를 흡입 가까이 단팥빵 외길 입맛 전화호두 단팥빵 부모님 소금 빵 위 담 바닥 쪽 버터 살짝 굳다 바삭 심 가면 예정소금 빵소금 빵 바삭 판매 분도 번창부모님 퇴근길 늘제빵 맛남 크림 팥 강추
208,Alive214,1560358848.0,이쁘다 멋지다 베 음식 음료수 상쾌하다 욤보석 샌드위치 가게 치아바타 빵 자체 식감 재료 자체 훌륭하다 그렇다 샌드위치 두번째 고 종류 샌드위치 다른 볼 계획 이렇다 샌드위치 가게 반갑다 존재 앞 오 동안만 주말 브런치 분위기 행복하다식물 초록 초록 느낌 일부러 멍 줄 창가 뷰 한참 자주치아바타 파스타 날 춥다 스프야채 신선하다합정역 볼일 오늘 역시브런치 존맛 후기 망원역 근처 인테리어 브런치 맛집 샌드위치 맛집 갈릭 림프 치아바타 아메리카노 시 켜 특제 갈릭 소스 불맛 통통하다 새우 킬링 포인트 거기 신선하다 토마토 치즈 아보카도 채소 듬뿍 든든하다 브런치 꼭 얼라이브 진심밖 분위기 전 저장 오늘 리뷰 후기 음식 기대 런치타임 할인몇번 이제야 기본 아주 다음 보고건강하다 분위기 아늑하다직원샌드위치 역시 갈릭 림프 무조건 존맛커팅 샌드위치 샐러드 파스타 강아지 귀엽다바질 샌드위치 샐러드 파스타 재료 신선하다가게 아늑하다 샌드위치 재료 신선하다 자주고소하다 담백하다 빵 분위기갈릭 림프 치아바타 리코 바질 페스 토 존맛 빵 어쩜 쫄깃쫄깃 토핑 듬뿍 샌드위치 맛집 다음 다른치즈 빵 바삭아담하다 깔끔하다 아늑하다 분위기 가격 대비 재료 아주 실하다 양 분 반 배 먹기 편하다 유 산지 준비 편하다 센스 굳다날씨 주말 아침 테라스 첫 매 주말 주말 아침 브런치 신분 고민 여기 후회그냥 말 필요없다 림프 치아바타 무조건 야하다갈릭 림프 치아바타 세트 샐러드 파스타 치아바타 혼자 도 샐러드 파스타 신선하다 역 가깝다리코 바질 페스 토 갈릭 림프 서비스 주신 샐러드 진하다 아메리카노 궁합 최고 치아바타 빵 원래 림프 소스 자극 건강하다 완전 반했어가게 이쁘다자주 만 매장 늘 이용 장사 계속 자주분위기 맛집 건강하다갈릭 림프 치아바타 동료 맛집 인정 담저번 엄마 보고 친구 재 어떻다 분위기 아기자기하다 다음채소 싱싱하다 비쥬 인테리어 엔틱하 귀엽다 다음 꼭 담운동 건강하다 식사대표 갈릭 림프 치아바타 가게 푸릇푸릇 느낌 담 다른 샌드위치재료 신선하다 소스브런치 맛집 샌드위치 짐 코코 직원 귀요미 고요 분위기 브런치 음료매장 찾기 가게 분위기진정하다 샌드위치 맛집 분위기친구 인테리어 조용하다 혼자 오기 명 테이블 창가 석도 친 구가 닭 가슴 살 샌드위치 닭 가슴 살이 부드럽다 다음베스트 갈릭 림프 치아바타 빵 쫄깃 재료 신선하다 소스 갈릭 고소하다 산미 가격 담멋지다 센스 아기자기하다 깔끔하다 가게 인테리어 든든하다 신선하다 샌드위치 특별하다 휴일 항상 외 테이블 시원하다 바람 햇살 보고 세상 여유 워 모든 개인 갈릭 림프 리코 바질 드 위치 꼭 진실되다 신선하다 정성 배부르다 덤 가끔 타이밍 귀엽다 댕댕닭 가슴 살 치아 버터 갈릭 림프 치아 버터 매장 자연 친 적 느낌 물씬 자 연속 착각 킵 다음아침 급 샌드위치 인테리어 초록 초록 휴양지 온갈릭 림프 샌드위치 차로 거리 갈릭 림프 샐러드 조화 역쉬 더더 번창쪽 한번 가야 가야 이제 치아바타 빵 촉촉하다 야채 신선하다 재료 완전 빠방하 배부르다 재즈 노래 유럽 온 게다가 창 밖 귀엽다 강아지 뷰 맛집바질 리 코타 샌드위치 닭 가슴 살 샌드위치 인테리어 다이어트 다이어터 강추 존맛 살인테리어 초록 초록 하니 기분 샌드위치 구매 시 할인 적용 점도 합리 갈릭 림프 치아바타 존맛처음 샌드위치 아주 든든하다 감히 샌드위치 중 역대 이군 가게 식물 통창 쾌적하다 먹기 빠르다 준비늘 림프 치아바타 오늘 햄 치즈 치아바타 완전 클래식 재료 신선하다 건강하다 소스 헤이즐넛 아메리카노 여기 원두 헤이즐넛 시럽 전 다음 헤이즐넛 아메리카노 같아욤 바닐라 라떼 오래오래 장사 인테리어 감각리 코타 바질 페스 토 바질 아주 빵 쫀득 사이 닭 가슴 살이 훌륭하다 매장 분위기 듯 깔끔하다 직원 담 의사갈릭 림프 폴 토 매장 깔끔하다 청결하다 샌드위치 먹기 고민 계시 여기 강추음료 샌드위치 왓음다 인테리어 전보 기분 여전하다 샌드위치 가게 컴 다운 일한번 보고 토마토 소스 치즈 조합 맛없다 조합 짭쪼름 존맛 초록 초록 분위기 담 갈릭 림프 징만 반 가요 여전하다 두고두고근처 볼일 예전 간만 재 역시 근처 배달 자주 좀 아쉽다 용햄앤 치즈 샌드위치 레몬에이드 조합 말모 인테리어 진심 미치다 번 꼭 생각 함 자연 자체 음식 도 빠르다 이쁘다 아마 다시 꼭 꼭 다시 여기 그렇다늘 이제야 닭 가슴 살 치아바타 갈릭 림프 치아바타 꺄악 강 추강 추 두 성공 빵 소스 치즈 아보카도 야채 신선하다 담 다른 어요앞 브런치 처음 화초 공간 깔끔하다 자연스럽다 기분 갈릭 림프 치아바타 자몽 티 큼직하다 아이 듬뿍 아보카도 토마토 등등 야채 신선하다 자몽 티 달 조만간 번창가게 시끄럽다 조용하다 데이트 양여기 샌드위치 맛집 양도 재료 점심 완전 세트 할인 쿠폰 직원 항상 친절 인테리어 아기자기 이쁘다 사진샌드위치 일단 가게 분위기 갈릭 림프 치아바타 크로크무슈 재료 신선하다 빵 쫄깃해 나중 요거트 스무디 최근 중 가장 만족스럽다 다음리 코타 바질 페스 토 야채 싱싱하다 빵 곡물 도 부트 럽 요 세트 할인주변 이쁘다 보 오시망원역 치아바타 맛집 일요일 아침 아기 산책 편안하다 느낌 인테리어 은은하다 채광 기분 갈릭 림프 치아바타 부드럽다 빵 재료 성하다 갈릭 소스 조합 굿 바닐라 라떼 조합 도 주변 브런치 가게 오전 오픈 일찍 해주시깔끔하다 제일 중요하다 샌드위치 미치다 입맛 까다롭다 유명하다 닭 가슴 살 치아바타 다이어트 헤비 건 먹기 싫다 여기 샌드위치샐러드 파스타 그냥 오리 탈 소스 완전 건강하다 느낌 치아바타 류 꽉 아침 녁 무겁다 먹기 싫다 날 최고 배달 자주친구 사이 파친놈 정도 파니니 치아바타 여기 다음일 여성 기분 어제 오늘 기분 결정 갈릭 림프 치아바타 역시 평온하다 노래 다음 책 인테리어 음악 선 별도 모두 자주 느긋하다갈릭 림프 치아바타 종종 맛집 매장 아기자기하다 분위기 깔끔하다 무엇 점심 이용 자주갈릭 림프 크림 라떼신선하다 인테리어 귀엽다 트레 머그 기분 전환 점심 종종 오기여요 갈릭 림프 치아바타 글 숫불 새우 아보 도의 조합 기대 이상 이구 고유 소스 흔하다 독특하다 요 처 인정 리 코타 바질 림프 비 일반 갈릭 림프 강추근처 이상 최근 샌드위치 젤 혼자 기도폴 타도 웬만하다 피자 훨 건강하다 분위기 프랑스 음악 인테리어 프랑스 쁘띠 샌드위치 피자 자주 주민 그렇다친절 자체 매장 클린 자체 샌드위치 샐러드 세상 주민 꼭 야하다건강하다 브런치 하루 시작 기분 업 분위기 싱그럽다 신선하다 음식 굳다분위기 유럽인 친구봄 향기 꽃집 구경 발견 꽃집 소품 내부 인테리어 음악 눈 귀 코 입 호강 오늘 포장 사 날 날 강츄 치아바타 빵 질 기지모짜렐라 치즈 치아바타 다른양 짐 재료 성하다양도 지인 배부르다 빅사 이즈 샌듸치 체고 임용 앞 자주눈 보고 인테리어 이쁘다 샌드위치 단골 예약갈릭 림프 소스 리뷰 이벤트 샐러드 양도 끼 식사 도 괜찮다 재 의사유산 준비 편하다 인테리어 다음샌드위치 맛집 식물 자주 구경 식물 가게 옆 샌드위치 언제 빵 쫄깃쫄깃 갈릭 새우 샐러드 샌드위치 싫어하다 남자친구 다음 대요 아침 식당 문 여 군데 실망하다 맛집 기분 주말생드 위치 혼밥 생각 짐 생디치 운동 클린 친절 쿠폰 굳다 굳다치아바타 접시 싹싹 매직 행복하다음식인테리어 이쁘다 식물 갈릭 슈 림프 치아바타 근처감성 가공 부드럽다 음료 디저트 옆 꽃집 이어진 비건 느낌 까페 감동 리뷰 음악 분위기 다른 궁금하다 예정쿠폰 꼬박꼬박 매번 리뷰 처음 늘 건강하다분위기 바질 페스 토 샌드위치 다음매장 분위기 인테리어 노래 샐러드 신선하다 치아바타 힘들다 징샌드위치 맛집 플레이 팅 인테리어 이쁘다 눈 즐겁다 사실 무엇 감동날씨 테라스 구경 옆 꽃집 음식 정성크림 라떼 달달 담백하다 우유 크림 잔뜩 애매하다 샌드위치 못 다음 보고갈릭 림프 자꾸 종종 바로 옆 식물 식물 보기매장 이쁘다 덤 샌드위치 양 끼 배 불리닭 가슴 바타 대박 채소 싱싱하다 소스 맛집 양도 매장 분위기 이쁘다 담치아바타 샌드위치음식 분위기 다음인테리어 음악 유럽 느낌 이나 분위기 샌드위치 비쥬 이쁘다 소스 직접 재료 재료 사용 데 충분하다 기분 식사 지금 샌드위치 최고 존맛샌드위치 샐러드 소스 최고 살찌다언제 최애 여기 소스 도리일 기분 약간 다운 날 가볍다 상큼 특별하다 무언가 가격 약간 프랜차이즈 햄버거 샌드위치 가격 생각 저렴하다 항상망원역 가깝다 초록 기분 베스트 컷팅해 좋앟어 리뷰 샐러드 넉넉하다 댜동네 친구 분위기날씨 날 테라스 자리 클린 식사 맛집 이유 눙샌드위치 고소하다 포장 샌드위치 굿굿 매장 분위기 아기자기하다 다음 포장샌드위치 맛집 얼라이브 폴 다도 샌드위치 최고 빵 신선하다 뜨겁다 폴 다도 본연 방법 최근 드 위치 중 단연 최고샌드위치 음악 샐러드 신경 해 새롭다 기대
209,유네버노,1135306698.0,사진첩 주먹밥 폴더 만큼 깃 거리 간식 거리 전부 금붕어 식당 시절 보장 손맛 늘 직원 따뜻하다 매장 분위기 완벽하다스모크 돼지 보루 두부 땅콩 후리카케 운명 란 다소 비싸다 묵직하다 재료 현미 주먹밥 특유 느낌 취향 직원 친절 도 최상 오픈 일과 유동 인스타 필히 체크인스타 주먹밥 외 랜덤 오차즈케 매장 접시 제공 불가하다 그냥 명란 평범하다 매장 좀 불편하다 근처 피크닉 간단하다 점심 이동 먹기 제격 간이 전체 좀 편이 구 명란 주먹밥 좀 짭짤하다 떡볶이 생각 매콤 떡보 어묵앙증맞다 귀엽다금붕어 식당 알 음식 솜씨 공간 아기자기 다양하다 구매 알바생 너 무 분 분 인사 현미 주먹밥 한번 조금 다음 주 밥 주먹밥 재료 다양하다 조합 신기하다 자극 부담 건강하다샐러드 재료 신선하다요즘 자주 유네버노주먹밥 냉동 아침 구 지금 건강하다 옛날 금붕어 식당식혜 구매복숭아 조림 구매
210,더지베이커리,1064499748.0,인테리어 귀엽다 잠봉 크루 상루 꼴 샌드위치 빵 브런치 그니 요 빵 귀엽다 분위기 디저트 선물 단골 구우리 부부 젤루 용 조용하다 귀엽다 아기자기하다 다한상수 밤앤 크루아상 가게 부터 팬 자주 처음 몽블랑 알 이구 페스 츄리 류 전체 겹겹이 부분 최고 베이커리 생각 오래오래 장사 바 요 페스 츄리 장인 베이커리 만세 개인 몽블랑 강추귀염 뽀짝 인테리어 베이커리 베이커리 베이커리 프렌치 토스 겉바 촉 스타일 존맛샌드위치 아기자기 귀엽다 인테리어 눈 좌석 좌석 정도 샌드위치 신선하다 크기 커서 반 배부르다 영가게 분위기 겸 음료 구경 빵 보 추가 공간 넓다 네이버 추가 토스트 무제 스타일 다음 예정 용새롭다 깨끗하다 분위기 핫 예감근처 눈독 빨미까레 퀸 망 더티 초코 뺑오 쇼콜라 크루 상 전부 가격 착하다 빼빼로데이 빨미까레 선물 친구 미치다 온 김 기본 단골 각 나중 케잌외관 이쁘다 귀엽다 빵 버터 적당하다 달달 취향 빵 종류 다음 볼핫 발견 인테리어 원색 위주 색감 사직 찍기 사진 곳곳 포인트 신경 빵 순이 종류 다양하다 포장 냉동 실 이튿날 동이몽블랑 중 최고 페스 츄리 페스 츄리 종류 다양하다 다른 베이커리 종류 맛집 유명하다 포장 한번 처 탠저린 진저 아이스티 베이커리 조합 분위기 아기자기하다 귀엽다 만족하다인테리어 빵 뺑 쇼콜라 패스츄리 완전 바삭 가게 앞 두더지 그림 보고 두 베이커리 인걸 귀엽다 인테리어 덕인 포 곤포 곤 분위기 빵집 유명하다 포장 오시 분여전하다 빵 맛집 몽블랑 단연 최고 아아 밸런스 제대로합정 밤앤 크루아상 부터 빵 재 오픈 소식 뒤늦다 접 여전하다슈톨렌 조만간근처 여전하다 깔끔하다 최애 역시 퀸 망빵 케이크 베이커리 사진 찍 아이 아이 요새 자극 데 기본 충실하다 담백하다 번 조용하다 이야기 나누기 야외 아이 강 추하다 시저렴하다 초코 피칸 크루아상 초콜릿 진하다 고급스럽다 크림 퀸 망 부드럽다 코코넛 이렇다 다음가깝다 종종 이번 처음 밤 페스 츄리이전 매장 밤앤 크루아상 매장 정도 빵 보통 베이커리 어설프다 정성 정도 센스 아주 배달 시작 자주덥다 두더지 음료 캐릭터 귀엽다 거기 다가 베이커리 류 다양하다 가성 비도 아기자기 딱이다 용발견 얼마 안되다 인테리어 깔끔하다 테이블 포장 손님 둘 개시 식사 대용여기 빵 가게 이제 꼭 날씨 야외 자리 편하다크루아상 바삭 거리 어마어마하다 다른 다음 보고 정도전 빵 오늘 바치 케 진하다 덕 크리미 시원하다 아아빵맛 감동 베이커리 만 친구 약속 리뷰 기억 완전 감동 친구 빵맛 가격 감동 뿌듯하다 어깨 음아이 부담 무엇 베이커리 쪽 다양하다 아이 이번 자리 포장 다음 한가하다 다른 베이커리 도전새롭다 디저트 맛집 뱅 쇼콜라 초코 크루아상 다른 가격 저렴하다 빵 재료 가득하다 가성 비 최고 조용하다 동네 조용하다 행복하다전 보고 재 코코넛 크림 퀸 망 새롭다 처 음료 역시새롭다 오픈 리뷰 빵 전 포장 매장 스콘 딸기 생크림 케이크 포장 크루 상이 몽블랑 치즈 럼블 다음빵신상 인테리어 아기자기 컬러풀 귀엽다 두 분 매일 아침 직접 빵 케이 대요 그렇다 빵 달 미가 달콤하다 빵 해도 못 편 날 퀸 망은 계속 한번 개도 가능하다 초코 크로와상 조만간레몬에이드 차도 빵 패스츄리 더니 페퍼로니 패스츄리 짱베이커리 분위기 완전 음료 디저트 완전 대박초코 스틱 뺑 쇼콜라 원하다외관 신상 베이커리 몇개 간단하다 열 추가 쿠키 대박 요 촉촉하다 크기 가성 비 비 끝판 맛집 분위기 굿굿크로와상 케익 귀엽다 케익 초도 음료 레몬크루아상 퀸 망 라떼 요 굿굿골목 디저트 맛집 더티 초코 강추절반 빵 돌이 호기심 리뷰 금 다이어트 계속 얼마 안되다 듯 앞 디저트 페퍼로니 롤 짭짜름 식 대용 딱이다 버터 바 버터 가득하다 당 적당하다다시 재 베이커리 오늘 기본 크루아상 아이스 아메리카노 크루아상 완전 겉바 촉 고소하다 었어 감동 담 면 재 재 재 각 퀸 망 몽블랑 인기 금방 품절 좀 아쉽다 오늘 다른 빵 량 포장 담 일찍 퀸 망 몽블랑 꼭 포장디저트 손님 아쉽다 홍보 번창덥다 션 데 아기자기하다원래 슈퍼 새롭다 베이커리 가게 인테리어 귀엽다 덥다 두더지 욥대충 얼그레이 레몬 쿠키 스타일 계속 번창여기 슈퍼 내부 아기자기귀염 귀염 가게 당연하다 어머니 티셔츠 산다 고해 발견 저희 어머니 빵 여근처 어린이집 등원 깔끔하다동네 귀욤귀욤 퀸 망 달달 구리 덕분 다이어트 포기 가격 착하다 유명 베이커리 빵 들보디저트 조용하다 깔끔하다 매장 안도케이크 크림 텁텁 입 느낌빵 아주새롭다 빵집 퀸 망 크루아상 따따 봉베이커리 디자인 빵 담크루아상 초코바나나 케익 취향 가게 분위기 가깝다 베이커리 행복하다굿빵아몬드 크라상 꼭 드세다 번 드세다 비교 불가 존맛 디저트 가게리뷰 빵 빵 크루아상 속 충전물 안달 초코 크루아상 껄 아쉽다녹차 케이크 달 적당하다 녹차 빵 촉촉하다 부드럽다 베이커리 맛집굿동네 주민 새롭다 빵 퀸 망딸기 생크림 케이크 딸기 대박 완전 부드러움 가게 귀엽다 단골 예약굿새롭다 가게 귀엽다 빵 아이 리얼 초코우유 가재 번창매장 빵 재 의사딸기 케이크 다른 빵 포장 퀸 망 몽블랑 완전 가격 적당하다굿
211,페스토 페스토,1732822448.0,바질 리조토 바질 파스타 페스 토 샌드위치 바질 리조토 고수 미리 빼 달라 고하 후추 바질 바질 파스타 면 좀 얇다 면 이구 바질 강하다 바질 이면 무조건 반하다 화장실 깨끗하다 바질 덕후 라면 무조건 야하다꼭 페스 토 바질 페스 토 여러가지 페스 토 사고 제일 최애 바질 페스 토 일단 바질 그냥 느낌 신선하다 그대로 근처 밀로 밀 소금 빵 발라 말모 다음 음식 시즌 페스 토도 궁금하다 시금치 고수 다음 시즌 기약페스 토 페스 토 그렇다 기억 여전하다 가게 전후 처음 아늑하다 느낌 가요애정 페페 시즌 도 역시 페스 토 추가 구매 새롭다 샌드위치 날 스튜 프 추가 생기페스 토의 세계 넓다 아름답다 페스 토 근래 레스토랑 중 가장 비건 옵션 가능하다 특별하다 즐겁다 식사 망원역 약간 거리 위치 조용하다 차분하다 얘기 고 인테리어 우드 톤 분위기 무척 무엇 직원 응대 아주 기분 식사 쪽 일이전 조금 매장 넓다 쾌적하다 페스 토 살 다양하다 방법 시도 항상 다짐 번번이 빵 발라 후회 맙예전 바질 소면 기억 재 바질 유자 파스타 떡 지고 면 딱딱하다 먹기 힘들다 소면가게 직원 기분 식사 냉면 보기 힘드다 특별하다 얼마 안남다 하니 꼭 강추 드림 감자 바삭 구리 존맛골목 위치 조금 신경 절대 실망하다 음식 개성 매력 간이 과 채 내내 즐겁다 모든 사이드 바질 소면 조합 기대 이상 궁합 페이스트리 피자 고소하다 부드러움 포테이토 일반 소스 질마르 쉐 채소 서교 페스 토 구입 다른 페스 토 시식 다른 장소 구 어렵다 고춧잎 페스 토 흔하다 자마자 가스 올리브 맵 살짝 톡 느낌 페스 토 독특하다음식 비쥬 얼 모두 굿인스타 로만 기대하다 부추 페스 토 피자 음식 콤 부차 조합 다음 꼭 혼밥 가도특별하다 페스 토가게 생각 넓다 인테리어 이쁘다 비건 가게 냄새 가득하다 음식 행복하다 바질 최적화 가게 음식 자체 상상 못바질 가득하다 바질 페스 토 라면 무조건 바질 소면 독특하다 무덥다 여름날 먹기 듯분위기 페스 토 소스 유니크분위기 다른 데 음식 음식 다음 페스 토도 구매소스 푹 부추 페스 토 피자 입 입안 부추 감자 튀김 할라피뇨 페스 토 트러플 페스 토 궁합 곡주 페어 링 완벽하다 따뜻하다 공간 덕분분위기 건강하다 음식 아늑하다 섬세하다 빗속 간 보람 다양하다 바질 기억 남아예전 페스 토 페스 토의 각종 페스 토류 궁금하다 마르 쉐 시식 구매 비싸다 가격 값 바질 페스 토페스 토 최고재 전보 가게 용 그라탕 계란찜 피자 페스 토새롭다 리뉴얼 바질 소면 여름 시원하다 식감 재료 페스 토 페스 토 뒤 치도 건강하다 깔끔하다페이스트리 피자 왕 바질 소면 음 바질 강하다 아쉽다 신선하다 점심 먹기바질 소면 리뉴얼 개인 호불호 갈릴 상큼 바질 페스 토 기분 음악맛집 계속 감탄 오늘오픈 바로 음식 바질 누 바질 페스 토의 어디 이상 조합 바질 피자 바 질 안나 여 누 다른 테이블 맥주 제일 역시 인스타 인 플루 광고오픈 런 소면 그냥 그렇다 피자바질 소면 부추 페스 토 피자 매콤 안주 소면 살짝 오버 쿡 느낌바질 페스 토 보고 페이스트리 위 바질 페스 토 피자 독특하다 모양 피자 치즈 별로 사실 빵 느낌 생각 괜찮다 꿀 꿀 조합 바질 유자 소스 소면 시큼하다 유자 때문 호불호 피자 나름 괜찮다 매장 협소해 창가 석 살짝 답답하다 이사 자리바질 소면 여름 먹기 피자 겉바 촉 좀맛페스 토 종류 별로 시식 뒤 선택 점도 매장 넓다 꼭 재 식당첫 후기 보고 페스 토 샌드위치 혔 페스 토 볼 신선하다 숲속 다음 뭘 음 피자 샌드위치 낫다 리뷰 피자 괜찮다 샌드위치 입 순간 치아바타 생 밀가루 범벅 보고 놀래다 직원 현명하다 환불 그라탕 햄 치즈 샌드위치 선택 음 빵 안되다다양하다 페스 토 시식 피자 확장 이전 축하 앞 자주 예정 수프음식 대체로 짭짤하다 다양하다 페스 토 볼페스 토 종류 오늘 바질 구매 다음 트러플 버섯 스프 페스 토도 아주 저녁 피 자도재료 신선하다 음식 바질 소면 리뉴얼 이전 버전 보지 신선하다 콤사진 대충 비주 인스턴트 만 신선하다 정성 음식 기분 피자 혼자 두 판 가능하다 듯브레이크 타임 응대 페스 토도 시식비건 남자친구 만족하다키 워드 최대 갯수 충분하다 신선하다 재료 건강하다 평가 아늑하다 차분하다 분위기 표 음악 가게 분위기 마음 쏙 가게 힐링신선하다 보여욯음식 음식 욘 오렌지 하이 볼 상큼 바질 소면 짱 피자 샌드위치 건강하다전체 색다르다 소면 파스타 페스트리 피자 생각 전부 자극 굿굿기대하다 분위기 음식 적극널 두릅 페스 토 왕맛 이사 처음 오애견 동반 가능하다 직원페스트리 피자 바질 피자 페스 토 피자 정구지 피자 피자바질 냉면 그라탕음식 신선하다페페 피자 혼자 먹기 양 사워크림 극락 콤 부차말 누락항상 페스 토스탭 음식 서비스 모두 애정페스 토 처음 새롭다 느낌 와인 부탁드리다 다음 낮 샌드위치페스 토 익숙하다 별로 설명 시식 잎 고급 와인 페스 토 피자 분위기 미쳣 다음요리 작 공간 멋지다 피자 보 고프다 분위바질 나용페스 츄리 바질 피자 인 피자느끼하다 페스 토 피자페스 토 처음 포트와인 아포 카토 신세계 어요 달달 존맛음식 이렇다정성 음식 만 느낌 강하다 도우 자리 마무리 반죽 피자 페스 토 종류 바질 시금치 고수 고춧잎 세 샌드위치 시 시식 가능하다 손수 페스 토 전 샌드위치 싱싱하다 기억 사워크림 크림 치즈 포함 피자굿개정 조만간 예정 강추샌드위치 피자 스프 가격 대가 좀 쎄다 염 미니 바게트 살짝 덜 분 분 직원 분만 계속 일 느낌 느낌기본 친절 센스 스탭포장혼자 가기세 아이 아이 패스트리 피자 꿀 조합 단 아이 혼자 거의 샌드위치 지난 번 시즌 페스 토 완두콩 아이 살짝 빵 발라바질 페스 토 와인 페스 토도 연 와인 후회 뻔 매장 분위기 다음 피자 강 추하다분위기 인테리어 소품 감각 친구 페스 토 소개 맛보기 가능하다 점도 구매 도 움 피자 술 조합 해 단 아쉽다 비주 얼 반하다 개선 필요하다 숙회 상 태 나물 먹기 힘들다 커팅하거 플레이 트 그릇 야하다 해 테이크아웃분위기 모 욥 바질 페스 토 페스 토 페스 토 시판 품음식 맛보기 해주시최고 페스 토을 여기 인생 바질 페스 토 신선하다 진해 시즌 별 페스 토도 냉이 페스 토 사서 눈물 살 공간 피자 전 샌드위치 올리브유 절 토마토 페스 토의 향연 생각 만해 입 침 알 기적 마음 행복하다 널리재 페스 토 선물 포장 비 추가 겨 페스 토라 기억 특별하다 날 소중하다 선물 걸 고민 재 스테이플러 포장 상태 못 린넨 천바질 소면가게 왕 감자 버섯 스프 고소하다 갓 운 피자 진심 대박 페스 토 쪼렙 그렇다 바질 페스 토 제일 모든 음식 신선하다 나용 혼밥 기도 핫 욥 개인 의견 샌드위치 빵 야채 나름 부드럽다 매력 식감너 무비싸다가게 작다 음식 바질 소면 진보 배고프다 짐재 예정 신선하다 재 예정근처 종종 페스 토 전문점 패키지 선물 페스 토 먹기 직접 요리 음식 최고 오래오래 장사 흔하다 바질 페스 토 부터 이름 처음 나물 페스 토 종류 다양하다 고로 매장 작다 혼자굳다리뷰 처음 두번째 첫 바질 페스 토 샌드위치 인상 재 오늘 피자 부추 페스 토 설명 바질 고수 자주 페스 토로 부추 처음 신기하다 어떻다 궁금하다 입 신선하다 부추 어색하다 부추 완전 한식 재료 생각 피 자랑 오페스 토 페스 토 맛집 왜 이제 왕 왕 모든 작업 신선 게다가 무 설 탕 정도 다이어트 식품 다른바질 신선하다음식 판매 와인재료 신선하다 음식 기분 밥연말 모임 친구 줄 선물 려고 바질 페스 토도 구매 요리 팁 페스 토 파르 미지 레지나 오 치즈 리 파스타 면 현미 병아리 콩 구매 문의 요리 보관 팁 그대로 친구 전달 예정 페스 토 다음 요리 내츄럴 와인 글라스 재미나 신기하다 공간올해 중 가장 기억 요 여러 의미 새롭다 하하 핫 가게 이쁘다매번 페스 토 빵 다른 재료 뭐 스프페스 토 신선하다 토마토 조합 미치다 빵 부드럽다 먹기 편하다 스프 담백하다 계속 자주샌드위치 중 제일 포장 매장 이쁘다 차 재료 신선하다 차 차 놀람 단골 스프 존맛바질 섬초 페스 토매장 따뜻하다 바로 때문 포장 페스 토 시식 보리 풀 페스 토 존맛 샌드위치 스프 요 앞 자주샌드위치 감칠맛 폭발 페스 토 전문점 처음 접 보통 페스토보 다르다 달라 개인 리 페스 토 반하다 야채 고유 살짝 씁쓸하다 페스 토 재료 토마토 오일 치아바타 알차다 신선하다 맛깔나다 은 씁쓸하다 진 종류 술 덕분 더욱 알차다 행복하다 식사샌드위치 포장 토마토 페스 토 치즈 끼리 조합 최고 바질 페스 토로 다음 다른 페스 토로 가게 알샌드위치 일 샌드위치 페스 토도 선택 기전 시식 가능하다 담 피자동네 페스 토집 행복 치아바타 페스 토 토마토 치즈 샌드위치 완전 취향 저격 보통 루 정도 페스 토 인스타 공지 단위 포장 가능하다 바게트 포장 가능 음료 식전주 자몽주스 페스 토 종류 별로 시금 페스 토 신선하다이후 재 번 샌드위치 비롯 다르다 준비 모든 세심 항상 에너지 날 따뜻하다 땐 샌드위치 페롤 테이크아웃 한강 공원 가면 서늘하다 가게 스프만 재료 신선하다 배 불리 건강하다 느낌 스프 완전 번창모든 최애 피자 데 보기 힘드다 타일 피자 소스 항상 페스 토 포장 선물 아유신선하다 미가 섬초 페스 토 처음 짭짤하다 고소하다 빵
212,닷트케이크,1160322529.0,
213,룬라이즈,1949139263.0,예전 인스타 팔로우 빼빼로데이 구매 휘 낭시 딘짜 취향 저격 리본 손잡이 포장 뿌듯 남아 디저트 흑임자 파운드 새롭다 화 주체 마싰었러 납치 픔휘 낭시 겉바 촉 확실하다 보통 부드럽다 눅눅하다 느낌 그렇다 잔 이쁘다 고소하다휘 낭시 맛집 파스타 온 김 맛집 휘 낭시 쫀덕 부드럽다 약과 자체 존맛 산미 강하다 고소하다 부드럽다 포장 매장 넓다 수다 떨기 쵝오 자주누룽지 휘 낭시 짱 꼬숩 바삭 원두 우유 신선하다 쓰시 바 라떼 고소하다 디저트 맛집 맛집 욤 공간 도 아기자기 사진 기분약속 휘 낭시 종류 겉 바삭 디저트 딱이다 직원매장 쾌적하다 휘 낭시 까눌레 최 최고 용 이드 최최 최고칭구놈 컷 공간 넉 울림 때문 칭구 발음 개별 딜리 칭구 크림 라떼 싫다 입 몽환 노래 감성 청각 자극 득템고구마 쿠키 처음 완전 특이하다 민초 휘 낭시 저번 보고 포장 아메리카노 산미 디저트만 새롭다 외관 크림 라떼 보통 크림 면 남 아쉽다 크림 라떼 달달 남아 움 과자 주로 스콘 쿠키 휘 낭시 메인 봣 레몬 휘 낭시 누룽지 휘 낭시 순삭 춱춱 잡채 왜 휘 낭시 모서리 바깔끔하다 베이커리 약과 휘 낭시 조합 포장 부모님 달 담백하다 만족하다 선물 용 안성맞춤 요분위기 인테리어 힙 음료 메론 다음 다른 보고 디저트 몇개 사서새롭다 오픈 일단 인테리어 부터 느낌 가득하다 소품 포스터 포장 박스 쿠폰 아기자기하다 귀엽다 센스 사진 맛집 무엇 디저트 다양하다 마들렌 까눌레 휘 낭시 쿠키 쿠키 오레오 딸기 쿠키 새롭다 포장 해 음료 메론약과 휘 낭시 인스타 재 까눌레 바삭 촉촉하다 약과 휘 낭시 약과 빠삭쫀득 휘 낭시 부드 러워 조화 아주 아메리카노 고소하다 디저트 아주 인테리어 소품 조금 추가 셀카 효약과 휘 낭시 매장 선물 용 포장 해 원하다 구성 박스 포장 가능하다 솔티 카라멜 로투스 오레오 초코 포장 참외 라떼 궁금하다 배 못 다음 꼭 도전휘 낭시 기 힘들다 오레오 휘 낭시 매장 초코 추러스 휘 낭시 마들렌 포장 역시 분위기 디저트 먹기 무조건 재 의사망리 신상 인테리어 움 과자 행복 손님 꽉 차서 그렇다 빵 소진 식감 천재 천재 빵 덕분 행복 꼬소 편 크림 라떼 굿귯 아쉽다 다음 재 다시 다음 까눌레 꼭 볼 검다골목길 조명 눈 얼마 안되다 깔끔하다 디저트 종류 다양하다 여러 무엇 디저트 박스 부터 매장 손길 부분 다음 오휘 낭시 맛집 킹 낭시 맛집 킹 모든 킹킹 가끔 알바생 아주 서비스 자주 구매플레인 약과 힙 휘 낭시 언제 여기 사진 인스타 업로드 바로 가능분위기신상 일단 가게 분위기 힙했 인테리어 신경 음료 잔 잔 마저 전부 신경 느낌 감동 말모 힙함 디저트 주력 신고 땐 거의 역시 재빠르다 여 휘낭셰 겉바 촉 나중 용깔끔하다 인테리어 맘 에드 굿 메론 요 휘 낭시 겉바 촉 굿만하 대박 처음 플레인 휘 낭시 팬 오늘 종류 별로 별로 여기 사진 이쁘다디저트 행복 덕분 즐겁다 휴일 가요 다음휘 낭시 까눌레 곳곳 귀엽다 오브 잔뜩 막 포토 존 단골 가타와이프 포장 약과 쿠키휘 낭시 마들렌 포장아메리카노 여기 아메리카노 오늘 친구 크림 라떼 크림 초코 츄러스 존맛고이 고인 망리 줄기 빛 처럼 제과점 다양하다 움 과자 포장 꼭피낭 시 종류 다양하다 인테리어 심플 세련되다 접시 독특휘 낭시 미인 이세 남자친구 가요말 걸음 걸 눈 보이 발 천국 외관 궁금하다 휘 낭시 쓸어왔슴미 밷 뉴스 다시 가면 방앗간 오래오래 오픈 참말 고맙다 습 데이음료 하루 종일 시원하다 음료 적당하다 달 시원하다 서비스 디저트매장 너 무 귀엽다 휘 낭시 마들렌 짱짱매장꼬 소하 완전 취향 휘 낭시 역시 품절 덥다 다음 휘 낭시휘 낭시 중 제일 패키지 귀엽다 매장 귀엽다무엇 휘 낭시 맛집 룬 라이즈 이번 주말여태 휘 낭시 중 제일 적당하다 달 고급스럽다이쁘다 인테리어 트 랜드 소품 가구 멋지다 휘 낭시 애 맛집 인정인테리어 왕힙 왕이뽀 카 페루 요지난번 오픈 한번 휘 낭시 인테리어 디저트 종류 다양하다 다음포장 역시휘 낭시 앞 자주 제일 힙 같아욘 왜 이제 앞 자주 글 번창 번창힙합 퍼 된거 분위기 힙 카피 입맛 디저트 인상조금 발견 히든 얼 마안 깨끗하다 베이커리 류 퀄리티 선물 용 구매얼마 안되다 휘 낭시 맛집굳다로투스 휘 낭시공간 멋있다 빵휘 낭시 맛집 자주직접 개발 크림 라떼 완전 반했어 마들렌 최애 휘 낭시 직원 덕 편하다 갑휘 낭시디저트 도리여기 사진 맛집 인테리어 이쁘다 거울초코 라떼디저트힙
214,카페라이킷,1214833616.0,무엇 샐러드 샌드위치 신선하다애용샐러드 샌드위치 신선하다세심 사항 무엇 샌드위치 신선하다 애용사 애용아메리카노 추가 세트 구입 샌드위치 늘 신선하다 샌드위치 샐러드 카패 킷 적극라떼 여기 제일 출근길 라떼 사서 입 세상 제일 행복하다 샌드위치 처음 짐 역시마 요가 기 완전 친절 제발친저롸시 샌드위치 신선하다 애용샐러드 만족 마 직접 요 단골 각가성 비 샐러드 발견 닭 가슴 살 갠 다이어트 강추라떼가성 비 갑 묵직 개인 렌틸콩 귀리 채소 취향 나쁘다 아쉽다 기본 토핑 미리 알 수가 유일하다 단점다른 확실하다 차별 진하다취향 샌드위치 신선하다 애용일찍 오전 이용 편하다 샌드위치 늘근처 가면 샌드위치 꼭 라떼 진해 라떼 분 한번 번 세번 샌드위치 고루 고루 와사비 크랩 쑥 미숫가루 대박 요 가족 엄지 척아이스티 흔하다 복숭아 스티 좀 느낌 아이스티 예정샐러드 샌드위치 프레 쉬함 잡채앱 편하다 샌드위치 애용오늘일단 내용물 충실하다 상큼 매콤 번갈아 꿀맛 라떼 진리 고요음료 사진 음료 라떼 고소 샌드위치 짐 요 가족 대요 가격 처음 보틀 미숫가루 구매 커서 깜짝 손님 자 주 애용가성 비 저렴하다 샌드위치 번창 단골 임 돈 산임 요즘 가격 샌드위치 아유진하다 애용샌드위치 채소 닭 가슴 살 배부르다샌드위치 신선하다 진하다 애용짐 신선하다 항상 만족 이예횽자주 애용진하다 양도 티 사이즈 애용사이즈 선택 가능하다이스트 샷추 옵션 요청 바로 반영 출근 신선하다애용아침 일찍 오픈 네이버 복숭아 아이스티 샷추 옵션진하다 라떼 경우 우유 거품 풍부하다 애용오늘 샐러드양도 굳다 굳다반개 포장 가능하다 흔쾌하다 여기 항상 양 반개 도 든든하다 가성 비 계속 새롭다 자몽 블랙 티슴슴 건강하다 쑥향 은은하다음료 샌드위치 신선하다매장 청결하다 애용양도 마음 토마토 딱딱하다 아쉽다 그것시 사항 바쁘다 아침 애용진하다 애용샌드위치 신선하다 진하다 애용자꾸 가게라떼 아메내용 충실하다 샌드위치 굉장하다 든든하다 라떼예약애용만족하다샌드위치 야채가성 비도샐러드 포장 양도 짐 넉넉하다 배고프다 다이어터 빛진하다 애용무엇내용 정확하다 파진하다 예약 요구사항 세심 워예약 정확하다 애용요구사항 무엇 샌드위치 신선하다 애용샐러드 샌드위치 둘 점심 간단하다 샐러드 충분하다 정도 양 항상 신선하다 소스 다양하다 생각 지금 소스 깔끔하다 미리 편하다주시 자주샌드위치 매번 블루베리 스무디 블루베리례 요요즘 다이어트 자주 포장 문해아침 점심 간단하다 먹기가성 비 최고 재료항상 빠르다 음료 준비 바쁘다 아침 레 딱이다샐러드 인분 정도 양 소스 자주샌드위치 샐러드 신선하다샐러드 끼 식사 충분하다가성 비 최고 맛집 번창한쪽 든든하다 정도 직장 조금 일부러 요바쁘다 아침 빠르다 준비가면 준비 편리하다무엇 라떼 거품 진득진하다정확하다 애용정확하다 샌드위치 요라떼 단골 거품 폭 하니뜨겁다 차갑다여기정확하다 무엇 입맛칼맛읶어정확하다샐러드 소스맛집시장님 손 빨르다구청 맛집요만족스럽다 단골요구사항진하다 자주 가요정확하다
215,허니빙스,156284180.0,오늘 하루 덥다 저녁 근처 빙수 간 테이블 깔끔하다 아담하다 분위기 괜찮다 만 빙수 연유 좀 달라 추가 그냥 얼음과자 려니 시원하다 호두과자 담 먹음메론 빙수 픽 아아 아주 메론 통 먹어보묜 사실 작년 올해 부탁 여기 빙수 백년 만년 장사유쾌하다 늘 부담 갈수 빙수 사시 사철 가끔 이벤트 경품 처음 쏠쏠하다 재미 한번이쁘다며칠 덥다 팀 장님 사무실 포장 덥다 불구 포장 꼼꼼하다 해 망고 치즈 가득하다 끝 가득하다 요 유독 덥다 이번 여름 자주근처 팥빙수 우유 고소하다 팥 달콤하다 찹쌀떡 쫄깃함 냉방 빵빵 아주 시원하다 더위 었어 자주 강추빙수멜론 빙수빙수언제 빙수가게 중 제일 메론 빙수 강추멜론 빙수 모빙수 옆 가게 호두과자 호두과자 조합빙수벌써 세번 멜론 빙수 과일 고소하다 담백하다호도과자 빙수 항상 장님완전 빙수 동네 행복하다 호두과자 빙수 아이 인증샷여름 빙수 포장 양도 빙수 가게 동네 오아시스 존재빙수 호두과자 가성 비멜론 진짜진짜 달콤하다 멜론 여기 늘 포장 꼼꼼하다 항상눈꽃 빙수 완전단골 리뷰 날 덥다 땐 호두과자 여름 멜론 빙수 늦둥이 아들 놀이터 꼭 호두과자 웬만하다 계 소보 호두과자 저희 계소 호두과자 멀다 맛없다 가까이 호두과자 멜론 빙수 본분 완전 요팥빙수메론 빙수 소문 요 동네 편안하다 맛집 요파워 냉방 다양하다 빙수 모두 마음 듭세상 이렇다 빙수 빙수 메론 안녕하다 허니 빙스 메론 빙수빙수 허니 빙스멜론 빙수 맛집 맛집 요메론 빙수 가성 비 최고 대박 완소자주 빙수 모두팥빙수 호두과자 온몸 시원하다메론 빙수에어컨 빵빵 빙수메론 빙수 메론 신선하다 우유 빙수 연유 구멍 판이초코 빙수 호두과자 사서 짐직원 멋있다호두과자 신선하다 다정하다 가게 깨끗하다 대화 가게밀크 빙수파인애플 빙수 인생 빙수 꼭날씨 시원하다 아이스 아메리카노딸기 빙수 딸기인절미 빙수 메론 빙수 요마망고 치즈 빙수빙수 다양하다 매장 조용하다굿굿딸기 주시 연유인테리어 특이하다모카 칩 프라프치노 호두과자굿항상 편하다굳다멜론 빙수 짱메론 박스 가게 입구 산 가게 주인 경력 메론 빙수 자부심 메론 자체 메론딸기 빙수 짱이렇다 소소하다 이벤트 행복하다 망고 빙수 사르르 얼음 부드럽다 연유 다음 멜론 빙수사진 대충 일단 양 처음 분 용기 보고 조금 작다 그렇다 막상 그릇 부어 아주 걸 빙수 포장 시 뽑기 통해 상품 다른 프랜차이즈 살 가격 정도 정도 가성 비도빙수 장사 조용하다 수다 떨기 딱이다한강 공원 여름 빙수 여기 딸기 빙수 구리 빙수 종류 꽤 다양하다 서프라이즈 이벤트 정신 사진굿굿혼자 가기 좀 시끄럽다여름 자주 항상굿레몬 차갑다 지금 이벤트 재미있다 이상 결제 시 뽑기근처 호두과자 전문무난조굿노노 호두과자굿굿망고 치즈 빙수 생 망고빙수 전문점 빙수요굳다굿가격 저렴팥 꽤빙수특색 호두과자 사서 빙수 교대 가면 먹음 최고 유쾌하다호두과자 빙수굿호두과자굿굿굳다호두과자
216,라이너스 베이크샵,1133276112.0,마카롱 맛집 마카롱 대한 애정 남다르다 그렇다 남다르다 소금 빵 겉바 촉 미치다 강추처음 매장 깜찍하다 이쁘다 빵 피낭 시 달달 버터 바 덕 계속 마카롱 재료 정성껏 느낌 물씬 맛집 인정 마음속 저장 엄지 척마카롱 부드럽다 개별 포장 박스 선물 용 마카롱 별로 종류 별로 빵 고소하다 쫄깃빵 마카롱 고급 지고 정성 디저트 분 방법 죠았어욤빵 순이 요런 디저트 여기 진지하다 마카롱 알록달록 크림 두껍다 뚱카롱 적당하다 물리 은근 진하다 인생 소금 빵집 짭쪼롬 겉 바삭 데 속 완전 쫄깃 감동 나중 바터 바 쫀득꾸덕 휘 낭시 버터 미가 가득 빵마카롱 빵 가격 착하다 가성 비갑 디저트디저트 퀄리티 마카롱 고급 지고 버터 바 처음 쫀 묵직하다 쿠키 토핑 짐운 소금 빵 구매 다양하다 디저트 류 포장 소금 빵 쫄깃하 짭쪼름 버터 바 처음 달콤하다 간만 마카롱마카롱 다음빵 맛집 기대 평소 피낭 시 쫀득하 버터 바 꾸덕쫀득 마카롱 꼬끄 식감 만족스럽다 빵 가기사랑스럽다 디저트 가게 버터 바 휘 낭시 빵 마카롱 겉 속 쫀득 차 인절미 입맛 저격 버터 바 얼 완전 쫀득해버터 바 덕 버터 바 쟁 왕 친절마카롱 용 빵 버터 바 유명하다 이유 특별하다 마카롱 원하다 분마카롱 쫄깃 달 깊다 공 휘 낭시 밀도 쫀쫀하 버터 깊다 요 건 누구 알 선물 용 포장 스티커 귀엽다마카롱 맛집 빵 에그타르트 반했어버터 바 맛집 여기빵단연 코 소금 빵 가장 아예 바삭 거나 아예 촉촉하다 소금 빵 라이너스 베 이크 소금 빵 겉바 촉 정석 휘 낭시 종류 별로 마카롱 크림 소금 빵 스콘 꼭 기분 빵 구매마카롱 휘 낭시 버터 바만 마카롱 쿠키 소금 빵 역시 역시 최고 소금 빵 맛집존 모든 오고소하다 버터 쏠 작고 소중하다 디저트겉바속쫀 디저트 모두 자주 디저트 전문점모든 디저트빵 일단 식사 빵 마카롱 케익 쿠키 버터 바 디저트 특별하다 건 토마토 바질 치아바타 반하다 기분 라이너스 베 이크 오래오래 해소금 빵 바닥 바삭 버터 소금 조화 스콘 쿠키 에그타르트움 과자 버터 바 마카롱 선물제일 마카롱 맛집 꼬끄 입 사르르 필링 정성 소금 빵 고소하다 휘 낭시 버터 바선물 용 위 간식 사려 무엇 야하다 정도 친철 다음 꼭빵 이전 아쉽다버터 바 마카롱마카롱 쿠키 류소금 빵 다른 빵소금 빵 스콘영빵 담백하다 발효 빵모든빵당일 종류 야하다 요잔득 몇번 거리 좀 자주 오기 어렵다 한번 잔득 냉동 실 쟁여놓 일 순서 개취 쿠키 빵 버터 바 마카롱 스콘 휘 낭시 이집 쿠키 가장 장점 재료 간이 적절하다 덜 재료 고소하다 미가 고급스럽다 움 빵 뭐 강추 버터 바 뭐 강 추강 추 스콘 무화과 스콘개인 느낌 좀 과 느낌빵 마카롱 버터 바스콘 시오 빵마카롱 움 과자 빵 전부피낭 시 에그타르트 빵 나중디저트 완전 요빵 치아바타 피낭 시소금 빵 강추 피낭 시 빵설명 빵빵 완전빵 종류 채 워 그날그날 빵 직접 마카롱 냉동 실 쟁여놓 재택근무 바로 빵 요즘 인스타 핫 빵 만 새롭다 버터 바 냉동 실 곱다 바로 여기 빵 종류 별로 정성 가득 보시 동네 이렇다 빵빵 사진 시나몬 브리 오슈 치아바타 마카롱 보따리 행복빵차 행복 빵 가게 커스터드 생크림 딸기 케익 뒤 일정 아쉽다 크리스마스 조각 슈톨렌 완소 가게굿마카롱 여기저기 꼭 빵 빵 최고화 토 낮 사기 힘들다 못 이번 마카롱 꼬끄 쫄깃 뚱카롱 스탈 스탈 빵 버터 진하다 하드 빵 괜찮다굿여기 빵 진짜진짜 빵 종류 다양하다 여기 빵 존맛 깜빠뉴 마카롱 등등 다른 빵 디저트 퀄리티 존 임치아바타 마카롱 주력 버터 빵 꽤버라이어티 팩 맛보기 팩 구입 빵 치아바타 동네 새롭다 빵집 알우리동네 빵집 식사 빵 디저트 빵 매일시나몬 브리 오슈 두번째 구입서비스 주신 미니 휘 낭시 깜빠뉴 자마자 사진 여기 깜빠뉴 오늘 처음 입 달 계속 은은하다 산미 신기하다 그냥 치즈 한장 기 마카롱 전 기억 이번 대중 민초 마카롱동네 동생 처음 구입모든 빵빵과 달수제 빵집 가격 대가 좀치아바타 진열 걸 보고 구매 오픈 전 고소하다 빵 냄새 브라운 올리브 치아바타 구매 발사믹 콕 얌냠 담 고소 바삭 보쿠키 마카롱늘 빵공사 설레다 마음 온 빵집 바프 준비 때문 영업 회사 업무 겹 늘 코로나 때문 재 택 재택 점점 이유 중재종류 별로 보고첫 영수증 분실 리뷰 못 재 두번째 영수증 꼭 꼭 리뷰 열 빵 냄새 은은하다 비 지엠 은은하다 일단 행복 나라 입성 이구 완벽하다 빵 헤메 빵목민 여기 정착 보능 빵 모두 빵 제과 중 최고 최고빵빵 버터 바 입맛 좀 쫀득쫀득버터 바 덕버터 바 처럼 처음 빵 휘 낭시 버터 바 꼭일단 빵 이쁘다 이쁘다 빵 먹기 재료 매일 빵 빵 요 스콘 요사진 깜빡 빵 바게뜨 빵 여러가지 종류 전부 생각 깜놀 다음 번 케익콩가루 마카롱 안달 고소하다 휘 낭시 쫄깃했어 포 담백하다 버터 밀가루치아바타재료 손님 위해 빵 마카롱 인상 내내 편안하다 다음이틀 연속 치아바타 밤새 남편 여기 빵 제일 그렇다직원 빵 마카롱 자주 이렇다 빵집 따름치아바타 자주 자꾸 자꾸 마카롱 고급 쫀쫀 달 훌륭하다 차로 거리 일주일 두 번은빵스콘자세하다 설명 모습 열정 빵 궁금하다 구매 레몬 케이크 마 카롱 먼저 레몬 케이크 안달 상큼 취향 저격 이구 원래 마카롱 그다지 남편 주 려고 소금 카라멜 마카롱 라면 자주 내일 빵 우유 크림 빵 가까이이번인상 소금 빵 치아바타 식감 다른 빵 요 다음아담하다 이쁘다 빵집베이컨 할라피뇨 깜빠뉴 요
217,파리바게뜨 망원점,11690045.0,요즘 빵값 장난 가성 비 이용아이스 카라멜 마끼아또 모카 이나 밑 처럼 컬러 초코 색 이구 매장 못 제조 줄 본사 카라멜 마끼아또 파우더 그대로 본사 통해 카라멜 마끼아또 코코아파우더 성분 카라멜 마끼아또 파우더 별로 카라멜 마끼아또 코코아파우더 어이없다 도대체 정도 비율망 원점 처음빵 사 파리바게트 오래오래케이크 사서케익 구매파리바게트 여태 수십 지점 소보로빵 제일 매장 달콤하다 바삭 부분 실하다 이번 소보 순삭 사진다양하다가격 식빵 크기 좀어르신 선물 전통 세트 구입케잌 쿠폰 아이스크림 케잌 빵 아이스크림파리 바게뜨 일 분말차 카스테라 롤 케익치즈 듬뿍 어니언 이상빵 빵굿크림 종류 빵 종종 모카 크림 식빵굿굿굿케익굿굿매장 작다 종류 다양하다 아쉽다직원 매장 샌드위치 다양하다 어플 원하다 미리 픽업 힘들다빵 종류 다른 매장 다양하다 직원 배달 앱 오픈 불편하다미리 포장 경우 샌드위치 다양하다 불편하다 직원만족만족파바빵값 비싸다만족불친절하다 알바 계시 나이 적지 구매 상당하다 불쾌하다 리뷰 들보 불친절하다 후기 상당하다인테리어알바생 불친절하다 설명 귀찮다 말 가깝다 다른 가게자리 빵 먹기 샌드위치쇼콜라굿공간 편하다벌꿀 카스테라 우유 찰떡 궁합콘 보루 크림 빵알바 직원 불친절하다 고객 응대 말투 왜 그렇다굿굿직원 불친절하다굿다양하다 빵굿케익 구매요즘 생 도넛 과거 최애 빵굿실키롤 크림 부드럽다 풍부하다굿만족만족귯식빵구할인 마심이용 편리종류 다양하다 직원자주 이용 우유 생크림 케익 구매동네 빵집굿만족적립 해주시만족굿만족
218,한드드립,780372237.0,아기자기하다 대화 공간 핸드 드립 직접 연유 라떼 좀하우스 블랜딩 중립 가깝다 에티오피아 가체 프 산미 살짝 핸드 드립 종류 다양하다 취향 껏 빈티 지하 식물 인테리어 의자 편하다 양도 적지 무척 귀엽다 수세미 잔뜩 판매 고 대로 변 위치 근처 맛집 소품 한번 겸사겸사망리 합정 상당하다 한잔 선뜻 드 드립 정체 확실하다 간판 보고 신뢰 도로 외부 맘 햇살 정성 스레 아이스 핸드 드립 한잔 편안하다 커피타임아아 약간 산 미도 미스사이공 연유 라떼 처 굉장하다 당 신분 자그마하다 만 잠시 인테리어 인조 식물 푸릇푸릇 크리스마스 분위기 물씬 남자친구 수제 수세미 사 자고 졸라 귀엽다 아이템핸드 드립레몬 차 따숩 갑 닷 대화핸드 드립카피 굿드립커피가게 인테리어 분위기인테리어 독특하다카페라떼 고소하다만난 까페 아메리카노분위기분위기 괜찬핸드 드립커피조용하다요시원하다분위기연유 라떼솜씨 외부 테라스 애완동물
219,페이브커피 망원시장점,1136734194.0,장안 가격 저렴하다 매장 작다 잠깐 시원하다만해아메리카노 진하다굿괜찮다굿페 이브장안 테크 아웃 댕 기기금액 저렴하다 아이스 아메리카노 강추 용굿이브장안음료 요 재장내 이용가성 비 맛집굿사이 참새 방앗간 양 아메리카노 리터가격 저렴하다 놀람굿가성 비 손 느리다바닐라 버터 라떼 상당하다 달달 설탕 재미있다 식감굿가성 비 요아메리카노멋지다 앞 자주장내 까페 먹거리굿굿건강하다굿굿동안 커피집 잠깐버터 라떼 존맛 스카치 캔디 달콤 크리미 굳다 굳다굿장보고 보따리 보따리 커피한잔 용장안 매장 깔끔하다 가격 쌈 가성 비 적당하다 장보고 테이크아웃소금 빵 보고 품절 아이스 아메리카노고소하다 라떼 비슷하다가성 비깨끗하다음악 힙어제 오픈 가성 비 괘안장 갈수디카 페인 디카 페인 아아아이스 아메리카노저렴하다가격 저렴하다 날 날 춥다 잠깐자주맛집아이스크림소금 빵굿인테리어 멋지다 최고 맛집고소하다소금 빵 다양하다 쿠키 괜찮다진하다 개인 가성 비도라떼아트 하트깨끗하다새롭다 개업깨끗하다무난굿굿굿아메리카노굳다굿매장 깔끔하다 멋 스럽다굳다굿저렴하다
220,복래로커피,1570284075.0,차 선물 포장 선물 겨울 따뜻하다 커피숍포근하다 분위기 힐링음료 복 단골 복 망원역 근처 복 생각 디저트 어요음료 디저트 복단골 복 다른 음료 디저트 망원역 근처음료 복 단골다른 음료 디저트 복 맞이 자주 단골 랍 대화 해 요음료 복 디저트 단골 편안하다 분위기 디저트복 단골 랍 망원역 근처 번티 쿠키 복 기분 가성 비도 괜찮다 무엇 티 자주 단골 랍쿠키 디저트 복 단골 복가면 꼭 영업 부장 강아지 움티 쿠키 복 귀엽다 강아지 만날음료 쿠키 자주 단골 복 대화 랍티 쿠키 복 귀엽다 강아지 만날 단골 랍골목길 함 바로 여기 드립커피 잔 달달 디저트 최고 친구 가도 혼자 책 공간복 따뜻하다 가득하다 해주시 디저트 차 맛집 재티 쿠키 복가성 비 맛집 인심 귀엽다 갱쥐 맞이 조그맣다 따뜻하다 공간 퀄리티 수제 디저트 한잔 여 유 공간 원두 종종 가격 이렇다 가격 제공 감 드립 백도 저렴하다 선물 세트 포장 간단하다 선물 도티 쿠키 복디저트 다른 음료 랍 항상 맞이 자주 단골 카페인 복요 원두 가성 비 이유맛집 요 로스팅 처음 알 정도 까페 특별 설국 차도 직접 현지 구 귀하다 차라 양도 리필 해주시 까페 분위기 따뜻하다 덕분 지인 편하다 이렇다 정직하다 까페티 쿠키 복 단골 복 망원역 근처 복강아지 너 무 귀엽다 강아지 정도 다양하다 당연하다요왕 귀엽다 강아지 식구 아기 고양이 밀크 티 요티 쿠키 복 항상 맞이 단골분위기 조용하다 책 디저트 녹차 뭐시기디저트 친구 이야기 나누기 편안하다 분위기현장 늘 향기 원두 로스 터리강아지 귀엽다 원두 자주 계속티 쿠키 복여친 눈빛 격 인사 미가 처음 놀래다 주의 여기 일품 무엇 서비스 주신 코코넛 아몬드 전병 도 바삭 다음 드립 기대티 쿠키 복티 쿠키 복무엇 접대 강아지 끝분위기자주 더치커피 여름 구매 저렴하다 핀 절하 시요티 쿠키 복직접 로스팅 절굿복 커피점 소문 일품 갓 인심 대접 강아지 눈빛 때문 행복하다재항상 벌써 번 항상 매번 연구 멋지다 솜 강 가성 비 갑 굿 자주 기억 서비스가게 강아지 귀엽다 피칸 파이 서비스 다음 장님 번창강아지 산책 복 아늑하다 편안하다 분위기 모히또 피칸 파이 한쪽 너 무 개입 선물 용반려견 산책 장안 작다 강아지 우리 보고 반갑다 넌 누구 오늘 처음 왜 반갑다 모습 마치 호객 행위 귀엽다 우리 강아지 겸사겸사 장안 커피한잔 데 한쪽 원두 기계 마침 계시 구경 드립커피아기자기하다굳다
221,카페느림,20668031.0,고구마 라떼빠르다굿굿원두직접 청굿핸드 드립 맛집테이크 아웃 아이스 아메 동네 마시기 테이블 원두 테이크 아웃 할인 듯굿스무디원두 신선하다 멀리 번 보고 여기 원두고구마 라떼 개성 믓찝굿맛집쥬스굳다도 분위기 착하다 원두 직접 굿생강차 라떼 등 제대로 임 꼼꼼하다라비 카종 아메리카노 최고굿존맛늘 단골 신선하다 콩 직접 요 다른직접 콩근처 자주 친절신선하다 직접 콩로 청포도 주스 상큼디카 페인 놀래다동네 편하다생강차느리다
222,리어커피,1696913052.0,저녁 궁에쏘깔끔하다굿가게 이쁘다쿠키바스크 치즈케이크 여기 제일 최고바스크 치즈 케이크 포장 인테리어 깔끔하다 밀크 티 웃굿화이트 톤 인테리어 과 사이 즘 위치 깔끔하다 화이트 톤 미드 추리 인테리어 무난 편카페라떼 쿠키치즈케잌 존맛 비싸다 아아 분위기 이쁘다 근처 여기 제일 분위기 도 꼼꼼하다 친절 쵝오딸기 라떼 딸기 듬뿍 부드럽다 말차 쿠키 마카 미아 말차 진하다 전 자몽 이드 말차 크림 라떼 그것 둘 매장 분위기 깔끔하다깔끔하다 인테리어 저번 초코 크림 라떼 그것굿굿
223,아더커피,311759278.0,귀엽다 고양이 동네 커피집강추굿굿라떼 고양이 귀엽다
224,그랜비 베이커리,1344819925.0,빵 바삭 바노피 햄 치즈 롤 바노 바나나 가득하다 부드럽다 크림 바삭 겉빵 햄 치즈 롤 햄 치즈 가득하다 크로와상 사인 귀엽다 할인 번창빵 냄새 직접 바삭 크림 가득 반값 이벤트 중이 빵 맛집여자친구 크로와상 크림 빵 원래 크림 달 크기 커서 빵 피 잔 배뷰르 다음 계획 빵페스 츄리 가장 페스 츄리 감동 역시 직접 반죽 비싸다 버터 그렇다 그냥 고급 고 담백하다 완벽하다 빵 여러가지 던데 보고 고구마 크림 치즈 데니 고구마 제구 다른 상 크림 수제 특별하다겉바 촉촉하다 크로와상 처음 오픈 한지 일 안됫는데 재 손님 이유 빵 돌이상 맛집 등 담백하다 식빵 버터 가득 여기 아아 맛집상 여기저기 그랜비 베이커리 정착 일단 겉 바삭 촉촉 쫀쫀 상 느끼하다 담백하다 바삭 결 최애 플레인 베리 바닐라 우선 꼭 오픈 초기 유명하다 나중 빵빵 기존 빵 그렇다 앞빵 존맛 크로와상 원래 여기 사이즈 커서 양도 넉넉하다 크림 달 양 딱이다 앞 자주상 맛집 요 상 다양하다기본 크로와상 부터 존맛 도리 동생 예비신부 살찌다 드레스 대여 꼭꼭 유명하다 저희크로와상 맛집 요번 새롭다 소문 한번 무조건 무조건 다시 친절 빵 종류 여 러 마다 종류 별로 개인 초코 크로와상 굿 사진 포장 약간 다음 번 재 꼭 다시 한번 강조 하자 꼭 거주 강추퀴나 망 버터 풍부하다 담 일 의향 리지 널 크로와상 원하다근처 새롭다 빵집 겉바 촉 거구 아내 아내 자주 앞 빵 부탁드리다빵 순이 합격 담백하다 크로와상 계속 머쉬룸 데니 뺑 스위스 용 번창 포장
225,푸룬푸룻,1130739712.0,상호 워 벽면 테이크아웃 박스 천 어떻다 요 오픈 얼마 안되다 흥중순 말 사이 수박 주스 꿀맛저번 수박 보고 새롭다 복숭아 전 수박 원픽부근 요용굿
226,할루,1069616156.0,굿굿굿드드딸기 시즌 한정 컵케이크 가족 만 다음 인 케이크 요 담컵케이크저렴하다굳다쿠키 괜찮다사진 아기자기하다 모습 제대로 담 제청 이드 궁금하다 커피컵 용량 가격오렌지 레몬에이드 알차다 청량감 최고 인생 이드 등 이요장안 진열 장도 아주 깔끔하다 정리 파운드 케이크 쿠키 류 여러가지 과일 청도 직접 단골 욕구 뿜뿜라떼 쿠키쿠키 친구 선물주변 선물 미리 소소하다 선택 사항 주시 기도 청 종류 직접 이드깨끗허 아담 햐호호 쿠키 보고 선물 작다 사이즈 상자 음료 사 차 타고 가면 충 동이아이스 아메리카노 먹기 테이크아웃 꼬맹이 먹기아메리카노 쿠키 직접디저트 저렴하다아메리카노 맛집소독 자주 달달 간식 거리 착하다 가격장소 독도 자주 달달 디저트시원하다 아아 맛집달달 조용하다 책 굿쿠키 맛집달콤하다 디저트케이크 미리 문해 데코아이 간식 구매분위기켕디저트당근 케이크당근 케이크 강추 미리 정머랭 달콤하다
227,꺄넬,1685398218.0,부터 꺄넬 존맛 수준 높다 마카롱 만족 웨딩 임 페리 얼 제일 취향 었구 마카롱 클리어 를 보고 순서 감동 기적 사랑 평가이전 하니 자주마카롱 여기 레몬 검다 깨 마카롱 꼭마카롱 외 주말 판매 일부러 토요일 이쁘다 여기 온 보람 마카롱 포장 가방 맴찟 레몬 검다 깨 조합 이상하다 제일 조합 무엇크리스마스 케익 꺄넬 프레지 비주 비주 얼 감동 마카롱 섬세하다 최고오 고오분명 종류 별로 사서 하루 순삭 마카롱 완벽하다 마들렌 퐁신 타르트 환상단골 느낌 디저트 이렇다 마카롱 쫀득 촉촉하다 마카롱 오렌지 꽃 피스타치오 취향 저격 마들렌 꿀맛 무화과 타르트 먹기 아깝다 눈 깜짝 새 순삭신상 움 과자 프랑스 유학생 시라 깊다 레몬 검다 깨 마카롱 은 처음 자꾸 큰일 음료 레모네이드 달 요청 요청 사항 아주 강추 끝 플로 랄향 다시 일마카롱 마들렌 미치다 마카롱 적당하다 달달 함 조화 카라멜 팝콘 피스타치오 오렌지 꽃 마들렌 최애 앞 디저트 여기여기 디저트 적당하다 인생 마카롱 인생 마들렌 완전 완전 피스타치오 마들렌 최고 계속 레몬 검다 깨 마카롱 또한 미쳣듭새롭다 봄 꺄넬 마카롱 디저트 가게 친구 마카롱 레몬 검다 깨 캬라멜 팝콘 색 고급 지고 산뜻오늘 갓 신제품 미쳣여기 마카롱 마들렌 디저트 맛집딘짜 마카롱 맛집 존맛 탱탱전부 카라멜 팝콘 마카롱 레몬 검다 처음 레몬 인 바닐 초코 클래식 네가지 마들렌 운 오렌지 꽃 피스타치오 마들렌 계속 마카롱 꼬끄 필링 전부 완벽하다 고 근래 마카롱 제일 구청 아깝다마카롱바닐라 빈 라떼 조합 시나몬 피칸 마들렌가끔분위기 깔끔하다 마카롱 달 마리아 쥬 홍차디저트 동네 분위기 꼭마카롱 맛집 요
228,카페갭,1047383460.0,이나 티 한잔 집중 분윅항상 욤 궁 빵굿카푸치노 마이 쪙갤러리 깨끗하다 아트 다시 이예빵굿굿빵 인테리어 멋지다 아이스 라떼 소금 빵 소금 빵 맛보기 베이글 베이컨 파 베이글 망고 뎅 오 왜 맛닜죵치아바타 미술관 온 분위기 핵 친절빵 욤우리 동네 새롭다 빵 분위기 굿매장 깨끗하다 직원 빵굿소금 버터 번무확 깜빠뉴 가성 비 최고굿차도 우유 식빵 부드럽다빵 빵 사진빵 단골 예약굿굿친절둣
229,후르츠바스켓,1835257154.0,밤 아홉시 반 멜론 자마자 입 도 감동과일 종류 실패 도 포장 커팅 과일 중 최고 당 도 유지 위해 매장 덥다 요 직원 열대야 느낌 덕분과일 달달 사진 인스스 리기 다만 손님 음료 아쉽다모든 과일 최고과일여러가지 과일 음 일인 구가 먹기 양도 적당하다 과일 제철 과일 늘 양 일쑤 거나 분할 차라리 사고 신선하다 제철 과일직접 착즙
230,더치폴카페,36317394.0,따뜻하다 라떼 동네 커피숍 요기마이 쪙귯미소 어도 할인지인 실외 이야기 마시기 좋아욤 아이스 라떼 지인 아아굿점심 커피한잔 염굿굿아메리카노 맛집다음굿토피 넛 고소하다 미소하다굿바닐라 라떼 나용굿너므 원두 종류 취향 껏 드심 델듯 가격 저렴하다이드그냥이드단골 단골굿저렴하다 원두 판매
231,메가MGC커피 마포시민공원점,1744046450.0,음료 대화밤 영업 여기위치간 세트 굿굿가성 비아샷추 이예 항상 여기 만가성 비강가 마시기가성 비좌석 넓다 대화 편하다 혼자 애플파이 프라 페 사과 진득 달달매장 깨끗하다가성 비가성 비한강 매일따뜻하다 라떼음료어디 서나 항상하루 한잔 징궁가성 비 갑따뜻하다 라떼가끔 이용 직원 친철마다 대기 한강 길목 구민 체육 센터 앞 단체 손님 항상 북적 거림 어지간하다 직원 명친구 아바 헤헤 헤 매장 쾌적하다 음료 두유가성 비사 한강 가기무난음료가성 비굿디카 페인만만하다굿굿굿편리하다한강 공원장안 무선 충전기 코코넛 스무디 코코넛 칩 진짜진짜 코코넛 자체 나진 코코넛 칩 바쁘다 직원굿한강 공원 앞메 커피집 망고 스무디유자차 자몽 차음료트로피 컬 용 티 레저 수박 주스 아아 가격 대비 나쁘다사 근처 한강 공원 텐트 힐링 원래 초코 라떼 수박 쥬스 바로 음 그냥 수박 시럽 입맛 투썸 수박 쥬스 최고굿굿굿굿큐브 라떼강가 시원하다쿠퐁셍갸서와봄화장실가성 비 성지굿굿굿굿굿카라멜 마끼아또굿자주 애용 지점종종 큐브 라떼 첨벙첨벙 간식 꾸러미 귀엽다굿굿자리 이야기굿항상가격 일찍쿠폰굿아이스크림 변경 음료굿굿가성 비 갑굿가성 비굿한강 공원 음료 포장 음료역시굿딸기 요거트 스무디굿다양하다 판매 장점 카피 류 지점굿굿굿굳다
232,쥬씨 망원시장점,1162558890.0,입 상태 임 달달 생각 치아 느낌탕후루 기본 백원 시원하다 쥬스 홍제동 쥬시 탕후루 속상하다 얼른 매장딸바 바나나사과 오렌지쿠폰 딸바 다음 이용음료돌체 라떼 완전 달 오후 탕후루 품절 아쉽다쥬씨 만 존맛탕후루 출시 매일 탕후루 설탕 좀 두껍다 해도 가깝다 저렴하다 편하다 수박 쥬스 꿀맛통귤탕후루수박 주스 일찍 품절 아쉽다 토마토쥬스저렴하다 쥬씨쥬시 수박 주스 인기 욥 당 해도 괜찮다 듯양 쥬씨 수박 주스 장안 좀 끈 림굳다 굳다굳다 굳다오파 최고탕후루 봄탕후루 출시 직원 모두덥다 날 끝 보고 월드컵 쥬씨 작다 매장 잠시 대기 더위 과일 주스 더위 다시 기쁘다 마음 하루상품 다양하다과일 당수박 주스 리터 시원하다직원 땡 배시 금방 제조 테이크아웃 전문 힘들다 구경 먹기시원하다 수박 주스직원씨 계속 아쉽다자주 이용 편리하다아이스 아메리카노 고소하다귤탕후루 맛남직원처음 수박 주스굿귤탕후루 짱탕 후르수박 쥬스수박 주스요즘 찾기 어렵다 쥬씨 간만 수박 쥬스딸바 옛날 직원쥬씨 생 쥬스 냉동 매장 생각 과일 값 가격 생 일로 계절 그렇다 가격 이정 퀄리티 과일 시럽 잔뜩 생 쥬스 눈앞 생 과일 별로쥬씨 수박단골 가게 요즘 수박 주스 접근성 직원 데생 과일 쥬시 양도 달 마쉬굿음료 속도 조금 느리다 시원하다아메리카노 나용여름 시원하다수박 주스 쥬씨 수박 주스 사랑앞 생 과일 쥬스 여기쥬시 요즘 반갑다쥬씨 아쉽다 아보카도 쥬스지점 덕수박 쥬스 씨 힘들다돌체 라떼 다르다 줌 그냥 라떼 단맛 심지어 손님 연유 시럽 아예 듯 테이크아웃 돈 아깝다수박 주스 최고한강 공원 나들이 가면 만 쥬시 항상 평일 낮 근무 남성 아주 손맛 예술 당 적절 친절 적절 스피드 적절 아바 최고요즘 저가 용량 가볍다욤쥬씨덥다 수박 주스아바 바나나 임 아보카도 거의 안남 뭐가성 비저렴하다 요아메리카노쥬 첨가 데넘가성 비 웃수박 주스맛남병 사진빨굿굿굿가성 비도마도 주스 맛잏어 하하시원구굿역시 과일 쥬씨근처 길거리 애 여름날 슈박 쥬스 딱이다수박 쥬스 요
233,빽다방 마포시민공원점,1994564742.0,운동 가기 전 항상 음료 기분 음료 빠르다 바쁘다 항상 변하다 무엇 직원 자주크림 빵 소금 빵 생각 아아 대신 식혜유수지 쪽 사거리 프렌 차 이즈 다방 조용하다 강 추하다넉넉하다 어유오픈 초보 최근 음료 매장 용굿소프트크림 초콜렛 토핑 존맛 주변 예정 앞 가능하다 바로 빠르다아샷추 망고 스무디 강 추하다갖 산책매장 좌석 꽤굿편리하다항상 이용오후 경 아기 아기 아이스크림 크룽 덕분 덥다 여름 시원하다 행복하다아아 테이크아웃 한강 공원 마시기 용요기 빽 다방수박 주스 별루 수박 시럽 잔뜩 레시피 좀 손다양하다 알바다른 빽 다방 음료 펄 밀크 티빽 다방 역시 양도 요키 오스 뭐 말 필요 편하다 아뭏튼 준수간 얼음완전 블루베리 주스 못난이 생크림 카스테라 처음 역시굿가성 비 자리굿직원 모두 매장 청결하다 조명 사진 음료 디저트 가격 저렴하다 친구 가볍다 수다 떨기 장소망고 주스미가음료 크기 엄청나다 원조 만앞 자주 이용앞 빽 다방음료 요굳다굿동네 빽 다방 밀크 티 달 음료 직원 빽 다방 답 가성 당연하다 부담 매장 내부 크기 적당하다 깔끔하다 자주대봉 주스 걸쭉하다새롭다 한강빽 다방 역시 가성 비 날씨 테이크아웃 한잔음료 소금 빵 자주 맛집무난굿빽 다방 앞 자주 이용굿굿가도 일정하다가성 비도 직원 응대 최고밤 라떼 최고굿안쪽 좌석 조용하다 디저트역시 선생님 프라 페 최고바닐라 라떼 파우더 진하다 다만 직원 레시피 슉 안되다 음료 속도 느리다 손남 명굿밤 라떼밤 라떼 최애여기 매장 보기 테이크 아웃 안쪽 자리 꽤 넒어용빽 다방 연유 라떼알바생 분 친철굿굿매장 깔끔하다 좌석 안쪽 편안하다 수다블랙펄 티 원조 치빵 초코 크리미 슈 디저트 자리 아늑하다 대화꿀밤 라떼 굿굿꿀밤 라떼 꿀맛굿굿빽 다방 역시 최고자주 이용점원 불친절하다 불쾌하다오늘 오픈 직원 매장 깔끔하다 자리 편하다녹차 진하다 최고 매장 깨끗하다 직원 앞 단골앞라떼 사라다 빵 출근길 자주굿어유새롭다 오픈 그렇다 신년 할인 행사 아메리카노 천원두번째 아이스 라떼 페스 츄리 와플빽 다방가성 비 아아 시원하다매장 좌석 안쪽 청포도 이드아아 빵굿
234,다도살롱 초록달 2호점,1771091711.0,배달 혼밥가성 비 구두 위치 욥굿굳다굿
235,오더댄,1893701606.0,디저트 레몬이 이상 이집 유명하다 싫어지다 혼자 몰래한번 바로 단골 예약 마 성의 음료 심 조만간 타르트 종류 별로스벅 합작 단호박 라떼 타르트 종류 강아지자주 음료 심단호박 라떼새롭다 땨 인테리어 취향 첫 어디 태도 가게 의 첫인상 생각 늘 따뜻하다 인사 가게 타르트 모두 배 오지랖 넓다 살짝 타르트 계속 연구 반복 과정 타르트 대한 애정 넘치다 자부심라떼 맛집 오 에그타르트 최애 순삭최애 맛집간단하다 업무 음료 직접 크림 브륄레 위 설탕 빠작빠작 속 크림 부 드럽다 쉘 고소하다 존맛 자몽 허니 블랙 티 상큼 자몽 살짝 휘 낭시 다음 휘 낭시 한번분위기 아늑하다근방 저렴 가격 휘 낭시 모레몬 타르트 상큼 달달 요즘 타르트 부담스럽다 여기 자주 구매타르트 휘 낭시 맛집 요 양가성 비 집앞 에그타르트 고소하다 가게 부도 아기자기하다타르트 맛집 발견 신랑 기절 틈 가게단호박 라떼 다시 외출마이 쪙굿
236,카페이라,1066546554.0,마들렌 카라멜 굳다 굳다 순삭 번창만 여친 다시 역시 재료 신선하다 훌륭하다 매일 원두 스페 셜 뽑기 운 항상 만족하다 마들렌 새롭다 보라 포장항상 마다 만족하다 여사 장님 둘 운영 모두 친철 거기 여러 입맛 딱이다 브런치 샌드위치 핸드 드립 꼭여기 닭 가슴 살 샐러드 가격 다른 샐러드 비 합리 생각 드립커피 완전샌드위치 다시 편안하다 분위기 기분 점심새롭다 아늑하다 깔끔하다 분위기 기분 자몽주스 리얼 아예 자몽 통 직접 시럽 그렇다 건강하다 느낌 디카 페인 아메리카노 진하다 부드럽다 입맛 딱이다 앞 자주오늘 포장 가볍다 점심 해결 늘 기분근처 새롭다 매콤 닭 가슴 살 샐러드 관리 계속 심심하다 몸 샐러드 재료 신선하다 아주 만족근처 핸드 드립 아쉽다 직접 핸드 드립 진행 원하다 농도 깔꼼 요지인 테이크아웃 집앞 재료 신선하다 꽉 차맛집 이이이 부드러움무작정 깔끔하다 오픈 주방 맘 듭새롭다 오픈 궁금헤 바닐라 라떼 매장 깨끗하다 담 샌드위치 보고셀러 드 선성 치즈 가격 대비 퀄리티 높다 번 자주항상 만족하다 번창핸드 드립어떻다 요 닭 가슴 살 샌드위치도 도 아이스 라떼샌드위치 세트 가성 비샐러드아이스 아메리카노역시 여름 아이스 아메리카노 고소하다 요샐러드 세트샌드위치주스 시럽 얼음 선택 물이 진하다출출하다 든든하다라떼샌드위치 단 입 아아 악 헹구 느낌아이스 라떼 시럽 강추샐러드 채소 싱싱하다 닭 가슴 살날 매번 정도 샐러드 오늘당 초코 마들렌 마들렌 느끼하다 다음 브륄레디카 페인 아이스라떼 맛집 요아아 맛집매장 청결하다 변소 만족하다 가요날씨 덥다 얼음 금방 진하다 고소하다 라떼 기부 니요즘 핸드 드립 다른 원두 소소하다 즐거움여기 샐러드 다이어트 중 채소 다양하다 먹기바닐라 빈 뭐 생각 놀람리코 치즈항상아아 요
237,이디야커피 한강공원로점,327434030.0,조용하다이렇다몇 년 근무 분 여자 요즘 남자 계시 적응하다 중편하다 마시기아주 편하다한강조용하다 깨끗 화장실 내부강아지 동반 안되다 요새 수박 주스 시럽 빼 달라 건강하다 위치 편리하다 매장 깔끔하다방법 좀굿편하다바닐라 라떼꿀 복숭아 플랫 치노직원 가성 비 매장 넓다굿굿수박 주스 신세계음료매장 시원하다 넓다 직하다근무 분 늘 음료 모두배불배 불후 편안하다 수다 옴 직원 친절기분인절미 떡 왜직원 달달 아이스티 짱웃굿한강 근처 아늑하다깨끗하다 대화 공부직원여기 최고가까이 자주 만족하다굿굿친절굿증산동 프랜차이즈 대성공 최고평일 낮 계시 직원 여자 분다른 음료 깨끗하다아포가토 계속직원 좌석 여유 편안하다 내부 화장실직원 상냥하다 가격 대비굿굿굿주차굿굿가성 비굿굿토피 넛 라떼 처음차 라떼 처음 조금 옅다 살짝 아쉽다굿근처 매장 중 제일개인 체인점 입맛 시즌 자주 편입 니굿굿요 와플매장 넓다굿디아라아주 굿굿 브레드 대화굿굳다굿주민굿밀크 티굳다 구국 영은맛 업역시 음료 매장 조용하다 더욱굿늘편안하다 먹기굿굿
238,슈가박스,1363099011.0,굳다달달 용직원청포도 이드지난 토요일 후기 날 낮 햇빛 강력하다 덥다 달달 달달 카야 버터 토스트 픽 음료 아아 카야 버터 토스트 아아 궁합 매우 적절 귀가 요재료 올해 수박 슈가 박스 수박 쥬스 맞이 요 도 요 상 와플 상도 와플 모두 순삭 자주 영수증 리뷰 처음 도장 쿠폰 벌써 장인 영수증 리뷰 리뷰 한강 근처 가게 이쁘다라떼 무난 무난 가격오곡 라떼 꼬숩 꼬숩 주로 아침 날 밥 밥 대용 먹을껄 오곡 라떼 스타일 날 오 곡 라떼 사진 깜빡 부족하다 표현 좀 미가 고소하다 미숫가루 배고프다 간단하다 끼니 용하다 앞 계속오픈 쭈욱 네이버 영수증 후기 뒤 단골 부심 계속 널리 공유 자몽 이드 여기 자몽 이드 자몽 이드 분 슈가 박스 자몽 이드 꼭고소하다 스타일 사실 날 덥다 수박 쥬스 점심 피자 아이스 아메리카노 기분 입가심한강 공원 코너 만화 이쁘다 한번 무 여느 카페모카 조금 다르다 한강 음료 은 완전 강추요훈남 아이스 초코 작살근처 요즘 매일 항상 기분짱 분위기 요유수지 마시기 토스트 음악 구쫩유수지 자주 요 개인 가볍다 끼 식사 바나나 토스트 아메리카노이쁘다 라떼 한잔새롭다 분위기 카페라떼 아주 나용 인상 번창여기 토스트 연속 짱짱 아포가토아이스 바닐라 라떼 양도 진해
239,컴포즈커피 망원시장점,1415692407.0,약속 남아 음악 아주 운치 편안하다아침 일찍 문새롭다 깨끗하다 입구 위치 가성 비가성 비 직장 동료 자주 가요아이스 아메리카노아이스 카페라떼아이스 카페라떼아기 병원 대기 아기 잠깐 겸 아기 음료수 선택 꼼꼼하다 복숭아 쥬스 아기 얼음 해주시 뮤 저희칵테일 분위기 말 모해컴 포즈아이스 아메리카노아이스 아메리카노아이스 아메리카노아이스 아메리카노아이스 아메리카노아이스 아메리카노아이스 아메리카노컴 포즈손님시원하다 생갈 날때 아아여행 늘 일정 중 잠시 기도 카페인 충전 겸 여행 맛집 실패 결과 지역 검증 프차 답 터득명절 북적 북적가능하다 양도굿잠시 누구 매장 좀 지체 머그컵 드릴 오시 분 느낌 확 알바생 친절 아마 런 분위기 생각 듭 동네 객 잠시 따뜻하다 가게녹차 프라 페굿아이스 매리 카노침 절하요즘 자 허블 중독 자주 가요굿생초콜릿 라떼 달달아이스 아메리카노저렴하다 라떼 앞 얼 마안 매장 깔끔하다장보고 가기가성 비아이스 아메리카노가성 비냠아이스 아메리카노굿매번 키 오스 하나라 불편하다아이스 아메리카노 신선하다아메리카노 넝 연하다아이스 아메리카노 괜찮다앞입구 컴 포즈 새롭다 인테리어 깔끔하다 음료 자주 이용근처 자주 가게 직원 음료 시원하다굿아메리카노 여기 제일 저렴하다요 최고 컴 포즈굿굿굿굿굿굿카라멜 팝콘 카라멜굿요상하 목장 우유 그렇다 진하다아이스커피 전체 달기 우유 추가 양도가성 비 짱자 허블굿가성 비 대박 굿굿가성 비입구 아유밀크 티바로 앞이용 편하다 저렴하다굿컴 포즈 근처 새롭다 새롭다 깔끔하다 런가 강 추하다 아메리카노 가세살짝 산미 전 로안 엄마합리 가격굿친구 아늑하다비싸다주말 오전 용 엄마 테이크아웃새롭다 오픈 모로 조금 아쉽다 친절
240,메가MGC커피 망원망리단길점,1512650391.0,가성 비 높다 아아 초코 스모 쿠키안쪽 생각 넓다 시원하다 무조건 돌진 음료 매장 넓다 뭐 딱좋다 망리 헤메 중매장 아담하다 계단 높다 유모차 끌 가기 좀 힘들다 먹기 부담번 간 단골 나름 사거리 창밖 구경 나름 야외 석도 에어컨 시원하다 잠깐 땐 괜찮다 씨 도해 매장 여기 아아 젤 이유 멀다 궁금하다쥬 굿 비 피해 직원 시원하다 가성 비 음료 기분 업 양 테이크아웃 요청 더위 줄기 컴백홈 무 알콜 볼 유자차 요직원좁다 매장 안쪽 좌석 꽤 화장실아침 크로크무슈 시원하다 저렴하다답지 비싸다 커피숍 가가 낫다넓다가성 비힙 레이스굿매장 넓다 대화 아메리카노 딸기 바나나 주스청포도 이드 모히또굿자주 가요한강 공원 가다가 급하다 수혈 빠르다 유굳다 굳다가성 비값 시원하다 아아 한잔비빔국수 시원하다고흐 밤 테라스 분위기 음료 해굿양가성 비 최고가성 비 굿가성 비도 아아음료 위치룰루 가성 비 포장 스탬프 서비스 한잔 가능 편하다 욧덥다 날 원하다친구 약속 여기 대화 장소 딱이다가성 비홀 음료 단지 다른 지점 덜하다 조금 아쉽다가성 비굿가성 비 개꿀 카노 마심 덥다 이예굿굳다굿재료 듬뿍 놀람 이드굿굿굿매장 넓다 가격 저렴하다토요일 카피 가성 비 최고 허니 자몽 블랙 티가성 비 맛집여기 사서 한강 원가아샷추매장 넓다위치 편하다 자주 이용 직원굿편하다가성 비 맛집따릉 타고 휴식 필요하다 충전 가요늘굿모닝귯굳다귯평범하다아아 테이크아웃굿가격 저렴하다 요 간식 꾸러미 귀엽다굿저렴하다굿굿굿
241,고릴라크로플,1141846687.0,원두 포장 일 분도 기분여기 대박 어제 잠깐 더위 별 생각 아아 서비스 도 친구 구매 개인 요즘 힘드다 일 눈물 날 뻔하다 자 욥 일 버셨으 플레인달달 초코 듬뿍만족스럽다 분 가성 비 필 포장근처 고릴라 사실 맛보기 몇 번 지나 이제 여자 리뷰 귀엽다 곰돌이 인형 사탕 다른 달리 생 일반 플레인 중요하다 아무 번창맛집 세트 저렴하다처음 달달 꼭 한번 깨끗하다 청결하다도 복숭아 주스 바닐라 라떼 원두 여자 직원맛집 인정 여사 장님 친절 반하다길목 서비스밥 도 딸기 라떼 기분타르트 가격 별로 다시종류 다양하다맛집 춥다 양말 오래오래 장사처음 간곳 알바생 여자 도 복숭아 쥬스딸기 계절 딸기 매니아 대요 초코 도 부드럽다굿모자 파네로투스 위 콘프레이크 바삭 시나몬 티라미스 영스증 티라미스 그때 통화 친구굿굿저렴하다 구입굿모자 구입굿기사 장님 스타일 도 여자항상 가면 포장새롭다 디저트굿굿와플 떡볶이 치킨 종류 만음료수 디저트 귀엽다 소품 사고조합 짱앗 서비스 타르트 소문 기분왜 여기 잠옷 베이커리 잠옷 귀엽다 구매광교 맘 밀크 티 반하다 컷 맛집 인정굿굿굿굿굿타르트 사랑 말차 타르트타르트 특별하다 크기 비싸다모자 이쁘다 안쪽 중국산와우 맛집 주시 센스 걱정 춥다 주시달 입 살살 맛집 인정 음료 반 장식 기분 짱짱오렌지 이드 달달세상 만원 인심 이렇다 최고굿줄 보람 고릴라 고릴라 음 봉방금 운 바삭 기대하다 초코 소만 걸 판매 가격 수정 디저트 제공 그때 그때 입입 짧다 햇님 보고 근처 여태 중 젤다시 존맛 밀크 티존맛크림 치즈 양 무엇 입 꺄륵 존맛요굿굿이집 때문 생각 이듬 양도 굿 꼭 쇼딸기 생 과일 쥬스 얼음도 매장 옆 자리 야외 테이블 개정 도 플레인블루베리친절 최고 분위기 사진 맛집 번창늘 배달 매장 처음 야외 이쁘다밀크 티 짱 도 짱굿굿굿굿블루베리 크림 치즈짱바로블루베리 잼 좀굿굿
242,망원23카페,1606602084.0,간김 아보 인테리어 그니 땅콩 라떼 존맛 집앞공원 테이크아웃 오픈 얼마 안되다 내부 깨끗하다 볼거리 좌석 편 다음 내부 화장실 편하다지하 위치 워낙 조용하다 소소하다 대화 분위기 덥다 인테리어 모던 구경 저희 포장 짧다분위기 잔잔하다 음악 기분 독서 카페인두번째 멤버 쿠폰 생기 여전하다 부드럽다 음악 굿 요새롭다 조용하다 괜찮다 혼자 공부 일주차 편하다 디자인 고급스럽다 이쁘다 사진 찍기 화장실 깨끗하다 동네 픽입 한강 무조건신상 여러 예술 작품 감성 음악 스피커 무려 메킨 토시 사실 처 디카 페인 남요일단 분위기 자체 인테리어 이쁘다 기본 이란 땅콩 크림 버터 라떼 강추말 렌카 케익 프라하 공기 생각 생각 지도 추억 가요 김민재분위기 끝내주다 잘생기다땅콩 크림 라떼 매장 깔끔하다 음악 덕분 분위기 괜찮다차분하다 분위기 음악세번 어요 특별하다 음료 도 특이하다
243,메가MGC커피 망원시장점,1029176930.0,핸드폰 판매점 폐점 변경 항상 손님 장소 가까이 잠깐 갈수 옆 아이스밀크 칭구 망고 스무디횡단보도 바로 앞아이스 카페라떼과 사이 중간지점 마시기 매장 좁다 조금 외곽 개성 즐비하다깨끗하다 인테리어 편안하다 장점 위치 덥다 날씨 시원하다 최고아메리카노아메리카노빠르다 제조진하다 큐브 라떼양 화장실 최악가성 비 갑아메리카노가성 비 짱자리 묘 작다신호등 옆입구가성 비 자몽 제로 사이다 굿굿가성 비가성 비요즘 음 핫 레이스녹차 프라 페 휘핑크림진하다매장 좁다한잔 장보 잔 저냑 먹기샤인 머스켓 그린 쥬스 멀다 콤 허니 맛있넹매장 더러 움구경얼음 모금 끝온누리상품권의자 몇개 자리 아아 조금투어 한잔 매장 인용 테이블 뿐 경쟁 외부 테이블 단 여름 덥다항상가성 비입구 매장 좁다할인 저렴하다근처 시원하다 생각 날때 용량매장 좌석 야외 정도 협소 매장 포장 직원 청결하다입구 거리 자리 가격 카 괜찮다알바생 확인 휴대폰 확인 드 와중 명운동 갈증 한잔 시원자몽 이드 맛집가성느리다장안 좁다굿프라 페 퐁 크러쉬 바쁘다 컵 가득 묽다 덥다 바쁘다 설겆 못 일 안쓰럽다가성 비 갑 코피연하다 요청 할껄 아메가성 비 짱짱가성 비가깝다 이용 편하다굳다다양 구경 겸청포도 이드 제로 사이다굿가성 비좌석 자리 부족하다 아쉽다굿굿굳다 굳다자주 요저렴하다 아주케이티 멤버십 공짜 앞 구경 목마 딱이다 새롭다 매장 깔끔하다오늘 하루 잔굿주시 분도샷 추가 원두 가요 다르다 선 그냥 날 별로저렴하다가성 비가성 비 주스 류 수박 주스 수박 주스 시럽 과일 전혀 아메리카노회사 근처 매일 하루 잔장안 어떻다 단 군데 이렇다 유명 한시 터 밖 미터 곳도 주차장 쪽 공원 의자 벤치 무슨 저녁 곳좀 선하다 기다림 고추 튀김 줄기 리굿그냥 그렇다늘굿굿가성 비 말 모해굿말 필요없다아몬드 우유 귀리 우유 변경 줄 꽤 애용 예정가성 비 쪽
244,파운디스트,1104328326.0,자마자 차 바로 퍽퍽 쵹촉 따뜻하다 차갑다 요즘 계절 따뜻하다 티 듯 개사 상자 포장 그냥 종이 포장 지로 상자 포장 껄 그렇다 어찌 피 무료 데 선물 느낌 좀 내볼껄 담 상자 포장퀄리티 절대 후회 고급스럽다 파운드 케이크 번창회사 선물 일 개별 포장 디저트 구매 중 배민 계속 박스 깔끔하다몇번 궁금하다 고급 진 초코 파운드 식감 포장 이쁘다 해주시 다음 선물 용재택할때 포장 함 아침 한정 수량 임 솔티드 뻔 리뷰 인정리뷰 걱정 말차 팥 젤 번창
245,메가MGC커피 마포중앙점,1857799227.0,직원 요가성 비만 별도서도 점심때 패스 사용 매장 가요 여기 제일 점심시간 패스 꼭 좀곳곳 가깝다양 가격 저렴하다 편이 음료운동 아아 잔 자몽 이드 시원하다 변경 혜자 용량 가격 덕분 시원하다 드링킹 드링킹 편하다 음료 사서 가까이아이스 아메리카노빠르다아이스 카페라떼아이스 아메리카노아이스 카페라떼 진하다 고소하다아메리카노뷰 조용하다 청결하다 넓다 매장가성 비아이스 아메리카노핫핫 운동 매번 반쪽아메리카노가성 비레몬 차빠르다죠리퐁 음료 새롭다 완전 미숫가루빨르다빨르다아이스 카페라떼가성 비깨끗하다곧다 이름일단 사진 처 사진 영수증 일부분 대신 리얼 초코 프라 페 휘핑추 꿀 추가 달달 진하다 충전 완전 빠르다 음료 구 분도 정신차리다 눈앞 음료 매장 안이 시원하다 그렇다 근처 기만 차갑다 바람 시원하다 달달 양도 꽤 내내 행복하다점심 한잔빨르다빨르다도로 변 근접하다빨르다시원하다직원가성 비 만세여기 좀더 진하다 고소하다가성 비 커피점날 덥다 수박 쥬스 벅 쥬스 시럽 쥬스 도 높다 멀미 날 정도라떼 요딸기 요거트 스무디 콤직원너 무덥다 장님체리 콕바 그냥 그렇다동네 강아지 산책 밖 편하다부담 갈수자주 용하다 여기 좀더 고소하다굿남 직원 좀 만드심편리하다직원체리 콕 탄산 체리 콕덥다 날씨 에어컨 약하다 선풍기 손님 아메리카노 한잔 알바 손 느리다 짜증나다쿠키 프라 페 바나나 퐁 크러쉬 평소 지점 항상 처음 느낌 물탄 느낌 데 걸쭉하다 달콤하다 느낌 묽다 싱겁다 지점 조금 다르다 다르다직원 덥다 날 시원하다 음료직원빅사 굿시원하다 아이스 아메리카노 요거의여기굿굿요요가성 비시원하다덥다 테이크아웃 포장 역시 가성 비굳다음료 종류 다양하다 예전 슬프다가깝다출근 저가 여기저기 제일 취향가성 비직원 센스굿굿굿굿가성 비도굿넓다프라 페 요따뜻하다 편의점 저렴하다근처가성 비시원하다음료 잘만 드심 빠르다
246,그릿블라스트,36830589.0,
247,버터림,1314460354.0,특별하다 버터 림 플라워 케이크 항상 만족스럽다어버이날 케이크버터크림 홀 케이크 토요일 케이크 이제 팝업 가끔 조각 케이크 판매 해 마지막 캬라멜 밤 케이크 벌써버터크림 홀 케이크 유명하다 토요일 인스타 공지 확인 필요하다 케익 모카 버터크림 케이크 강추햄 새우 새싹 채소 등등 와인 안주 용 케이크 처음독특하다 디저트 조각 케잌예약 매장 인스타그램 카카오 톡 소통 함 어버이날 카네이션 컵케이크 예약 픽업 부모님 지금 크림 데코 케익 빵 뻑뻑 앙금 떡 케익 컵케익 빵 촉촉하다 은은하다 단맛 다음 홀 케이크 예약 도전보고 거리 거리 토요일 매장 오픈 동안 해도 어렵다 매번 당 컵케이크 얼마 남지 노심초사 친절 다른 매력 버터크림 보지 못 버터크림 매우 매우 가까이 자주어버이날 케이크 케이크 상담 다음 케이크 예약자두 살구 케이크디테일 장난 꽤 거리 이동 꽃 모양 계속 유지 왜 당근 케익 그니 건포도 건 과일 싫어하다 분 싫어하다모카 케이크저번 주 완전 모카 케이크 차원 다르다 딸기 케이크 왜 오픈 런들오감 즐겁다 케이크견과류밀도 높다굿굿오픈 기간 중 이용 버터크림 케익 영수증 인식최고굿괜찮다괜찮다굿굿
248,달콤왕가탕후루 망원역점,1117355682.0,통귤 탕후루 포장 진심 귤 자체 미치다 설탕 코팅 얇다 먹기 다만 좀 덜 발린 부분 어서 아쉽다 귤 진심 중 일인 듯탕후루 지인 역점 설탕 코팅 짱 얇다 바삭 난리 남 아유 과일 알 직원 가게 내부 깨끗하다 과일 상태 굳다 왕가 탕후루 지점 편차 여기 젤 중 설탕 젤 얇다불친절하다 설탕 코팅 딱딱하다 아말감 때질 뻔하다 재 의사 절대망원역 탕후루이틀 연속 과일 자체 설탕 코팅 두껍다 탕후루 주전부리 가볍다 먹기돝 탕후루 깃요즘 탕후루 인기 던데달 강의 단맛알 감동 설탕 코팅 완전 얇다 굿처음 사 한번 해딸기 좀 아쉽다 파인애플 망고 다행한강 공원 산책 통귤탕후루직원 설명 모 댱왕가 탕후루 과일 철역시 왕가비싸다 탕후루 쪽통귤탕후루 제일 설탕 코팅 균일하다 얇다 만약 근처 살찌다 치과이렇다 이군 탕후루탕후루 그렇다남자 알바생 무섭다 뭐 화가 혼자 욕 성질 던데 장사 어떻다 해 공익 목적 작성왕가 탕후루 회사 근처 자주 안되다 건강 살이바삭 바삭 귤 탕후루위치 손님 다이어트 중이 말 가끔아이 양은 작다아이요즘 젤 핫 탕후루 입성애플 포도 귤 젤 서여 야하다 직원 친절 자주 아유 설탕 코팅 망 원점 젤 얇다탕후루 도장 중비싸다왕가 탕후루 새롭다 오픈 그렇다 아쉽다 부분 과일 신선도 신경 저번 파인애플 상태 블랙 사파이어 크기 제각각 다른 지점 크기 작다 포도 지점 작다 그냥 아쉽다 샤인 머 스캣애 구입 아이스팩 포장 애불친절하다매우 작다 탕후루개인 블랙 사파이어 딸기 외 탕후루 별로딸기 작다달달 달달양 작다 해탕후루 샤인굿비싸다굿달달아이 탕후루달달요탕후루아이 땜 생각후루후루 탕 후루굿
249,카페 디퓨즈,1961948880.0,뜨겁다 여름 여신 오프 로디 테 이로 가득하다 생일 날 위해 월차 덕분 이의 생일 마음 마 축하뉴진스 혜인 생일 저번 다니엘 생일 거지 가게 내부 넓다 음료 기도 편하다 인테리어 사진신우 데이 아기자기하다 노래 힐링 쿠키 신우 생일 축하전체 깔끔하다 매장 천장 높다 높다 확실하다 인테리어 그렇다 손님 매번 마다 손님 시간대 상관없다 손님 직원 완전혜인 생카때매 디자인 바닐라 라떼 쿠키 아이스티 전부 특전 최고혜인 생카 통해 직원 분위기 다음 근처 일 혠 생일 축하혜이니 생카 인테리어 이쁘다 세련 직원 혜이니 포스터 눈 호강쾌적하다 깨끗하다 다음 이쁘다혜인 생일 축하 해혜인 생카 여기 혜인 찰떡 임 선착 특 전도혜인 생일 두번째 요 즐겁다혜인 생일 처음 직원 내부 깔끔하다 쿠키뉴진스 혜인 생일 내부 이쁘다 음료 쿠키 나중손동운 생일 기념 분위기내부 깔끔하다 직원 분 굉장하다 시원하다 음료 아이돌 사진 구경혜인 이의 생일 축하뉴진스 혜인 생일 내부 넓다 깨끗하다 직원 눈치 보고 구경 음료 요유리 생일 당일 출격 예상 외로 갑작스럽다 정도 오픈 때문 선착 특 전인 포토북 도 안쓰럽다 미안하다 생각 포춘 카드 인생 컷 덥다 비록 목표 포토북 유리 가득하다 데 잠깐 기분 이용생일이쁘다혜인 생카 음료혜인 생일 이벤트 때문 실내 쾌적하다 인테리어 깔끔하다 산미 적당하다밀크 티 직원 공간 넓다 화장실인테리어 힙하 음료음식 맜잇 분위기 미치다혜인아이돌 생일 처음 특전음료 특전 민지 언니 생일혜인 생일 이쁘다 자리 넓다 조용하다 가기 아영내부 쾌적하다 재미 쏠쏠하다 오픈 보람구성 특전 자체 이쁘다 자주혜인 생카 가게 내부 널찍하다 기분시험 하루 전날 도 후회 선택 생일 꼭생카 이벤트 분위기 자체 이벤트 자주청결하다 깔끔하다 디저트 꼭 한번레몬에이드 인증샷 오늘 배우 안효섭 생일 일정 구경브라우니 쿠키 분위기 깔끔하다생일 이벤트 때문 공간 음료 포토 부스 알차다 즐겁다 이벤트 마지막 날 그렇다 혼자 혼자 혼자 아깝다 정도 레몬 그라스 밀크 티 강 추하다분위기 라면 꼭 곳임혜인 생일 장소 쾌적하다 인테리어 멋지다포토 부스 마련 분위기 편안하다 생일 이벤트 전문 데 덕택 즐겁다혠 생카 겸피치 아이스 모 분위기혜인 생카 쾌적하다두 직원 분 인테리어 힙 공간넓다넓다 쾌적하다이쁘다 매장 넓다 이용 편하다혜인 생일 기념음료친절 밀크 티 포토 부스혜인 생카 때문 이쁘다 담생일 처음 인테리어 기분혜인 생카 매장 넓다 청결하다생일 넓다 쾌적하다 짱짱분위기 직원혜인 생카 특전장소 깔끔하다 쾌적하다 여태 간 생일 중 제일분위기이벤트 인테리어 요즘 스타일 포토 부스 완전 친절 버터크림 라떼 쿠키 두껍다 요생일 가요이쁘다대박굳다 굳다매장 넓다분위기 깨끗하다대관 답 넓다 깨끗하다 포토 부스 사진 찍발견 분위기생일 처음 넓다 쾌적하다 분위기 쿠키공간 음악 모두초코 라떼 진하다 조명 사진 직원 담생각 사진 징
250,예일타운커피랩 망원점,1988086351.0,도너츠 세상 문후 크림 휘 낭시 조만간 쑥 라떼 강아지도넛 여기 커스터드 우유 크림도넛 괜찮다도넛디저트 도넛처음 안이 어둡다 좌석 불편하다 흑임자 라테 덕이 브라우니만 실망 스럽다여기 도넛 미치다 도넛 즉석 필링 입 크림 부드럽다 음료 테이크아웃 근처 한강 공원 아이 행복하다디저트 라즈베리 도넛 콜드 브루 고냥이 얼음 카페라떼 콜드 브루 쉐이크 음료 분위기 날 야외 꼭 그렇다 담깨끗하다디저트 역시 커스타드 도너츠 폭 신하 휘 낭시 명품 강추 벌써 세번도넛 천국 뻔 여기 도넛 커스터드 필링 선택 달콤하다 천상 오봉 이드 콤달콤 바스크 치즈 케 이크 치즈 깊다 부드럽다분위기 욧음료 베이커리 디저트디저트 퀄리티다양하다 종류 도넛 츠 시원하다 보통 아메리카노 그냥 취향 중 하나로 원두 선택 가능하다 다양하다 크림 중 선택 빵빵 크림 매력 도넛 츠 주말 입 입 즐겁다아주 자주다양하다 디저트 도넛 러스크 처 보시 좌석 내부 강 추하다도넛 지인 매장 직원그냥 자리 귀엽다 가격 저렴하다 양 뭐원두 취향 디저트 생각 덕 브라우니 기대음료 깔끔하다 도넛 분위 인테리어부드럽다 필링 가득 도넛 맛집 앉은자리 순삭 폭 신한 도넛 안쪽 테라스 편하다 음료 휘 낭시 요근처 접근성 새롭다 깔끔하다 도넛 크림 즉석 신선하다 도넛 개인 휘 낭시 담백하다도넛 쫄깃 달달제법 시원하다 플랫 화이트 진하다 잔 달달 크림 가득하다 도넛 별미음료 마르다 도넛 직원 외부 테라스 분위기 혼컴 딱이다도넛 요 다른 유명하다 필요없다 여기 가면 딱이다 용 음료수라떼 매번 오늘굿집앞 도넛 맛집 노티 땡 크림 느끼하다 프레커스터드 도넛 크림 달달패키지 귀엽다 가성 비 나쁘다매장 노래 곡 반복 매일 날 오류매장 오늘 포장 다음 매장 음료인테리어 감각 야외 테라스 완전 도넛 츠 크림 가득 입안 가득 크림 넘치다 존맛 오봉 이드 꼭 오렌지 한라봉 귤 이드 달콤 콤 개맛말르다 도넛 다음 매장말차 크림 도넛 오봉 티 인테리어 이쁘다동료 분위기 디저트 특별하다 매일 질리 흐흐 앞 자주 오매장 아담하다 귀엽다 디저트빠다 코코넛 라떼 부드럽다 도넛 촉촉하다 크림 가득하다크림 바로 산미 정도 매장 좁다 편이 테이크아웃 도너츠휘 낭시콜드 브루 깔끔하다 도넛다음매장 미니 세트커스터드 크림 약간 짭짤하다 도넛 포장 불편하다 도넛 지지 설탕 손 다른 포장재 쓰시적당하다 산미 밀크 도너츠 찰떡 안쪽 자리 완전 맘말르다 도넛 밀크 도넛 노티 드 진심밤 도넛 플레인 원하다 크림 가성타운 망 원점 도넛 음료 도넛 성지도넛 달달매장 스콘 나머지 도넛 포장음료 도넛 배 다른 디저트 류 포장헤이즐넛 도넛앞 분위기야외 테라스 지붕 직원굿녹차휘 낭시 도넛 모든 테이크아웃 다음 꼭굳다 굳다도넛 크림 즉석도너츠 재기대도넛 쫀득해 저렴하다 편도넛매장 깨끗하다도넛 츠도넛분위기역시 만족굿내부 좌석 좀 애매하다 밀크 크림 도넛휘 낭시 킬러 무화과 동네 디저트 맛집직원 매장 분위기 화장실 외부 깨끗하다 디저트 용굿도넛 요굿굿
251,bucfac,1256872004.0,
252,우드베어 망원점,1158712347.0,테이크아웃 전문점 요 날씨 날 점심시간 종종 양도 논저렴하다테이크아웃항상 손님 궁금하다 산미 원두테이크 아웃 가능하다 매장 괜찮다 개인 취향 원두 선택홀빈 원두 가격 온라인 미리 직접 테이크아웃 가판 메뉴판 보고 방식 싱글 오리진 온라인 판매 매장 블렌딩원 판매 포장 포장 비 포 장 날짜 표기 로스팅 날짜 포장 팩 영수증 우드 상호 표기 일단 홀빈 분쇄고소하다 부드럽다테이크아웃 가능하다 납품 판매 강 추하다 곰돌이 컵 가면 아메리카노 잔 무료마이 쪙개인 라떼 우유 비리 경우 여기 라떼 자주아침 출근길 즐거움굿말 뭐말 뭐말 뭐아이스 라떼 시럽 번 뿜뿜 당 쭉 오전 마시기 우유 거품헞아침 마이 쪙오잉 아이스 카페라떼 시럽 번 세상 용 시원하다 쭉쭉패키지 귀엽다 자주하루 한잔 오늘 비 오니 따뜻하다 라떼항상최애 커피집 저렴하다 양도긔엽구 가성 비굿굿보통
253,"그래,좋아",1089102577.0,만족하다
254,카페 꽃길 정류장,1985146311.0,캔 포장 가능하다 빨대 하트 모양 귀엽다평화 잔디 광장 일품 요
255,댐댐케이크,1105719467.0,매장 분위기 매력 구석구석 취향 음료 디저트 준비 모습 정성 뿜어져이쁘다 케이크 이쁘다 꼭분위기 크림 라떼 강추귀엽다 디자인 케이크 팝 사탕 모양 케이크 아이
256,퐁치 커피익스프레스 망원점,1717391085.0,
257,장롱마카롱,1034392858.0,
258,카페지스타,20420898.0,대추차 맛집 직접 대추차대추차 맛집 대추차굿굿호두 파이비도 쌍 화차 진하다굿굿맛집굿
259,여니우기,1456998772.0,
260,망원동미쓰리,1965851901.0,돈 산 인생 꼼빠 꼭 수제 크림 종류 임자 사실분위기 음악 모두 만족 옥수수 꼼 야하다 에너지 충전 분위기 그렇다꼼빠 우도 꼼빠 매번 포장 논 카페인 음료 종류 못 친구 기도 편하다코코 강추 시원하다 깔끔하다굿옥수 슈꼼 최고굿굿소금 꼼 굿밀크 티 왜 담 꼭 밀크 티항상 에너지 넘치다 듯 덕분 기운 카페인 음료최고음료 고민
261,카페리 마포구민체육센터점,1657286219.0,아들 합기도 대회 구민 체육 센터 카페테리아가성 비 어르신 친절 손 빨르다운동 음료 가기 편하다굿가성 비굿넓다 일수 명 여러 번하다 영수증 여러 요구청 운영 요 샷 크기 아아 라떼 초코 라떼 머핀 구입 가성 비 최고반려견 순찰 시험 가성 비운동 바로 밑 사기가성 비착하다 가격굿굿준비 기간 딸기 쥬스 물탄운동 음료 마시기굿굿굿머핀 쿠키 맛집 리위 쿠키 운동 빵저렴하다 가격 괜찮다가격 저렴하다굿사회 일자리 매장 카페리 서비스 특징 정도 매우 가격 저렴하다 특별하다 장점굿가걱 저렴하다굿굿굿굿조용하다굿굿아이스 아메리카노 가격 저렴하다 진하다가성 비 짱굿굿굿굿가성 비굳다저렴하다 깨끗하다 깔끔하다굿굿가성 비굿굿굿굿굿굿저렴하다굿굿굿굿고구마 라떼어르신수제 머핀구청 가장 아메리카노귿깨끗하다구민 체육 센터 숖굿
262,해비치스터디카페,1202428527.0,공부집중굿공부 스카공부 컨텐 집중해 비치 주 사물함 이용권굿굿집중 관리 궁굿굿굿굿
263,Cafe Miei,1972958644.0,가성 비시원하다 한잔
