,0,1,2,3,4,5,6,7,8,9,10,11,12,13,14,15,16,17,18,19,20,21,22,23,24,25,26,27,28,29,30,31,32,33,34,35,36,37,38,39,40,41,42,43,44,45,46,47,48,49,50,51,52,53,54,55,56,57,58,59,60,61,62,63,64,65,66,67,68,69,70,71,72,73,74,75,76,77,78,79,80,81,82,83,84,85,86,87,88,89,90,91,92,93,94,95,96,97,98,99,100,101,102,103,104,105,106,107,108,109,110
Poke all day 포케&샐러드 연희점,1233281842.0,메밀면포케 즐겨먹는 포케올데이 연희점~ 배달시켜서 먹을 때가 많은데 매장은 넓고 깔끔하고 분위기도 좋아서 와서 먹는 것도 좋은 것 같아요! 포케 맛있는 건 당연~🥳,"언제 방문해도 신선한 야채로 에너지 충전이 가능한! 포케&샐러드 연희점! 1인 가구인 제게 ""안성맞춤인"" 최애 식당 입니다~ㅎㅎ 특히! 양파 후레이크를 듬뿍 뿌리면, 더더 맛있어요🥰 포케로 신선한 에너지 충전하시고- 힐링하세요!!",포케올데이는 처음 와봤는데 먹어봤던 포케중에 제일 맛있어요😭 가격도 12900원이고 타 가게보다 저렴한 편! 사장님 추천 소스인 매콤소스도 맛있고 연어도 야채도 너무 신선해요! 자주 올거같아용 ㅎㅎ 매장도 감성적이고 몸도 마음도 건강해지는 기분!!!🥰🩷 연어포케 꼭 드세용 다음엔 오리고기 먹을거에요후후후,우와 오늘 엄청 빨리 나왔어요 저번주에 이어 오늘도 방문했습니다 훈제오리도 맛있었는데 연어도 맛있어요 여기  연희동은 통창있어서 분위기도 좋고 매장도 청결하네요 또 오게 돼요 번창하세요,요즘 포케에 빠져서 점심메뉴 찾던 중 연희동에 있는걸 발견했네요 포케 가성비 대비 맛 양 좋아요 오리고기토핑이 랑 해초샐러드 추가했습니다 양송이스프도 진하고 향 좋아요 여기는 주문 배달도 많은 듯 해요 매장도 깔끔하고 알 록달록예뻐요 점점 사람들이 몰려와서 ㅋㅋ 조용히 먹으려 했는데 활기차지네요,깔끔하고 건강 맛인데 맛있어요! 들기름 메밀면은 육회 추가 추천드려요! 인테리어도 깔끔하고 넓어서 대화하기도  좋아요~,"저번에 먹어보고 맛있어서 또 시켰어요! 저는 쌈장소스에 큐브스테이크 조합을 좋아하는데, 그냥 비빔밥 먹는 것 같구 아주 맛있어요!! ㅎㅎ 먹을땐 배부른데 몇시간 뒤에 금방 꺼지지만 그래도 추천합니다. 가게가 이뻐서 혼밥하기에도 좋아요><",포케먹고 싶으면 오는 곳🙈 항산 깔끔하고 맛있어요 양도 많아서 먹고 나면 든든합니다 포케 먹고 싶다면 포케올데 이 추천!,항상 배달만 시켜먹고 매장은 처음 와봤는데 완전 크고 넓고 쾌적해서 놀랐어요! 분위기도 좋아서 종종 매장 와서 먹을 것 같아요,청결하고 직원분들도 너무 친절하고 화장실도 엄청 깨끗해요,완전 맛있어요~~~!! 매장도 깔끔하고 넓어요:),"늘 건강하게, 맛있게, 먹는것도 운동이디라는 말처럼 그리고 운동하는 사람에게 질리지 않고 다양한 먹거리가 있어서 종종 찾아오는 맛집입니다. 늦은시간은 랩으로 저녁시간에는 포케로 식사를 할 수 있는 곳이어서 저녁은 고민돨 때 옵니다.",포케 너무 맛있어요. 토핑도 푸짐하고 재료 조합이 좋아요.,꺅. 픽업해와서 너무 맛있게 잘 먹었어요!!!! 어니언 플레이크 때문에 더더더 맛있어요!!! 메밀면으로 주문해서 집에서 들기름을 살짝 뿌려 먹었더니 더 맛있더라구요!!,동네에 이런 곳이 있어서 좋아요 늘 포케만 먹다가 처음으로 들기름메밀면 샐러드 먹는데 든든하고 신선하고 맛있 네요 😋🤍 육회 추가해서 먹었더니 더 맛있어요 청결하고 넓직한 공간이라 여유가지며 먹기 좋습니다,진짜 너무 맛있어요! 배달로 먹어봤다가 맛있어서 와서 먹었는데 매장이 훨 맛있고 배부르네여 ㅎㅎ 매장두 이뻐요!,배달로 시켜먹다가 방문해봄,1년 전인가 오고 다시 왔는데 양이 안 줄었고 매장이 여전히 청결하네요 재방문해야겠다는 생각이 먼저 들었습니다!,깔끔하고 한끼 먹기 좋은 곳이에요 건강한 음식입니다,현미밥포케 든든하고 맛있어요! 잘먹었습니다,늘 와서 먹는 곳인데 후기는 처음 써요! 재료도 신선하고 매장도 화이트톤으로 깔끔하고 무엇보다 맛있어서 매일 먹 어도 안질려요 .. 🌿,맛있고 건강하게 식사할수있어서 좋아요~~ 메밀면 맛있어요!!,분의기도 좋고 너무 맛있어요!!!,단호박 크림스프 너무 맛있어요,그릇도 알록달록 귀엽고 맛이야 말모말모🐹🧡💙💜,먹음직스럽고 매장 예뻐요!,인테리어가 멋진 포케집! 요즘 샐러드 사랑이라 한 끼 든든하게 잘 먹었어요 ^^ 저 아보카도는 기본에는 없고 따로 추가한건데 요기에는 잘 안어울리는 것 같아요 상콤한 다른 메뉴와 먹으면 괜찮을까요? 포인테리어가 예뻐 눈이 즐거운 공간이었습니다,믿고 먹는 포케올데이!! 연희점은 특히 더 맛있는 것 같아요🥰🥰🥰,처음으로 들기름메밀면샐러드 시켜봤어요!! 언제나 그렇듯 맛있어용,매장에서 처음 먹어봤는데 맛있게 잘 먹었습니다!! 야채랑 다들 신선하고 매장도 넓고 깔끔해서 좋았어요! 다음에도 또 올 것 같습니다 ㅎㅎ,"깔끔하고, 조용해요 주차도 되고 좋아요",인테리어도 이쁘고 맛있어요~,매장 인테리어 분위기가 너무 좋아요. 재료신선하고 맛있어요.,매장도 깔끔하고 맛있어요!,매장도 깨끗하고 포케도 맛있어요 !,현미밥 + 닭가슴살 +참깨간장 닭가슴살 너무 부드럽고 맛있어요. 야채랑 현미밥 닭가슴살 조화로워서 맛나게 먹었 습니다. 매장 인테리어 너무 예쁘고 깔끔해서 자주 오고 싶어요 🫶🫶,가성비 너무 좋고 완전 맛있어요ㅜㅜ 집앞에도 있으면 좋겠어요 늦은 점심 먹으러왔는데 맛있게 먹고 갈거같아요 매장도 예쁘고 깨끗해서 너무 좋습니다,매장도 예쁘고 포케도 양 많고 맛있어요!! 연희동 최애포케집 중 한 곳 입미당 ❤️,신선하고 맛있습니다. 다양한 식감을 한번에 즐길 수 있어 좋았어요. :) 재방문의사 9999999!,제가 젤 좋아하는 곳! 배달도 맛잌ㅅ지만 매장도 너무 예뻐요 ❤️,양이 진짜 많고 이거 하나 먹어도 포만감 짠뜩이에요! 가게 의자가 그렇게 많은거는 아니지만 금방 자리 빠져서 좋습니다아!,집 근처에 포케집이 있는 건 참 기쁜 일이에요 !! 오랜만에 먹고 싶어서 왔는데 역시 상큼하구 맛있네요 연어+스리라차마요 최고~,벼르고 벼르다 연희동 오게 되서 먹는데 비쥬얼부터 장난 아니구ㅠㅠㅠ 안먹어도 맛있습니다 이건.. 다른 포케집에는 메밀면 샐러드 잘 없는데 저 이거 하나 보구 왓어요.. 담에는 육회추가해서 먹어봐야겠어용 직원분들도 다 이쁘시구 넘 친절ㅠㅠㅠ💙💙,올때마다 만족스러운 혼밥을 하고가네요,"체인점이라 맛은 당연히 있어요. 근데 염색하신 여자분. 매니저인지 직원인지 모르겠는데 진짜 불친절하네요. 한숨 푹푹 쉬면서 말하고, 성의 없이 응대하고ㅎ 홀에서 일하는 서비스직이 불친절하면 어쩌자는건지.. 사장님 따로 계시다면 직원 교육 다시 하셔야겠어요. 건강하고 맛있어서 자주 이용하려 했는데 이제 안가려구요!",고소하고 맛있어요 신선하고 토핑도 많아서 자주 올거 같아요,"현미밥포케- 연어/와사비간장 , 현미밥포케-스테이크/사장님추천소스 이렇게 처음 주문해봤어요! 배달앱 볼때마다 리뷰가 넘 좋길래 한번 먹어봐야지했는데 드디어 먹어봤네요! ㅎㅎ 둘다 양도 많고 맛있었는데 아무래도 한국인은 고기지요ㅎㅎ.. 심지어 소스도 쌈장으로 주셔서 그냥 야채많은 비빔밥같았어요 ㅎㅎㅎ 잔뜩먹었는데도 죄책...",메뉴가 다양하고 비건 옵션도 있어서 좋아요! 매장도 넓고 쾌적합니당,너무 맛있어요! 가게도 너무 이쁘고 혼밥 하기도 좋아요,맛있게 먹었습니다!!! 감사합니다,자리가 넓고 깨끗하고 음식도 야채 등 매우 풍부하게 나와요 건강한 한끼 챙기고 싶으면 한번 와보세요,포케 먹고 싶어서 갔는 데 연어 현미포케/들기름 메밀면 먹었는 데 둘 다 맛있어요. 특히 현미포케 소스가 맛있네요.,포케 맛있어용! 다이어트식단으로 체고💚 알록달록 인테리어도 맘에 들고 매장 쾌적해서 좋았어요~!,메밀면 냠냠굿,사장님 추천 소스로 주문했는데 양도 많고 너무 맛있었어요!,신선하고 양많고 맛있어용 매장 분위기도 깔끔하고 좋아요 주말 점심으로 추천이여👍,포장도 해가고 매장에서도 먹고 배달시켜서도 먹는 최애 맛집 중 하나! 샐러드는 그렇게까지 좋아하지 않는데 여기 포케는 존맛탱입니다아🫶,치킨랩과 스프는 처음먹어봤는데 추운날 먹기 좋아요,기분좋고 건강하게 먹을 수 있어서 가끔 들려요 :),포케 먹고싶을때 와요! 완전 신선하구 맛있어용🤍🤍🤍,맛있기도 하고 매장 분위기도 짱이네요 ჱ̒ ｰ̀֊ｰ́ ),포케 처음 먹으러왔는데 건강한 맛이 느껴져서 좋아요!! 또 먹으러 오고 싶어요~,맛있어요!! 매장도 청결하고 추천합니다👍,신선하고 양도 많아요:) 맛있네요!,매장이 깔끔하고 넓어서 좋아요~! 포케도 처음 먹어봤는데 양도 많고 맛있어서 건강하고 배부르게 먹었습니당☺️,맛있고 신선해요. 자석도 여유롭고 깨끗합니다~~!!,매장이 깔끔하고 맛있어요,포케 넘 맛있어요!! 메밀면 포케 최고ㅠㅠ,항상 먹는 메뉴~ 메밀면에 참치 메인토핑~ 맛있게 건강한 느낌!:₩,건강하게 맛있는 샐러드에요 ㅎㅎ,쾌적하고 좋습니다,"가게가 이쁘고, 같은 포케올데이라도 연희점이 특히 맛있어요 :)",매장도 깔끔하고 사진도 잘 나와요 음식도 맛있어요,종종 주문하는 올데이포케! 오늘은 매장에서 먹었어요~ 너무 건강하고 맛있는 맛입니다!,신선하고 맛있는거 같아요,연어 포케 항상 마싯어요~ 양이 적어서 정말 다이어트식 맞아요☺️☺️,맛있게 잘 먹었어요 양 많고 쾌적해요!,매번 시켜먹다가 매장에서 오니 새롭고 맛있어요,몆번 왔는데 체료가 항상 신선하고 맛있음^^,혼밥하기도 좋고 음식도 맛있습니다!👍🏻✨️,포케 체인점은 자주 실패했었는데 너무 맛있네요!!:).. 다음에 또 와야지 🤍,자주 가는 포케집입니다!!매장도 넓어서 좋아요,및에 요가원 다니는데 운동후 먹기 최고! 추가추가 하길 잘한듯요 맛있고 양 너무많아서 남김♡ 단호박스프도 꼭추 가해서드세요 두번드세요♡,귀여운 인테리어와 신선한 재료들! 언제와도 맛있어요♡ 소스에 비건 선택지도 있고 짱이에욧,항상 늘 맛있게 먹고 있습니다! 또 올게요!,맛있어요 :)  가벼우면서도 든든해요~,자주와서 먹고 있어요! 사이드도 맛있네용,양도 많고 건강한 맛입니다~!~!,야채 싫어맨도 맛있게 먹었어요  키오스크에 재료 빼기 메뉴도 있으면 좋겠어요,넓고 인테리어 이쁘고 맛있어요!,맛있어요,맛있어요 신선하고맛있게 먹기 좋아서 자주와요,벌써 두번째 방문이에요!! 올때마다 매장이 청결하고 간단히 먹기좋아요 👍🏻👍🏻,너무 맛있어요 포케 처음먹어봐요~ 샐러드가 싱싱합니더!,주문에 좀 차질은 있었지만 (재료가 바뀌었네요) 신선한 포케의 맛이 건강 그 자체이네요  맛나요🥗,너무 맛있어요! 자주찾는곳입니다,매장이 넘이뻐서 들어왔어요! 맛있게 잘먹겠습니다 😀,항상 잘먹고 있어요!  들기름메밀면 강추입니다!!!! 건강한 샐러드 감사드립니다!,’현미밥포케+연어‘로 시켜서 먹었습니다! 양 많고 맛있어요🤩,맛있어요!! 다이어트할때 종종 도움 받구 있어요 !!! 번창하세영,재료가 신선하고 너무 맛있어서 또 왔어요!,포케도 맛있고 쾌적해서 자주오는 곳이에용 ♥️♥️,포케 당길때면 언제나 여기서만 주문해 먹습니다. 늘 맛있어요.,종종 시켜먹어요. 맛있어요.ㅎ,포케올데이 포케가 젤 맛있어요🥰,신선한맛 먹고싶을때 자주와요. 매장도 깔끔해서 더 좋아요☺️,브레이크타임 끝나기 3분전에 도착해서 3분만 안에서 기다려도 되는지 여쭤봤지만 단호 안됀다고 해서 기분 살짝  별로였네요 그리고 음식 주문하고 기다렸는데 준비 되었다는 안내도 없어서 모르고 계속 기다렸네요.,신선하고 맛있어요,맛있어요🥰🥰 일주일중 두번째방문!,가끔 배달로 시켜먹어보고 매장에서는 처음 먹어봤는데 매장에서 먹는게 더 맛있네요🤍 엄청 신선하고 양이 푸짐해서 다 먹으면 엄청 배불러요! 다른 분들 보니까 현미밥 말고 메밀면 선택해서 많이들 드시더라구요..! 다음엔 저도 메밀면 먹어보려구요🥹🥹 건강한 한끼 잘 먹었습니다!
스웨이커피스테이션,1826959498.0,"호주식커피 좋아해서 가보았어요 ~ 반계단 내려가는 재밌는 구조에 층고가 높아 넒은 느낌이구요~ 주문을하면 열 차티켓을 만들주세요 영문명을 기재하면요, 기차역 컨셉이라 해리포터 생각도낫어요 ㅋ 다만, 음료서빙시 층고가 높으니 작게 얘기해달라는 메모를 같이 주시는데 다른사람들이 너무 배려없이 떠들어대서 그 매모가 무색하...",매장인테리어도 커피맛도 직원분들도 구웃🖤 톤다운된 우드톤이 분위기가 넘 좋고 호주식 커피도 궁금해서 방문했어요~ 재방문해서 크림커피도 마셔보고 싶네요😁,두 번째 방문입니다. 웨이팅이 생겨버렸어요! 저녁타임이라 조금은 한산하지 않을까 했지만 아니었네요🤭 외관부 터 내부까지 크리스마스가 꾸며져서 벌써 12월 25일이 온줄 알았어요. 크리스마스에 스웨이커피스테이션이 유명하 다고 했는데 정말이었네요. 여전히 멋진 라떼아트가 그려진 섬세한 시그니처 스웨이 카푸치노는 쌉싸름한 초...,컨셉이 확실한 카페 특히나 크리스마스 시즌에 더 멋진 곳이에요 호주식 커피와 디저트를 맛볼수있어요,"주말 피크타임 피해가니 웨이팅이 1팀밖에 없어서 바로 들어갔어요! 카페에 입장하자마자 아늑하고 엔틱한 분위기 와 인테리어, 주문할 때 친절히 응대해주시는 바버샵 단골의 향이 묻어나는 사장님들까지. 게다가 커피 맛까지 과하 지 않으면서 산미를 싫어하는 나조차도 적당히 산미를 즐길 수 있는 풍미까지 아주 모든 게 잘 어우러지는 카...",스웨이 커피스테이션이 있는 우리동네 좋은동네~😻💘,커피도 맛있고 분위기도 좋아요,라테 스팀 우유가 진짜 너무 맛있었어요 그래서 커피가 고소하고 좋았습니다!,커피 맛있어요ㅎㅎㅎ 분위기도 좋고 조용해서 자주 가는 곳이에요 남자직원분 너무 친절하셔서 좋아요~,커피 밸런스가 좋아요. 카페 분위기도 독특한데 그래서 웨이팅 있는게 아쉽네요,정말 너무 불친절해서 억울하네요.. 왜 그렇게 응대 하시는지 이해를 할수가 없을 정도,커피도 맛있고 분위기도 예뻐요:)),분위기도 좋고 사진도 잘나와요~,가게 안에 분위기가 아늑하고 좋아요,분위기 있고 커피맛있어요,레몬치즈케익 맛있어요 분위기도 좋고 커피맛도 좋아요 진하게 작은 양 나오는 커피에요,처음 리뷰 달아보네요 에스프레소로 시작해서 시그니처라고 하는 카푸치노를 마셔봤는데 전체적으로 너무 맛있었 어요 아트도 세심하게 해주시고 에스프레소에는 탄산수와 맛있는 설탕까지 챙겨주시는 거 보고 제대로 된 카페구나 싶어서 기분이 좋았네요 저녁이었는데 사람들이 많았음에도 모두 커피를 즐기시는지 조용하게 드시더라고요...,겨울에 특히 더 잘 어울리는 카페라고 생각돼요~ 분위기 따뜻하고 좋아요.,사진이 읍네 좋앗는데.. 쿠폰이 귀여움,커피가 맛나요 롱블랙,처음 방문한건데 주문이 밀리거나 매장이 바쁜 상황 아닌데 원두 선택이나 음료를 저어서 먹으라는등 말씀 안해주셨습니다. 불친절하고 짜증난다는 듯 손님을 대하는 말투와 태도 굉장히 실망스럽네요. 음료값도 저렴한 편도 아닌데 불쾌했습니다. 저는 다시는 방문 안할듯해요. 비추입니다,오래전부터 가던 곳인데 요즘은 사람이 너무 많아져서 웨이팅까지 생겼어요ㅠㅠ 사람 많아서 계속 못가다가 오랜만에 갔는데 카푸치노 여전히 맛있어요~,라떼 아트가 멋지네요~,호주스타일 롱블랙을 파는 카페입니다. 커피의 향이 프루티하고 묵직해요. 커피를 주문하면 이름을 적은 기차티켓을 기념으로 받을수있어요! 독특한 컨셉에 분위기 좋은 카페로 추천합니당,세련되고 여운이 남는 분위기와 커피가 있는 곳,가벼운 커피를 마시고 싶다면 이곳! 라떼를 마실 때 오트 밀크로 바꿀 수 있는 행복,"이티오피아 롱블랙, 서울 카페중 제일 맛있어요.. 여운과 잔향이 오래남구 산미와 고소함의 밸런스가 좋아요 레몬치즈케잌도 예쁘기만 할뿐만아니라 산뜻하구 너무 달지않아 부담스럽지 않은 맛으로 스웨이 커피와 너무잘어울려요.. 매일가고싶어요🥹",스웨이 아이스 라떼 맛있었어요~~,분위기도 너무 좋고 커피가 부드럽고 너무 맛있어요 케이크도 꼭 드셔보세요,"커피와 디저트 그리고 분위기까지, 만족스러워요ㆍ연희동 카페로 추천합니다 👍",커피랑 디저트 둘다 맛있어요!,아따 커피 맛있네요,커피 엄청 맛있고 인테리어가 진짜 멋져요!,좋아요 멋있고,플랫화이트 맛있고 분위기도 좋네요.,인테리어 너무 감성적이고 음료&디저트도 맛있어요!!,호주식커피로 커피맛집이라기에 궁금해서 방문 찐커피맛집이 맞아요👍👍👍 커피에 대한 프라이드가 강한 사장 님 추천으로 더운날이었지만 따듯한커피로 마셨고 진짜 맛있는커피 맛볼수 있어서 너무 좋았어요^^ 또 방문할게요 ~,주말 오후에 방문한 스웨이커피스테이션 여유롭고 느낌 좋아용❤️‍🔥 분위기 쪼으네용,살면서 꼭 한 번은 마셔야 하는 에스프레소와 라떼,크리스마스 분위기 이쁘고 가만히 앉아 노래듣고  감성충만 ㅋ 다시 가도 좋을 카페,"일요일 오후 6시 방문. 밖에서도, 층계를 내려간 안쪽 공간도 따뜻하고 분위기 있어 참 좋습니다. 조용히 나만 알고 싶은 연희동 카페인데 이미 많이 알려져 있더군요. 주인 남녀 두분이 티켓에 영문이름을 타자기로 타이핑 해서 같이 주시네요^^ 차분한 분위기 속에서 편히 잘 쉬다 갈 수 있는 카페입니다.",연희동 최애카페,인테리어가 취향이라 왔는데 컨셉이 독특한 곳. 직접 타자기로 찍어주는 티켓 형태의 쿠폰이 좋다. 커피도 맛있음,인테리어도 멋있고 이야기 나누기도 좋아요!!,분위기 맛집 카이막 맛집 크림라떼도 넘넘 맛있었어요! 쿠폰을 기차표처럼 쎈쓰있게💚💚💚 잘 쉬다 갑니당 ㅎㅎ,커피가 생각날때 방문하면 굿 입니다 커피향이 먼저 뇌를 자극해 주니 입은 저절로 움직이는듯 맛있는 커피 고맙습 니다,[최상급 라떼아트] 커피를 주문했는데 예술을 주셨습니다.,커피도 맛있구 분위기와 인테리어도 멋있고 애정하는곳이에요☺️,커피도 맛이구 분위기도 좋아요오~~~ :),카이막 맛집 :)  자꾸 생각나는 맛이라서 또 가고 싶어요,인테리어 재밌ㅇㅓ용,커피도 좋고 서비스도 좋아요.  다만 시간 잘못 맞춰서 가면 웨이팅이 있거나 좌석이 좀 불편하네요ㅜ 여럿이 가기엔 불편해요,커피도 맛있고 분위기도 좋어요 주말에는 자리가 없을듯해요! 카푸치노 강추,낮과 밤의 분위기가 완전 다른 곳이에요.  인테리어 너무 멋지고 스테이션이라는 컨셉에 맞게 주시는 기차표 쿠폰은 진짜 센스 그자체 인거 같아요😭,굿,카페 분위기가 정말 좋아요.ᐟ 해리포터 속 한 장면에 들어온 느낌의 인테리어에 티켓 쿠폰도 재밌는 아이디어 같고 단호박 치즈케이크는 진짜 너무 맛있고… 최고,무조건 한 번 이상은 따뜻한 라떼를 마셔야 함 라떼 아트가 끝내줘요,크리스마스 시즌이면 항상 외관맛집으로 소개되는 걸 봤었는데 전 지나고 방문해봤어요 티켓을 주셔서 특별한 기억을 갖게 되었어요 찻잔도 예뻐서 기분 좋더라고요 ㅎㅎ 자리가 편하지는 않아서 아쉬웠어요,좋습니다,커피맛이 정말 좋습니다! 마시는 내내 진한 고소함이 무척 좋더군요,화이트류 커피 다 진짜 진짜 맛있고 공간도 특색있어서 좋아용!,커피 맛있고 갬성 굿,연희동과 너무 잘 어울리는 공간입니다! 커피가 아주 맛있었어요 쿠폰은 비행기 티켓처럼 디자인 되어 있어서 모으는 재미도 있을 것 같아요 완전 추천합니당,크리스마스 갬성 낭낭한 연희동 스웨이스테이션입니다. 인테리어도 멋지지만 커피와 음료도 맛있어요! 그리고 핫초 코 추천입니다! 많이 안 달고 고급진 맛이에요~ 인테리어도 너무 따뜻한 느낌이고 마치유럽에 와있는 것 같습니다~  :),커피도 맛있고 분위기도 좋고 인테리어도 넘 예뻐요!,"호주에서먹었던 플랫화이트가그리워서 왔는데,딱 그맛이어서 너무반가웠어요. 원두종류선택할수있고, 디카페인도있어서 선택의폭다양하게 즐길수있어요. 사장님직원분친절하시고 아늑한곳에서 즐거운시간보냈습니다. 감사합니다 또올게요",낮에 갔는데도 아늑한 분위기로 좋았어요! 시간이 지나니 점점 어둑해져서 저녁 시간대가 더 이쁜 거 같아요. 카푸치노 초콜릿? 마셨는데 초콜릿맛이 진했어요. 케이크는 엄청 작았는데 진해서 괜찮았어요,친절하시고 인테리어가 멋져용,이렇게 이쁘고 아늑한 커피숍이라니…커피도 너무 맛있고 디저트 몇가지 안되지만 정말 맛있다!! 이제서야 알게돼서 억울함😂,커피가맛있어요,주인장분이 정말 멋진 신사같고 그분과 어울리는 고급진 카페였어요! 작업을 위해 방문했는데 그 방문 목적이 아쉬운 정도였어요. 다음에는 다이어리 글을 쓰거나 책을 읽으러 오고 싶어요.,굿,싸장님 커피에 자부심있는 이유를  알겠더라구요:) 커피도 디저트도 최고🫶,내부 인테리어가 멋있어요! 교통수단은 별로 편하지는 않지만 다시 방문하고 싶을 만큼 특이한(?) 특별한(?) 공간이었습니다. 아이스초코 시키면 위에 마시멜로도 나와요!,분위기가정말 좋아요. 사장님의 스타일까지 카페 분위기가 녹아져 있습니다. 원두는 시큼한 맛이 강하네요,컨셉이 확실해서 좋아요^^,매장 분위기 역대급이네요,분위기와 커피맛 듁임,인테리어가 멋스러워요. 주말엔 사람이 많은가봐요.,😋,인테리어나 소품 곳곳에 여행 컨셉의 디테일이 숨어있어 있어 예뻤어요. 커피 맛도 괜찮구요,호주식 커피는 알고 있었는데 커피에 살짝 뿌려진 초코가루가 정말 신의한수!!커피도 맛있고 레몬케이크의 크림이 진짜 가벼운데 발란스가 너무 좋아 맛있어요 다만 크기가 넘 작네요ㅋㅋㅋ,커피 진짜 너무 맛있음...한입 마시면 아 진짜 맛있네 이생각들음! 연남동 연희동쪽 또 가고싶은 카페는 처음임!! 또 갈거임!!,분위기가 아주 멋스럽습니다~~~~^^♡ 커피도 맛있습니다~~^^,"사람이 많아서 조용한 분위기는 아니지만 조명과 인테리어가 아늑하고 연말과 너무 잘 어울리는 카페에요. 이 카페의 시그니처라고 생각하는, 주문하면 이름을 영문으로 적어주는 기차 티켓이 제일 좋아요!  너무 가고싶던 카페에 잠깐이나마 혼자라도 머물러서 행복했어요 !",인테리어 멋집 입니다. 향기로운 밀크티 맛있었어요~,커피 맛있고 케이크도 맛있어용,카페 분위기가 너무 예뻐요😊 레몬 치즈 케이크 상콤한게 맛있었어요,커피기 맛있고 카페 안이 생각보다 넓어서 좋아요,외관이 아담한 것에 비해 안에는 놀랍게 멋진 곳이였어요! 노래 분위기 음료맛까지 정말 좋았어요🤎 나이대도 다양 하게 찾아오시더라구요. 무엇보다 사장님이 젠틀하게 정장으로 갖춰입고 계시는데 그 모습으로만도 카페와 음료에 대한 신뢰가 갔어요. 혼자서 음료 만드시는 모습에도 멋졌습니다. 요즘 그냥 인스타용 카페와 음료들이 많은...,5개 선택으로는 끝낼 수 없을 정도로 너무 마음에 든 곳입니다,컨셉이 아주 독특해요! 하지만 그래서 더 신기하고 좋달까? 특히 화장실 .. 워후 커피 맛있게 먹었어요! ☺️,"라떼아트 정성스럽게 해주세여☕💕🥰 요즘 풀서비스 제공 카페 잘못봤는데 요기는 가져다주시고 놓고가면 정리 까지 해주시는!!👍👍 커피한잔에 귀한 대접받는 느낌이에요 🎄 크리스마스 느낌 물씬~풍기는 입구,내부 계속 사 진찍게되요 평일에 혼커타임 갖기도 참 좋네용!!",바닐라라떼 아이스초콜릿 아이스플랫화이트 주문했는데 음료 3잔 다 무난하게 마실만했습니다! 인테리어 컨셉이 독특하고 쿠폰을 주시는데 이름을 타자기로 직접써주시는것도 재밌었어요!,커피 디저트 모두 만족스러웠어요 특히 커피 위 크림이 정말 맛있었습니다!,"크리스마스 분위기를 정말 좋아하는데, 가게 들어서자마자 느낄 수 있어서 좋아요❤️💚 음료도 맛있고, 친절하시고! 정말 추천합니다 👍🏻","스웨이, 음료 잘 마시고 아늑한 공간에서 수다 잘 떨고 갑니다 ☺️",인스타 핫플이래서 방문했습니다 ! 사진에서 봤던 그대로 아기자기 하고 너무 예쁘더라구요 ㅎㅎ 올해가 가기 전에 또 가보고싶네요 ~,굿굿,👍👍 커피 맛있어용,"분위기 맛집이고요:) 커피는 전반적으로 맛이 좋네요. 전 스웨이카푸치노 먹었는데, 우유 양이 조금 적었으면 더 맛있었을 것 같아요.",커피는 진한 편이고 핫초코 진심 맛있습니다,연희동 하면 스웨이 스웨이 하면 연희입니다!! 집에서 스웨이가 멀어서 슬프지만ㅠㅠ 택시를 타고 서라도 연희가면 방문 하는 가게입니다 인테리어도 이쁘고 디저트들도 다 맛있어서 좋아요 저는 특히나 바나나브레드와 피콜로를 같 이 먹는걸 추천 합니다 촉촉한 부드러운바나나브레드와 진한 피콜로는 조화가 너무 좋아요 상큼한걸 좋아하...,커피 산미 강하고 진해요 내부도 아늑하고 주차도 가능해서 좋네요 ෆ,"딱 보자마자 해외에 있는 매장인줄 알았어요. 카페 소갯말 그대로 해외여행하는 기분 낼 수 있는 카페였어요. 분위기 너무 좋고 썸 타는 분들, 커플분들 꼭 와보세용!! 저는 핫초코 먹었는데 진짜 초콜릿을 녹여 만든 맛이였구요. 그래 서 좀 달았어요. 단거 싫어하시는 분들은 좀 많이 달다고 느끼실 수 있을 거 같아요. 핫초코랑 같이 나오는 마...",,,,,
프로토콜 연희점,1032580297.0,오오 요기 연희동 카페인데 카페겸 집중 공부공간이랄까 책상마다 스탠드 메모장 연필이 놓여있고 전반적으로 가라앉은 분위기인데 그렇다고 쉿 조용 그런 분위기도 아니다 다들 노트북 책 담소 소담소담 모던하면서 나 혼자 집중하기 좋은곳 미뤄둔 책 한권 갖고 방문해보자,"책읽고 뭐하기 좋은 카페였습니다! 산미있는 커피를 굉장히 좋아하는데, 과테말라 드립커피 산미가 너무너무 진해서 아주 맛있게 마셨어요 :)","원두의 자부심이 느껴지는 연희동 대형 카페, 프로토콜👍🏻 공간에 들어서자마자 입구와 다르게 넓은 공간에 놀라고, 너무 힙하고 세련된 인테리어에 놀라고, 진-하고 풍미가 정말 좋은 커피 맛에 놀라고- 넘 만족스런 카페였음. 주문 한 커피 나오기 전에 사장님이 필터커피 시음을 권해주셔서 먹어봤는데 진짜 다양한 풍미가 느껴지는 고퀄의...",주말에는 3시간 이용 제한이 있었어요 조용해서 공부하기 좋았고 커피도 맛있었어요 직원분들도 친절했습니당 콘 센트 좌석은 많진 않아서 노트북 미리 충전해서 가세요~,라떼 맛집이라고 해서 방문했어요. 카페 분위기도 좋고 조용해서 뭔가 작업하거나 공부하기 좋아요. 원두 설명서도 주셔서 원두에 대해 알고 마실수 있어서 너무 좋았어요.,커피에 정말 진심인 연희동 카페예요! 첫 방문이라고 하니까 커피 설명도 정말 친절하게 해주셨어요 ㅎㅎ 전반적으 로 차분한 분위기라 카공하기 좋았고 주말엔 3시간 이용 시간 제한이 있어요! 재방문 의사 있어요 ♥,노트북 가지고 가서 작업하기 좋고 창가자리가 참 좋았어요. 드립커피도 괜찮았던 카페.,"이렇게 라떼가 맛있는 카페는 오랜만이었어요. 주말 오후 2시쯤에 가서 그런지 웨이팅이 조금 있었는데 금방 들어갔 어요. 2층에 있어서 창문 밖을 꽉 채운 푸른 가로수들이 보이는데 참 예뻤습니다🌳 가로수들과 무채색의 인테리어 가 잘 어울렸고, 커피가 진짜 맛있어요! 파운드케익이랑 너무 잘 마셨습니다🫶🏻 주말에 사람이 많아서 매장이...",연희동은 첫방문이었는데 초심자의 행운이랄까요? 처음부터 너무 멋진 카페를 찾은 것 같아요 직접 로스팅을 한 원 두는 가격대가 있긴 하지만 맛있었어요 맛도 맛이지만 분위기도 어두컴컴하니(?) 제 취향이라 너무 좋았습니다 2층 에 존재하고 있어 창밖으로 푸른 가로수 들이 보여 서울이 아닌 근교에 나와있는 듯한 느낌이었어요,창가 초록초록 뷰도 멋지고 커피도 참 맛있는 곳 😻 복숭아향이 나는 커피를 맛있게 마신 기억이 있어 재 방문했는데 원두가 계속 달라진다고 하더라구요. 드립커피 다양하고 원두 설명도 해주셔서 좋아요,핫한곳이라고 해서 방문해봤어요 직원들 친절하고 맛도 좋았어요 전 엔트러싸이트 단골이라 입맛은 엔트러싸이트 가 맞지만 여기도 맛있네요 자리가 없어 빠자리에 앉았다가 에스프레소만 마시고 아메리카노 는 Take out ~~,프로토콜 쇼룸이 좋았어서 이번에는 연희점을 다녀왔어요 프로토콜 필터커피 너무 맛있어요!! 또 생각나서 조만간 가야 할 것 같아요😀,노트북 하러 갔는데 전체적으로 어둡고 자리마다 비춰주는 등이 따로 있어서 더 집중이 잘 되는 느낌이었어요! 커피도 무난하게 맛있었습니다,유명한 이유가 있는 곳 작업하기 좋은 환경 산미 편견 있다면? 푸릇 진짜 강추,원두 고르는 재미가 있는 곳이에요 :),"명성이 자자했던곳으로 기대만땅하며 들어간곳,, 대화하기보단 작업하러 가기 최적의 곳,, 날 위한 스탠드도 있어서 조심스럽게 켜서 일 하고 왔습니다,, 커피 추천도 나이스",커피도 맛있고 조용하고 좋아요! 공부하거나 노트북으로 뭔가 하기 좋은 분위기에요,"카운터 보시는 남자분, 특히 필터 커피 내리시는 키 큰 여자분 손님 응대 서비스 최악ㅡㅡ 여러 번 왔었는데 오늘 필 터 커피도 밍밍해서 맛없고 기분 너무 불쾌해서 다른 메뉴들도 오늘 별로였음 뭐 때문에 그렇게 공격적이고 기분 나 쁜 티를 내면서 일하시는 건지는 모르겠는데 고객한테 본인 기분 나쁜 거 티 내고 화풀이하지 마세요. 그것도 ...","연희동 커피맛집으로 주말오후 오게된 프로토콜. 다행히 웨이팅이 없어 자리잡고 아메리카노 한잔, 라떼 한잔…커 피 맛이 너무 좋네요. 아이스아메리카노는 푸릇원두로 블루베리향 나서 너무 맛있고, 고민하다가 슈퍼노말 원두로 아이스스몰라떼까지👍🏻스몰라떼는 고소하고 진해서 너무 맛있어요~ 추가주문해서 드시는분이 많은지 2000...",일요일 낮쯤 방문하였습니다 안경낀 직원 남성분이 메뉴판을 보며 주문하려고 하는데 대뜸 뒤로 가서 좀 이따가 보 라고 하시더군요 앞에 손님이 계시긴 하셨지만 가까이 붙어서 보았던 것도 아니고 저희끼리 이야기나눈건데 무안하 게 그렇게 말씀하셔야했던건지 잘 모르겠네요 주문 받으실때도 어떤게 산미있냐고 여쭤보니 밑에 읽어보라...,"커피 너무 맛있고, 분위기도 짱!",와보고 싶던 곳인데 인테리어도 좋고 커피도 맛있고 좋았습니다:),조용해서 좋았어요,커피가 넘 맛있어서 애플티 한번 더 먹었는데  커피가 맛있네요 ㅎㅎ 커피 드세요!! 커피 진짜 맛있어요 ㅎㅎㅎ,연희동 최애카페 ꈍ◡ꈍ 낮에도 좋지만 밤에 가면 더 좋아요 🌙 지난번엔 카스테라 먹어 봤는데 레몬파운드도 맛있어 요! 지난 주말에도 갔었는데 앉은지 한시간밖에 안됐는데 착각하셨는지 세시간 되었다고 하셔서 당황스러웠습니다 ˃̣̣̣̣̣̣︿˂̣̣̣̣̣̣ 그래도 이번에 방문했을땐 친절하게 주문 받아주셔서 마음이 녹았어요 ❥ 공간도 넓고 차분한 분위기라 ...,"분위기도 좋고, 커피맛도 좋습니당",창가 자리에서 책읽기 정말 좋아요 🤍 나오는 노래도 너무좋고 책읽다가 가끔 창밖을 보면 나무도 있고~ 사람들도 보이고~~ 완전 힐링되고 좋아요,심플하고 차분한 분위기입니다. 취향에 따라 고를 수 있는 커피(원두)의 종류가 다양합니다.,"멋집니다. 앤트러사이트와 대충유원지 이후에 꽤 느낌있는 카페를 만났습니다. 라떼맛집이라는 정보로 저녁이라 스몰라떼를 주문하였는데, 양이 적고 연할거라는 생각은 착각이었어요. 더 진한 라떼였습니다ㅎㅎ^^카스테라와 파운드케이크도 맛있습니다.","# 필터커피, 초코파운드 과테말라 원두 선택. 커피 맛, 향 최고. 조용하면서 정돈 된 분위기. 깔끔하고 모던한 느낌의  실내 디자인. 오더테이블부터 홀 테이블, 조명, 의자, 장식품들이 하나 같이 세련되고 깔끔함. 테이블도 잘 정리 되어  있어 노트북과 책을 놓고 작업하면서 커피 마시는 사람들이 많음.",커피도 맛있고 분위기도 좋아요,매장이 넓고 차분한 분위기가 좋아요 ♪ 커피도 맛있고 배경음악도 좋고 뷰도 굿 !! 재방문하고 싶어요,멋진 곳입니다. 그냥 딱 봤을 땐 좀 성수 느낌인데 거기에 이제 연희동 분위기 챡챡 예쁘게 올려준! 커피 맛있었고 넓고 테이블 간격도 좋았어요.,"인테리어가 감각적이네요. 어두워서 눈나빠질 것 같는데 노트북이나 책읽는 분들도 꽤 계셔서 주말엔 앉을 자리가 없었어요ㅠㅠ 테이크아웃해서인지 2,000원 할인받아 아이스아메리카노 3,500원에 저렴하게 마셨네요! 원두도 구매하고 싶어서 방문했는데 엔트러가 더 맛있는거 같아서 일단 원두 구매는 패스ㅜㅜ",뭔가를 해야 해서 카페를 갈 때 프로토콜만큼 좋은 곳은 없는 것 같아요-,작업하기 좋은 카페. 저녁에 방문했는데 어둑하니 분위기 있고 순간에 집중할 수 있는 장소같아요. 낮에는 어떤 분위기 일지 궁금하네요!,여기 아직 안 가본 사람 있나…? ㅎㅎ 데려간 사람들 다 좋다고 했음 근데 옛날에 비해 사람 너무 많아서 가기 좀 힘들 때도 많음..,차분하고 정적인 분위기라서 조용히 집중하기 좋을 것 같아요!! 자리마다 스탠드도 있고 테이블도 넓어서 좋았어요🙂,들어가자마자 탁 트인 공간에 우와 하고 다들 뭔가 열심히 공부하거나 집중하는 모습에 우와했어요! 그만큼 공간이 주는 힘이 크다는 걸 알게된다능!! 커피종류도 다양하고 원두 설명도 잘해주십니당!,분위기 맛집! 커피도 진짜 맛있고 생각보다 조용해서 더 좋아요,"연희동 데이트하다가 갔는데, 커피 원두종류도 많고 커피 좋아하실 분들이라면 꼭 한번 들려보기 좋은 곳🩵매장에 노트북가지고 공부하시는 분들이 많아서 간단하게 커피한잔하고 갈 분들은 조금 대기가 있더라구여..... ㅠㅠ 그래도 커피도직접 가져다 주시고, 설명서도 주셔서 커피에 대해 조금 배웠네요!!","오랜만에 맘에 꼭 드는 까페 발견! 다양한 원두 선택이 가능하고, 인더스트리얼한 인테리어도 느므 좋다:)",말해모해~ 노트북하기 최고지모,아메리카노 맛있어요! 기본인 슈퍼 블렌드로 마셨는데 정말 데일리로 먹고 싶은 대중적인 맛이었어요~ 디저트류는 몇개 없어서 정말 커피와 작업에 집중할 수 있는 공간인 거 같아요!  햇볕도 잘들고 작업하기 정말 좋게 인테리어 되어 있어서 작업하기 좋은 공간 인정합니다!,일하는 언니도 힙하던데요. 커피 너무 비싸요 그렇지만 맛은 있음. 뷰가 초록초록 너무 예쁨. 조용히 책읽거나 작업하거나 공부하기좋은 곳. 가사없는 음악나와서 좋고 공간이 멋짐.,커피가 맛있습니다. 원하는 스타일의 원두를 선택할 수 있도록 안내해주고 직원들이 매우 친절합니다. 좌석마다 넉넉한 콘센트와 조명이 배치되어 있어 집중하기 좋은 카페입니다.,카페웨이팅은 처음 해봤지만 후회 없는 곳이에요 커피도 종류가 많아서 즐기기에 좋고 어둑어둑하고 음악도 몽환적 이라 사색하기 좋아요 바닐라빈라떼는 달달하고 카시스 블루베리 디저트도 맛있어요 자리들이 교실처럼 배열해놔 서 신기한데 예뻐요 디자인하시는분들 오셔서 회의 하기도 좋고 메모지랑 연필도 있어서 재밌어요,필터커피 최고예요 패션후르츠 향이 나는 원두로 주문했는데 넘 향긋하고 좋았습니다.. 원두 사올걸 그랬나봐요 뇌짱미 오지는 인테리어에 음료도 자리로 가져다주셔서 편했습니다 낮에도 가보고싶네요~!,커피가 맛있고 뷰가 좋습니다. 집중하기 좋은 카페입니다.,커피에 진심인 바리스타님. 커피맛도 좋아요,커피가 유명하다고 해서 갔는데 친절하시고 맛도 있습니다,커피 굿굿 책 읽기 좋아요,흠.. 직원분들이 좀.. 시니컬 하시네요..ㅎ 카페는 예쁩니다,조용하고 쾌적하고 좋아요 ~~  근데 막 자리 옮겨다니면서 인물사진 찍으시는분들은 자제하셨음 좋겠음 ^_ㅜ  모든지 .. 적당히라는게 있는거자나요 ~~?,커피 맛이 좋다고 추천 받아서 방문했어요. 핸드드립이 메인인 것 같았는데 저는 자리에서는 아메리카노를 먹고 핸 드드립용 콩을 샀습니다. 집에서 내려보니 넘 맛있어요! 여기는 꼭 뉴욕 거리에 있는 카페 같아요. 수다 떨러 오는 사 람들 보단 노트북이나 패드 들고 와서 본인 일이나 개인 작업하시는 분들이 더 많아요. 주말에 방문해서 그런 ...,"너무 친절하고 자세히 안내해주셔서 이미 공간 이용하기도 전부터 너무 좋았어요 ! 커피도 너무 맛있고, 집중도 잘 되는 공간이라 왜 프로토콜이 인기가 많은지 깨달아갑니다 !",맛있어요ㅠㅠ,숏컷 여성 직원분들만 끝내주게 친절한 곳... 분위기 좋아요 제가 10회이상 들린 곳 흔치않음,커피도 디저트도 조명도 분위기도 다 너무 좋았어요  평일 낮시간대인데도 웨이팅 있었지만 금방 연락받고 착석할 수 있어서 좋았어요 라떼 마시고 마음이 따뜻해졌어요 🥰,인스타 광고 보고 갔는데 기대 만큼은 아니었습니다. 인테리어나 음악은 좋았는데 커피는 보통이었어요. 사장님은  친절하신데 직원들은 그닥.. 근처살면 혼자 작업하러 오면 좋을 것 같긴해요. 천장이 높은 편이라 쾌적합니다. 화장 실은 남녀 공용이라 좀 불편했어요.,커피도 맛있고 분위기도 좋아요,연희동에서 가장 좋아하는 카페! 커피도 맛있고요~ 샌드위치도 진짜 맛났는데 없어져서 그건 아쉬워요🥲,올때마다 느끼는데.. 남자직원분들은 모르겠고 여자직원분들이 넘 친절하세요 ! ♥︎,난 왜 여기만 오면 집중이 잘 되지… 여기로 출근해야될듯,커피도 맛있고 분위기 좋아요,항상 맛있네요!,예전부터 궁금했던 곳인데 분위기 너무 좋고 생각보다 시끄럽지 않아요. 혼자 와서 작업하기 좋은 공간으로 꾸며져 서 좋네요 음료도 자리로 가져다 주셔서 좋음!,그림자. 음악. 커피 향. 바리스타. 다 좋다 :) 다음 새로운 싱글오리진이 궁금하다!,정말 담백한 분위기가 정갈한 카페에요~~ 다양한 원두 친절하게 설명듣고 고를수 있어서 좋더라구요:-),"혼자 있고 싶을 때, 혼자만의 시간을 보내러 가는 곳!",작업하기 좋은 공간으로 워낙 유명해서 가보고 싶었는데 드디어 다녀왔어요 역시나 사람들이 많은 찾는 곳을 다 이유가 있네요 좋은 시간 보내고 왔습니다,커피 맛있습니다 다소 원두라인업이 화려한 것만 있어서 아쉽네요,분위기 좋아요,"카공하기 정말 좋고, 무엇보다 커피가 맛있습니다!",연희동에서 가장 인기 있지 않을까 싶어요. 생긴지 좀 시간이 지났는데 이제서야 방문했어요. 내부 좌석이 혼자 집중 해서 공부 할수 있는 묘한 매력이 있어요. 램프가 자리마다 있어 좋은거 같아요. 액자에 걸린 사진이 묘하게 마음의 안정감을 만들어줘요. 일본 애니메이션 같은 분위기의 사진이 참 보기 좋아요. 필터 커피도 맛있습니다. 평일 ...,커피가 참 맛있었습니다.  커피에 진심인 카페,너무 좋았어요. 꼭 재방문 하려구요!!,무채색의 편안함이 좋았던 카페입니다 :),리뷰에서 친절하진 않다길래 그냥 각오하고 갔는데..네..뭐 주문받으신 분 빼곤 괜찮아요 커피도 맛있었구요 다시 방 문은 안할것 같긴하네용,집이랑 가까웠어도 단골하는건데,"커피 너무 맛있고 음악도 너무 좋아요 조명도 너무 이쁘고 작업할때 자주 갈거같아요, 카페가 평점이 높아서 궁금했는데 이유가 있어요!",집중하기 좋아요!,커피 맛있어요 웨이팅 있을 때는 바에서 커피 마시다가 좌석 생기면 이동할 수 있게 해주셔서 그것도 편하고 좋았어요,"최악 인스타용 카페. 연희동 모든카페를 다니지만 이런후기 첨남김 라떼 오더 연하게 했는데 너무 썼음. 풍미가 전혀 없는, 취향차이 이겠거니 해서 직원에게 맛이 강해서 물을 좀 타줄수 있냐 했더니. 손님 물을 타면 커피맛이 달라질 수 있어요ㅡㅡ 하더니 자기들끼리 이거 연하게 탔어? 진하게 탓어? 숙닥숙닥 퉁명스레 물을 줌. 우린 제대로 ...",남자 직원분은 모르겠는데 여자 직원분들은 정말 끝내주게 친절하세요,평일에 갔는데도 사람이 많더라구요! 혼커하기 좋은 스페셜티 맛집이에요♥️,커피 맛있어요,좋아요 !,혼자와서 작업하기 좋은 곳인 것 같아요☺️ 설명도 친절하고 자세하게 알려주셔서 좋았습니다!,좋아요,맛있어요,정말 특이한 장소.. 그래서 다시 발길이 가는 곳입니다. 물론 커피도 너무 맛있습니다.,연희동 최애카페 🫶🏻,도서관 느낌이라 당황했지만 커피가 맛있어여 다음엔 저도 공부 느낌으로 참여해보고 싶어요~,직접 로스팅을 하는 곳으로 커피에 대한 자신감이 묻어있는 곳. 오래 집중하기 좋다. 직원분들이 프로페셔널과 시니컬함 그 사이 어디쯤 ...,분위기도 좋고 커피도 맛있는데요 ㅋㅋㅋ 말로만 듣던 인스타 감성카페를 여기서 경험했어요 ㅋㅋ 시간제한있고 뭐 하나 하려고 하면 직원이 와서 제지하고요 ㅋㅋㅋ 기분 잡쳐서 중간에 그냥 나갔어요 ㅋㅋㅋ 좋은 경험하고 갑니다 ^^,머리 벗겨진 아저씨도 에스프레소 좋아합니다,굿,넓고 분위기 좋아요 혼자 작업하기 좋은 공간 밤에두 예뻐요 !,ㅠㅠ 최고의 카페 온 세상 집중력 다 끌어모으기 가능 ㅠㅠ 라떼가 특히 ㅈㅁㅌ입니다 핫/아이스 전부 최애,디카페인 브루잉 너무 맛잇어요! 베리크리스마스도 맛잇네요,주말엔 3시간 이용 제한이 있는데 어차피 그 이상은 못앉아있어요 의자가 너무 딱딱하고 불편해서 엉덩이에 마비 오는줄...ㅠㅠ 힙스터 기분 만끽하며 작업하기에 좋은 카페에요 커피맛은 무난합니다,커피도 맛있고 자리도 좋아요,멋진공간이네요. 개인작업 하기에도 눈치 안보이고 좋은것 같습니다. 커피도 수준급입니다.,"매장이 넓고, 테이블도 커요. 차분한 분위기라 작업하기에 좋았습니다. 다만 직원분들이 친절하지 않으셨어요.",노트북으로 작업하기 좋은 환경이에요 완전 인스타 갬성 카페 식으로 약간 차가운듯 친절해요,,,,
보연희,1677855640.0,"딸기 트리 파르페 돈 값 합니다 딸기보단 피스타치오 때문에 그렇게 느꼈습니다 망고별부터 딸기, 피스타치오 크림,  피스타치오 아이스크림, 초코 순으로 전개가 되는데 크림, 아이스크림에서 원물이 강하게 느껴졌습니다",무화과와 피스타치오가 이렇게 잘 어울릴줄 몰랐는데 완전 최고!! 피스타치오 크림이 진하고 꾸덕한데 느끼하지도 않고 너무 맛있음!! 크림 자체가 맛있어서 피스타치오 갸또도 완전 맛있을듯!! 다음엔 갸또로~,무화과 시즌메뉴보고 달려가길 너무 잘한곳❣️ 다쿠아즈 위에 가나슈 얹은 메뉴가 너무 신박한데 존맛🫶🏻 비쥬얼만 보고 케이크인 줄 알았는데 다쿠아즈 시트 무슨일인가요 사장님 천재💯 무화과도 진짜 많이 때려박아주셔서 무화 과덕후들은 무조건 가야되요 집이 멀지만 굳이굳이 찾아갈 이유 이백프로 있던곳 포장해갔던 밤케이크도 진...,"이 커다란 무화과사진보고 찾아갔습니다 1층에 주차장 잘되어있어서 편했어요 카페는 2층입니다ㅋㅋ 예쁜 갬성카 페는 아니고요, 디저트 맛집 카페 입니다 맛있고 알찬 케이크를 드시고싶다면 추천드려요! 좌석도 많습니다 편해요",망고케잌 너무 맛있음 망고로 가득채워진 것 맘에들고 (뭐 가격이 이러하니.. ㅋㅋ) 고구마도 맛있는데 시트 비스켓  부분이 좀 밸런스를 깨는것 같다. 암튼 만족한 케이크!,"매우늦었지만 남기는 리뷰...무화과파르페랑 피스타치오무화과다쿠아즈케이크..! 무화과 처돌이에겐 너무 행복해지는 맛이였습니다 헤헤 지금은 딸기시즌인가 보네용, 또 먹으러갈것...!!!!!",케이크가 정말 맛있어요!! 무화과가 신선하고 우유생크림이 고소하고 무화과랑 잘 어울려서 맛있어요! 바나나카라 멜도 캬라멜이 진하고 달콤한 바나나랑 초코맛이 어우러져서 맛있어요!!,인기가 많은 곳이라 엄청 시끌벅적했지만 케이크가 존맛! 테이블이 너무 다닥다닥 붙어있어서 예쁜 느낌은 아니었어요. 모든 손님을 수용하기 위해 여러 테이블이 놓여진 느낌? 케이크가 좀 비싸지만 맛있는 케이크를 드시고 싶은 분들께는 추천해요.,"무화과 파르페를 먹어보았어요~ 그냥 파르페인줄 알았는데 토치로 구워주는 퍼포먼스가 있어서 재미있어요! 설탕 이 튀어서 뜨거우니 조심해야해요~ 무화과가 듬뿍 있어 맛있구요, 호지차푸딩이 진짜 맛있어요. 저는 개인적으로 호 지차 맛이 불호인데도 너무 맛있게 먹었구요. 푸딩 밑에는 아이스크림도 있고요~ 무화과 파르페 진짜 아주 맛...",연희동 핫플레이스라서 들러본곳~~계절탓에 딸기케잌은 없었지만~~무화과케잌도 있고 ~다른고객들이 케잌 주문하는걸 보니 디저트 맛집 맞나봐요~^^ 저흰 음료만~,"과일 파르페와 케이크가 맛있는 카페, 연희동 카페 보연희 복숭아 파르페 물렁물렁한 백도, 크림, 아이스크림, 그래 놀라 구성 복숭아 철 가기 전에 먹어봐야 할 구성 요소가 서로 잘 어울렸던 파르페 피스타치오 갸또 피스타치오 원 물 맛이 잘 느껴졌고 크림, 케이크 등의 단 맛이 강했고 질감은 부드러운 편이었음. 피스타치오 디저트 좋아하...",여기 호지차 바밤바 갸또 존맛입니당 굿! 사실 원래 가려던 곳이 있었는데 휴무라서 두번째 찜!이었던 보연희에 방문 했던건데 제가 미췄네요;; 이런 맛집을 첫번째로 두지않고 감히 두번째?! 케이크 종류도 많고 다 존맛탱이었습니다 그리고 밀크티 티백 선택할 수 있어서 좋았어요 ! 차 알못이긴한데 선택해서 마시니까 뭔가 더 좋더라구요 ㅋ...,예전부터가고싶었던곳 케이크맛집답게 비주얼이 미쳤어요 먹고가면 일인 일 음료 시켜야합니다! 생크림케이크라  더운날보냉백 안하면 약간 모양이 많이 비틀어집니다ㅜ 맛은 좋아요,다 왕맛도리😋 진짜 과일이 와장창 들어간 디저트 카페 아이스크림도 하겐다즈 쓰는 곳 혜민농원 무화과라 그런지  더 달달함 무화과 파르페를 드디어 먹어봐서 해피- 호지차 푸딩 직접 토치질 해주십니다 케이크도 짱 좀 더 달달해진  느낌,"연희동 케이크 맛집이라 해서 찾아왔어요.  체리다쿠아즈 너무너무 궁금했는데, 진한 피스타치오 크림에 생체리가 너무 잘 어울려 자꾸 생각나더라고요. 멜론 케이크도 과일이 잔뜩 들어있어 만족감이 컸어요! 맛있게 잘 먹었습니다.❤️",재료 본연의 맛을 즐길수 있는 디저트들 무화과 + 피스타치오 = 고소하고 쌉싸름한 가을의 맛,"남자친구 가족분들 드시라고 산건데, 망고가 한가득 들어가서 너무 좋아하셨어요~제가 비록 맛보진못했는데, 60대 어른들 입맛은 물론이고 미식가인 남자친구와 여동생분께도 칭찬받았어요! 연희동에서 케익 선물할 일 있으면 앞으로 자주 이용해보려구요 ㅎㅎ 다른 케익들도 맛나보여서 직접 가서 먹어보고싶어요",케이크를 안좋아해서 사도 한조각 겨우 먹는데 보연희 케이크는 안달아서 부담없이 먹기 너무 좋았어요 배부른데도 계속 먹고 싶더라구요! 케이크도 과일이 한가득이라 푸짐해서 너무 좋았어요! 요즘 케이크 비싸기만 하고 제값하는  곳 거의 없는데 왜 다들 보연희 케이크 드시러오는지 알것 같아요 너무 잘 먹었습니다!,케이크 예약하고 픽업갔어요! 케이크 묵직해서 보니 과일 한가득이라 만족스러워요:) 빵도 부드럽고 크림도 맛있어 요! 이쁘게 못 찍어서 사진올리기 망설여지지만 그래고 과일 많음을 어필하기위해 올립니다! 아이스팩도 더운날씨 에 넉넉히 챙겨주셔서 간신히 케이크는 무사했습니다! 덕분에 잘 먹었어요😊 다른 케이크도 구경하는데 맛...,체리 초코 다쿠아즈 넘 맛나용 🍒🍫 밀크티도 커피도 맛있어용 많이 안달고 딱 적당히 달달해서 넘 좋아효 🥺🩷,피스타치오 케이크 강추!,디저트 진짜 맛있어서 또 방문한 카페입니다 샤인머스켓 치즈케익 진짜 맛있어요ㅠㅠ,디카페인이 있고 독특한 케익이 많아서 좋아요.,배가 너무 터질거같은 시점에 가서 아쉬웠는데 예상과는 다르게 피초 아이스크림이 짱이엇던..,너무 맛있게 먹었어요 아이 생일이라 구매했는데 아들이 아주 좋아했어요. 1호 사이즈 3명 먹으니 순삭! 11월 제 생 일 때도 또 구매예정입니다,철지나기전에 부리나케 방문한 보연희. 과일이다보니 당도가 복불복인건 어쩔 수 없겠죠🥺 푸짐하게 맛보려면 망고빙수 가게로 가야겠어요.,다양하고 도전적인 느낌의 케이크가 많았는데  다 맛있어보였어요♥︎ 생크림 케이크가 땡겨서 선택한 멜론 생크림 케이크 최고였어요👍재구매의사 100%,케이크에 아낌없이 넣은 재료 덕분인지 넘 맛있게 잘먹었어요:),망고 파르페 먹으러 갔어요 !! 큼직하게 망고 반쪽을 뚜껑으로 쓰고 나오는 망고 파르페는 안에 망고 아이스크림과  패션후르츠 까지 상큼 달콤하니 보연희 디저트 맛집이라서 크림까지 맛있어서 후회없는 선택 ♥,연희동 갈때마다 가는 디저트카페~ 혼자가도 편하고 시즌별 케잌도 넘 맛있어요~~,"일단 네이버메뉴에 보이는 복숭아파르페 먹으러간건데 시즌 끝나서 다른맛만 가능하다하시더라구요. 그런 소식은 업데이트 해야된다 생각했고, 1인1메뉴……. 그쵸 아는데 셋이 가서 망고파르페 시켰으면 음료 한잔만 더 시킴 되겠 지? 했는데 인원수 맞춰서 2잔 더 해야된다는 거 듣고 이렇게까지…? 융통성없다 쫌 너무하네 생각했어요 망...",평일 (월~목) 엔 케이크를 별로 많이 안굽나봐요. 피스타치오 무화과 먹으러 갔는데 케이크 품절.. ㅠㅠ 금토일엔 케이크 떨어지면 또 계속 나오던데 말이죠,세번째 방문인데 이번 체리피스타치오다꾸 너무너무 맛있어요~~!! 저번엔 딸기였는데 체리취저❤️ 혼자와도 넘 편 하고 커피도 맛나요~ 또 올게요~~!!😊,시즌별로 방문하는 곳! 사랑해요 보연희! 오래오래 영업해주세용!!!!!!,망고우유케이크도 맛있네욤,달달한 말랑복숭아 맛있어요! 그릇이 먹기는 많이 불편하고 그레놀라가 구석에 박혀있어서 골고르 먹기는 힘듦,맛있어서 담날 재방문!! 커피도 적당히 산미있고 맘모스케잌은 안에 완전 묵직해요~~!! 어제먹은 피스타치오딸기보 단 달았지만 맘모스케잌도 넘 맛있네요 전체적으로 딸기가 싱싱하게 완죤 달아요^^,망고 반쪽 큼직하게 올려놓은 망고 파르페의 치명적인 비주얼 ♥ 에이드도 상큼하고  체리 다쿠아즈는 피스타치오의 꾸덕 고소 짭쪼리함이 그대로 담겨져있고 체리 가득이라 맛있어요 !!!,커피 케익 모두 맛있어요. 가격은...음..,얼마전 네이버 블로그에서 13500원이라고 되어있던 거봤는데 복숭아 파르페가 한달만에 천원이 오르다니요.. 1450 0원은 너무 비싸고 그냥 인스타 비주얼인거지 복숭아맛은 밍밍하고 또 먹기는 불편해서 다음엔 안먹을거같네요. 인 스타만 믿고 간 내 잘못이지요. 재방문은 안할거에요,"연희동 사러가 마켓 근처에 있어요! 한적하고 여유로운 골목에 있어서 좋군요 🫶🏻 - 맘모스 치즈 딸기 케이크 보늬밤, 완두배기, 콩배기, 피스타치오 페이스트가 들어가요. 언뜻 완두 앙금처럼 보이지만 마치 아보카도의 유분기처럼 진 한 오일리함을 주는 피스타치오가 이 케이크의 포인트✨ 치즈 케이크 자체는 수분감도 많고 부드러운 편이...",신선하니 너무너무 맛있어요ㅠㅠ,맛있는데 디저트 가격이 엄청 비싸요. 테이블 간격 좁아서 주말엔 사람 많고 시끄러울 수,진짜로 진짜로 친절하세요❤️❤️ 케익이랑 음료맛도 최고!! 매장도 넓고좋아요 다음에 연남가면 또 들릴거에요❤️,"케이크 맛집이에요ㅠㅠ갸또 종류 꾸덕꾸덕하고 맛있음요ㅠㅠ❤️❤️ 밤맛 매장에서 먹었고 넘 맛있어서 피스타치오 는 포장해왔어용~!~! 카페 자체도 너무 예뻐요 분위기 짱 앗 화장실도 좋아요 쾌적~,~❤️",너무 맛있어요! 1인 1케익!!,다음에 가면 다른 종류 케이크 먹어보고 싶어요 포장해간거 다 맛있었어요!,연희동 케잌맛집!! 비쥬얼도 끝내주고 넘 맛있어요!! 무조건 재방문각!! 분위기도 편하고 요즘 날씨에 야외자리도 좋 아요! 혼자가도 편해요~~^^,망고 파르페도 정말 맛있고. 케이크주문한것도 너무너무 맛있다고 해서 기쁩니다!! 망고가 얼마나 잘 익었는지 아이스크림보다 달아서 너무 맛있었어요~~,"아이스 아메리카노 ₩ 5,000 딸기생크림케이크 ₩ 8,500 망고생크림케이크 ₩ 8,500 커피 양은 보통이었고, 디저트 가 가격에 비해 과일이 정말 많이 들어가있어 좋았습니다. 과일 케이크 좋아하는데 다시 먹으러 재방문 할 의사 있어 요~ + 화장실도 깨끗합니다",너무 예쁘고 너무 맛있고 너무 깨끗하고.. 혼자 다 하는 연희동 디저트카페 보연희! 카페 웨이팅이 흔하지 않은데 주 말엔 정말 한끗차이로 웨이팅 걸려서 눈물을 머금고... 이거 먹으러 연희동 2시간걸려 찾아가고 그래요 지난 여름에 도 복숭아 파르페를 먹었고 올 겨울은 딸기 파르페 먹으러 다시 왔어요ㅠ ㅠ 파르페는 못참지 딸기 이제 슬슬 ...,보연희 파르페 존맛,"좋은 재료, 좋은 궁합",와 케익 맛집으로 너무 유명해서 언젠가 와보고싶었는데 역시나 명성높은 이유가 있네요! 파르페는 다 떨어져서 아 쉬웠지만 케익이 진짜 맛있어요!!,보연희 진짜 맛있네요~  망고케이크 달콤해서 좋아요,계절 과일하면 보연희🩵,역시나.. 맛있잖아요!!! 계절별로 와야 하는 곳이에요!,케이크가 아주 맛있습니다. 살짝 비싼 가격인데 그 가격이 납득되는 퀄리티입니다.,가격은 센데 맛이 너무 없었...,복숭아파르페 복숭아 맛나는데 가격은 뭔가 비싼느낌..,과일이 정말 많아서 케익 먹는 내내 물릴 틈이 없음. 들어간 과일들이 다 달다. 위에만 과일이 많은게 아니라 케익 속에도 과일이 많음. 과일 좋아하고 물려서 케익 싫은 분들은 이집 케익 꼭 드시길 바람.,"남자친구 생일케이크로 먹어보고 너무 맛있어서, 그뒤로 매장에 가서 2일 연속 먹었어요! 인생케이크 맛집입니다ㅜㅜ 그리고 차 종류가 진짜 많아서 커피 잘 안먹는 사람이라 선택옵션이 다양해서 좋았습니다 :)",굿,재료가 가득 들어있고 많이 달지 않아 맛있네요~!,어버이날을 맞이해 사온 케이꾸~~ 직장앞에 있는데 이제야 첨 방문(2년다되감).. ㅎㅎ;; 맛있다는 이야가는 들었었 는데 이제야감.. 베스트 딸기 생크림과 초코딸기 생크림 한조각씩사왔는데 내입에는 초코 보단 딸기 생크림이 딱!!  다른 케익전문점과 다르게 딸기에 설탕물을 바르지 않고 생딸기라는게 너무 좋고 맛있어요.,"역시 보연희의 딸기파르페는 진짜입니다. 이미 이번 딸기 시즌에 한 번 방문했지만 피스타치오+딸기 다쿠아즈 케이 크가 나와서 또 방문했어요. 역시 피스타치오랑 딸기는 필승조합이에요.. 파르페랑 케이크, 음료 모두 싹싹 긁어먹고 딸기 파티 제대로 열었습니다. 다른 조각 케이크들도 맛보고 싶은데 조각케이크 사이즈가 작은 편은 아니어서...",과일이 이렇게 많은 케이크는 처음이에요 맛있게 잘 먹었습니다 망고 프레지에 미니 사이즈 2인이 먹기에 적당해요!,체리다쿠아즈 너무 맛있다,"딸기가 가득가득한 디저트 카페라서 방문해보았어요! 위치가 애매할 수 있음에도 사람이 매우 많았고, 맛있어보이 는 디저트가 매우 많았어요. 딸기파르페는 비쥬얼이 엄청났어요. 아쉬운점은, 윗부분은 딸기와 생크림만 딱 먹을수 잇는 구조여서 생딸기 먹는 느낌이었는데, 먹다가보니 밑에있는 과자? 와 같이 섞어먹을 수 있었는데, 섞어먹...",전부터 케익 먹어보고 싶었는데 기대만큼 너무 맛있는 케익! 케익 한피스 가격이 9천원이라 가격이 착하진 않지만 재료를 아끼지 않는 거 같아요. 맛있게 잘 먹었습니다. 만족!,딸기 한팩이 고스란히 올라왔어요. 식구들 먹이느라 정작 제 입엔 씻을때 몇 개라죠^^ 딸기철에 꼭 다녀갈 곳 연희동  보연희! 가격은 비싼편이지만 제게 주는 선물의 시간이라고 하죠^^,케이크 먹고 싶어서 방문했는데 그럭저럭 괜찮았어요! 맛에 비해 음료랑 케이크 가격대가 약간 있는편....ㅠ,케이크너무너무 맛있어요ㅎㅎ,살구 치즈케이크 브륄레..(?)  진짜 맛있어요 :) 🤍,네이버로 전날 예약했는데도 예약한 시간에 바로 받을 수 있어서 좋았습니다 매장이 있는 2층으로 올라가는 계단이 느낌있었고 점심시간이 조금 넘은 시간인데 복작복작 하지 않아서 좋았습니다. 알바하시는 귀염귀염한 분이 친절하셨어요 :-),케이크맛집이여서 기대하고 갔는데 생크림딸기케이크 맛있어요☺️ 크림이 달지않고 딸기랑 잘 어울려서 좋았어요 밤케이크도 맛있었는데 제 입맛에는 딸기가 더 맛있었어요 ㅎㅎ,"백도(물복), 그래놀라, 생크림, 요거트아이스크림 조합 혼자서 두개도 먹을 수 있다. 정말 맛있다.",케이크가 특별하고 맛있어요.,후르츠케이크 홀케이크 예약해서 먹었는데 과일이 진짜 너무 많았어요!!! 🫢☺️👍🏻 과일을 좋아해서 행복하고 맛있게 잘 먹었습니다~~~,항상 궁금해하다 드디어 가봤어요! 가격은 조금 비싸지만 그만큼 맛있어요👍🏻,좋아요!,특별했던 맘모스 케이크💓,"딸기 디저트 맛집. 한파가 시작되면서 딸기 당도가 슬슬 올라가는 것 같습니다. 목요일 오픈 시간 맞춰서 방문했는데 주문하고 앉아있으니 사람들이 점점 몰려왔습니다. 음료는 로얄 다즐링 홍차를 시켰는데 와, 여기 홍차 정말 진하게 내주시더라구요. 비록 제 입맛에는 너무 써서 제 취향은 아니었지만.. 여러 번 타서 먹을 수 있게 텀블러에 따...","엄마 생일케이크 예약해서 받았어요,, 엄마가 좋아하셔서 저희도 만족스러웠어요:) 과일 듬뿍 진짜 맛있어요",😀,비싸지만 맛은 좋았다.,👍,너무 방문해 보고 싶었던 케이크가게🍓 연희동 2층에 있어요~ 크리스마스 분위기로 예쁘게 꾸며져 있고 이야기하 기 좋은 내부였어요! 저는 포장해왔는데 흔들림없이 잘 유지되었습니다. 과일이 무척 많이 들어있고 생크림이 많은 케이크에요~ 조금 달달한편입니다🙌🏼🎄 8천원대라 부담은 되지만 다른 케이크들도 먹어보고 싶네요😋 초...,딸기프리지에 1호 구매했어요💖 딸기가 엄청 많이 들어가서 자를때막 무너집니당😆 달지 않아서 부모님이 좋아하 셨어요! 시트가 조금 두꺼워서 크림이랑의 조화가 살짝 아쉬웠지만 딸기가 많아서 맛있어요! 다음엔 딸기 생크림케 이크 먹어보고싶어요🍰,딸기케이크가 정말 너무 맛있어요🤤,카페에서 케이크 먹고 너무 맛있어서 부모님 생신기념으로 케이크 예약했어요! 크림이 우유 생크림 100%!!! 지금껏 먹어본 우유 생크림 케이크 중에 젤 부드럽고 안달고 고소한맛까지 났어요😋 케이크 집까지 들고가는데 무거웠는 데 이유가 있었네요~ 딸기가 안에 가득히 들었더라구요🍓 지금 딸기철이라서 그런지 달고 맛있었어요. 다른 ...,친구추천으로 방문했어요!,연희동 케이크 맛집 밀크티도 TWG선택 폭이 다양,좋아요 맛있게 먹어요,케이크 짱👍🏻,음료도 맛있고 디저트 정말 좋아요,느끼한 거 잘 못먹는 사람도 1인 1케 가능한 맛집 딸기가 아주 미쳤음,"주말에 왔다가 실패해서 평일 휴가 낸김에 와봤는데 성공했어요! 딸기파르페 비주얼도 맛도 끝내줘요ㅠ 따아메랑 같이 먹었는데 조합 굿,, 사장님도 친절하시구ㅠ 두시간 힐링하다 갑니다🍓",여긴 뭐하는 곳이지 했는데... 케익맛집이라니.... 마트가면서 딸기케이크가 먹고싶어 찾아간곳 들어가니 카페안 손 님가득 밖엔 웨이팅도 딸기케이크 두조각 포장해서왔어요 매장안엔 쫌 정신없었지만... 가격대는 사악하지만 맛있 어요,픽업 시간보다 조금 일찍 갔는데도 친절하게 안내해 주셔서 감사했습니다. 웨이팅까지 하는 카페인 줄은 몰랐는데 다음에는 내부에서 먹어 보고 싶네요,재방문한 곳인데 밀크티가 너무 맛있어요 선택한 티의 맛이 느껴져서 너무 좋아요 매장도 넓고 쾌적해요 없어지면 안 돼 평생 함께해...,그 유명한 보연희… 유명한 이유를 알겠어요… 케이크 진짜 퀄리티 대박입니다ㅜㅜㅜ 크림 시트 과일들 조화가 넘  맛있고오… 고구마 케이크 진짜 제 원픽… ㅜㅜ 커피 못 마시는데 여기는 커피 말고도 음료 종류 다양해서 너무 좋았 어요!!! 담에는 딸기 파르페 먹으러 갈게요💖💖,기대가 컸나봐요. 파르페는 구성이 단조로워서 좀 비싸다 생각했고 피스타치오는 찐하고 달달했어요. 딸기 자체가 맛있다는 생각은 별로 안 들어서 아쉬웠네용 오픈시간 맞춰가면 디저트가 많이 없으니 참고하세요 !,딸기케이크는 물론이고 레몬진저에이드도 맛있어요,딸기생크림케이크 맛있어요.,호지차 바밤바 갸또 정말 맛있게 잘 먹었습니다. 다른 케이크도 다 맛보고싶어요.,딸기파르페 너무 먹고싶어서 방문했는데 비주얼만큼 맛있었어요! 달달한 딸기와 크림의 조합은 말모ㅠ 밑에 크럼블도 맛있었어요! 좀 비싸지만 너무 예쁘고 맛있어서 기분좋았어요ㅎㅎ,,,
푸어링아웃,36543730.0,푸어링아웃은 모든 계절이 좋지만 ☕️ 뭐니뭐니해도 겨울이 가장 어울리는 것 같아요! 따뜻한 커피 마시면서 대화하며 노래 듣다보면 행복해지는 기분 ... 🤍 푸어링아웃 최고 너무너무 조아요,푸어링아웃은 항상 커피도 맛있고 ☕️ 분위기도 좋고 🤍 음악도 좋아요 🎶 언제 방문해도 큰 편차 없이 좋은 시간 보내다 갈 수 있습니다 구우우웃 🫶🏻,팬케잌이 보드라오니 끝에 얼그레이잼 맛이 강하지 않게 나와서 좋아요. 음악도 좋고 신청곡도 가능하구.. 커피도 맛있고 쉬다가기 참 좋네요.,얼그레이팬케이크가 유명한 푸어링아웃 특색있고 차분한 분위기입니다~,3년만에 왔는데 여전히 아늑하고 신청곡 틀어주시는거 너무 좋았습니다. 여긴 겨울에 와야 분위기를 잘 느낄수있는거 같아요,분위기좋은 카페 찾았어요 팬케이도 부드럽고 존맛~~~~~~ㅎ,항상 사람이 많아서 궁금했던 곳 팬케이크는 역시 따끈하니 얼그레이 잼과의 조화가 너무 좋았음 솔직히 팬케이크  보다는 커피 맛에 놀람...👀 커피때문에 한번 더 가고싶은 집👍👍👍,카페 분위기가 좋아요. 어두워서 차분해지는 느낌이랄까요? 클레멘타인 상큼 달달 맛있어요. 친구가 시킨 아이스초코도 뺐어먹었는데 초코맛이 정말 진해서 좋았습니다. 휘낭시에 안에 화이트 초코가 들어있어 특이했어요!,연희동 커피러버들의 아지트  감성있는 노래들로 매장이 채워지고 커피도 맛있다,핫케이크 맛잇어요,팬케이크보고 방문했는데 카페가 유니크해서 너무 좋았어요〰️🖤 직원분들도 친절하시구 가격도 저렴해요! 얼그레이잼 너무 마싯어서 또 먹구싶어요🥹 조만간 또 방문할게여 :),인스타에서 본 이미지가 더 분위기있네요. 커피맛도 무난하고 팬케이크도 무난하니 맛있어요. 조용하고 차분하니 연희동에 어울리네요.,얼그레이 팬케이크가 너무 궁금해서 가보게 된 곳! 팬케이크가 엄청 폭신하고 얼그레이 잼(?)도 진해서 좋았는데 뭔가 바나나향?이 조금 나는것같더라구요. 기대를 너무 한건지 기대보단 아니였지만 부드럽고 맛있었어요!! 커피랑 음료도 괜찮았습니다,장마철 한 줄기 빛이 쨍하게 얼그레이 팬케잌이 궁금해 들렸어요. 딸이 알려준 카페인데 연희동에 이런 분위기 카페 는 없을꺼예요. 편안합니다. 커피 맛집이구요^^,"연희동에 왔으면 꼭 가야하는 카페.  들어가기 전부터 인센스 향이 반겨주는 곳, 어두운 듯 하지만 들어가면 좋은 사람들이 반겨주는 곳!  음료와 커피 디저트도 모두 맛있어요. 공간이 주는 좋은 영향력을 잘 보여주는 곳입니다 :)",티가 아주 맛있었어요~~,핫케익이 괜찮았음. 7천원은 좀 비싸다 싶었지만 프렌치토스트는 소소... 20대 핫플 느낌이랄까,그냥 지나가다 들린곳인데 아늑하고 편안했어요,다음 방문 땐 얼그레이 팬케이크 꼭 :),"언제나 갈 때마다 편안해 지는 곳, , 음료까지 맛있고 반려견 동반이 가능해 가끔 손님처럼 오는 강아지도 볼 수 있는 곳!","# 필터커피, 팬케이크 필터커피는 에디오피아 원두 선택했습니다. 처음 한 모금에 레몬과 복숭아 향이 나고 중간에 얼음을 녹여 마시면 열대과일향을 느낄 수 있다며 뉘앙스를 즐기는 법을 친절히 알려 주셔서 인상 깊었습니다. 팬케 이크는 얼그레이잼이 가득 들어 갔고, 바로 구운 거라 촉촉하고 따뜻하게 먹을 수 있습니다. 커피랑 잘 어울...",얼그레이잼 팬케이크를 위해 갔다가 드립커피에 반하고 나오는 푸어링아웃 그 유명한 얼그레이잼 팬케이크는 따끈 한 상태로 나와 맛있었는데(얼그레이잼의 적당한 단맛과 찻잎이 씹혀 고급스럽다) 아이스로 마신 에티오피아는 적 당한 산미가 상큼하게 느껴져 더위를 이길 수 있는 청량함을 선사한다. 어둡지만 조용한 공간에서 흐르는 음...,얼그레이 잼이 샌드된 주문즉시 구워나오는 팬케이크가 독특하고 맛있습니다. 반지하의 살짝 어둑한 공간이 차분하지만 동네주민들과 댕댕이들도 보이고 잔잔한 대화로 가득한 사랑방 느낌의 카페입니다.,얼그레이 팬케익 맛나요,팬케잌 뱅쇼 맛있어요,연희동 산책하다가 들려서 아이스 라떼랑 얼그레이잼이 들어간 팬케이크 먹었어요！팬케이크를 주문하면 바로 구워주셔서 따뜻하고 부드러워서 너무 맛있었어요〜고소한 라떼랑도 잘 어울려요♡̈,주말에 사람이 꽉차니까 소음이 울려서 제대로 즐기지 못했어요 팬케이크 기대했는데 감기약 같은 맛이라 아쉬웠고 미숫가루는 달지않은 아주 건강한 맛이라 제 입맛에는 맞지않았어요 ˃̣̣̣̣̣̣︿˂̣̣̣̣̣̣ 인테리어는 좋았는데 사람들 떠드는 소리에 스피커 소리까지 맞물려서 편하게 쉬기 매우 어려웠습니다 주말에는 비추요˃̣̣̣̣̣̣︿˂̣̣̣̣̣̣,커피랑 디저트 다 맛있어요. 앞으로 자주 가려구요.,팬케이크가 맛있어요 쫀득하고 얼그레이잼이 달지 않아서 좋아요 커피도 맛있고 매장분위기도 독특하고 특색있네요,맛있는 얼그레이 팬케이크 ! 분위기가 좋아요오,분위기가 좋은 연희동 카페에요,"연희동가면 이따금씩 들르는 푸어링아웃. . 어둑한 분위기에서 대화나누기 좋습니다. 커피에 신경을 많이 쓰시는  만큼, 음료맛이 좋습니다. . 연희동 데이트장소로 ㅊㅊ. 갠적으로 조명배치가 너무 좋아요 :)",특별한 음료가 있구요 좌석이 조금 불편하지만 산미좋은 커피도 있어요^^ 여름에와서 션한 미숫가루 먹어봐야겠어요,"입구부터 이뻐요. 나만 알고싶은 카페다.. 콜드브루라떼 1000원추가하면 오틀리 우유로 변경가능해요. 커피도 맛 있고 클레멘타인 주스도 맛있었어요. 테이블당 신청곡 적어서 내면, 노래도 틀어주세요. 센스…✨👍👏🏻 그리고 팬 케이크, 얼그레이잼 발라져 있는거, 따뜻하게 바로 나왔나봐요. 진심 종이에 붙은 잼도 핥아먹었어요. 힐링하...",분위기가 좋아요,분위기너무너무 멋진 카페 커피를 마셔보진 못했지만 정말 맛있을거 같아요 ~~~ 분위기가 갑 !!,정말 어둑어둑하고 사람이 가득한 곳!,팬케익 맛있어용 근데 아무래도 건물 특성(반지하)상 대화랑 음악소리가 많이 울려서 시끄러움 ㅠㅠ 책 읽으러 간  카페였는데 독서엔 부적합한 곳 ㅠㅠ 분위기 좋고 직원분도 아주아주 친절하십니당,"커피맛이좋고, 분위기가 좋아요",제일 유명한게 팬케이크인데 얼그레이를 별로 안좋아하다 보니 방문을 안했었는데 왜 이제서야 방문했을까.. 싶을 정도로 너무너무 좋았어요! 얼그레이 싫어하는 저도 너무 맛있게 먹었고 특히나 커피도 진짜 미쳤네요.. 재방문 의사 무조건이요 ㅠㅠ,너무 좋아용,좋아용,"여기 필터 커피는 정말 제 취향이예요! 너무 맛있구요, 신맛 커피 좋아하는 분들에게 강추합니다!",드립커피 맛있어요~~,연희동 골목에 위치한 곳 강아지도 자주 오고 동네 사랑방 느낌이라 정겹습니다.  앞으로 자주 갈듯,일단 .. 맛없는 메뉴는 단 하나도 없고요 팬케이크도 맛있는데 토스트도 맛도리입니다.. 오틀리로 바꾼 라떼도 쟌맛 이구영... 혼자가기도 매우 매우 편안한 카페랍니다 🫶🏽,얼그레이 팬케이크 너무 향긋 촉촉하니 맛있구여! 라떼와 제주개역(미숫가루)도 정말 맛있었습니다 ! 또 가고싶어요!!,"일요일에 방문했는데 운 좋게 자리가 나서 저는 웨이팅을 안 했어요 ! 그 뒤로는 거의 계속 웨이팅이 있었던 것 같은 데 기다리시는 분들한테 난로 앞에 의자 놓고 앉아서 기다리게 해주시고, 따뜻한 물도 갖다주시더라구요 생각해보 면 어려운 것은 아니지만, 이렇게 할 수 있는 카페가 얼마나 될까 싶긴 하네요 당연하지 않은 거니까요 ! 어두...",팬케이크가 유명한곳이라 방문해봤어요! 매장이 넓고 좌석이 많은데 인기있는곳이라 그런지 타이밍이 잘 안맞으면 웨이팅이 있더라구요! 전반적으로 조용한 분위기에 차분한 느낌의 카페였어요 커피가 맛있는곳이였습니다,커피 맛있고 팬케이크가 입에서 녹아요 사르륵,얼그레이잼이 들어간 팬케이크 맛있어요! 주문 즉시 조리입니다,이런 게 바로 감성인가..-`♡´- 얼그레이 쨈 팬케이크와 아아의 조합 최고였어요.ᐟ.ᐟ.ᐟ 노래 들으면서 커피 마시고 힐링했어요 사람 없을 때 오면 좋을듯해요 ( *ฅ́˘ฅ̀*),얼그레이 팬케이크 ✮ 🎀 𝒿𝓂𝓉 🎀 ✮,눈이 다소 침침하긴하지만 분위기가 좋아요 커피도 맛있고 팬케익도 배불러서 못먹을뻔했는데 맛있어서 들어가더라고요,얼그레이 팬케이크 궁금해서 갔는데 너무 맛있고 븐위기가 너무 좋았어요!! 다른 디저트도 궁금해서 조만간 또 방문하려구용,팬케이크 정말 맛있습니다...또가고싶어요ㅠㅠ,맛있네요,다행히 자리가 있어서 앉았어요~! 사람이 아주 많네요,"저의 최애카페. 휘낭시에 메뉴가 생기고부터는 매번 갈때마다 주문해요, 집에 올 땐 가족들도 좋아해서 테이크아웃 해옵니다. 그리고 휘낭시에가 생겨도 절대 뒷전일 수 없는 얼그레이 팬케이크….! ㅜㅜㅜ 어디서도 본 적 없어요. 얼 그레이 잼이 들어갔는데 얼그레이 메뉴는 어딜가든 먹거든요? 푸어링아웃에서 맛보는 얼그레이팬케이크는 ...",요 근방에서 제일 좋아하는 카페에요! 음악 듣고 싶을 때 가서 앉아 있거나 작업하기에 딱 좋아요 💤... 커피 맛도 괜찮고 화장실도 내부에 있어요,조도가 많이 낮지만 분위기가 좋아요,얼그레이 팬케이크가 유명해서 먹어봤는데 잼이 진하고 향이 강해서 음료랑 같이 먹어야 좋겠어요! 근데 팬케이크 두장이 나왔는데 하나는 원래 잼이 안 발려 나오는게 맞나요?,커피 너무 맛있어서 감탄했어요..✨ 음악도 넘 좋아서 평일에 조용할 때 다시 가보고 싶은 곳입니다 !,커피맛좋고 도라야키같은.팬케잌도 맛있네여,좌석이 불편한 거 빼면 다 좋음,"너무 와보고 싶었던 푸어링아웃. 난로를 못꺼내둬서 춥다고 따뜻한 보리차 한잔 내어주신게 왜이리 좋은지! 카페  분위기도 좋고, 디저트와 음료도 아주 맛있었습니다!",아니 어떻게 와이파이 사진만 찍었을까요.. 근래 가본 카페 중에 최고였습니다. 다음에는 꼭 팬케이크를 시도해보고  싶습니다.🍮,감성있게 조용히 커피와 디저트를 즐길 수 있는 곳,좋아요 좋아,ㄱㄱ,분위기 독특하고 좋아요. 신청곡 틀어줌. 낭만 알쥐? 항상 사람 많아서 가기 전에 좀 쫄리는 게 단점… 그래도 작업 공간도 있구 좋당,"희뚱이,최애장소예요 🐶 형아들 누나들 칭구들 사랑합니닷🤎🤎🤎",굿굿,주말이라 사람이 많았지만 운좋게 자리가 있어서 추운날 생각나는 뱅쇼한잔 마시고 왔어요~ 워낙 커피랑 디저트류 도 맛있지만 오늘은 뱅쇼 추운겨울 가시면 함드셔보세요,긋,"한적한 동네에 이런 멋진 카페가 있어서 좋았습니다! 근데 조용한 카페라고 알았는데, 생각보다 시끄러워서 조금 당 황했습니다…ㅎ 물론 다른 손님들께서 단체로 오시다보니 목소리가 커지신 거 같은데… 커피 나올 때 조용한 대화 요청한다고 안내문 같이 드리는데도 프랜차이즈 카페처럼 시끄러워서 당황했어요… 음악소리도 적당하고 ...",굿,디저트 이름 부터 재미있네요 어두침침 분위기 좋아요!,너무 어두워요,저녁에 깜깜해서 힙한분위기라고 할까요 ㅋ 친절하시고 신청곡 틀어주는게 신기 했어요. 근데 신청곡 나오기까지 시간 엄청 오래 걸려서 못듣고 갈뻔ㅋ  테이블은 조금 불편한 스타일이에요 ㅋ,진한 커피와 팬케이크 정말 맛있게 먹었습니다. 어둑한 분위기에 차분해지는 카페에요. 소리가 울려서 대화하기엔 어려운 곳이라 수다 떨 카페는 아니에요.,벌써 3년차 단골입니다.  말이 필요 없습니다.,"일단 음악과 낮은 조도가 너무 마음에 드는 공간이었습니다. 평일 오후쯤 방문하니 사람이 많지 않았고, 커피는 케냐 워시드 먹었는데 괜찮았어요. 특히 선곡 센스와 스피커 음질에 반해 재방문하고 싶네요. ( +에티오피아 먹고 싶어요..",˗ˋˏ 와 ˎˊ˗ 뱅쇼 진짜 맛있어요,기대를 너무 많이 했나ㅠㅠㅠ 분위기가 취향이여야 좋은 카페일듯 지하 특유의 쿰쿰한 냄새가 나서 좀 별로였다,좋아요,팬케이크너무 맛있어요!! 조금 어두운 분위기지만 대화하기 좋습니다ㅎㅎ,말랑한 펜케이크와 어둡고 조용한 분위기가 있는 카페입니다. 대화를 나누기엔 조금 조심스러운 느낌이 있었습니다. 의자는 좀 딱딱해서 오래 못앉아 있었네요. 혼자 작업하시는 분들은 좋아하실만한 카페,굿,"분위기도 너무 좋구, 특히 라떼가 너무 부드럽구 맛있어요 🥛 다음에 연희동 오면 또 올게요 😊",라테 우유가 더 뜨듯하먄 좋겠어요!,"커피,핫케이크맛나요",매장 분위기가 너무 좋아서 다음엔 노트북 들고 갈래요💓,체 고 🖤,드립커피 원두 설명도 자세하게 해주시고 기대했던 얼그레이팬케익 맛도 훌륭했습니다🤍,커피맛도 괜찮고 음악도 좋았어요! 참! 조용한공간이에요~,펜케이크가 유명하지만 사실 커피 맛집 ㅎ,비 오는 날 따뜻한 롱블랙 마시러! 푸어링아웃 골목에 접어들면 저 멀리서부터 인센스 향이 나요,굿,"맛있어요,","아포가토 진짜 너무 맛있어요,, 존맛,,, 나의 탁월한 초이스,, 다른친구들껀 안먹어봤지만 미숫가루 한입 뺏어먹었는 데 꾸덕하고 담백한거 좋아하는 사람들만 마셔야할 것 같아요. 공간 자체는 깔끔하고 분위기도 좋고 사진도 잘 나오 는거 같은데 바이브 자체가 속삭여야하는 분위기다 보니까 왁자지껄한 저로써는 견디기 힘들었어요ㅎ.. 음료 ...",공간이 멋있습니다,분위기 좋아용 짱,ㅎㅎ,사람이별로웂네요 혼커피굿,자리는 불편하지만 맛있어요,,,,
피터팬1978,13413865.0,"오늘도 예약한 soft 소금빵 픽업 완료✨ 예약 건 찾으러 갓다가 피터팬만의 슈톨렌 보면서 벌써 연말이구나 싶엇어 요🎄 (오후엔 빵 라인업도 다 올라와서인지 구경하는 재미도 쏠쏠!! 수능이랑 빼빼로데이 등등 행사가 많아서 그런 지 더 다양✨) 올해만 거의 피터팬 소금빵 200개이상을 예약햇던거 같은데,, 정말 23년 제 아침 루틴엔 피터...",역시 평일 오전에 방문하면 많은 종류의 빵이 가득가득해서 맘이 몽글몽글..💙 전날에 미리 예약한 소금빵 30개랑 모카번 들구 알차게 집갓어요 >_< 오늘따라 유독 소금빵이 크구 버터리~해서 집가는 길에 뜯어먹고 싶어 죽는 줄 알 앗지모에여...? ㅠㅡㅠ 요즘같이 추운 날 따끈한 아메리카노에 피터팬 빵 한 입하면 그렇게 힐링되는게 옶어...,근처에서 식사하고 유명하다고 해서 들어왔는데 바질치아바타 바질향 강하고 롤치즈 아주 맛있어요. 쌀빵으로 밤빵은 가족들이 좋아하고 무화과 호지차빵은 딸이 맛있대요. 오리궁데이가 대표빵이래요.,빵지순례 코스 중 하나라고 듣고 가족을 이끌고 걸어걸어 갔습니다. 지하철역이랑 멀어서 조금 고생을 했지만 신선 하고 맛있는 빵을 먹을 수 있어서 좋았습니다. 아기 궁댕이도 건강한 크림빵 맛이라 좋더군요. 어쩌다보니 거의 크림 빵만 샀는데 재료를 아끼지 않고 넣어 준다는 느낌을 받았습니다. 커피랑 같이 마시고 싶었지만 카페는 이제 ...,참새가 방앗간 지나칠 수 없됴. 홍대 부근오면 꼬옥 들러주어야하는 빵집입니다👍 안먹어 본 빵으로 골랐는데 실 패가 없네요. 건강하고 담백해서 기억나는 빵집,연희동가다가 사람이 많길래 그냥 이끌려서 들어갔어요 ㅋㅋㅋㅋㅋㅋㅋ 블루리본이 엄청 있길래 유명한 곳이겠구 나했는데 역시나 티비에도 나온 곳이더라구요! 소금빵이 소프트버전/하드버전 나뉘어서 저는 하드버전으로 구매했 어요 🥐🍞🥨 치즈치아바타까지 구매했는데 치아바타가 더 쫄깃하니 맛있더라구요!!🩷 소금빵은 에프에 살...,말모 늘 최고입니다👍🏼💕,"블랙핑크 제니의 베이커리 투어 유튜브 영상보고 다녀왔는데, 빵 종류도 많았고, 여기 갈때 소금빵, 아기 궁댕이 빵 추천드립니다:) 빵은 맛있었어요",소금빵은 여기가 굳! 장발장이 훔친 빵도 굳!,(사진을 안찍어서 작년 11월에 찍은 사진으로 대신합니다) 이미 맛으로 유명한 곳이죠. 빵이 아주 맛있습니다. <장 발장이 훔친 빵>도 맛있고 무화과를 좋아하여 특히 <무화과 고구마>를 맛있게 먹었습니다. 달달해 보이지만 바삭하 고 생각보다 덜 달아서 계속 들어가더라구요. 시오빵을 좋아하는 친구는 그것도 맛있다고 했습니다. 이름도 ...,에그 베이컨 샌드위치랑 크루아상 샌드위치 먹어봤는데 크루아상 샌드위치가 정말 맛있어요!! 버터향도 풍부하고 바삭바삭해서 좋았어요~,역사와 전통이 있는 빵집이죠...,역사가 긴 가게인만큼 빵이 다양하고 맛있어요. 사장님도 정말 친절하십니다.,슈톨렌 나왔네요,피터팬은 언제나 맛있어요!!😋 다양하게 먹는 편인데 이번에는 할라피뇨 시오빵이 매콤하면서 맛있었어요! 그리고  깜빠뉴가 담백하고 진짜 맛있었는데 저 두개 먹고 깜빡하고 냉장고에 안 넣어서 (이틀동안 상온에 있었더니) 바로  곰팡이가 ㅜㅜ 다음엔 꼭 냉장고에 넣어놔야 할 것 같아요!!,지나가는길에 홀리듯 들어가서 빵 넋놓고 먹었습니다... 진심으로 맛있어요... 살찔까봐 또 소박하게 골랐습니다마 는.. 마음 같아서는 빵 종류 하나씩 하나씩 모두 도장깨기 하고 싶어지는 곳이네요. 무화과고구마빵 증맬러 취향저 격입니다👍,"소프트 소금빵은 겉은 바삭하고 속은 쫄깃한 식감이며 담백 고소한 편인데, 맛있었어요! 아기궁뎅이 빵은 부드럽고 크림도 느끼지하지 않아 좋았어요~",아몬드라떼 너무 달달고소해서 맛있고 빵도 종류가 다양해서 좋았어요. 브리치즈사과샌드위치도 너무 맛있었어요 🥹🥹,여기 소금빵이 제일 맛있어요♥,평범하게 생겼는데 다 맛있어요 빵 수량 편차가 큽니다,연희동 갈때마다 들르는 빵집입니다. 소금빵이 맛있고 통팥빵 아기궁둥이 등 클래식한 빵들도 한결같이 맛있습니다.,"시오빵은 맛있기는 한데 꼭 여기서!! 먹어야 한다, 그런 느낌은 아니었어요. 근처 갈 일 있으면 들러보세요-",엘리게이터 강추입니다!!소금빵도 맛있어요,맛있어요!! 소금빵이랑 까눌레 추천!,"피터팬1978 빵순이들은 빼놓을 수 없는 빵집이죠!!! 특히나 소금빵을 좋아해서 소금빵 종류가 다양해서 더 좋았어요 ❤️ 소금빵이 특별하게 하드계열, 소프트 계열 있어서 취향껏 선택가능! 오후 7:30-8:00 사이에 가도 빵 종류가 많아요!",유명하대서 가봤어요 손님들이 엄청많네요 비싸다고 하는데 요즘 물가생각하면 많이 비싼진 모르겠고 카스테라 조 그만게 8천원은 비싼느낌~ 많이달아요 그외 나머지는 나쁘지않은 가격에 빵도 맛있어요 직원분들이 굉장히 친절해 요~~,빵이 다양하고 재료가 신선해요. 다른 곳에서 맛볼 수 없는 건강한 맛의 빵!,대부분 실패하지 않는 연희동 빵맛집 피터팬. 마늘바게트는 처음 사봤는데 역시 보통 이상은 됐음. 근데 여기 통단팥빵이 국산팥 쓰는게 여기 시그니처였는데 어느새 중국산으로 바껴서 매우 아쉬웠음.. ㅠ,"휴일엔 피터팬빵 쟁여두는 날✨ (장발장 급 아니냐며..)요근래 야근하구 바빠서 못 갓다가 드됴... 미리 예약하구 소 금빵 30개 포장해왓어요 >_< 그 사이 가격이 오른게 조금 아쉽지만,, 제 월급빼고 오르는 요즘... 그래도 빵 하나 먹 으면서 휴식 취할 때 그 행복을 위해 오늘도 부지런히 쟁여둡니다💙 들고 갈 짐 많다구 걱정도 해주시구 항...",블루베리 식빵 조기품절이 잦은편 ㅠ 물량을 좀더 증가시켰음 하는 바램.,퇴근할때 들러서 주말에 먹을 빵 사왔어요. 아몬드센베 최애,"샌드위치 러버, 아들 위해 깜빠뉴 사러 갔는데 없다네요 ㅠㅠ, 옆에 사러가 쇼핑센터도 갔는데 없었어요.",동네 맛집빵집! 오랫동안 자리하길,아이스 카라멜 크로와상 너무 시원하고 맛있었어요 아기 궁댕이 빵은 냉장고에 넣었다가 먹으니까 아기 궁댕이 촉감이 없어져서 아쉬웠습니다ㅠ,소금빵은 딱 기본적인 맛있는 소금빵맛! 겉에 바삭하고 크게 버터리 하진 않아요 엉덩이빵은 유명한만큼 맛있었어 요.,아이스크림이 맛있어요👍👍❤️,"오늘도 역시 소금빵30개랑 모카번10개 그리구 전날 빵도 반값으로 득템✨ 오전10시쯤 가니까 거의 모든 빵이 갓 나오고 휘낭시에도 사진처럼 꽉꽉 차잇어요~~ 항상 친절하시구 마싯어서 제 기억에 그리구 저희 부모님에게도 조 은 가게입니당 다만,,, 이번에 새로 아르바이트 하시는 분이 오셧는지 어제 빵은 할인이 들어가는데 그냥 계...",이 집 잘하네~~ 마늘 바게트 어우 존맛탱.,늦은 시간에 가도 빵이 많아요,"후엥 ㅜㅡㅜ 늦잠 잔다고 늦게 나왓더니(?) 소프트 소금빵 마니 사라졋엇어용,, 다들 피터팬 소금빵에 진심... 역시나 소금빵 다들 1개 이상은 꼬옥! 집어가더라구요 문앞에서 나는 빵 냄새도 그렇구 항상 피터팬 빵집 오면 문앞에서 부 터 두근두근❤️ 오늘은 어제 빵도 좀 잇어서 몇개 집구 직원분께서 확인도 잘 해주셧슴당! 피터팬 빵집은 인생...",무슨 시그니처 커피였는데 고소하고 은은해요. 소금빵도 맛있었어요,시오빵하고 소보르빵 사가지고 왔네요. 딸아이가 빵 좋아하니 사러가갔다가 들러서 왔어요.고소한 소금빵~~맛나요^^,맛있는 피터팬 빵집 😀 😃 👍  오래 오래 100년가게로 😀,아이스크림 깔끔하니 굿~ 우유요거트 맛나요 이벤트로 sns에 올리면 쿠키도 서비스로 주셔요,진짜 너무너무 꽂힌 페스타치오 라떼…💚💚,밀크티 증말 찐하구 맛있네용~! 빵들도 맛있어보여서 다음에 재방문 예정👍😚,주말아침에 우연히 간곳이었는데 알고보니 소금빵으로 유명한 곳이었더라고요~ 소프트와 하드 2가지 버전이 있는데 소프트가 더 맛났습니다💗추천!,좋아해요 밀크티,저는 기대했던 소금빵은 그냥 그랬어요..! 다른 빵집의 소금빵과 크게 다른 점이 없는데 소프트 버전과 하드 버전이 나누어져 있고 소금빵 다른 맛도 종류도 있어요! 저는 개인적으로 아기궁댕이빵이 맛있었어요😋 제니 유튜브에서 보고 제일 궁금했던 빵이었는데 기대만큼 맛있었어요! 쫄깃한 빵 안에 치즈크림이에여 연희동 가면 꼭 가서 ...,"내가 세상에서 제일 사랑하는 빵집 꽈배기 , 아기궁댕이, 장발장이 원탑 뭐든 맛있움",빵가격이 좀 있는편이예요. 빵은 맛있어요,시그니처 아기궁댕이 빵먹었는데 그냥 그랬어요ㅠ,오늘은 찾던 빵들이 좀 남아있어서 다행이네요. 조금만 늦어도 늘 다 팔리고 없어서…😅,연대 경영관에 있는 피터팬1978 다녀왔어요 여러번 지나가면서 빵구경했는데 오늘 그 유명하다는 아기궁댕이 먹 어봤어요ㅎㅎ 엄청 쫄깃하고 부드러운 크림치즈 가득 느끼하지 않고 맛있었어요! 다만 전반적으로 빵 사이즈가 다  작고 작은 사이즈에 비해 가격대가 좀 있어요 공부하다가 간단하게 간식거리로 먹기 좋아요,소금빵아이스크림 너무 맛있어요.베이커리 앞에 큰 나무가 멋지네요,바게트샌드위치 맛있어요~,"길 가다가 불루리본 맛집 표시를 보고 들어가서 빵을 샀어요! 소금빵, 치즈 소금빵이랑 아기궁댕이 이렇게 베스트 메 뉴 위주로 총 3개를 골라봤어요. 소금빵은 진짜 존맛이에요! 빵을 매장에서 못 데워주신더다고 해서 식은 상태로 먹 었는데도 존맛이었어요. 버터맛이 진하게 느껴지면서 짭짤한 맛! 그에 비해 치즈 소금빵은 치즈맛이 진하지 ...",맛있어요! 늘 연희동 쪽에서 가는 집,맛있어 보이는 빵이 무지 많아요!,소금빵 맛있어요,시오빵 소프트가 하드보다 맛있어요. 아기엉덩은 남친픽 장발장은 영원한 내 최애빵. 이집은 커피도 맛남.,소금빵 맛있다고 들어서 먹어봣어요! 말랑하진 않고 단단한 식감이에요 직원분들 너무 친절하셔요!,다양한 종류의 맛도 최고 연희동 가면 꼭 들르는빵집,계산이 너무 느려서 계산 기다리는 줄이 에버랜드 티 익스프레스 줄 서는것 같음,"빵 종류도 엄청 많고, 유명한 곳이라고 해서 빵 여러개 먹어봤는데 너무 맛있어요. 멀어서 자주 못오겠지만, 종종 생각날 것 같은 곳이에요. 사장님이신지 매우 친절해서 기분이 좋았습니다.",오랜만에 갔는데..맛이 좀 달라졌어요..ㅠㅠ,소금빵 맛있어요,무화과가 많이 들어간 빵들이 사이즈가 많이 줄었더라구요. 서운….,연희동 갈때마다 꼭 들르는 방앗간~ 소금빵 하드버전 꼭 하나씩 사와요 ㅋㅋㅋ,빵맛있어요,헤헤 소금빵 달마다 털러 다니는 도둑같네요 ㅋㅅㅋ 소금빵30개랑 은근한 모카번 맛집 피터팬🤍 주말 여유로운 아 침에 갓 내린 커피랑 함께하면 그렇게 하루가 넘 행복해요💙 항상 친절하시고 맛도 여전히 조은 피터팬✨ 피터팬  빵 덕분에 하루 시작을 즐겁게 하구 잇어요🥺 오늘도 건강히 오래오래 해주시길 바라는 마음으로 감사히 빵 ...,여기빵집 비싸도인기많음,40년이 넘은 로컬 빵집♥️ 비싼만큼 컬리티높은 빵집 빵순이라면 꼭 연희동 본점으로~♡,좋아요,완전 굿~,좋아요,연희동에서 15-16년 정도 살아서 자주 가는 빵집 입니다 최근에 디저트 가게도 많이 생겨 예전보다는 자주 안가지만 최근에 갔을때 치아바타 사이즈에 많이 실망하였습니다 가격은 좀 비싸도 퀄리티는 좋았는데 밀가루나 기타재료비 폭등으로 사이즈가 줄었는지 너무 작아져 놀랐습니다 직원분한태 물어 봐도 아무런 답변이 없으셨고 그래도 ...,빵 종류가 많고 연대 경영관에 있어서 접근성이 좋아요!  근데 빵이 전반적으로 작네요 소금빵은 좀 말라있었어요,맛있습니다,연희동에 밥먹으러 갔다가 지나가는 길에 빵냄새가 장난 아니길래 들어갔어요 ㅋㅋㅋ 입구에 블루리본 스티커가 잔 뜩 붙어있더라구여 그래서 아 맛집인가보다 했습니당ㅋㅋㅋㅋ 직원분께 여쭤보니 아가궁둥이빵? 그게 가장 유명하 대요 ㅋㅋㅋ 그거 살걸 ㅋㅋㅋ 저는 소금빵덕후라 바질소금빵 궁금해서 샀는데 너무나 무난해서 반쪽만 먹었...,연희동 전두환때문에 유명해진 빵집인데 시오빵값때문에 깜놀..얼마전 인상한거 같은데 가성비 맛집 절대 아니다. 그냥 연희동 빵집 없어서 가는건데 진짜 너무 비싸요. 가격대비 맛은 쏘쏘... 그렇게 비싸면 더 맛있어야죠,맛있어요,피터팬 베이커리는 연희동 가게되면 들리는 곳인데 갈때마다 사람 많고 원하는 빵을 못샀었는데 이번에 는 샀어요^^ 치즈 치아바타와 소금빵이 맛있었고 담백해서 좋았어요!,저번에도 그렇고 카운터 여자 너무 불친절,전통빵집,"지날때마다 코끝을 자극하는 빵굽는 냄새에 이끌리어 들어가게 되어요 1978 오랜전통과 함께 빵 맛은 최고입니다  펌퍼니클, 크린베리바게트, 맘모스도 맛있어요",빵 맛있어요,맛있어요. 다양한 종류가 많아 좋습니다,굿,최애 크로칸토 모카 ~달달 당충전 좋아요,.,굿,맛나용,어르신 생신 케이크 구매. 작지만 맛있고 예쁜 생크림 초콜릿꽃 케이크. 언제나 맛있는 피터팬 10년 단골인증,피터팬 좋아요~ 사진을 안찍었지만 꾸불꾸불한과자도 맛있고. 딸기생크림케익도 넘 맛있고요ㅎ 소금빵이며.. 맛있는거 넘 많아여!,"어릴때 피터팬 빵 먹고 너무 맛있고 그리고 비싸서 못 먹었는데, 이제 월급쟁이 되고 가끔 가서 많이 사놓고 먹습니다 :) 정말 오래 오래 하셔서 감사합니다 :)","여기 빵 맛집인걸 익히 알고 있는데 커피도 정말 맛있네요! 원두도 고소, 산미 중 선택해서 마실수도 있고 스페셜티 커피만의 풍부한 향이 굉장히 만족스럽습니다. 빵이랑 찰떡 궁합이네요 ! 강추!",아침 오픈부터 미리 전화로 소금빵 예약했어요 >_< (대량구매라서 혹시나...) 항상 사장님이 친절하게 맞아주셔서  더 정감가는 빵집🤍 덕분에 갓 나온 빵 사고 그 사이를 못 참고 길빵해버렷어요ㅋㅋㅋㅋㅋ 겉은 바스삭 속은 부드 러운 전형적인 소금빵! 부모님도 애정하는 메뉴&빵집이라 더 자주 가는 거 같아요 항상 건강하시고 오래도록 ...,8시부터 열어서 좋음 단팥소보루도 맛있고 꽈배기도 존맛 ... 아기궁댕이는 10시에 나옴 ㅠ,가끔 와서 소금빵 사가는데 부드러운거랑 바삭한거 나눠져있어서 넘 조아요!,연희동의 명소 피터펜 1978,"항상 지나다니면서 사람이 붐비길래, 검색해봤더니 엄청난 빵 맛집이였네요! 바빠보이셔서 살짝 불친절한가? 사람 이 왜이리 많지했는데, 한 입 먹고 웃음나네요. 앞으로 맨날 들릴듯. 올리브 들어간 빵 너무 맛있네요. 아니 진짜 맛 있네????",.,소금빵이 바삭하고 맛있어요. 버터도 많이들어간거 같아요. 소보로도 너무 달지않고 맛있네요! 소금빵을 제외하고는 조금 가격대가 있는편이에요.,😃,"빵이 다양해요, 맛있어요!",커피 너무 마시고 싶어서 간 곳인데 아주 유명한 베이커리하우스였어요 연세대내에 있어서 신촌에 들리면 꼭 다시다시,,,
매뉴팩트커피,32982001.0,"솔직히 가려고 했던 커피숍이 있었는데… 주차때문에 지나가던 연희동 귀걸이샵에서 만난 여사장님이 추천해준 카 페에 가서 아메리카노, 아이스플랫화이트 테이크아웃를 했는데 커피 맛있었어여~ 담에 또 가고 싶어지는 동네네여",조용한 분위기에 조용한 손님들 그 순간을 깨는 그라운더 소리와 함께 퍼지는 커피향이 매력적인 카페입니다. 플랫 화이트는 전혀 쓴맛이 없고 부드러움 그 자체에요. 테이크아웃 하는 손님들로 발길이 끊이지 않아요.,매일 자리없어서 나왔데 혹시나하고 또갔는데 드디오 안자서 먹었어요!!!진짜아앙 맛있고 짱입니다!!!,매뉴팩트는 어떤 커피를 마셔도 평균이상이라서 만족스러운 곳이에요!!라떼종류도 너무너무 맛있구 분위기도 좋아요~,플랫화이트 진하고 맛있었어요~ 매장 구조와 인테리어가 특이하고 멋스러운 곳이에요.,오늘도 카피 한잔! 선택한 곳은 마뉴팩트 커피.. 개성있는 공간과 커피맛 좋은 곳!!!!!,"엄청 진한 플랫화이트 맛에 반한 곳, 매뉴팩트 커피👍🏻 찌-인-한 플랫화이트 맛에 놀람.(같이 시킨 아이스 꼬르따도 는 실패- 무슨 맛인지 잘 모르겠음 ㅎ) 양은 많지 않은데 커피 좋아하는 분은 한 번 가볼만한 듯. 근데 너무 좁다 좁아 -",커피 맛집 .. 연희동에 오시면 꼭 들러보세요!,맛있고 가격도 좋아서 자주 가는 연희동카페에요,역시 라떼 맛집🫶🏻,커피 맛있어요!,지방사람인데 서울가면 꼭꼭 들리는곳!! 원두 구매하면 커피 한잔을 서비스로 주셔서 좋아요ㅎㅎ,언제가도 맛있어요,플랫화이트가 넘 맛있어서 깜놀했는대~ 다른카페에서 먹은 플랫화이트와는 완전 다른 퀄리티로 나와서 감동했어요 ! 한시간 달려서 간 보람이 있었네요^^ 바리스타분의 친절한 설명으로 많은 지식도 함께 얻고 맛있는 커피 두잔에 참  행복했어요!! 재방문 당근 예정입니다~~,"생각보다 가게가 좁았던 부분에 당황했으나, 커피 한 잔 즐기기에는 전혀 무리가 없어요~ 이번에는 라떼를 주문했는데 아이스도 좋고, 따뜻한 것도 좋네요~ 양은 조금 아쉬워요..ㅠ",작지만 분위기좋고 커피맛도 좋아요,플랫화이트 맛있고! 아메리카노도 맛있어요 커피 맛집 맞네용 다만 매장에서 먹고 가기엔 자리가 많지 않고 좁아서 테이크아웃이 좋을꺼같아요  매장이용은 문밖에서 대기해야하는데 공간이 너무 협소해요,서울 플랫화이트 1등 집 답게 언제먹어도 맛있다  연희동 올때마다 플화 먹으러 오기 🎵🖤,"사계절내내 얼음가득의 아아를 마시는데 내 입맛엔 좀 싱거움,, 담엔 물 양도 지정해줘야할 듯, 시그니처 커피두 마셔보구",아이스 아메리카노! 되게 고소하고 첫 입에 초콜릿 단맛이 나요. 유명한 이유가 있었네요!,맛이 좋고 합리적인 가격대라고 생각합니다 정말 협소한 편인데 손님이 많아서 대기도 있고 테이크아웃도 많이 하시더라구요 커피 좋아하시면 한번 맛보셔도 좋을 것 같아요,연남동의 숨은 보석. 간판도 겉으로 보이지 않고 운영시간도 짧아서 찾아오기 힘든 곳. 그러나 사람을 좋아하고 커피를 좋아하는 사람에게는 딱 맞는 곳. 그냥 카페가 아닌 곳. 성수점이 좀더 카페스럽지만 그래도 개인적으로는 본점이 좋네요. 오늘 마신 이디오피아 커피도 상큼한 산미가 좋네요~,플랫화이트가 유명하지만 제 입맛엔 라떼가 더 맛있어요. 구수해요.,너무 좋아하는 곳 ^^ 항상 맛있게 한 잔 마시고 가요☕️ 디카페인도 맘껏 먹을 수 있는 곳 ㅎㅎ 아담한데 분위기가 독보적이에용,"연희동에 간다면 필수적으로 들러야할 매뉴팩트커피🫧 라떼가 찐이에요 여기. 정말 고소하고 맛있어요! 평일, 주말 상관없이 항상 사람이 많고 웨이팅이 심한 정도는 아닙니다. 오픈키친으로 커피 만드는 과정 보는 재미도 있고 커피 맛이 매번 갈 때마다 항상 그대로 맛이 있다는 점이 참 좋아요 :) 다양한 원두도 판매하고 있어서 가끔 원두도 ...",원두사러왔는데 커피맛있어서 선물 할 원두까지 구매완😆 사장님의 친절한 설명 감사 ㅋ,핸드드립 커피를 진심으로 내려주심.커피의 맛이 세세하게 드러나서 맑은 차를 마시는 느낌이다.코르타도 커피도 부드럽고 비율이 좋다. 매장이 좁지만 커피맛을 보기 위해선 낡은 건물 2층도 가볼만 하다.,에티오피아 필터커피로 마셨는데 너무 맛있었어요!! 다음에는 다른 커피도 마셔봐야겠어요,플랫화이트 대한민국 최고예요~더치커피도 상큼깔큼 맛있고요!제일 좋아하는 커피집이예요~,카페라떼 변함없이 원탑,내가 연희동에 오는 이유. 커피도 맛있는데 직원분들 넘나 친절🫶🏻,"연희동 커피 맛집이라고 해서 가보았어요. 맛집이라 그런지 커피 기다리는 분들이 많았어요. 배가 불러서 롱블랙 아 이스로 시켰는데, 찐하고 산미도 있고 시원하니 좋으네요🤩 플랫화이트가 맛있다는데 다음에는 그거 마시러 또 가 야겠어요.","연희동 커피 맛집 메뉴팩트. 이야기만 전해 듣다가 마음먹고 방문. 커피는 좋아 하시는 분들이라면 추천할 만한 곳입 니다. 정신없는 홍대, 연희동 핫플 지나 사러가 쇼핑 근처 다소 차분한 동네에 있어요. 2층에 커피 매장 같지 않은 외관이라 지나치기 쉬울듯 합니다. 단골 많은 것 같아요. 매장은 넓지 않아요. 사장님의 커피 철학이 옅보이...",너무너무 맛있는 커피 매뉴팩드만의 감성 좋아요 :),Love this place and coffee ♥️,"카페 여행 인스타 @pigeena / 커피 맛집이라는 소문 듣고 찾아갔는데 진짜 고소하고 맛있었어요! 공간은 조금 협소한 편이지만, 나름대로의 매력이 있어요 😀",진짜 커피 맛집 .. 롱블랙 먹었어요. 내부 인테리어랑 분위기 너무너무 좋아요 완전 추천 🩶,9년째 애용하고 있어요,플랫화이트 항상 맛있는곳 커피에 항상 진심인곳 ㅎㅎ 호주에서 먹던맛 그리울때 가면 만족하면서 마시고 와요 평일에 가면 조용히 혼자 마실수 있어서 굿,라떼 연하게 필수🫶🏻✨,여기 오시면 무조건 플랫화이트를 마셔보세요🎀,자리가 넉넉한 곳은 아니지만 플랫화이트나 드립커피 모두 훌륭한 곳. 몇년만에 찾았지만 여전한 맛이 반가운 곳.,커피 너무 맛있어요👍🏻👍🏻👍🏻👍🏻취향저격이에요!!,커피가 맛있고 아늑한 분위기가 좋은데 이날은 좀 소란스러웠어요,커피맛이 좋아요. 친절하구요,원두 구매하러 방문했어요. 원두 구매하면 아메리카노 제공인데 추가금 내고 다른음료 마시면 안되냐니깐 안된다더 라구요. 원두 작은거 사도 음료주는데 큰거 사도 얄짤없네요. 명성에 비해 커피맛도 쏘쏘..기대이하네요,좋아여@!,커피맛집이에요. 드립커피도 좋고 라떼나 플랫화이트도 좋아요. 항상 친절한 스텝들 덕분에 커피마시러 가는 길이  즐거워요.오랜만에 원두도 구입했는데 역시 잘한 선택!!연희동 커피맛집~,......,커피 메뉴가 다양해요. 디카페인은 좀 밍밍해요.,계단을 올라가면서부터 커피향이 코끝을 자극하는데 아 커피향이 이렇게 좋았구나 싶은곳이예요💟 역시나 만석이였고 다행히 테카웃을 할거라 주문하고 커피를 받아봤는데 아.. 한입먹자마자 역시 싶었습니다! 꼬숩한 라떼의 정석같은곳이였어요! 직원분들도 너무 친절하시고 맛있는 라떼를 먹고싶다면 무조건 매뉴팩트입니다,라떼 오지게 맛있어요,워낙 플랫화이트로 유명한 이곳! 그러나 저는 블랙을 좋아해서 대신 일하며 즐길 수 있는 드립백을 사왔습니다. 깔끔하게 잠깐의 휴식을 선사해주는 커피였습니다.,아침 일찍 열어서 늘 가는 곳🤍 플랫화이트 찐 최고🫶🏻,라떼👍🏻 바닐라라떼👍🏻👍🏻,무조건 따뜻한 라떼 마시는 곳입니다 ㅎㅎ,맛있습니다. 다만 성수점에서 마신 것보다는 살짝 연한 느낌이라 그게 아쉽지만. 그래도 맛있습니다.,커피가 정말 맛있어요 원두 사면 커피 한잔 서비스랍니다,언제나 맛있는 메뉴팩트커피 전 스모키하다고 주신 드립커피 마셨어요~ 담엔 라떼 마시러 올게요,드립커피맛딥인정,플랫화이트 맛집 >_<,원두 구매하면 아메리카노나 에스프레소 한잔 제공이예요~ 원두 구매하시면 참고하세요!,맛있어요❤,연희동지나가는데 안들릴수없지..,장소는 협소하지만 따뜻한 느낌 커피는 쏘쏘..,이근처가면 커피는 무조건 여기. 항상 코르타도/플랫화이트만 마시다 라떼 도전했는데 우유가 좀 진해서 내 취향은 코르타도! 여기때문에 이동네가면 커피 기본 두세잔마신다...,주문한 화이트 플랫 먹을걸 하고 후회했는데 콜드브루 너무너무 맛있었다 행복  그리고 끊임없이 테이크아웃하러 오셔서 진짜 커피로 정면승부하는구나 하고 감탄했어요,커피 참잘하는집 라떼 냠굿,따뜻한 플랫화이트 주문했어요 라떼파가 아닌데 커피 진짜진짜 맛있네요,커피 잘 먹었습뉘당!! 롱블랙은 디카페인으로 시켰는데도 꽤 찐한 편이라 조금 놀랐네요ㅎㅎ 그리고 커피를 만드는 모습을 카운터 뒷편이 아니라 바로 옆에서 오픈된 공간에서 볼 수 있는게 나름 또 재밌었던 것 같아요🙂,메뉴팩트는 카푸치노! 라던 지인분의 추천에 따라 카푸치노 주문했어요. 부드러운 우유거품과 적당한 시나몬파우더 와 커피향이 너무 잘 어울려서 좋았어요. 직접 내리시는 과정을 옆 바에서 지켜볼수도 있었고 다른 손님들이 구매하 시는 원두를 갈아주실때 매장안에 확 퍼지는 향이 너무 향긋해서 기분이 덩달아 좋아지더라구요. 매장이 아주...,플랫화이트 아이스 맛잇네요!! 양은 적지만요ㅎ,연희동 터줏대감 카페. 내부는 협소하지만 이 가격에 이렇게 맛있는 커피 제공하는 곳이 없다고 생각해요. 모든 메뉴가 맛있습니다.,커피 맛있어요.,원두사러 들렀어요,연희동에서 커피 젤 맛있는 곳,커피가 맛있어요,한번마시면 반드시 다시 오게 되는 곳인거 같아요.롱블랙 디카페인이 나왔네요. 맛있었습니다:),매장이 작아서 웨이팅이 있을 수 있지만 그래도 조금은 웨이팅할 가치가 있어요 진한데 부드럽고 맛있어요 여기저 기 유명한 카페 많이 다니는데 주기적으로 생각나요 1인 1잔으로는 아쉬워서 아메리카노 결국 추가로 또 마시게 되 는 곳ㅎㅎ 근데 디카페인 1000원 추가는 너무해요ㅠ 500원으로 하주세욥;ㅋㅋㅋ,커피가맛있고 종종 원두사러 와요!,원두사러 많이 오네요 매장은 협소하고 좀 시끄러워요,항상 들르면 콜드브루 사와요 집에 쟁여놔야 맘 편한 아이템♥ 늘 잘 먹고 있습니다! 감사해요,연희동과 근처로 부지런히 놀러다니먼서 제일 많이 들른곳은 메뉴팩트!!! 메뉴팩트의커피는 너무나도 맛있어요 그 냥 한입을 삼키는 그순간부터 맛있다는 생각밖에는 안들었던거같아요 원두를 구입하면 커피한잔이 공짜로!!! 그래 서 원두사고 매장에서 휘리릭 마시고ㅋ 조금 아쉬운건 이제 아메리카노만 되더라구요...제기준 라떼와 플랫화...,원두 괜찮네요,디카페인 1000원 추가ㅠㅠ,"라떼, 플랫화이트가 유명한 곳! 자리가 협소해서 테이크아웃 추천할게요",굳,역시는 역시🤎,플랫화이트 조용히 먹고 싶을때마다 찾게되는 커피맛집! 자리는 많이 없어도 항상 커피에 진심인게 느껴지는 곳이에요 ㅎㅎ,플랫화이트 너무 맛있어요!!!! 디카페인 원두도 메뉴팩트가 최고인거같네요!!,잘 이용하고 있습니다,고소하고 라떼가 맛있는 폴고갱 원두,조아요,라떼 넘맛🫶🏻,커피맛 좋아요,연희동 갔을 때 한 번쯤 가보는 거 ㅊㅊ,연희동 올때마다 휴무거나 영업시간 못맞춰는데 드디어ㅎㅎㅎ 와보게 되었어요 명성대로 커피 넘 맛있네요👍 자그 마한 공간의 분위기도 너무 좋고… 평일에 시간될때 또 와봐야겠어요 여유롭게☺️직원분들도 친절하시고 소품도 하 나하나 이뻐요,진짜 라떼는 여기가 최고,"커피 맛있어서 원두구매하러 오랜만에 다녀왔네요~ 추천도 잘해주시고, 원두구매시 아메리카노 한잔 제공해주시네요~~",플랫화이트 디카페인으로 주문함! 꼬소하고 진짜 맛남👍🏻 텁텁하지도 않고 완벽 ㅎㅎ 담에 또 오고싶은곳,부드럽고 맛있는 라떼,커피가 맛있고 친절해요.,커피가 정말 맛있어요!!,커피 맛있어요 진한 커피 아니어서 임팩트는 약해요,플랫화이트 맛집 자리가 협소해서 테이크아웃해서 마셨어요 확실히 따뜻한커피는 매장에서 마시는게 맛있는거같아요! 원두향이 가득 담긴 매장,아주 맛있습니다•••,커피가 맛있고 매장이 조용해서 모두 작게 얘기하는 분위기라 맘에 들어요,여기 양이 적어요. 6온스 정도? 스웨이의 플렛화이트가 개인적으로는 더 진하고 풍부한 맛이 나네요 오르내리는 계단 높낮이가 균일하지 않아요(옛날 건물이라서 그런지) 발걸음에 주의가 필요합니다,여기 워낙 유명한 곳이예요 당연히 커피맛은 알아주고 ㅎㅎ 단지 양이 너무작을뿐 ㅜㅜㅋㅋ,
앤트러사이트 연희점,1485444554.0,이름처럼 어둡고 묵직한 분위기의 앤트러사이트. 맛있는 커피도 마시고싶고 읽을 영어기사도 하나있어 카공하기 좋은 my favorite 연희점(주차가능.무료였는데 한달전부터 발렛비 천원) 방문했어요 입구와 계단이 안보일정도로 온 통 검은 색의 인테리어 넘 매력적이예요 블랙의 마법 ㅎㅎ 너무 맛있는 플랫화이트(파블로네루다블랜드선택)...,독특한 콘셉트의 고급스런 연희동 카페☕️. 당인리에 있는 같은 콘셉트의 커피업소 2호점이라는 설😏.. 카페 이름처럼 검고 무거운 분위기✔️. 테이블 의자도 매우 묵직함🤭.. 2층 널찍한 공간에 올라서면 놀라운 해방감이!!😀. 아쉽게 바깥뷰가 좋진 않음😐. 연희초 맞은편임. 커피☕️ 선택여지가 많음💓. 자체 🚙주차장이 있어 편함.,"조용하게 소담하게 대화하기도 멍하니 창밖의 연희동 도심을 바라보며 계절의 변화를 느끼기도 잔잔하게 흐르는  음악에 감정을 맡겨보기도 모든 상황과 사람과 어우러지던 좋아하는 카페 공간 비내리는 날, 눈내리는 날의 계절을  더 좋아하게 만드는 카페",클래식이 잘 어울리는 카페. 매장이 넓고 혼자 책 읽으러 가기 딱 좋을것 같아요,늦은 저녁 이른 오전 시간대에 다 와봤는데요 모든 시간대가 좋아요 초코 말차롤 맛있어용 뜨아 마시면 좋을 계절감이라 ㅎㅎ 작업하기에도 참 좋은 카페입니다,넘나 넘나 애정하는 곳입니다~앤트러사이트의 모든 선생님들께 감사드립니다~🙏🌊🌈👍👏,디게 디게 애정하는 곳이라...😆☺🎼🌈🌳,"처음 방문시 좋았던 기억때문에 친구랑 다시 찾앗는데..다시는 안가고싶어여…. 들어가서 주문전 다양한 디저트 보면서 무슨맛인지 궁금해서 친구랑 대화 하고 있는데 , 고객의 니즈 보다는 계속 일,이층 중 어디앉을거냐고 말 자르고 물어보고 … 그외에도 다른 질문에도 냉랭.. 여기 아들인가",🌼🎼🌈🌳👍👏,인테리어가 독특해요 커피 맛이 좋으네요,책읽고 직업하기 좋은 환경.,주말 오전 일찍 방문했어요! 일단 분위기가 너무 좋아서 간단한 작업이나 독서하기 좋아요! 주차도 가능해서 편해요 ㅎㅎ,앤트러사이트 커피는 역시 맛있어요. 연희점은 계단쪽이 많이 어둡긴한데 공간은 느낌있습니다.,"넓고 고요한 공간, 마치 명상하는 듯한 느낌을 받아요 잘 먹고 갑니다 :)",커피굿💕디저트굿🎶달달한거 땡기는날~추천요^^,여긴 거의 코워킹 스페이스 같은 곳이에요ㅋㅋㅋ모두가 노트북 & 노트로 일을 하고 있어요! 잔잔한 음악이 더해지면서.. 이렇게 조용할 수가 있나 싶었는데 오후 되니까 사람들이 좀 오네요! 독특한 경험이었습니다. 직원분 불친절하다고 댓글 많아서 좀 걱정했는데 그럴 필요가 없었어요! 너무 친절..!!!,커피 맛있어요,레몬티 맛있어요^^ 주차하기도 좋고 뷰도 좋네요 근데 분위기가 되게 어둡고 특이하네요 ㅋㅋ,늘 가면 자리가 있어서 좋아요 콘센트고 많고! 근데 계단 너무 어두워.. 무서워..,노트북하러 자주 오는 곳~,디폴트 굿,뷰가 좋은 카페임은 분명하지만 대체로 노트북이나 책을 보고 있는 사람들이 많이들 방문하는 카페이곤 합니다. 필터커피를 주문할때 보다 고객이 자율적으로 선택하기 보다는 원두별 설명을 조금 더 덧붙여주신다면 어떨까 라는 생각이 드네요.,여기는 리뷰 평점이 없네요. 서비스 평점은 마이너스 입니다. 테이크아웃 하냐는 말 잘못 알아들었다가 직원분에 따지는듯한 대응과 차가운 태도로 저는 테이크아웃 해갑니다. 친구랑 몇번 갔다 좋은 기억이 있어 갔는데 다시는 가고 싶지 않은 곳이네요,"비오는 아침에 오니 사람도 없고 음악, 커피도 최고! 기준좋은 어린이날이네요.",케익은 여기꺼가 아니라 좀 죄송하지만 어쨌든간에 여기는 진짜 공부하고 작업하기 너무 좋당 주차도 되고~,공연을 할 정도로 공간이 넓고 멋져요.큰 창으로 밖을 보며 마시는 커피가 좋아요.  제주 앤트러사이트와는 매우 다른 느낌이에요.,테이블도 있고 평상좌석도 있어요. 매장이 좀 어둡지만 커피가 맛있어요.,분위기도 좋고 음료도 디저트도 좋았어요. 여직원의 불친절만 빼면요.,"원두 500g구매했어요. 1,000원 추가하면 맛보기 커피 라떼로 변경가능하네요! 매장에서 구매하면 시음? 커피를 맛볼 수 있어서 동네라 직접 자주 가게 되네요.",굿초이스~,굿굿 말해뭐해,올라가는 길은 어두웠지만 올라가서 보는 통창 뷰는 좋아따,이층은 일하는 분위기 디저트도 다양하네요,주차하기좋고 인테리어가 멋져요,"플랫화이트 고소하고 너무 맛있어요☕️🙂 픽업아니고 커피 가져다 주셔셔 편안해요 주차도 가능하고 , 2층 자리 넓 어서 좋아요! 잔잔한 음악에 넓은 공간 맛있는 커피를 찾으신다면 앤트러사이트 연희점으로 오세요🎶✨🤎",너무 느려요,좋아하는 친구가 오는 날이면 꼭!가는 차를 가져오는 지인이 있을때 가기 좋은 곳이예요. 연희동에 주차가능한 곳이 의외로 없어요. 좋습니다,연경에서 점심먹고 맛난 커피집이라고 추천받아갔는데 주문받는여자 불친절의 끝판왕이네요.  오너분께서는 손님에 대한 매너교육부터 다시 시켰으면 합니다,인테리어와 조명이 멋스러워요! 의자와 테이블이 나무로 되어 있어서 깔끔은 한데 딱딱해요:) 매장도 넓어서 스터디하기에도 좋을것 같아요,엔젤스 쉐어 케익 갠적으로 넘 맛있어요:),넓네요 ㅋ 입구는 영화관 입구같음,커피 맛집요 합정이랑 제주도 좋아서 연희점도 와봤는데 역시 커피 좋아요 커피도 가져다 주심 물론 친절하세요,레몬티랑 라임파운드 맛있레먹었어툐,"산미 있는 맛있는 커피를 맛볼 수 있습니다. 인테리어 특성상 자리가 편안한 건 아닌데 특유의 분위기 때문에 계속  방문하게 되네요. 비나 눈오는 날에 가면 갬성있고, 노트북 들고 일/과제 등등 하기 좋은 곳입니다. + 화장실에 비데 도 있고 엄청 깨끗합니다. + 옆에 주차장이 있긴 한데 주말에 주차하기 힘든 편이라 도보/대중교통 이용이 편...",조용하고.좀 어둡다. 긴테이블이 시선을 압도한다. 공간의 미학이란 이런것이굿,매장 넓고 좋아요! 공부하시는 분들 많았지만 저처럼 그냥 오는 사람들도 많았어요. 앞에 주차장 있어서 차로 오기도,오랜만의 앤트러,2층에서 노트북 하기도 편하고 공간이 넓으니 탁 트여서 좋아요. 근데 노트북을 하시는 분이라면 기왕이면 낮에 오시기를 추천! 연희점은 처음인데 좋네요 음악만 너무 멜랑꼴리한 것만 뺀다면!,인테리어 훌륭~~ 커피도 맛있어요!,제가 애용하는 카페.😊🌿🌼☕📒,굿,커피가 맛있어서 가요. 직원분들이 따듯한편은 아닌것 같아요. 잘쉬다갑니다,굿,여긴 커피 찐맛집이에요 완전 미쳐써요👍👍 의자는 좀 불편하지만 커피 미쳤어용~~,커피 맛있고 이야기 나누기 좋아요,분위기 좋아요. 커피도 맛있고 주차도 발렛해줍니다,맛있어요! 주차도 해주시거 좋습니다~,케냐필터 요즘 타입답게 약배전이기는하나 너무 연하게드립되지는 않아 다행입니다 개인적으로는 박이추 선생님의 스타일을 선호하는 편이라,매장 넓고 주차 커피맛 모두 만족입니다,주차 하기도 편하고 좋습니다!😆👍,어두움,진짜 주차 너무 편해요 디저트가 생각보다 맛있어서 좋았어요  긴 테이블 너무 멋지네요,2층 자리맡고 나갔다오는 사람들.. 카공하시는분들이많아서.... 자리도 안나고... 좀불편해요...  커피는 맛있어요,카페가 추워서 외투를 벗을 수가 없어요~~갈수록 일하시는 분들도 투명스럽고 ㅠㅠ,주말에 가면 별로지만 평일에 가면 사람도 많이 없고 집중도 굉장히 잘되고 좋습니다,:),굿,제가 애용하는 카페 연희점 앤트러사이트입니다~* 오늘 제가 시킨 음료는 따뜻한 카페모카입니다~* 앤트러사이트 에서만 맛 볼 수 있는 카페모카 맛이 너무 좋고 원두는 파블로 네루다를 선택했을 때 더 맛있더라구요~* (원래는 안 되는 데 바리스타님께서 배려해주셨어요~* 정해진 원두 셋팅이 있거든요~***) 앤트러 카페모카는 직접 만들...,굿,작업하기 좋아요.,4년째 오고 있어요,커피맛집 검색으로 찾아갔는데… 문 닫았나? 싶었어요. 1층이 완전 어두컴컴하고 간판도 안 보이더라구요. 1층 대 형 로스팅 공간으로 공장느낌이 들어서 기웃거리는데 (손님1도 없었음) 마침 다른 분들이 들어가시길래 따라 들어 가 주문. 2층이 있다길래 올라가 봤더니 사람들이 꽤 있었어요. 역시 분위기도 어두컴컴.. 컨셉이겠만… 좌석...,2층 가는 구간이 어두워서 2층에 뻥뚤린 뷰가 좋습니다📌 음료랑 빵이 맛있는 건 덤,조용하니 공부하긴 좋을것 같긴 한데 수다 떨기엔 2층보다 1층이 더 좋을듯 해요  개인 테이블은 없어용~,주차가 편하고 분위기 좋아요,조용하고 노트북하기엔 좋은데 너무 어두워요. 그래도 집중하기엔 좋은 카페.,매장이 넓어요,원래 엔트러사이트 좋아했는데요.. 최근에 구매한 케냐aa원두는 별로였습니다..,어두워요,좋아요,비오는 날에도 또 방문하고싶어요  통창이 너무 예쁜 카페,커피나쁘지않았어요. 친절한지는모르겠어요!,라떼 넘맛있어요~,주말오전시간대라 조금은 한가해서 더 여유롭게 커피 마실 수 있었어요! 의자가 불편해도 커피가 맛있고 대화하기 좋은공간이라 좋았어요! 얼죽아인 제게도 카페라떼가 환상적으로 맛있었어요>_<!,너무 맘에 듭니다.,매번 지나가면서 궁금햇는데 분위기 좋네요! 가격대는 좀 있는 편이네요,앤트러사이트는 정말 공부하거나 작업하기 좋은 공간입니다. 커피는 맛있고 분위기도 좋고 특히 노래 선정이 마음에 드는 곳입니다.,매장이 넓고 깨끗해요. 커피 정말 맛있어요~!!,분위기 너무 좋고 플레이리스트도 좋고 ~~ 서울에 있는 엔트러사이트는 전부 돌았네요 돋보적,굿,첨에 멋도 모르고 들어가서 분워기가 특이해서 두번 세번 가다 가족 하고 같이 갔었는데 주말이라 사람많고 시끄럽고 일하는 사람들은 힘들어서인지 무표정에 이 음료가격에 제대로 서비스 누리지도 못하고 차만 마시고 나왔는데 웬 주차비를 받는지 ~~어이가 없는 하루 없어서..,"또 가고 싶은 곳, 공부하기 좋아요.",bb,자리가 힙해보이지만 뭔가 불편함;;;,굿,커피 맛있어요,굿,분위기가 좋고 맛있어요.,좋아요,,,,,,,,,,,
에브리띵베이글,1588980015.0,연희동 베이글집 북촌 ㅇㅇ베이글보다 맛있다는 소문이 자자해서 급 궁금해진 집이다 늦게 가서 많이 남아 있진 않 았지만 크림과 베이글 그리고 샌드위치 사봄 어제 샌드위치만 먹어본 결과로는 글쎄요 잘 모르겠다이며 샌드위치  비싸다임 오늘 구내식당이 쉬는 관계로 도시락을 시나몬베이글로 싸가는중인데 진짜 ㅇㅇ베이글보다 맛있기...,겉은 쫄깃하고 속은 부드럽고 여기 베이글 진짜 맛있어요! 일하시는 분들도 엄청 친절하신데 주문하고 앉아서 먹는 데 베이글이 순식간에 없어지네요ㅎㅎ 사장님께서 미국에 계셨다고 하시던데 외국인들도 엄청 많이 오는 찐맛집이 에요! 다음에는 더 일찍와서 다양한 베이글을 먹어보고 싶네요😋 또 오겠습니다✨,너무너무 맛있는 베이글집이에요 역시 유명한 이유가 있네요,"2시정도에 방문했는데 사진에 있는 게 전부였고 다 품절이었어요 그래도 포장하는 손님들이 계속 들어오더라구요  프레츨, 호밀 에브리띵 구매했는데 프레츨은 퍽퍽하고 짭짤한 맛이 정말 프레츨같아서 신기했고 호밀에브리띵은 깨 맛이 고소하면서도 양파같은 향이 나서 심심하지 않아 좋았어요 다음에는 샌드위치도 먹어보려구요",베이글에 크림치즈는 사랑이라지만 이곳의 베이글은 그냥먹어도 맛있어요. 반 가른 상태로 토스터에 살짝 구워서 커피랑 먹으면 극락.,"제 최애 베이글집 ㅠ 집앞에 있어서 얼마나 행복한지 ,,,,,, 우하하 쫀득하고 맛있어요 크림치즈는 호두베이글이 최고 매주말마다 먹기 꺄올","크림치즈&룩스 베이글은 짭짤한 프레즐로 변경했고 신선한 숙성연어, 토마토, 적양파에 고소한 쪽파크림치즈의 조 합이 잘 어울렸던 베이글 샌드위치. 최대한 맛있게 먹기 위해 매장에서 바로 먹어서 더 맛있었어요 베이글 4종은 포 장해서 집에 가서 먹었는데 꽤 시간이 흘렀는데도 맛, 식감이 그대로였음 김치즈, 김치시즈닝에 치즈가 조합...",가격이 조금 비싼 느낌이지만 넘 맛있게 먹었습니다 베이글이 쫀득하고 주문 후 빠르게 나와서 좋았어요,선물이랑 베이글 같이 줬는데. 넘 맛있어요~,통밀 에브리띵에 크림치즈 쪽파 맛있어요👍,쪽파 크림치즈 너무 맛있어요. 베이글 자체도 ㅠㅠㅠ!! 짱👍🏻✨,"옛날 이불집과 맛난 커피집 사이 뭔가 언발란스한 위치에 깜찍하게 자리한 베이글집. 쫄깃한 반죽의 베이글도 맛있지만 메이플월넛이랑 쪽파크림치즈도 따뜻한 베이글에 쓱쓱 발라먹으면 참 잘 어울려요. 규모는 작지만 맛은 평범하지 않은, 작지만 강한 곳","레인보우와 양귀비씨 맛이궁금했는데, 양귀비씨는수급이안되서 판매가안되고있고 대신건토마토구매했는데 괜찮 아요. 생각보다퍽퍽하고수분기없어요. 전통베이글보다빵같은베이글같아요. 개인적으로 마더린더가더맛있는것같 아요.",주말 문닫기 한시간 전쯤 가니 남은 베이글이 얼마 없어서 아쉬웠어요 예전만큼 쫀득한 맛은 없어진듯 하지만 크림치즈랑 베이글이 저렴한 편이라 부담없이 즐길 수 있는 집이에요💛🧡,베이글 하나로 든든해지는 곳!! 다양한 조합으로 먹을 수 있어서 더 행복해지는 그런 동네맛집이에요~,쫀득쫀득 맛있는 베이글 주말엔 무조건 먹어주기,쫄깃한 베이글이에요 크림치즈 맛나요,쪽파치즈크림은 언제나 맛있어요 어떤 베이글에 발라먹어도 다 맛있어지는 마법 이전보다 약간 빵이 딱딱한것같지 만 여전히 밀도높고 맛있어요,서울 연희동 베이글 맛집으로 유명한 에브리띵베이글! 쫄깃하면서 담백한 베이글에 다양한 크림치즈까지 곁들일수  있고!! 브런치로 먹기에 든든한 베이글을 이용한 샌드위치 종류도 다양해서 골라먹는 맛도 있는 에브리띵베이글🤎  매장내부는 협소해서 테이블은 2개뿐 ㅜㅜ 자리있으면 매장에서 드시고 가시는걸 추천해용!,"✅베이글이라면서 모양만 베이글이고 전혀 맛이 없는 빵을 너무 많이 먹어온 제게 미국에서 매일 아침으로 먹던 베 이글과 가장 유사한 맛을 맛보게 해주었어요…✨ ✅이번엔 펌퍼니클 베이글 먹었는데, 아주 고소하고 빵은 쫄깃쫄 깃 정말 제대로 된 베이글이었습니다! 베이글 빵 자체를 느껴보고 싶어서 크림치즈 없이 단독으로 먹어봤는데...",맛있는 베이글 강자 👍,일찍 닫아서 칼퇴하고 가야 살 수 있어요 ㅎㅎㅎ 프레첼 프레즐 먹었는데 맛있네요 단짠단짠 밀도있는 베이글! 호두  크림치즈도 좋아요 언제 또 사러 가야죠~,이탈리안잡은 처음 먹어보는데 뜨끈뜨끈하고 베이글 맛있고 거기에 블랙커피 잘 어울리고 1개만 먹어도 든든했어요,굉장히 밀도있고 쫄깃한 편 벼르고 벼르다 드디어 다녀옴 맛있다 또 갈거다,"베이컨 에그 샌드위치 먹었는데 웬걸,,바로 나오자마자 먹으니깐 겉바속촉에 계란과 치즈가 부드럽게 감싸며 베이 컨이 들어오면서 다소 심심할수있는 맛을 단짠 조합으로 이루워지면서 입안을 조화롭게 만들어주네여! 통밀 에브리 띵 베이글로 선택했는데 고소하며 약간의 불향? 스모크한 맛도 나면서 잘 어울렀어요! 다음에 기회에 된다면 ...",괜찬항요 ㅋㅋㅋ 몇 년전에 인스타에서 핫해서 다시 가봣어요 이번에,"아주 근본적인 뉴욕 베이글을 맛볼 수 있는 곳입니다. 베이글과 크림이 맛있으니 그냥 먹어도 좋고, 샌드위치로 먹으면 더 좋아요. 가게 규모는 작지만 맛의 퀄리티는 아주 단단한 집입니다. 항상 맛있게 먹고있어요. 감사합니다:)",베이글 맛집 인정... 진짜 샌드위치도 너무 맛있었고 베이글 자체로도 너무 맛있었어여ㅠㅠ여기 자주갈거에여 꼭 가서 드셔보세여ㅠㅠ,베이글 맛있어요 친절하세요,(강아지 데려올수 있으나 테이블이 두개뿐) 베이글 맛있고 블랙커피도 맛있어요. 베이글 샌그위치 굿,^^,요즘 유행하는 말랑이 베이글을 안 좋아하는 저의 취저였어요. 묵직하고 밀도있고 쫀득한! 크림치즈도 저렴한 편이고 베이글도 다양해요. 아보카도 캐나다는 진짜 훈연한 연어가 들어가 향이 독특해요 일반 연어를 기대하시면 록스 추천드립다! 가까우면 자주 가고 싶어요 엉엉,겉바속촉 베이글 맛있어요 ㅎㅎ,여기 베이글 좋아요,기본 베이글도 맛있고 양파도 맛있어요..또 먹고싶은 맛,"신촌과 연희동 통틀어서 만날 수 있는 베이글 중 가장 높은 수준의 베이글입니다. 베이글 자체도 맛있지만, 샌드위치의 퀄리티도 매우 높아요. 방문할 때마다 그 맛에 놀라네요. 맛있게 잘 먹었습니다:)",드디어 3대베이글 다완주,베이글 맛집♥♥,"쫜득쫜득!  크림치즈는 파, 시금치 베이컨이 맛남",뉴욕파스트라미 너무 맛있어요😋,베이글 종류별로 크림치즈도 종류별로 듬뿍 발라서 먹으니 막 들어가네요 ㅎ  쫀득한 식감의 베이글 맛있네요,베이글과 크림치즈는 정말맛있는데 파스트라미 샌드위치는 고기가 너무 질기고 잡내나고 정말 먹기가ㅜ힘들 정도였습니다.오늘만 그런건지는 모르지만 다음부터는 베이글과 크림치즈만 시키려고 합니다.,인기 많길래 와봤어요! 맛있으묜 좋겠네요,"뉴욕스타일 배이글 먹어보고 싶었는데 친구추천으로 사먹어 보았어요. 크림치즈 파맛으로 먹었다가 반해서 배부름에도 우걱우걱 한 자리에서 다 먹었고, 4개 베이글을 더 구매했어요! 다 먹으면 다음에도 또 올 예정입니다.",베이글 좋아해서 방문했어요^^,유명하다고해 시나몬건포도+플레인 크림치즈 주문,정말 베이글 맛집입니다,아점으로 베이글 먹으러왔는데 근처 잠깐 주차가 안돼서 좀 힘들었어요! 베이글 엄청 신선하고 맛있었어요 딱 정통베이글 느낌! 잘먹었습니다아 😀😀,연희동에서 유명한 베이글집. 쫀득하고 밀도있는 스타일. 테이블이 두개있고 베이글 만드는 공간이 넓게 있어요.,연희동 베이글맛집 !  너무 맛있어서 식단할때도 종종 방문합니다 💛,베이글이 쪼올깃쫠아아알깃함,베이글 사다가 그릭요거트랑 먹었는데  너무 맛있었어요 :),맛있어요,밀도가 높고 쫄깃한 스타일 베이글 좋아하시면 꼭 드셔보세요 정말 맛있습니다  유명세에 비하면 가격도 나쁘지 않아요 그리고 항상 친절하셔서 기분이 좋습니다 !,"시나몬 레이즌 +메이플 호두 5,000원 매장에서 먹었는데 빵이 따땃하니 쫀득하고 맛있어요. 매장은 협소한 편이었 어요. 테이블 두개 정도 친절하시고 빵이 맛있슴돠",하루 지나도 묵직쫄깃 맛있어요!! 묵직한 베이글 식감 좋아하는 분들에게 추천합니다. 또 가면 사 올 것 같아요 🥯🥯,눈 오는날 찾은 에브리띵의 외관은 너무 이뻤습니다! 시나몬베이글에 메이플호두크림치즈 선택했습니다. 살짝 토 스터해서 크림치즈를 듬뿍 발라주시고 포장도 꼼꼼하게 해주시네요. 점심으로 반쪽먹고 반쪽은 저녁에 먹었는데  시간이 지났음에도 정말맛있었어요. 또 사러갈게요~,가격도 적당합니다. 🥯 도 괜찮습니다. 양귀비 베이글 좋습니다. 프레첼의 소금도 좋습니다.,여러가지 토핑으로 베이글은 한끼 식사로도 손색이 없네요^^ 샌드위치는 먹으니까 건강해지는 느낌 쑤---우기의 드네요 👍,베이글 맛있음 멀어져서 못가는게 아쉽ㅜ,굳,베이글 전문샾! 발견!! 다양하고 건강한 호밀.통밀 종류별로 있어서 맘 놓고 먹을수 있어 다행!!,베이글 맛집이라고해서 들름.  맛있네요,빵이 쫄깃하네요. 직원분들 친절도는 그닥...,베이글 정말 맛있어요.,그냥 말랑한 베이글이 아니고 쫀득쫀득해서 좋아요. 부드러운 스타일 좋아하면 안 맞을 수 있어요.,뉴욕온기분 다 맛있당!,최애 베이글집,베이글 맛집입니다 플레인 기본으로 맛있고 크림치즈 골라서 빨라요 먹으면 최고,맛있게 잘 먹었어요. 근데 주문 받으시는분이 매우 귀찮은 내색을 보이시면서 우물우물 말씀하셔서 절반은 무슨말인지를 모르겠더라구요.,최고로 맛있어요!!!!!,맛있네요. 하지만 요즘 베이글집들 다 이정도 맛이기에 굳이 일부러 멀리서 갈필요는 없다 싶네요.,유명한 이유가 있어도 ㅠㅠ 베이글 진짜 짱맛,"베이글 최고 맛집, 연희동에 살아서 행복해요.",맛있어요,👍,맛있었어요.  역시 핫플은 비싸군요^^,테이크아웃 전문이지만 매장 내에 테이블 2개가 있습니다. 테이크아웃 손님이 끊이지 않음. 홀 식사 우선이 아니라 서 테이블이 항상 깨끗하고 그러지 않음. 블랙커피는 2천원에 셀프로 따라 먹는 고에요. 통밀 베이글 맛있어요.,연희동 베이글 맛집이예요,집이 근처였으면 자주 갈것같은 베이글 맛집이에요,에브리띵스 베이글 🥯🥯🥯🥯  연희동 유명한 베이글이죠 !!,베이글샌드위치 종류 다 괜찮은데 블루베리 베이글+메이플크림치즈 조합도 좋네요,어니언 에브리띵에 크림치즈 플레인 블루베리 포장해와서 먹었어요!,파피씨드가 잇어요! 친절도는 보통인듯합니다!,베이글 맛집!!!🥯,맛있어요! 미국에서 먹는 기분입니다🥯😋,유명하길래 궁금해서 가봤지만 평소에 베이글을 잘 안 먹어서 그렇게 큰 기대는 없었는데.. 한 입 베어 먹자마자 미 소가..🫢 너무너무 맛있어요 왜케 맛있죠..? 이렇게 안 딱딱하고 안 찔기고 쫀쫀 고소한 베이글은 처음이에요.. 쪽파 크림치즈도 jmt🫶 크림치즈앤락스 메뉴 잘 고른 것 같아요ㅎㅎ😚 다음엔 다른 베이글하고 샌드위치도 먹어...,아보카도 캐나다 진짜 대존맛,왜 사진이 없는지 모르겠디만 이동네가면 꼭 두세개 사와서 집에 쟁여둔다. 괜찮은베이글집,애부리띵 베이글 샌드위치먹으러 항상 연희동까지 가기 귀찮지만 꼭 갑니다!! 존맛,"포장해도 맛있지만, 매장에서 바로 먹으니 따뜻하고 맛있네요. 매장에서 커피는 리필 가능",크리치즈앤록스 (연어베이글샌드위치)ㅎ 먹고싶어 갔는데 여전히 베이글이 많이 빠졌더라구요~ 맛집인증👍 샌드 위치 가격은 좀 있지만 크림치즈랑 너무 잘어울려 맛있어요~,무조건 생각나는 맛! 거추장스럽지 않은 베이글 본연의 맛! 매장 분위기도 감성있습니다.,맛잇어요,"여기도 워낙 추천을 많이해줘서 갔는데, 너무 맛있었어요. 베이글자체도 맛있는데, 크림치즈나 샌드위치도 직접만 들어주셔서(샌드위치 재료도 주문후 조리) 같이 먹으면 더 좋아요. 베이글종류도 다양해서 취향것 고를수 있어요. 무지개베이글은 주말만 나온대요! 가게는 조그마하고 자리가 두개 정도 밖에없어요. 가게앞에 주차 불가합니...",아보카도 캐나다..? 샌드위치 맛있어요! 훈제연어를 제대로 느꼈던... 에브리띵베이글 처음먹어봤는데 매우 쫀쫀한 것이 특징인거같습니다. 넘 쫀쫀해서 제입맛에는 속내용물들이 부드럽게 먹는게 나을거같단생각이들어요! 다음엔  에그베이컨?고걸로 먹어보고싶네요! 근데 물가많이 올라서 13000원이라것이 후덜덜하네요! 그래도 맛있게 ...,그저께도 오고 너무 맛있어서 또 왔어요! 뉴욕 같아요!! 선곡도 완전 제 쓰따일🥯🎶,오랜만에 방문했는데 베이글이 예전만큼 맛있지 않네요...,"뉴욕에서 베이글을 마스터 해온 사장님들이 만든 베이글 가게에요! 베이글과 크림치즈 조합이 다양한데 양파베이글에 쪽파와 뉴욕 파스트라미(숙성소고기, 치즈, 머스타드)로 먹었습니다. 확실히 현장에서 직접 크림치즈 발라서 구워달라고 하시는 게 훨씬훨씬훨씬 맛있어요! 김치나 무지개, 양귀비씨 등 다양한 베이글이 많아서 신기했어요",연희동을 가면 들리는 베이글집!! 너무 맛있어요.,아침마다 생각나서 재방문 했어요. 진짜 맛있어요!!,아주 맛있는데 매장이 좁아서 포장했어요. 꿀맛입니다!!!,강추추추추추!! 연희동 왔으면 꼭 가서 사야해요 조금 사와서 후회 ㅠㅠ,포장했는데 기대돼요! ㄹㄷ베이글보다 맛있을지..,맛있어요,"이탈리안 잡( 이탈리안 소시지, 파프리카,양파,바질페스토,썬드라이토마토) 먹었어요~ 이탈리안 소시지가 단백하고 밀도높은 버거 패티 같네요. 제 취향은 아니지만 맛 있어요! 다음에는 다른 샌드위치 먹어볼래요. 통밀베이글 호밀베이글 있어서 좋아요~",베이글 맛집 여전하더군요~,베이글 종류가 정말 다양하고 맛있어요  다음날 에프에 돌려 먹었는데도 맛있네요👍🏻,베이글 진짜 맛남👍🏻 엄청 쫀쫀한 스타일인데 취저!! 특히 프레즐 존맛 ㅎㅎㅎ 쪽파크림치즈도 꾸덕하니 맛났음☺️ 직원분도 친절하고 굿  담에가면 마니 쟁겨오고싶음!!,
금옥당 연희점,1214851981.0,모임에서 선물할 몇가지 상자포장제품과 병음료 구입했어요. 언제나 맛도 한결같고 친절하셔서 감사~ 그리고 오늘보니 쌍화차 토핑과 설탕포장 색깔구분이 되어있어서 건의드린 사람으로서 너무 감사했습니다~,양갱 맛집이라면서요..다들 딸기빙수 줄서서 먹길래-저도 우우 빙수먹으려고 줄 서봤는데요. 매장에 들어서자마자  한약재 냄새가 솔솔😳 감기 기운도 있고해서 쌍화탕 먹어봐야겠다 싶었는데 쌍화탕 왜이렇게 맛있는데요??☕️ 잣  대추 호두 견과류가 들어가서 씹는 맛두 있구용💓 팥이 많이 달지도 않고 우유빙수랑 딱 어울려요👍🏻,금옥당 내 달다구리 거북이 귀여워서 깨물어먹을려고 들어갔습니다🤤🤤🤤역시 맛도리 역시 양갱 최고 너무좋아요,일요일 19시 30 방문. 웨이팅이 있어서 이름 써놓고 그 앞에 골목 한바퀴 돌고 왔더니 그 새 이름을 박박 지우시고 다 른 손님(모녀) 먼저 받으신………. 심지어 저희보고 본인들 강아지 좀 봐달라며 (?!) 쿨하게 입장하심^^ 거기다 서 울빙수 sold out이라 어쩔 수 없이 생강빙수 주문. 달지않고 쓰지 않고 생각보다 맛있어서 화가 풀림 !,목요일 19:30 방문. 만석 ! 서울빙수 열심히 먹고있는데 갑자기 새가 날라왔어요! 안에 계신 손님분들 다 놀라고 저  또한 소리 꽥 지르고 아주 깜짝. 새가 더 많이 놀란 듯 한데…. 그래도 남자 직원분께서 침착하게 오셔서 새 잡아주 시고 날려보내(?!) 주셨어요! 맛있게 잘 먹었습니다:),주말엔 웨이팅이 좀 있어요ㅠㅠ 더워서 기다리기 힘들었지만 기다린 보람이 있었어요! 매장이 되게 협소할 것 같은 데 안쪽에 테이블도 꽤 있고(4-5개 정도) 무엇보다 아늑해서 너무 좋았어요! 느낌있는 인테리어..🥲👍🏻 팥 별로 안  좋아하는데도 여기 팥은 맛이 괜찮더라구요 많이 달지 않구요! 클래식한 옛날 빙수 느낌이에요 우유 얼음은 ...,인테리어도 특이하고 쌍화차는 좀 진해요 양갱은 달지 않고 맛있어요 너무 예뻐서 선물하고 싶어요,팥빙수 맛있어요! 딸기보다 팥빙수가 더 맛있어요~,팥빙수도 생딸기빙수도 맛있어요~,20:10 도착. 20:30 라스트 오더인데 못먹을 수도 있다 해서 초 긴장 ㅠㅠ 20:25에 자리가 나서 극적으로 앉아서 생강 빙수 호로록 하고 20:40 퇴장 !  직원분들이 참 친절하십니다 !,인생빙수에요!! 생딸기 빙수라니^^ 저번부터 엄청 먹어보고 싶었는데 드뎌 가봤네요! 생딸기 듬뿍 올라간 우유빙수 에 연유도 넣고 안에 딸기가 들어가져 잇어서 딸기 진짜 상큼하고 맛있어여! 서울빙수는 팥이 달지도 않아서 너무 맛 있네요!! 계피빙수를 판매하는데 먹어보진 않았는데 카페안에 계피향이 많이 나서 좋네요! 담에 먹어볼떼요~...,우유생강빙수...진짜 제 인생 빙수입니다 너무 맛있고 부드럽고 포근한데 시원해요...🥹 다음에 오면 단팥도 추가해서 수정과랑 같이 먹어볼 거예요 상상만 해도 잘 어울릴 듯🥰,단팥죽.. 정말 곱게 갈려있어요!! 너무 맛있어요,녹차양갱을 시켰어요~ 팥양갱 맛도 궁금하네요 매장이 생각보다 아담해요 하지만 고급진 분위기라 힐링되네요,지인이 추천해줘서 갔어요 좌석이 몇개없어서 그런지 기다리는 시간이 좀 있더라구요 20분정도 기다린거 같아요 까페가 넘 깨끗하고 좋네요 팥빙수 맛도 넘 좋았어요 다음엔 양갱도 사려구요 종류가 어마어마 하더라구요,갖고싶다 금옥당,팥빙수와 딸기빙수~~ 양갱전문점~~ 여름대표 메뉴 일단 팥이 너무 맛나요~~ 주차는 인근 유료주차장이용~,겨울 저녁에 방문했는데 딸기빙수는 이미 품절이었어요 그래도 겨울이어서 웨이팅 없이 왔지 여름엔 맨날 대기 있 어서 못 갔었어요 - 서울빙수: 고운 우유얼음인데 우유에 생크림을 섞었는가 싶은 크림 맛이 나요 떡도 맛있네요 - 금 옥팥죽: 맛나요 설탕으로 달기 조절 돼요,"추석 전날이었는데 가게안에 손님이 하나도 없더라구요(이런 날도 있구나 싶었음). 추석선물구입했습니다. 명절즈 음엔 단품주문이 안된다는 거, 4구랑 6구 맛을 선택하지 못한다는 거… 명절대목이라 이해는 하지만 기분은 별로였 달까요😅 그리고 늘 반복해서 친절하게 설명하시는 내용 잘 듣고 있습니다만 매~~번 똑같은 내용 반복하시...",양갱도 맛잇고 선물하기도 좋아요,팥 앙금이 담백 고소하고 정말 맛있어요 프렌차이즈 팥빙수는 제 입맛엔 좀 달다 싶어서 덜 단 오리지날 팥빙수를 찾 다가 금옥당 방문해봤는데 매우 만족합니다 !! 위에 얹어진 팥 앙금 외에 안에도 앙금이 있어서 넉넉하게 드실 수 있 어요 양갱도 매우 부드럽고 너무 달지 않아서 딱 좋았어요 여러가지 맛이 있어서 선물포장해서 어르신들 선물...,"부모님 선물용으로 샀어요! 선물드릴것 치고 가격도 적절하고, 고급스러워서 만족스럽습니다!",또 또 마음이 급해서 한입먹고 아차차 하고 찍은 사진 입니다 새로 나온 딸기빙수 너무 예쁜데 철이 아니어서 그런 가 딸기가…너무 셔욧😖 우유빙수 부분은 여전히 맛있었습니다 다음엔 팥죽 먹으러 올게요!,지나가다 입간판 보고 홀리듯이 들어갔어요ㅋㅋ 진짜 너무 맛있었어요!!! 대기가 좀 있었고 마감 직전이라고 하셔서 고민했는데 그냥 갔으면 후회 할 뻔 했습니다ㅜㅜ 딸기도 맛있고 빙수도 일반 얼음이 아닌 우유인가요?! 그냥 먹어 도 너무 맛있더라구요ㅠㅠ 그리고 팥도 추가해서 곁들여서 먹었는데 여기 팥 맛집이네용😍 너무 달지도 않...,너무 맛있어요!!,전통찻집 요즈음 젊은이들 취향에 맞게 청결 상큼해서 좋았어요,"원래 양갱으로 유명한곳이예요. 더워서 팥빙수 먹으러 왔는데, 30분 웨이팅하고 들어온 보람있네요. 팥이 엄청 많아요. 좌석도 편안하고 더위 식히고 잘 쉬고 갑니다~^^","줄서는빙수맛집, 시종일관 눈에 띄는 수제양갱 아빠선물로 한박스 겟","연희동 돌아다니던 중 수제 양갱집이 뙇! 궁금해서 들어갔다 맛별 소개도 잘 돼있고, 패키지도 넘 예뻐서 안 살 수가 없었어요! 저는 제주녹차와 공주 밤 양갱 샀는데 밤은 큼지막한 밤 그득그득 들어있고 밤 맛, 녹차 맛 모두 아주 진하게 나서 정말 맛있게 먹었어요💓",여기 팥맛이쪙~~,"맛도 좋고 포장도 정성스러워요. 하나 건의를 하자면— 쌍화차를 사면 안에 설탕 하나와 과 토핑 세개를 넣어주시는 데, 가능하면 설탕과 토핑포장 색을 달리 해주시면 좋겠어요. 똑같은 은색비닐포장인데 늘 파우치에 넣어주시면서 이건 토핑이고 이건 설탕이라고 설명해주세요. 몇년째 똑같은 설명을 들으면서- 포장색만 달라도, 혹은 하나...",팥죽과 팥빙수 좋아요,잘 먹었습니다. ^^,팥빙수가 진짜 맛있네요 웨이팅 있긴 한데 금방 금방 빠져요,완전 빙수 맛집! 팥빙수도 고소하고 겹겹이 팥이 듬뿍 들어있어 맛있어요 하지만 딸기 빙수가 더 더 맛나요 생딸기 가 싱싱하니 안에도 가득~ 연유 듬뿍 부어 먹음 최고에요!!,어르신들 선물용으로 이만한게 없는 것 같습니다. 선물셋트 구성도 좋고 포장도 딱이에요.,추석선물로 구매했어요 어르신들께 선물하기 좋네요 ㅎㅎ,선물하기 좋은것 같아요 웨이팅 있어요 들어가보니 자리가 많이 없드라구요 ㅠㅠ 팥빙수 맛있어요~ 배 안부르면 1 인1빙 하거 싶음,양갱맛집이예요. 빙수먹고 싶었는데 대기가 길어서 못먹었어요.,"금옥당 원래 양갱먹으러 좋아했는데 세상에ㅔㅔ 빙수 존맛 (´,,•﹃•,,｀) 긋","직원들도 항상 밝고, 분위기도 너무 좋고, 주말엔 붐벼서 평일에 자주 오는데 음료도 맛있고, 특히 딸기빙수 딸기양 미쳤따리.....",맛있어서 지인들 델고 계속 방문 중! 오늘은 딸기가 좀 많이 시네요 단팥 추가해서 드세요~~,양갱 종류가 다양하고 선물 하기 좋은것 같아요,수정과가 진하고 맛있어요~,금옥팥죽도 넘 맛있고 안달고 알갱이 씹혀서 좋아요 빙수도 설*하고는 달라요 맛있어요 공주밤양갱도 안달고 맛있어요,팥빙수 맛이 좋아요👍,수제양갱파네요,직원이 너무 불쾌하게 굴어서 두번 다시 오고 싶지 않습니다. 요즘 카페들 불친절한 곳 많다지만  여기 만큼 손님들한테 무례하게 굴면 가게 얼마나오래 갈수 있을까 싶습니다,맛있지만 비싼 양갱이에여,예쁘고 맛있어요~,양갱이 부드러워 입에서 살살 녹네요. 맛있어요!,팥빙수가 맛있고 양갱 선물하기 좋아요,딸기 빙수 먹었는데 아늑하고 좋았어요!,진짜 이동네 주차는 헬인거 아시죠? 차갖고 오지 마세요 ㅠㅠ 그리고 딸기빙수는 품절이 빨리 되어요 ㅠㅠ 일찍 오 시지 않음 못드실 가능성이 높답니다 ! 테이블이 4-5개정도라 웨이팅이 있을 수 있어요^^ 빙수는 정말 건강한맛이 에요~! 아이들에게 건강한 빙수 먹이고 싶어 왔는데 좋아하네요~~! 담엔 더 일찍와서 딸기빙수 노려보려구요 :),선물용으로 구입하고자 갔는데 매장엔 웨이팅이 있었어요,선물하기 넘 좋아요 빙수도 맛있어요,선물용으로 딱이에요 패키지도 너무너무 예뻐서 명절때 어른분들께 선물하기 넘 좋네요ㅎㅎ,생각보다 너무 맛있었어요!!! 진짜 팥앙금이 정말 정말 맛있었어요 ㅎㅎㅎ,중간에 팥이 한번 더 들어있어서 좋아요👍,"서울빙수추천, 딸기철이 아니라 시럽은 새콤달콤 맛있는데 딸기가 약강 밍밍 연유는 많이 달지 않아서 좋음 좌석이  많지않아 대기필요 화장실 깔끔, 공용 양이 많지 않아서 좀 아쉽지만 남기는거보건 나은거같긴함",딸기빙수 ! 맛잇어용 철이 아니라 딸기가 신데 ㅜ 갸율에 먹으면 맛잇겠다..,팥빙수 맛있어요 오미자차도 새콤달콤시원해요 양갱종류가 다양해요 먹을수 있는 매장좌석수가 얼마 안되서 대기해야해요 주차할 곳 없어요,"연희동칼국수 먹고, 양갱 먹으러 금옥당 방문. 만석이라 포장했습니다. 구매방법 독특. 맛은 있으나 가격이 높은편 입니다. 고급스러운 재료를 사용했겠죠.",보성말차양갱 먹었는데 많이 달지 않고 말차 맛이 진하게 나서 좋았어요!!,존 맛,선물하기 딱 좋습니다. 오미자 차도 새콤하니~~ 맘에 들어요.,좋아요,서울빙수 옛맛이에요. 양갱에 재료맛이 살아있어요,매장에 들어서자마자 한방 냄새가 가득했어요 ㅎㅎ 내부가 완전 한국적이고 예뻐요 ! 양갱 포장도 예쁘게 되어있고요 👍 직원분들도 친절하셔서 더 좋았어요 🥰,분위기있어요 !,빙수 맛집이라거 갔는데 수정과도 너무 맛나요,서울빙수 눈내린우유빙수에 통단팥이 너무나 어울리고 맛있네요.,수재양갱 전문점이라 포장마저도 너무 이뻐서 버리가 아까워요. 근데 양갱맛은 생각보다 평범해요. 방부제 안들어 간맛으로 먹어요. 단맛은 굉장히 약해서 그런지 탱글하지않고 살짝 푸석한듯한 양갱맛이에요. 포장이 넘 이뻐 선물 하긴 좋아요.,1인1빙 필수에여,다양한 맛의 양갱 선물하기 좋아요.,"늘 양갱 사러만 갔다가 차 마시러 처음 다녀왔어요! 안쪽 자리도 널찍하고 화장실까지 깔끔해요! 쌍화차, 수정과 등 전통차 메뉴가 많아서 어르신들 모시고 가기 좋았습니다🖤",빙수 맛있어요,예전에는 시식이 있었다고 하는데 없어져서 아쉬워요. 무난한 맛으로 골랐습니다. 통팥을 먹어 보고 곶감과 대추는 선물로 드렸어요. 담백하고 고급스러운 맛입니다. 예전에 어머니가 직접 한천으로 만들어 주셨던 맛이 나요.,특별한팥빙수가있다고해서 이연복식당목란가는길에 들러본카페... TV에도방송됐다는데 맛도있고 분위기도괜찮긴한데 기다리는사람들땜에 오래앉아있지못해아쉬웠고 선물용 양갱을판매하고있는데 가격이넘비싸고 포장비도 비싼것같아 쫌.....,우우우아,좋아요 찻집,늘 인사동에서 샀는데 연희동 골목에 있어서 반가웠다 한번 올라간 가격은 내려갈줄 모르고 선물용으로 좀 갖춰진 느낌이라 적합하다,서울빙수가 맛있어요,선물하기 좋아요,빙수 맛있어요~쌍화차 엄청 진함!,선물사기 좋아요,수제라 가격은 비싸지만 어른들과 디저트로 나누기에 좋습니다.,센스있는 어버이날 선물이나 이색적인 디저트로 너무나 추천할만한 양갱 전문점입니다. 각각 양갱의 원재료 맛이 도드라져서 질리지 않고 여러가지로 맛볼 수 있어서 좋아요.,좋아요,팥빙수 최애 맛집! 우유빙수가 찐맛탱,입구부터 퍼지는 건강향ㅎㅎ 달지않아 좋아요 인공첨가물이 없어 유통기한이 짧네요,시부모님 드릴 양갱 사러갔어요.  포장예쁘지만 보관이 힘들어서(상온에 4시간이상 두면 안됨) 세트 작은걸로 구매했습니다!ㅠㅠ 바로 먹어야할 것 같아서요~,쌍화차향이 가득한 카페네요. 조용하고 팥빙수가 달지 않고 맛있네요,굿,정갈하게 차린 음식을 먹는 기분입니다. 무방부제 양갱도 맛있어요.,맛나요,조금 가격대는 높지만 선물하기도 좋고  쌍화차가 맛있어요.,팥이 맛나요,굿ㄷ,꼭 가보고 싶은 금옥당에 드디어 방문했습니다 양갱 좋아하는 짝꿍에게 선물하고 식구들이랑 먹을 양갱도 구매했어 요 다양한 양갱이 있어서 고르는 재미가 있더라고요 맛있는 맛은 다음에 추가 구매하고 싶어요,많이 달지 않고 맛 종류 다양해서 선물하기 좋아요,좋아요,선물하기 좋음,항상맛있게. 먹어요,수제양갱 맛집 다양한 맛의 양갱이 있어요 개인적으로는 팥양갱이 최고~ 포장비와 얼음은 별도의 요금을 받아요,선물용으로 구입하기 딱이에요! 패키징 굿,,,,
본지르르 연희,1161125870.0,비오는날이고 퇴근 후 평일 저녁시간이여서인지 사람이 많지 않았고 조용한 분위기였어요! 연희동 끝자락에 있어 이 카페를 가야지 하고 맘 먹고 오지 않는 이상은 잘 오지 않게 되는 동네인데 유명한 이유가 건물과 인테리어가 멋 있어요! 커피 가격은 다소 비싼 편인듯 느껴지는 정도였어요. 라떼가 6천원이였어요. 다만 혼자 책을 읽거나 ...,"연희동카페 중 매번 왔다가 웨이팅있어서 일찍 왔더니 자리가 많아서 너무 행복했어요🫶 본지르르행궁점도 엄청 좋아하는 카페인데, 연희동에도 있어서 너무 좋아요! 인테리어도, 분위기도, 커피맛도 하나부터 열까지 모든게 완벽 한 카페 › ·̮ ‹ 최근에 성수점도 생겼던데! 얼른 본지르르 도장깨기해서 포스팅하는게 목표입니다!!! 정말 나만...","행궁동에 있는 본지르르 정말 많이 방문했는데, 본지르르 연희점도 기대를 져버리지 않네요 커피 맛은 물론이고 본지르르 특유의 아늑한 분위기까지 정말 최고예요 .. ♥  카공하기에도, 대화 나누기에도 모두 좋은 연희동 카페입니다!",명성만큼 본지르르를 찾은 사람들이 많았다 편안하고 멋진 인테리어에 눈을 바쁘게 하며 즐거운 시간을 보낼수 있었네요 커피와 음료맛도 참 좋았어요,"행궁동에 있는 본지르르 엄청 좋아해서 연희동도 방문했는데, 역시나 너무 힐링하고 좋아하는 카페에요:) 가을에 방문하면 행복해져요🍁🍂",좀 외진곳에 있어서 걸어야되는데 사람이 별로 없을줄 알았는데 웨이팅이 있더라구요 인테리어랑 가구도 너무 예쁘 고 분위기가 좋습니다 노트북하시고 책읽는 분들도 많아서 조용한 분위기이고 차분하게 대화하기좋습니다~ 커피 도 완전 맛있었어요 ㅎㅎ잔도 예쁘도 또방문하겠습니다!,평일 저녁이라 조용하니 좋았어요 ^^  커피고 디저트도 늘 맛남,재방문입니다. 비가 많이 오는 날에 언덕을 올라갔는데 웨이팅이 있는 거에요 일단 이름 적고... 자리가 언제날지 모 르겠어서 다른데를 갈까말까 고민하고 있었는데 웨이팅하는 분들한테 종이컵에 물을 따라서 주셨어요 그런 배려가  너무 좋아서 기다렸고 그날도 커피도 케잌도 분위기도 너무 좋았습니다! 또 갈게요,두번째 방문. 가기가 힘든 곳에 있다는거 빼고는 단점이 없음. 작업하기에 이만큼 좋은카페도 없을듯. 뷰도 좋고 음악 좋고 커피맛 좋고,커피도 직접 가져주시고 넘 친절하세요! 분위기 좋다고 연희동에서 꼭 가봐야할 카페라 해서 왔는데 정말이네요 근처에 있으면 자주 오고 싶을 거 같아요,친구가 추천해서 와봤는데 공간 힐링되고 조용하고 차 커피 마시기 좋은 카페입니다. 여자친구가 티가 맛있다고 좋아하네요. 직원분들도 친절하십니다. 연희동 갈때 또 들려볼 의향 100% 다만 언덕길이 좀 있는편이라 주차가 된다면 차를 이용하시는 것이 더 유용할것 같네요,평화로운 분위기가 좋고 커피도 넘 맛있습니다!! 주차가 안돼서 아쉬워요~~,"제 기준 완벽한 카페에요🥹 기대보다 예뻤던 외관과 야외공간, 문열고 들어가는 순간 향.. 너무 좋아요 우디한 허브 향인가 🪵🪴 그리고 너무 친절 1층 2층도 좌석 넓직 인테리어도 깔끔하고 사람 없는 시간대였는지 조용하고 너무 좋았어요 그리고 커피 한 모금마시고 그냥 조용히 넉다운🤍 제 입에 너무 고소하고 진한 라떼가 맛있었어요...","골목 사이 조금 높은 언덕 위에 숨겨진 카페였는데, 자리도 편하고 강아지와 함께 방문하기 좋았어요😄 강아지 물도 따로 준비해주셨어요👍","도넛때문에 알게된 본지르르. 그러나 도넛은 사실 그렇게 메리트 있는 맛은 아니였어요ㅠㅠ 다만 과일 한접시가 너무 귀엽고 올망졸망해서 좋았어요 :) 🍉🍍🍇 매장도 넓고, 인테리어가 무엇보다 너무 멋있어요! 연희라서 걷는 동선도 그렇고 주차도 조금 힘들지만 그걸 이겨내고 갈만큼 멋진 공간이였어요!",연희동 오르막 골목에 있어서 잘 안보였지만 딱 입구 보자마자 감탄했어요 외부도 매장내부도 정말 이뻐요. 조명도 분위기 맞게 잘쓰시는 것 같아서 구경하는 맛이 났습니다! 커피도 우유폼도 부드럽고 맛있었고 치즈케이크도 좋았습니다. 너무 꾸덕하지 않고 살짝 촉촉한게 좋았어요 재방문의사 있습니당💕,디저트 공간 분위기 너무 좋았습니다! 또 방문하고싶어요,제가 최애하는 카페예요 친절하고 겸손한 카페. 사람 많지만 공간 멋지고 커피 맛있고 식기도 예쁘고 2층까지 서빙도 해주고 디저트가 전부 존맛탱,아름다운 공간을 충분히 기분 좋게 즐길 수 있게 해주는 곳입니다. 마음이 편해지고 쾌적하면서 넓은데 분위기는 편 안하고 아늑해서 정말 좋아요. 아아 아이스초코 아이스레몬티 먹어봤는데 전반적으로 괜찮았어요.,언덕위에있어요. 집 개조? 해서 만들어진 감성카페 화장실좋아요 핸드워시가 르라보 바질 🎊🎉 커피 산미없고 좋 아요 고소합니다! 가는길에 친구가 땀을 많이 흘렸어요 ^^.. 더윤날걸어기기 조심 🐥🐥🐥,사실 커피는 쏘쏘였고 원픽은 스파클링 마리아주티! 원래 맛있는 티기도 하지만 스파클링워터랑도 찰떡! 카페 분위기도 좋았고 티 생각날땐 다시 가야쥐,교통이 편하진 않지만 찾아갈 가치가 있는 곳☕️ 커피도 맛있고 분위기가 편안했어요 다음에 또 오고 싶어용,분위기도 좋고 인테리어도 너무 이뻐요 날 좋은날엔 밖에서 수다떨기도 너무 좋아요! 바닐라빈 라떼가 정말 맛있는 곳이에요~ 어디서든 사진찍기도 좋고 1층 2층 분위기가 달라 더 좋은 카페!,조용한 연희동 골목에 위치한 본지르르✨ 커피도 산미가 적고 맛있었지만 사진 속 치즈케이크가 너무 너무 맛도리였어요😋,"너무 예쁜 공간이에요🙂💛 한적한 연희동에 있는 것도 좋았고 들어가는 순간 반갑게 인사해주시고 머무르는 동안 늘 따뜻하셨던 사장님들, 커피도 정말 취향저격에 디저트 과일 한접시와 도너츠도 너무 맛있었구요🫶🏻🍓🍇 세심 하게 신경쓰신 티가 느껴지는 정말 예쁜 공간이었어요. 연희동에서 아주 핫한 핫플이 되었구 오래 오래 사랑...",치즈케이크 대에에에에박 맛있어요😁👍 커피도 디카페인 원두도 있고 따로 추가금도 없고 심지어 맛있음.... 카페  뷰도 좋고 내부자리가 만석이라 야외 앉았다가 해지면서 좀 추웠는데 갑자기 가져다주신 따뜻한차🍵 세심한 서비 스에 감동했습니다🤭 직원분들도 너무 친절하고 기분좋게 머물다가요,"언덕위에 있어서 올라갈때 힘들었지만 가게를 보는순간 힘든게 다 날아갔어요! 단독주택을 개조해서 공간이 확트였고, 인테리어에 나무를 활용해서 멋지게 공간이 꾸며져있어서 사진 찍을 맛이 났어요! 커피도 맛있어요~~ 도넛이랑은 아이스아메리카노가 잘어울릴것같아요! 저의 조합 선택 미스여서 아쉬웠지만 각자 따로 둘다 맛있습니다.","신상 카페라 해서 방문했는데 역시 빠른 사람들 !!!! 진짜 쉴새없이 손님들이 방문하는 주말에 날씨고 꿀이라 더더더 더 많았어요!! 야외 자리는 사실 뷰가 다 했고 좌석이 썩 편한건 아니에요 ㅜㅜ 방석 있으니 필수 !! 주문하면 직원분 이 귀신같이 알고 가져다 주세요 실내 자리는 만석시 웨이팅 해야하고, 좌석은 랜덤 같아요. 내부 디저인 멋진...",연희동 올때마다 들리는 곳이에요 선곡도 좋고 음료도 맛있어요 🔥,"집 근처에 이런 곳이 있다니 ,, 너무 행복합니다. 공간들도 다 너무 멋있고 음료, 디저트 모두 완벽함. 제발 유명해지지 않았으면 좋겠는 바람^^ 하지만 번창하시길👍🏻 주말에 또 와야쥡",커피가 시원하고 원두가 제 스타일이라 맛있게 마셨어요 뷰가 좋아서 그론가 🥴 집중도 잘 되고 공간의 향이 좋더라구요 기분전환 제대러 했습니다 ~~ 자주 가고 싶은 곳 !,"지난번에 가려햇지만 조경공사로 못갓는데 드뎌 방문! ㅠ 좋은점이 넘 많은데 5개만 선택이라니.. 주차 할곳만 없 고 다좋아요!!!! :) 주문하시면 자리로 가져다 주세요~ 각 층마다 화장실이 있어 이용하기 편해요. 화이트 데이라 귀 여운 버거젤리! 서비스까지 눈이나 비오면 분위기 미칠듯 ㅎ 강아지 , 아이 동반 가능 하데요~",음료 가격이 꽤 비쌌어요 .. 오픈하자마자 갔는데도 두세팀 정도 있더라구요. 날씨 좋을 때 밖에서 마시면 좋을거같더라구요~,비오는 날 와도 좋네요 약간 더운 습도가 느껴지긴 했어요ㅎㅎ 조명이랑 음악 전체적인 공간느낌도 좋더라구요 사 람이 많이 없을 때 방문하기를 추천해요!,공간 너무 편하고 음악도 좋는데 커피도 맛있어요,연희동 으뜸가는 카페입니다 채고,연희동 주택가에 위치해 있어서 정말 한적하고 좋아요👍🏻 원목 인테리어가 너무 깔끔하고 포근하고 화장실 마저 진 짜 예쁩니다..♡ 직원분들도 너무 친절하시고 혼자 오든 여럿이 오든 서로에게 집중하기 좋은 스페이스들이 각각 있 어서 더욱 좋아요😌 커피 맛은 말할 것도 없이 짱입니다!.. 미니 링도넛도 너무 맛있었어요 연희동 가면 또 갈 ...,포근하고 아늑한 분위기에 커피 디저트는 또 어찌나 맛있던지 처음 방문했는데 바로 단골 예약했어요! 다른 손님들 우르르 나간 잠깐 타이밍에 얼른 찍은 2층 내부는 정말 멋졌답니다◡̈ 친절하신 사장님까지 얼른 또 갈께요!,식사후 방문한 곳입니다. 주택을 개조해서 만든 것이라 주차는 쉽지 않을 듯합니다.(저희는 도보로 왔어요) 매장이 이쁘고 분위기 있습니다. 음료도 맛있었어요. 저에게 스파클링 마리아쥬나 라떼는 좋았는데 아메리카노는 연했습니다. 매장이 음악소리가 좀 커서 외부에 앉았어요.,와우 연남동까지 안나가도 되서 동네주민 넘 좋네여 ㅋ 바닐라빈라뗃ㅗ 맛닜고 붐위기도 넘 좋어요!,단독주택을 개조한 카페라 내부가 넓으면서도 따스한 느낌이 있어요~ 인기가 엄청 많아서 점심 때쯤부터 사람들로 붐벼 시끄럽긴 하지만 오픈런하면 통창 너머를 멍하니 보다가 책도 읽다가 조용한 분위기를 즐길 수 있어 제가 사랑하는 공간이랍니다~ 가까운 곳에 산다면 밤 늦게도 한번 가서 일기 쓰며 하루를 마무리 하고 싶은 곳이에요,항상 방문할때마다 친절하세요 반려동물이랑 같이가면 종이컵에 물도 같이 주셔요~ 세심한 서비스 :) 집근처에 잇 엇으면 하는 아쉬움이 들어요 ㅠ,"동네에 이렇게 넓고 좋은 카페가 생기다니,, 오픈 초창기라 가벼운 마음으로 갔다가 웨이팅 때문에 놀랐는데 따뜻한 루이보스차를 주시더라구요. 덕분에 첫 기넉부터 좋아서 벌써 세 번정도 방문한 것 같아요. 다음엔 혼자 가보려고요!","최고예요… 저만 알고싶은 데 이미 많이 알려져서 사람 많아질 것 같은..ㅠㅠ 인테리어가 너무 시원하고 편안하고 스 피커도 좋고.. 메뉴도 직접 가져다 주시네요,, 높은 층고가 대화하기도 좋고 공간마다 일하기도 좋아요..여태 와봤던 카페 중 최고라고 말할 수 있을 것 같은🤭 레몬차 몸이 녹는 느낌이고 머핀은 꽤 컸는데 식감이 브라우니 같...",주택을 개조해 만든 카페인데 조용하고 커피맛도 좋아요. 인테리어도 멋있고 포토스팟도 있어요,커피랑 디저트도 넘 맛있었고 인테리어 취향 저격이에용!!,인테리어도 독특하고 디저트도 맛있어여!!,좀 더 따듯해지면 앞으로 여름전까지 야외에서 커피마시기 정말 좋은곳! 라떼 맛있으니 먹어보세용☕️,"주차 공간 없는 게 아쉬워요! 제2공영이 가장 가까운 편인데 8분 정도 걸어야해요. 평일이면 가게 근처 골목 주차 시 도해보는 게 나을 것같아욤! 친절하시고 공간도 예쁘고 조용해요! 커피맛도 디저트도 무난한 편인데 재방문까지는,,  🥹",연희동 최고 최애 카페!,사람이 많아서 자리가 없어요,친절하시고 초코머핀 너무 맛있고.... 웨이팅 한다고 티까지 주시고..... 사장님(?) 잘생기시고... 예쁜 언니.... 행복했어요...ෆ,벌써 몇번째 방문인지 .. 너무 좋아요!! 애견동반 가능해서 더 좋은 본지르르,위치가 좀 애매하다는 느낌인데 그거 빼고 완벽함,커피가 너무 맛있어요 ㅜㅠ 라떼러버는 연희동에 이런곳있는게 감사합니다 분위기도 쵝오 👍🏻,인테리어 괜찮음 주말보다 평일 추천 (사람 넘 많아서 소란스러움) 커피 맛있었음,연희동 최애 카페 인테리어 음료 디저트 뭐하나 빠지지 않는곳 화장실 핸드 워시까지 사장님의 센스가 돋보이는 곳 🫶🏻🥰,공간이 진짜 예쁘고 멋있어요 과일한접시에 담아 나오는 디저트도 귀엽구 미니도넛도 깜찍,음악도 좋고 커피도 맛있고 좋네요🙂,재방문 햇어요 ㅎ 칭구도 만족스러워 햇어요!  크림이 아주 부드럽고 달달합니다,인테리어도 이쁘고 친절하세요!,"분위기 진짜 너무 좋습니다,,,,❤️ 단골카페 될 것 같아요!! 너무 시끄럽지도 너무 조용하지도 않아서 노트북하거나 책 읽기에도 제격인 곳이예요 직원분들도 왕친절하시고 커피도 맛있습니다. 연희동 전경 내려다 보이는 게 너무 멋진 곳입니다",공간이 예뻐요 친절하세요,Good!,접객은 젊은 남자 두 명/1층에 앉으려고 했다가 여자 둘이 시끄럽게 떠들고 있길래 2층에 착석/낮은 테이블은 쇼파 적당한 높이의 테이블은 의자가 푹신하지 않다/스피커에서는 젊은 남자가 부르는 듯한 발라드 풍의 조용한 음악만 나온다 여기서 타켓 고객층이 보여 진다/음식은 자리로 가져다 준다/카푸치노 커피가 진하지 않고 우유거품이...,굿굿 분의기 돟아오,가끔 가는카페에요 날이좋으니 더 좋네요,뷰 굳,주말은 모르겠지만 이제는 줄 안서서 자주 간다.,공간도 좋고 .. 친절하시고 .. 커피 원두 선택도 가능하고 .. 🫶🏻 오랜만에 연희동 왔는데 .. 넘 마음에 들어요 ... 최고 ... 💖💖,넘 맛있고 인테리어가 예뻐요💛 원래 행궁동까지 멀리 갔었는데 서울에도 생겨서 넘 좋아요💛,커피 진짜 맛있어요,친절하고 맛있고 분위기도 좋은 또 방문 했습니다.,분위기도 굿! 커피맛 굿! 모든게 좋앗어요!,너무나 만족스러웠던 카페 아기와 함께 방문했는데 편하게 맛있게 잘 머무르다 갈 수 있는곳 감성과 분위기는 여길 따라갈 카페가 없을듯,공간 너무 이쁘고 좋아요,최애 카페  바닐라빈 라떼 넘 맛잇어요! 주말이 또 갈 예정,인테리어가 예쁨 특히 계단 손잡이,잔잔해서 너무 좋아오,커피도 직접 가져다주시고 넘 친절하세요. 치즈케잌도 넘 맛나요..분위기도 좋고 화장실 핸드워시도 아주 고급으루~,여럿이 가면 웨이팅해야할것같앙ㅎ,커피도 맛나고 채광이 넘 좋아요~ 친절하세요,항상 좋은곳,찾아가기가 어렵지만 그래도 한번은 가볼만한 가치가 있는 곳!,분위기 완전 좋아요ㅠ,정말 나만알고싶다..,굿,조아용,,,,,,,,,,,,,,,,,,,,,,
더반 베를린 연희점,1624356996.0,성수동에 이어 연희동에도 만날 수 있는 더반베를린. 언덕배기에 있고 야외테라스가 있어 뷰가 인상적인 곳으로 딱  지금 이시기에 머물기 좋았던 카페. 더반베를린은 유럽 최고 로스터리카페라 그런지 커피맛이 정말 좋았던 곳이었 어요 바닐라라떼는 살짝 땅콩향이 감돌면서 은은하게 달달했고 스페셜티커피는 가격이 비싼만큼 커피풍미가...,"오디너리핏에 이어 더반베를린이 들어왔네요 !! 연희동 초입 너무 예쁜 건물에 맛있는 커피집 들어와서 좋아요 🩷 🩷 로우카페인 볼칸아줄도 맛있고, 베이커리도 다양하게 준비 되어 있어서 다음엔 커피랑 같이 먹어보고 싶어요 :)  날 좋은 가을 날 좋은 커피 잘 마셨습니다 !",베를린에서 온 더반베를린의 연희동 지점으로 탁 트인뷰와 넓은 실내외 좌석이 매력적입니다. 국내외에서 로스팅된 다양한 원두가 있어 취향에따라 골라마실 수 있는 옵션이 다양합니다.,브루잉커피가 맛있는 조용하고 분위기 좋은 카페. 카푸치노도 디저트도 맛있는 곳.,플랫화이트 진해요 뷰도 좋고 분위기 멋있어요,커피 맛이 살아있네요 간만에 맛있는 롱블랙 마셨어요. 빵 종류도 많아요,"예전에 있던 카페에 비해서 매장이 좀 작은 느낌이 들어서 생각보다는 공간이 없었어요ㅜㅜ 야외 공간이 커서 겨울이다보니 더 그랬던 것 같은데, 더반베를린은 성수나 다른 지점들이 더 좋았던 것 같아요!",뷰가 정말 좋아요! 커피랑 디저트도 맛있었습니다!,조용하고 뷰도 좋아요. 주말에 한적하게 작업하기 좋았어요!!,커피맛있음 🧊☕️,맛있었습니다!,좋아요,굿굿,www,,,,,,,,,,,,,,,,,,,,,,,,,,,,,,,,,,,,,,,,,,,,,,,,,,,,,,,,,,,,,,,,,,,,,,,,,,,,,,,,,,,,,,,,,,,,,,,,
연희 에스프레소 바,1051152758.0,인스타에서 보고 직장근처라 포장이용했어요^^ 저녁대용으로 먹기 딱이었네요!!ㅎㅎ 그리고 가게 너무 이뻐서 친구랑 같이오고싶네요~,진짜 최애 맛집👍🏻👍🏻 손님들한테 무한 홍보중 ㅋㅋㅋㅋㅋ 연희동에 에스프레소바 모르는사람 없을때까지 무한홍보할테야😍,야외 좌석만 있어서 살짝 더울뻔 했는데 먼저 선풍기 챙겨주시고 사장님 넘 친절ㅠ 시그니처 연희에스프레소 먹었는데 특이하고 맛있었어요! 상큼한 에스프레소는 또 처음엔데 자몽청?이랑 잘어울리더라고요 다음에 또 방문 예정!!,진짜징짜진짜 맛있어요💕,다 개맛도리😋 신메뉴 탈탈 터는 중 시나몬 쌀쌀한 날씨에 호로록하기 딱 좋음 사과 소르베 찐사과 맛이라 해피 ୧ʕ•̀ ᴥ•́ʔ୨,다 개맛도리😋 시나몬 에스프레소는 찐 시나몬이라 향 즐기면서 호로록 쌀쌀한 날씨에 딱일듯 청사과 소르베 막날 에 즐길 수 있어서 해피 ୧ʕ•̀ᴥ•́ʔ୨ 스탠딩 아님 야외 좌석만 있으니 참고해주세요!,커피가 아주 부드러워요,아래 크림이 너무 맛있어요! 여름에 야외자리라 덥지만 선풍기도 돌려주시고 테라스가 이뻐서 잠시 들려 후딱 먹고 나오기 좋아요🪽,너뮤 분위기 있고 토토로 나올거 같아용 ☕️🫶🏻🐾 ㅎㅅㅎ,연희에스프레소와 푸딩 주문했어요 🎶 푸딩은 하루 전 인스타로 예약해뒀고요 ! 달콤한 푸딩과 쌉싸름한 에스프레 소가 잘 어울렸어요 쿠키도 눅눅하지 않고 바삭해서 맛있었어요 ~ 연희에스프레소는 엄청 진하고 부드러워요 아래  깔린 오렌지잼이 특색있고 맛있었어요 추천합니다 🤍,그라니따.. 상큼달달씁쓸을 다 느낄 수 있어서 좋았어요. 여름에 야외자리는 좀 많이 덥긴 해요ㅎ,커피맛 너무 취저🫶🏻 아기자기 깔끔한 인테리어도 취저🫶🏻에스프레소를 특별하게 마실 수 있어 너무 행복해요😍 귀여운 에스프레소 잔에 달콤 쌉쌀 에스프레소가 또 생각나네요! 재방문의사 100퍼에용,강아지들과 함께 가기 좋은 곳! 이 곳의 마스코트 호롱이가 강아지친구들을 엄청 반겨줍니다🩵 너무 너무 귀엽고 친구들이랑 잘 놀아줘요! 커피는 당연히 맛있는데 에스프레소도 맛있지만 라떼도 맛있어요!,커피가 진짜 맛있었어요,"예전부터 방문해보고 싶었는데 드디어 가보았습니다! 근데 테라스형식으로만 자리가 있어 비오는날엔 어떻게 운영 되는지가 궁금했던 카페에요. 연희동 거주민들도 많이 오시는거같고 텟아웃도 많이 하시더라고요. 원두 향도 계단 입구부터 나서 너무 좋고 사장님부부님들도 정말 착하고 오시는 손님들도 다들 성격이 좋아서 ,, 대화도 함께 ...",커피를 이렇게 맛있게 먹은건 오랜만임 피에노 꼭 드세요ㅠㅠ,에스프레소 홀짝 마시기 좋아요. 시그니처 맛있습니다,짧은 시간 동안 기분 좋고 행복했습니다!,"외부에 앉아 있기 너무 좋은 날씨였고, 시그니처 에쏘음료 너무 맛있었어요!! 새로나온 자몽베리에이션한 것 맛있어요!!",커피 맛지고 분위기도 편아하니 좋아요,사장님 맛있는 커피 감사합니다 늘 친절하게 맞이해주셔서 기분이 따뜻해지는 곳 💕 동네 겸둥이 친구들도 많이 볼 수 있으니 행복이 고픈자 연희에스프레소바로 향하세요,올때마다 기분 좋는 곳🏖️ 맛있는 에스프레소 맛있게 먹고 왔습니다!,자몽.오렌지 소르베 기본으로 먹어줘야해요.왜냐면 너무 맛있으니까~~기본 에스프레소도 마셔줘야해요. 카페인 과 다섭취 어쩔 수 없는 이곳. 계절메뉴는 일찍 솔드아웃 일찍 가시는거 추천^^ 이 카페의 마스코트 귀염둥이 호롱이도  만나 보세요😍,진심으로 지금껏 먹어본중에 최고.. 최고로 맛있었어요!! 좀전에 먹고 왔는데 리뷰를 쓰면서도 연희에스프레소가 또 생각나네요🥹 오래오래 먹고싶은 맛입니다..🫶🏻💕,극강의 esp,말해모해🫶🏻 신메뉴도 너무 맛있잖아요🥹❤️,에스프레소바 처음 가봤는데 매력있고 맛있어요 :),너무 맛있어서 자꾸만 달려오게 되는곳😜 집앞이라 너무 좋아요🥰,귀여운 강쥐가 맛있는 커피가 있는 곳 야외 좌석이라 날씨가 안 좋다면 비추~!,"한번 다녀간 뒤로,, 맛있어서 자꾸만 오게될것같은 느낌입니다 ㅎㅎ 🫶🏻❤️",굿,에스프레소+크림+오렌지잼 조합은 처음이었ㄴ데 대존맛입니다.. 오렌지 조각 위로 에스프레소 내려마셨을 때 존맛이었던 느낌과 비슷.. 콘파냐도 맛있어용 메뉴 설명도 친절하게 해주십니다 다만 자리가 협소해요 실내는 스탠딩바만 있어요!,맛있어요,연희동에 에쏘바라니-! 거기에 왕크고 왕귀요운 에쏘바 마스코트 호롱이까지 사장님들 친절하시고 커피도 정말 맛있어요!,연희에스프레소 처음 먹어보는 맛인데 너무 맛있어요 오렌지랑 커피랑 이렇게 잘어울리다니요 카페인만 아니면 쌓아놓고 먹고싶어요,긋,지나가는데 귀여운 강아지가 2층에서 창밖을 내다보고 있는거 보고 넘 귀여워서 에스프레소매니아는 아니지만 강아지 보려고 갔어요 커피도 맛있고 호롱이 넘 귀엽고😍,연희동의 숨은 커피맛집!! 커피를 못마시는데 연희에스프레소는 두번째 먹었음.. 에스프레소인데 하나도 안쓰고 크림이 부드러워요. 또 먹다보면 오렌지 초콜릿맛이 나고 마지막에 가라앉은 잼을 먹으면 입안이 상큼해져서 좋았어요👍🏻 카페 분위기도 너무 좋아요,에스프레소바 대유행의 시절이지만 기억에 남을 이 곳 💕,다 넘 맛있음 😋 연희에스프레소 🍊☕️,짱,너무 맛있어요,오렌지청 들어간 에스프레소 맛있어요,무조건 두잔이상 먹어야해요~ 연희에스프레소 강추~ 오렌지잼과 오렌지시럽에 에쏘~쫀득한 크림까지 완벽한 조합 ~ 나만 알고 싶은 동네맛집😍😍행벅합니다,햇살이 잘 들어 밝고 환한 분위기의 에스프레소바. 야외테라스가 매력적인 곳이라 가을 날에 머물기 좋았고 무엇보 다도 에스프레소 맛집이에요! 시그니처 에스프레소 꼭 드셔보시길👍,"여기 시그니쳐 오렌지맛 나는 에쏘 맛있네요. 좌석이 외부에 있어요, 내부에서는 서서 마시고 나와야 할 것 같아요. 햇빛 받으며 밖에서 한잔하기 좋았네요.",에스프레소 퀄리티 굿,에소프레소 커피가 다 맛있어요,연희에쏘 동네라서 너무 좋다 매일 가고싶다구요,와! 여기 좋아요,시그니처 연희 에소프레소랑  다른 에소프레소들 맛 보았는데  정말 깔끔하고 맛이 좋았어요. 분위기도 좋고 친절하셔서 좋은 시간 가졌네요. ^^,에스프레소 마셨어요 맛있어요,멋진 분위기 넘넘 친절하고 특별한 분위기에요,맛있어서 자주가요,굿👍👍,맛있고저렴! 와이파이 안돼요 ㅠ,연희동에도 드디어 생겨서 좋어요,커피 맛집이네요 ^^,두번째 방문인데 에스프레소도 바닐라빈라떼도 맛있어요!,에스프레소 맛집이예요👍👍👍,에소프레스 2잔은 기본입니다.ㅎㅎ 에소프레스 다양하게 마실 수 있어요. 주변 인테리어가 멋집니다.,에스프레소 맛집.기본 3잔 마셔 줘야합니다. 찐 맛집,❤️❤️❤️❤️❤️❤️,,,,,,,,,,,,,,,,,,,,,,,,,,,,,,,,,,,,,,,,,,,,,,,
카시코이,1917836906.0,카시코이를 정말좋아해서 계절마다 시켜먹어요♡ 미타라시당고는 처음이었는데 일본에서 먹던것과는 조금다른 느낌이었어요ㅎㅎ 언제나 섬세하고 예쁜 화과자가 힐링이에요,선물용 화과자사러 갔다가 당고 먹고 왔어요ㅎㅎ 쫀득 달달해서 더 먹고 싶은 맛이었습니다!! 다음엔 지인 데리고와서 티타임 즐기고싶어요😄,"당고와 화과자, 호지차를 먹었어요 차분한 분위기와 인테리어가 편안합니다 디저트도 아주 맛있지만 호지차가 특히 맛이 좋았습니다","앙금도 디자인도 다양해서 고르는 맛이 있다. 화과자라서 아무래도 달지만, 말차 향이 좋아서 맛을 잡아준다. 재방문 각✨️",다 너무 맛있습니다ㅠㅠ 그리고 너무 친절하세요! 명절맞이로 갔는데 대만족 했습니다ㅎㅎ 번창하세요!!!,매장도 너무 예쁘고 사장님도 친절하시고 화과자도 예쁘고 맛있어요!! 먹고 맛있어서 추가 주문하고 포장했는데 선 물포장박스와 쇼핑백도 예쁘네요 선물하기도 좋아요^^ 또 오고 싶은 곳이예요!,너무 이쁘고 맛도 좋습니다!!,매번 베이커리 카페만 가다가 물려서 화과자를 먹으러 와봤어요~ 화과자는 비주얼만 예쁜 줄 알았는데 맛도 훌륭해서 깜짝 놀랐습니다. 맛차와 홍차도 확과자와 잘 어울려서 너무 좋았어요. 매장도 깔끔하고 햇살이 잘 들어와서 사진도 잘 나옵니다. 봄과 잘 어울리는 곳이었어요!,화과자라니! 맛있더라구요. 더 사야겠어요!,너무 이쁜 화과자를 만날 수 있네요. 아기자기한 작은 공간 테이블도 독특하고 분위기 맛집이더라고요. 휴일 맛있는  티타임 가지고 왔어요. 사진도 잘 나오고 이색적인 티타임 가질 수 있는 곳이네요. ‘소정의 포인트를 제공 받아 작성 한 리뷰입니다.',아기자기한 화과자랑 같이하는 음료랑 조합이 완전 짱짱👍🏻👍🏻 너무 맛있어요! 매장도 깔끔하고 시원해서 힐링 잘하고 갑니다🥰,화과자 전문카페는 처음인데 그동안 먹던 화과자와는 다르게 고급진 맛이에요! 모양이 정교하고 이쁜건 말해뭐햏ㅎㅎ 분위기도 좋아서 연희동 디저트 카페로 추천드려요~!,"별 다섯개도 모자란 집!!! 앞으로 친구들, 어른들, 애기 생일에도 케이크 대신 이 집에서 양갱 사다 선물할거에요💝🐰💝 카페는 또 얼마나 잘 해놨는지 흑흑ㅠㅠ 나만 알고 싶은데 공익을 위해자랑해봐요🙏🏻",사장님 인스타를 우연히 보고 팔로우 하면서 몇년을 온라인으로 구경하다가 배우고 싶기도 하고 ㅎㅎ 수강료도 알 아봤었는데 ㅎㅎㅎ 내년에는 배우러 가리라~~ 선물 할 일이 있어 집에서 반대편이지만 바로 앞에 버스정류장이고  제가 사는동네에서 버스타고 내리고 딱 좋았는데 카페 내부 너무 좋고 화과자는 말할것도 없고 포장도 너무 ...,"화과자는 선물만 해봤는데 한번 절 위해! 화과자 한번 먹어보고 싶어서 방문했습니다. 격자무늬 창문틀, 소품 등 전 체적인 인테리어에서 일본 분위기가 물씬 느껴져서 화과자를 제대로 즐길 수 있겠다 벌써부터 행복하고요💜 일본 컨셉 제대로 살렸죠?ㅎㅎ 크읍 화과자 너무 귀엽지 않나요?! 제가 화과자를 지인분 생일에 선물한 것도 심적...",화과자 넘 예쁘구 친절하세요 ㅎㅎ,"오래 전에 한 번 방문했다가 맛에 큰 특징이 없어서 잊었으나, 우연히 시즌메뉴를 보고서 다시 기억해낸 화과자 전문 점. 모양새가 좀 더 섬세해진 느낌을 받아 재방문한 곳입니다. 카시코이의 화과자는 이전보다 더 고급진 느낌이 나는 모습이었습니다. 다양한 형태가 잘 잡혀있을뿐만 아니라 사장님께서 속재료를 다양하게 넣으셨더라구요. 화...",예쁘고 맛있고 친절해요💖,화과자 좋아하는 분들이라면 여긴 꼭 가봐야해요~,카시코이 화과자가 너무 귀여워요ㅠㅠ 진짜 예전에매장에서 먹었을때도 인생샷 나왔는데ㅠㅠ짱짱...! 겨울한정도귀엽네요,화과자 예쁜데 맛까지 좋네요. 많이달지않아서 어른들 선물드리기 좋겠어요. 홍대디저트카페 흥하세요~^^,이 동네에 이런 카페가 있다니..이제 알아서 너무 아쉬울지경이에요. 분위기도 너무 좋고 대화 나누기도 편해요 화과자 맛은 말모말모. 재방문 각입니다.,할머니 생신이셔서 주문했는데 모양이 진짜 넘 예뻐서 먹기가 아까울 정도… 진짜 귀여워용ㅠ.ㅠ 그리고 진짜 친절하십니다😽😽,햇살맛집이네요~ 화과자 먹기 아까울 정도로 이쁘고 달지 않고 맛있습니다. 분위기도 너무 좋아요,분위기도 좋고 친절하시고 너무 좋았어요🥺🥺 음료 이름도 너무 느낌 있고 좋았고...... 화과자도 아무데서나 맛볼 수 있는 게 아니라 좋았고 귀여워서 좋았고 다 좋았습니다!! 인테리어도 깔끔하고 예뻐요~ 햇빛 잘 들어서 사진 찍기도 짱!,화과자 넘넘 귀여워요ㅠㅠㅠㅠ 심지어 맛있죠!! 양갱까지 다 맛있어요!,화과자가 너무 예쁘고 맛나요 :)  공간도 단정하고 조용해서 잘 머물다 가요!,예쁘고 맛있는 화과자를 맛볼 수 있는 곳입니다. 매달 라인업이 달라져서 다음달이 오는 것이 기다려지네요ㅎㅎ 그 리고 호지차가 구수하고 부드러워서 화과자와 곁들여 먹으면 술술 넘어갑니다 :-) 중정 느낌의 플랜터리어와 따스한 햇살을 즐기며 쉬었다가기 좋은 곳입니다. 오늘은 선물용으로 구입하기 위해 들른거라 전에 찍었던 사진으로...,"화과자도 공간도 참 예쁘고, 차 한 잔에 화과자 하나로 구성된 세트가 딱 알맞고 좋습니다.",화과자도 너무 귀엽고 말차라떼도 정말 맛있어요~!,화과자 선물하기 좋게 너무 예쁩니다~,너무 맛있어요^^  포장해서 집에서도 먹었어요,귀엽고 맛있어요,좋아요.,화과자 안 달고 넘 맛있어요! 매달 메뉴가 바뀌는것도 넘 좋아요~,연희동카페중에 제일 좋아하는곳!! 매달 라인업이 달라서 주기적으로 찾게된댱 화과자 귀엽고 맛있다 강아지랑 산책후 쉬어가는곳,예뻐용~!,"과자사랑이라는 뜻의 카시코이♡ 화과자랑 양갱이랑 예쁘고 맛나요! 특히 말차는 쓰지 않고 부드러워서 좋았고, 호지차라떼 정말 고소해요!",굳,가좌역에서 지도가 길을 이상하게 알려줘서 카페찾는데 힘들었지만 교회보고 잘찾아갔습니다. 간판은 앞쪽에 공사중이라 안보이네요~ 카페 아담하니 귀여워요 채광이 좋아서 사진도 잘나오네요! 녹차를 안좋아해서 호치차? 먹었는데 화과자 단맛을 잡아줘서 잘어울리네요~ 저는 토끼 주문했는데 유자앙금이 많이 달지않아서 괜찮았습니다.,화과자의 맛과 디자인이 매달 바뀌어서 꼭 먹으러 옵니다! 예쁘고 맛있고 다합니다ㅎㅎ 강아지랑 경의선숲길 따라 쭈욱 산책후 쉬다가기 정말 좋아용,넘 예뻐요💕 달마다 오고싶어요,디저트가 너무 귀여워요!,"보자기 포장으로 6구세트 36,000원에 구매했는데 넘 귀엽고 예뻐서 선물하기 좋아요!",굿,화과자 맛집,인생화과자 맛집에 예쁜 공간까지 제대로 힐링했어요 말차와 호지차라떼도 맛있어요,친절하시고 화과자가 너무 귀여워여 진짜 미친 귀여움이네요 :D,비싸지만 좋아요,화과자 너무 예쁘고 맛있어요💖자주 갈려고요!!😍,매달 맛과 모양이 바뀌는 매력적인 화과자카페 카시코이! 올때마다 항상 쫀득 달콤한 화과자로 힐링하고 갑니다 너무 예뻐서 먹기 아까웠어용,너무예쁘고 맛있어요 ㅎ ㅎ,다른곳 화과자를 여러번 먹어봤는데 화과자는 카시코이가 최고입니다! 매달 바뀌는 라인업도 넘무 좋고 제일 예쁘 고 맛있고 계속 생각나는 맛입니다! 요번에 나온 메뉴가 제 입맛에는 가장 베스트라 포장도 해왔네용 내일 아침에 드 립커피랑 먹을 생각에 행복합니다ㅎㅎ!! 다음에는 선물용으로도 구매하고 싶네용 강아지랑 산책후 냠냠하러 ...,냉동에 넣었다 먹어도 맛있습니다. 얼었던 게 녹으니 투명하게 색이 돌아온. 좀 오래 미리 꺼내놓는 게 좋을 듯.,점심 먹으러 옴 ㅎㅎ,너무 이뻐요 많이 달지도 않고 선물하기 딱 좋아요,특별한 날 선물하기 좋아요.,일단 화과자 디자인이 독보적이에요! 라인업 매달 바뀌는 것도 너무 좋구요. 생각보다 달지 않은 점오 좋았습니다.  매장도 너무 깔끔한 분위기고 화과자 사진 찍으면 예쁘게 나오더라구요. 그리고 사장님이 정말 친절하세요! 행복한  시간 보내고 왔습니다.,눈사람이랑 루돌프 ㅠㅠㅠㅠ미쳤어요 진짜 귀여워 죽어여 유자는 여기서 저번에 먹어서 맛있는거 알았고 얼그레이맛도 진짜 강추 ㅠㅠㅠ 집에서 가까우면 매일 오고싶어요…..,"너무 단건 싫어하는 편인데 너무 달지 않게 당도 줄여 만들어서 제 입맛에 딱이에요>_<  안에 앙금은 망고맛, 딸기맛 등으로 들어가 있어서 여러맛으로 즐길수 있어서 너무 좋아용🐰🌺",여기 가장 좋은 점은 제가 시끄러운거나 눈치보이는거 안좋아하는데 마침 사장님 수업 있었던 시간대에 방문 했어서 사장님이 위에 공방 올라갔다가 전화 드리면 오셔서 주문해 주셔서 눈치 안보고 편하게 수다 떨다 왔어요ㅎㅎ 나만 알고싶은 가게 원픽..❤️,복숭아 덕후라 먹어봤는데 넘 맛있었어요! 특히 속에 바나나 맛 나는 앙금 굿굿 이슬 디테일도 넘 귀엽구여 담에 선물할일있으면 또 올게요~~,완전 이쁘고 맛있어요!! 너무 이뻐서 먹기도 아까워요 디테일이 미쳐써여 연말에 선물하기 딱인거 같아요~! 꼭 다시 갈꺼에요!!,오랜만에 다시 방문했는데 다시봐도 넘 이쁨~ 넘 달지 않아서 연말에 부모님 선물할려고 주문 하고 왔어용!!,화과자도 원래 예쁜데 맛없는 관상용 간식이라고 생각했었는데 정말 그냥 말이 안나옵니다.. 더 예쁘게 찍어둘걸.. 🥲 제가 단거 정말 싫어하는데 티는 좋아하고 확실히 부담없이 먹을수 있는 단맛이여서 저는 완전 만족이었어요💕  가끔 이정도 단건 먹어 줘야된다구 생각합니다,사진도 너무 잘 나오고 커피 맛있어요 👍,넘 이뻐서 먹는데 맘이 아팠어요 😂😂 근데 또 맛있어서 먹게되요,할머니가 양갱을 좋아하시는데 검색하다가 비쥬얼에 반해서 한걸음에 달려왔습니다 이런걸 어떻게 만드시는지....  예뻐서 맛이 혹시 별로일까봐 매장에서 먹어보고 맛도 좋아서 양갱 다 쓸어갑니다 다음달에는 다른 맛 양갱이라는 데 또 들이겠습니다 번창하세요!!,흔치않은 화과자 디저트 카페에요~^^ 리뷰 참여로 서비스 주신 양갱도 너무 맛있더라고요~~~ 눈과 입 힐링하고 갑니다~~~♡,화과자가 넘 귀여워요!,단맛 많이 줄인 화과자라 그래서 부모님 선물로 추천받아서 한번 사 드렸는데 너무 좋아하시네용!!! 담에 또 이용하겠습니다 :),달까봐 걱정했는데 향긋한 유자맛과 말차라떼의 조합 햇살가득한 가을날 행복한 시간 보내다갑니다 ^^,한 10만원 밑으로 선물할일있으면 묻지도 따지지도 않고 무조건 여기로 옵니다. 이번명절도 성공!,너무 예쁘고 좋아요 일부러 찾아갔는데 잘 갔어요,이쁘기만한게 아니라 맛도 있어서 자주 즐겨찾는 화과자집이에요  5월 어버이날에 부모님 선물로도 사갔었는데 너무 좋아하시더라구요 !! 이번달 화과자도 너무 이쁘고 맛있네요 ㅎㅎ기분 좋은 하루를 선물받은 기분 🤍,맛있고 귀엽고!! 차도 맛있었어요 아쉬운건 차 양이 적은 것 같아요! (카메라로 찍은 원본은 안올라가넹ㅜ),매달 다른 디자인과 맛이라 올때마다 포장도 해갑니당! 특히 제 취향저격한 블루베리앙금 들어간 화과자💜 하남에서 찾아가는 세번째 방문인데 이제서야 리뷰 남겨요~ 사장님이랑 갈때마다 계셨던 직원분 세상 친절하세요 쏘스윗💕,조아오,출산한 친구 주려고 선물포장하러 왔어요 이번달도 디자인 시원하니 좋네요~~ 언제나 퀄리티 만족입니다 ^^,저번에 사장님께 추천받아서 고른 이 땡땡이가 너무 맛있어서 마지막날에 또 사러 왔어요~~ 계란으로 만드셨다는데 뭔가 크런치? 할줄 알았는데 부들부들 넘 신기해요!!^^ 언제나 맛있어요~~~,6월 달이 끝나가기전에 부랴부랴왔어요 ㅎㅎ 망고 앙금이 들어간 수국 한다발! 망가뜨려야 한다니 어쩌지 쉽다가도 궁금해서 쪼개보니 노란 앙금이 들어있네요>_< 이른시간이라 혼자 여유로히 즐기다 갑니다 ㅎㅎ,화과자들도 너무 이쁘고 카페 공간이 너무 이뻐요!! 꼭 가세요! 두번 세번 가세요 ㅎㅎㅎ,선물 급하게 드릴때 항상 찾는 곳입니다. 과일맛 앙금도 상큼하니 첨 먹어보고 확실히 다른곳보다 덜달고 맛있어요. 선물주면 주위 반응 최고입니다.,굳,친구가 작년 어버이날에 부모님 선물 해줬는데 대만족이라고 너무강추해서 저도 도전해봤는데 부모님이 너무 좋아하시네요!! ㅋㅋㅋ 딱어른들이 조아하는 고급스러운 달달한 디저트맛👍🏻👍🏻기다리면서 카페에서 먹은 말차라떼랑 화과자도 존맛!!😙😙,"여자친구 선물 해줬는데, 너무 이뻐서 먹기 아쉬울 정도라고 좋아하네요!  화과자 만드는 수업도 있다는데, 나중에 데이트 겸 같이 배워봐도 재밌을 것 같아요! 매월 테마가 바뀐다는데 종종 가볼 것 같습니다! ㅎㅎ",동네 지인의 추천으로 알게 된 곳이었는데  바쁜 일상에서 장인의 손길이 느껴지는 화과자와 햇빛드는 창가에서의 휴식 너무나 소중한 순간이였어요! 앞으로는 귀한 손님들 선물 사러 많이 방문할것 같아요. 감사합니다.,유일하게 찾아오는 카페 ♡ 고구마맛 카페에서먹고 집에도 네개포장 이번달메뉴도 핵맛입니다~~~,화과자 색감이 예뻐서 종류별로 다 시키고 싶은곳ㅋㅋㅋㅋ 오늘도 맛있게 먹었습니당 또 올게요!!!,sns에서 보고 꼭 가봐야지 했는데 하나하나 너무 예쁘고 맛있어요!! 담에 또 올게요🥰,비오는날 따스한 차 한잔이 땡겨서  먼길 왔어요 말차 진하게 타달라고 말씀드렸더니 취향저격이었어요 달달한 화과자랑 최고입니다!,지인에게 추천받아서 멀리서 시간내어 사러왔는데 강력하게 추천합니다. 화과자는 말할것도 없고 보자기 포장도 만족합니다:,사촌언니가 화과자 좋아하는 저에게 가보라고 추천해줘서 일부러 인천에서 왔는데 계속 감탄만 하고 있어요. 두세개 사러왔다가 종류대로 샀어요. 정말 최고입니다.........,처음엔 지인의 추천으로 알게 된 곳이었는데 매번 볼 때마다 이게 어떻게 사람에 손에서 나올 수 있나 하고 놀라워요 ㅎㅎ 친정어머니도 선물해드리면 너무 좋아하셔요. 감사합니다.🤍🤍,화과자만드는 귀한곳 중 하나,여기 오면서 매달이 이렇게 빨리 다가오는구나..하고 새삼 느껴요. 바뀌는 라인업 사러 오는재미가 쏠쏠해요 양갱좋아해서 이번엔 양갱을 많이 샀어요. 비쥬얼이 정말 어나더레벨.,정말 사람이 만든게 맞나 싶을 정도로 예뻐서 놀랬어요.!   선물 받은사람이 너무 좋아하니깐 기분이 좋네요! 재구매의사 100프로!!,봄에 오고 또 왔어요 또봐도 이렇게 정교할 수 가 있는지ㅠㅠ 흑임자 최애!,오랫만에 마음에 드는 카페 발견했어요 햇살도 좋고 호지차라떼랑 화과자 맛잇게 먹고 갑니다!^^,맛있고 예쁜 공간. 화과자에 먼지만 조금 신경써주시면 좋을 것 같습니다!,정녕 이것이 사람 손으로 만든지 의심가요ㅜㅜㅜ 집에서 매달 사와서 홈카페 하는데 행복합니다!!! 진심 역대급 이번달 라인업!!!!!,예쁘고 친절,육개월만에 친구와 찾은곳. 햇살좋고 맛도좋고 모든게 여전히 다 좋아요.,아버지 생신이라서 화과자 사러 인천에서 왔어요 너무 좋아하셔서 보람 있어요 어버이날에도 오려구요!,진짜 이쁘고 맛도 좋고 사장님도 너무 친절 해요~~~ 우리나라에서 이런 걸 먹을수 있다니 잠시 외국으로 여행가본 기분!!,정갈한 느낌이 힐링하기 좋았습니다. 유자 향긋한 화과자도 색달랐고 토끼 화과자도 얼마나 귀엽던지 테익아웃도 했어요. 다시 들릴 의향 있어요.,선물용으로 좋아요~!  근데 화과자처럼 포장지도 좀 더 이뻣음 좋았을거 같아요 ㅎㅎㅎ,,,
보케,1518411270.0,햇살이 반겨주는 공간에 친구와 저 저의 반려견 모두 너무나 편안하게 시간 보내고 힐링하고 왔어요 너무 친절하시고 음료와 디저트도 맛나고 펫프렌들리해요 조명도 예쁘고 식물이 가득한 공간 진짜 좋아서 자꾸 마음에 남아 빠른 시일내에 또 방문하고싶어요,조금 어두운 것 같지만 매장 내에 있는 식물들이 있어서 멋져보여서 검색 후에 방문했습니다. 어떤 글에서 유자민트가 맛있다해서 시켰는데 정말로 달지 않고 맛있었어요. 요즘 복숭아티가 잘 나간다하셔서 친구가 먹었는데 맛있더라구요. 산도도 맛있었어요.,좋은 채광에 듣기 좋은 음악 무화과는 질이 아주 좋고 크림도 꾸덕하니 맛있네요 엄청 달지 않아서 디저트로 부담이 없습니다!!,집 근처라서 눈 여겨보고 있다가 갔다왔는데 생각했던 것보다 분위기 너무 좋아서 자주 가게 될 것 같아요 무화과산도 크림이 적당하게 달아서 맛있게 먹었어요!! 자주 가게 디저트가 많아졌으면 좋겠어요 ㅎㅎㅎ,샌드위치가 맛있어요 밀크티랑 플랫화이트 추천해요 :),고구마브뤨레가 맛있어요,"사장님께서 엄청 친절하시구 인테리어가 깔끔하고 예쁜데다가 테이블 간격도 좋아요! 여름 시즌 디저트로 초당 옥 수수 치즈케이크를 먹어봤는데, 치즈 케이크 속에도 초당 옥수수가 많이 있어서 아삭아삭한 식감이 상큼하고 좋아 요! 오히려 중간중간 아삭한 식감이 계속 먹게 하네요! 게다가 치즈 케이크가 달지 않아서 바닥에 깔린 로투...",초당옥수수 케이크 달달하니 맛있었어요. 가게 내부가 쾌적하면서 조명이 쎄지않아서 좋았어요. 사장님 친절하시고 좌석도 편했어요. 강아지도 잘있다갑니다!!,산도좋아지만 레어치즈멜론 먹으러 일부러 뚜벅이해서 방문했는데 솔드아웃ㅠㅠ 넘아쉬웠어요...커피맛은 제 취향이 아니네요;인테리어은 구웃☺️,친절하시고 푸딩 맛있어요!,"분위기도 너무 좋고, 사장님께서 매우 친절하세요!",보키 연희삼거리 피리바게트 쪽 2층에 이런 곳이 !!! 아주 인테리어 깔끔바리🫧🤍 취향저격 탕탕탕🏀 췰,진짜 보물같은 카페예요. 진짜 분위기 대박인 카페. 밤에 펍으로도 했음 좋겠다는 생각...이 드는 뷴위기맛집. 비올때 갔는데 너무 좋았어요....! 감성 대박 커피도 맛나요.,비를 피해 갔던 카페인데 분위기와 뷰가 너무 예뻤어요. 음료도 민트유자라는 독특한 맛과 향을 가진 메뉴가 있었는데 인상 깊었습니다. 안 밖으로 초록 식물도 너무 아름다웠습니다.,와보세요. 오시면 아십니다 2층이라 내부가 안보여서 몰랐는데 분위기 좋습니다. 검색하고 하이볼 있어서 혼술 하러 왔는데 .. 너무 괜찮습니다! 사장님도 친절하시고 조용한 분위기에 음악도 좋고 사진만 봐도 아시겠지만 사진 완전 잘나와요 오늘 처음 와봤는데 이렇게 설레발인건 매번 맞은편 엔xxxxxx 만 갔었는데 저만의 아지트 생긴듯해...,깔끔한 인테리어가 돋보이는 카페입니다! 커피도 맛있어요.,매장 인테리어 너무 깔끔하고 이쁘네요 특히 바닥이랑 조명이 대박이에요 커피랑 케이크 사진에 못 담겨서 아쉬울정도👍👍,"연희동에 가면 꼭 들르는 보케! 혼자 책을 읽는다던가, 블로그 작업하기 딱 좋아요! 이번엔 새로 나온 메뉴인 밀크티 를 마셔보았는데 시나몬 스틱에서 우러져 나온 적당한 스모키향이 밀크티의 꼬수운 맛을 더 극대화 시켜주더라구여 ㅎㅎ 저처럼 커피 잘 못 마시지만 카페는 가고 싶으신 분들께 강추드립니당! 아이스크림도 라즈베리 콩포트가...","연희동 힙지로 분위기 카페 bokeh 카페 인테리어가 매우 힙하고 분위기 있음. 조용하게 쉬다 가기 좋은 카페. 핫 롱 블랙, 아이스 라떼 주문 커피가 너무 맛있네요 !! 사장님도 친절하셔서 좋았어요~ 재방문 의사 100%!!! 사람 많은 홍 대 연남동 대신 연희동 카페 bokeh 추천합니다🥰",너무 좋앗아요 조용하고 타르트 짱,라즈베리에이드랑 밀크티 너무 맛있었어요 탄산이 강하지 않아서 부드럽게 마실 수 있었고 밀크티도 특별한 맛이었습니다. 다음에 연희동오면 또 한번 방문하고 싶어요🥰 사장님도 친절하세요!,어두워질 때쯤 방문했는데 창문 뷰가 분위기 있고 좋았어요:) 대화 나누기에도 좋고 간단하게 노트북하기에도 좋을거 같아요! 사장님도 친절하시고 커피 맛도 좋았어요. 다음엔 디저트도 먹어보고 싶어요,조용히 대화할 수 있는 곳이라 너무 좋아요! 모던한 인테리어에 친절한 사장님까지! 연희동 최애카페입니다🙆‍♂️,커피도 고소하고 맛있고 판나코타 상큼달달 맛있어요 ㅠ 창밖에 플라타너스 뷰가 예쁘댔는데 아직 잎이 없더라구요! 다음에 플라타너스 잎 가득할때 또 가고싶어요!,친절한 사장님이 손수 만든 레어치즈케이크 맛집🥹 연희삼거리 2층에 있는데 책을 보다가 통창으로 난 거리를 멍하니 데려다보며 나만의 시간을 보낼 수 있어서 좋아요^^,친절하고 산도들 맛있어요,연희동에서 찾은 을지로 감성의 핫한 카페보케를 들어왔는데 분위기도 좋고 커피와 다른 음료도 너무 맛있어요!!! 디 저트는 꼭 드셔보세요! 데이트 장소로 완전 추천!!!! 사장님도 완전 힙하고 나이스하세요~,주말이었는데도 불구하고 연희동의 다른 카페들보다 조용해서 혼자 조용히 커피마시거나 책읽기도 좋아보이고 인 테리어도 예쁘고 창도 커서 바깥 구경하기도 좋아요,너무 좋다❤️ 치케 존맛!!,숨어 있는 보물같은 공간 박수👏👏👏,깔끔하고 분위기 좋아요.,"친구 추천으로 방문했는데 분위기가 너무 좋았어요!! 제가 갔을 때 약간 빌런인 손님들이 있어서 당황했지만.. 사장님도 친절하시고 , 커피도 맛있어서 더 좋았어요",인테리어도 예쁘고 디저트도 맛있어요!,오늘의 로네펠트 티는 오렌지와 바닐라향이 담긴 티에요 맛이 진하지 않아서 가볍게 마시기 좋고 처음 먹어보는 티 입니다☕️ 유자민트티에 유자청을 이렇게많이 주시다니 남는게 있으신가요..! 호주아메리카노 탄맛 좋아하시는 분 들께 추천…. 후루룩 원샷 판나코타 위에 후추를 살짝 얹어주신 것 같은데 마냥 달지않은 딸기라 알싸한 독특...,"친한언니한테 와인바로 추천받아서 방문했어요! 간단한 와인 안주라 2차로 너무 좋아요 〰️ 판나코타랑 브리치즈구 이 다 맛있게 먹었어요! 와인이랑 너무 잘 어울렸어요! 와인도 레드랑 스파클링 두병이나 마셨는데 두가지 다 괜찮더 라고요! 카페 후기가 많았는데 와인바로도 넘 추천드려용 ㅎㅎ 매장 분위기도 좋고, 화장실도 내부에 있고 깔...",여기 판나코타 너무너무 맛있어요 !! 쾌적해서 공부하기도 좋습니다 :),연희동 나름 대로변에 숨어(?)있는 카페네요. 카페인가 아닌가 한참 망설이다 들어갔는데 내부가 너무 멋지고 여유롭고 좋아요.,책읽기 좋은 카페란 말에 방문했는데 노래도 좋고 분위기도 좋아요! 하이볼 주류 메뉴도 있어서 너무 좋습니다. 무리해서 테이블을 많이 두지 않고 테이블간 간격도 넓게 배치하셔서 더 좋았습니다. 좋은 하루 만들어주셔서 감사합니다!!,다시 방문하고 싶은 카페예요! 인테리어가 멋지고 메뉴도 맛있고 사장님도 친절하시고 평일에 혼자가서 책읽고 노트북 하기에도 좋았어요! 번창하세용!,이번에는 오랜만에 방문하니 술메뉴가 생겨서 커피대신 낮술한잔 했어요 ☺️ 편안한 분위기에 한잔하면서 쉬다가 가요! 또 놀러오겠습니다 :),치즈 케이크 좀 작은데 7000원 비싼 감이 없잖아 있지만 맛은 있음,매번 올 때마다 못먹어본 디저트나 음료가 생겨서 궁금하니까 시켜 보는데 실패한적 없이 맛있어요 :)!,"판나코타, 티라미수, 커피, 뷰 맛집입니다! 그리고 무엇보다 사장님이 되게 잘생기셨어요! 저녁에는 🍷와인 한 잔 낮에는 커피 한 잔 하기 딱 좋은 카페입니다!☕️",낑깡 치즈케이크? 먹으러 갔는데 품절..ㅠ 근데 너무 친절하시고 깨끗하고 인테리어 멋지도 커피도 맛있어요 또 갈려구요,"연희동에서 마음에 드는 카페 찾기 힘들었는데, 마음에 쏙 드는 보케를 알게되서 오랜만에 리뷰 올립니다. 문 열고 들어서는 순간부터 깔끔하고 세련된 인테리어에 마음을 빼았기고, 커피 와인 모두 사장님이 정성을 들인 티가 납니 다. 와인도 맛이 다양하고 다른 곳에서 쉽게 접할 수 없는 종류가 많은 것 같아요. 아주 깔끔하고 사장님도 너...",보통,라떼 굳 2층이라 창 바라보며 멍때리기 좋아요ㅎㅎ,조용하고 분위기가 좋아서 앞으로 자주 올것같아요! 콘센트도 많은 편이라 혼자 작업하러 오기도 좋네요 바질에이 드 맛있어요|~~~~~~,오늘은 깔끔하게 아아 먹고 갑니다! 산미도 적고 넘 고소하게 맛있게 먹었어요 :),딸기판나코타라는 메뉴를 처음 먹어보는데 정말 맛있었고 커피도 너무 맛있어요! 카페 내부 분위기도 너무 좋았고 통창이라 어디에 앉아도 바깥 풍경 보면서 앉아있기 너무 좋아요! 와인도 판매하는 곳이라 저녁에 와서 와인 먹어도 정말 좋을 것 같아요ㅎㅎ연희동에 이런 곳이 있는 줄 몰랐는데 앞으로 자주 방문할 것 같네요><,근처 볼일 보러 왔다가 네이버 연희동 카페 검색해서 왔는데 치아버터 어쩌고 이거 맛있넼ㅋㅋㅋ 유자민트도 생각보다 궁합이 좋았어요 저에게 또간집 될듯 싶습니다,커피는 기본이고 디저트 특히 티라미슈가 정말 맛있어서 근처 올때마다 꼭 들리고 있어요 ㅎㅎ  인테리어와 분위기가 깔끔하고 사장님도 친절하신데 저만알고 싶지만 너무 욕심같아 리뷰 올릴게요,"서울 여행 중 갑자기 추워진 날씨 탓에 급히 들어간 카페인데, 날씨 탓이 아닌 날씨 덕에 이렇게 멋진 인테리어와 고 급스런 음료 맛도 느낄수있었습니다. 서울여행 중 기억에 남는 장소라 생각되는 곳이고 다음에 한번 더 들리고 싶습 니다. 커피가 맛있고 인테리어, 가구 하나하나에 사장님의 손길이 베어든 것 같았습니다.",커피 ☕️ 맛있어요 👍🏽  다음 ㅡ엔 와인🍷 마시러~ ~ 와야겠어요,커피도 디저트도 완전 맛있어요!  입에서 살살 녹음ㅜㅜ 와인도 즐길 수 있고 분위기도 좋아서 연희동 아지트로 당첨입니다😋,직접 바닐라 빈을 긁어 넣어주셔서 고급스러운 맛이 나는 바닐라 소다였습니다! 판나코타는 쫀쫀한 식감에 위에 뿌려진 후추가 포인트에요ㅠ  애견 동반이여서 귀여운 아이랑 같이 갈 수 있어서 좋았습니당☺️,"핫초코는 깊고 맛있는 카카오 맛이에요ㅎㅎ👍 그리고 올리브유 아이스크림도 아이스크림에 올리브유 뿌린건 처음 먹어보는데 진짜 맛있어요 🫒 사장님도 진짜 친절하시고, 카페 안도 넘 따듯하고 분위기도 좋네요! 또 올게용!",혼자 와서 책 읽기에 좋은 분위기에요! ㅎㅎ 좌석도 은근히 많네요~~,"여러번 왔는데 이제야 리뷰 써봅니당,,, 커피 다 맛있고 개인적으로 디저트가 진짜 괜찮아요. 올때마다 판나코터 시 키는 듯요 ㅋㅋㅋ 창문이 크고 조용하고 공간이 넓어서 작업하기도 좋아요",플라타너스 뷰가 멋진 감각적인 느낌의 카페. 인테리어가 멋스럽고 차분한 공간 속에서 좋은 음악 들으며 힐링할 수  있는 곳이었어요 무엇보다 커피맛이 좋아서 만족! 다음엔 노트북 들고 평일에 방문해봐야겠어요😀,라떼랑 레어치즈케이크 넘 맛있었어용🥹 올 여름 나무가 푸릇푸릇 할 때 또 와보고싶네여….,티라미수 맛집을 찾아 여기저기 많이 다녔으나.. 여긴 정말 찐 티라미수맛집.. 판나코나는 그냥 2개 이상 드세요..,쿠키와 라떼는 많이 달지 않아요.  카페가 많이 복잡하지 않고 사장님이 친절하셔서 기분좋게 마시고 갑니다,좋아요,심플하면서도 녹색과 스테인레스 인테리어가 정말 좋아요!,세번째 방문이예요 !!!! 완전 좋아요❤️🙃🙃🙃 사장님도 여전히 최고!!,굿,"좋은 커피, 좋은 분위기 :)","나 혼자 집중하고 싶을때, 남자친구랑 둘이서 조용히대화 나누고 싶을때 자주 가는 연희동 보케! 곧 크리스마스라고 사장님이 인테리어 해놓으셨더라구여 ㅋㅋㅋ 판나코타에 딸기 얹어서 먹어봤는데 또 다른 맛! 겨울이라 ㄱ런것 같은데 계속 딸기 얹어줬음 좋겠어여 ㅋㅋㅋ 조용한 곳에서 시간 잘 보냇어용 ㅎㅎ","바닐라소다 시켜먹었는데, 많이 달지않고 상큼해서 좋았어요. 디저트류도 달지않아 커피나 음료와 같이 먹기에 좋았어요~~ 인테리어도 분위기있고 사장님이 정말 친절하세요:)","뷰가 너무 예쁘고 무엇보다 커피가 맛있어요👍🏻 ☕️ 아이스 롱블랙과 라즈베리 판나코타, 보늬밤을 주문했어요 ✨ 쉐어 테이블이 낯설지만,, 테이블이 넓고 의자도 편해서 좋았어요! 와인도 있던데 편하게 들려 와인 마시기에도 좋을  거 같은 인테리어와 조명,, 다음에 또 갈래요:)",판나코타 안먹는 사람 바보 핑거라떼 안먹는 사람 바보 카피가 친절하고 사장님이 맛있어요 진심 앞으로 최애 카페  출근도장 찍어야할덧,근처 지나가다가 너무 추워서 들어갔는데 커피가 너무 맛있어서 놀랐어요🥹👍🏻👍🏻 커피 원두 자체가 맛있는것같아요ㅎㅎ 맛도 좋은데 몸도 따뜻하게 녹일수있어 더 좋았어요!! 저 여기 단골 되겠습니당><💗💗,연남동에 새로 생긴 보케커피!! 우선 커피 맛 자체가 굉장히 맛있어요. 사장님도 친절하시고 매장도 미니멀한데 불편하거나 부담스럽지 않아요! 다음에는 저녁에 와인 마시러 방문 할 생각입니다!!,판나코타 맛있어요 사람들이 다 알았으면 좋겠어요 겨울이라 딸기 올라간 판나코타 판매중인데 진짜 맛있어요 진 짜 맛있어서 맛있다고 몇번 말하는지 모르겠는데 진짜 맛있어요,좋아요,자주 오는곳인데 사장님이랑 친해져서 바에 앉아서 자주 대화 나눠요 가구 배치가 바뀌었는데 훨씬 더 아늑해보여요,못봤던 카페가...새로 생겼다네요...식물들이 분위기 살려주는...맛져요..,동네에 있다면 자주 가고 싶은 카페에요 ! 특히 토마토 바질 에이드 너무 맛있어요..👍🏼👍🏼👍🏼 판나코타도 짱입니다 ..👍🏼👍🏼👍🏼,판타코타 너무 맛있어서 먹으러 또 왔어요!!!! 분위기도 너무 좋고 커피도 진짜 맛있었어요ㅋㅋㅋㅋㅋ연희동에 이런 카페가 생겨서 좋아요 💓,연희동 신상 카페!! 사장님도 친절하고 커피 맛집 입니다🫶🏻 노래 맛집이라 플리 알고 싶어요 인스타에 플리 올려주세요~!!!!,분위기가 너무 아늑하고 좋아요✨ 라떼가 맛있어서 재방문 했어요 밖은 추운데 안에 들어오자마자 분위기와 따뜻한 공기에 바로 따스해지는 느낌이에요 🎅🏻🎄,일하는 곳 근처라 자주 들리는 편인데 사장님이랑 친해져서 올 때마다 이제는 바 테이블쪽에 앉아서 대화도 나누고 쉬는곳이 되었네요 :),판나코타 존맛탱..! 그리고 조용해서 집중하기 좋아요 아직 많이 알려지지 않아서 나만의 아지트 찾은 느낌 ㅎㅎ,저번에 먹었던 플랫화이트 먹고싶어서 또 왔어요 분위기도 분위기인데 커피가 맛있어서 생각나요,♡,매번 연희동 들릴때마다 오는 곳 :) 오늘도 잘마시고 가요 새해 복 많이 받으세요 사장님!,매장 인테리어도 너무 예쁘고 사징님도 너무 친절하시고 커피도 너무 맛있고.. 재방문하고싶어요🥹🤎,연희동 찐 커피맛집 연희동 조금 멀지만 올때마다 들리는데 진짜 너무 맛있네요.. 휴 이렇게 맛있는데 저만 알고싶지만 그럴 수 없됴.... 사장님 이호점 언제내실거죠,토마토안좋아하는데 이뻐서 시켰어요 근데 무슨일….토마토 다먹어버림.너무 맛있어요 매장도 너무 깔끔하고 편해요,사장님이 커피에 진심이시구 인테리어 너무 좋구 분위기 좋아요 ㅎㅎ 저녁에는 와인두 먹을 수 있어서 자주 올꺼같아요 :),노래맛집 !! ⛄️ 분위기도 너무 좋아요,우연이 들어왔는데 괜찮네요. 앞으로 연희동 올 때 마다 들릴 거 같아요.,저번에 방문했을때는 없었던 딸기가 새로 보여서 시켜봤는데 왠걸 진짜 맛있어요 ㅋㅋ 오리지널도 역시 맛있지만 가끔은 딸기도 먹어야겠어요 🤭 오늘도 친구랑 재밌게 떠들고 가요 !,커피랑 디저트가 맛있어요~ 카페 내부가 예뻐용,판나코타는 처음 먹어봤는데 너무 맛있어요ㅠㅠ 이거 먹으러라도 꼭 다시 올래요,맛있고 분위기까지 좋은 카페💗,사장님 친절하시고 맛있어요😃,나무가 예뻐요 예쁜식물들 많고 혼자 책읽기도 좋은거같아요🙏🤭 나만 알고싶은.. 유명해지지않았으면 좋겠는곳.. 📍📍,우연히 들린 카페 와인바인데 와인 너무 맛있고 분위기 좋아요 또 올게요 ~! ❤️‍🔥,눈 오는 날에 먹기 좋은 딸기 판나코타와 핫초코. 자주 오는 곳이지만 분위기가 진짜 좋네요... 사장님도 너무 친절하세요✨,고소하고 부드러운 라떼에 채광 좋은 자리에 앉아 있으니 일주일 동안 꽉 채워져있던 머리속이 깨끗해지는 기분입니다 :),오랜만에 꼬수한 플랫화이트 먹어서 기분이 좋았어용🤍🍓,디저트가 맛있어요!,"사장님이 진짜 친절해요!🫠 커피도 맛있고, 판나코타가 서울에서 찾아볼 수 없는 맛이네요! 공간도 조용하고 의자 진짜 짱 편하구 좋아요✨",좋은곳에서 맛있는 와인 마셨습니다. 디저트가 진짜 맛있어요! 다음엔 커피도 꼭 마셔보고 싶네요~,"사장님 엄청 친절하시고, 라떼 마셨는데 커피 맛있어요.  판나코타는 흔치 않은 디저트 메뉴인데 커피랑 같이 먹기 좋아요. 가오픈이라고 하셨는데 메뉴 점점 많아지면 다른 것도 먹어보러 오고싶어요!",좌석이 편하고 인테리어가 예뻐요 스몰커피 처음 먹어보는 맛인데 넘무 맛있어요 나만알고싶은 단골될거같은 카페!!!,판나코타랑 티라미수가 지인짜 맛있어요-! 음악과 공간이 너무 좋네요... 아침 저녁으로 방문 하고 싶은 곳입니다!,보케 최고! 재방문 의사 500% 판나코타가 짱이에요 굳~
시간이머무는홍차가게,34326631.0,"애프터눈 티세트 하면 저는 이 가게가 생각날 정도로 이곳을 사랑합니다. 분위기도 정말 시간이 멈춘듯 일상에서 벗 어난 느낌이에요. 잔을 직접 고를 수 있다는 것도 넘 좋고, 찻잎 향도먼저 맡아보고 고를 수 있어요. 티푸드도 하나하 나 설명해주셔서 늘 행복하게 즐기다 갑니다","거의 완벽에 가까운 2시간이었어요. 애프터눈티 구성부터 예쁜 다기, 잘 우러난 차까지 다 맘에 들음. 하나씩 시향해 보고 차 고를 수 있는 거랑 다기 직접 고를 수 있는 것도 좋았어요. 웨지우드나 로얄앨버트의 예쁜 다기가 많아서 보고만 있어도 기분이 좋아져요. 심플하지만 맛있는 샌드위치, 달콤한 3층의 디저트 다 맛있게 먹었어요!","첫 애프터눈티 경험을 ‘시간이머무는홍차가게’에서🍰🍵 정말 다양한 홍차와, 따뜻한 음악들, 눈과 입이 즐거운 디저트들로 행복한 시간 보내다가 갑니다~ 한번 쯤 경험하면 좋겠는 공간이 아닌 앞으로 계속 오고싶은 곳이에요!",몇번이고 다시 오게 되는 홍차집 언제나 친절하게 맞아주시고 정성스럽게 준비해주신다!! 선선한 날씨에 따뜻한 홍 차 한 잔하기 너무나도 좋은 곳!!!,저의 베리베리 패이버릿 홍차가게!!! 홍차가게 여기만 와요~~ 처음 문 열었을 때부터 왔는데 그게 벌써 10년이 다되 가다니~~!✺⋆* (⸝⸝⸝´▽`⸝⸝⸝)⋆*✺ 늘 정성스럽게 준비해주시고 티푸드도 너어무 맛있어요!!! 앞으로도 저의 홍차가게가  되어 주세욧<<없어지믄 안돼~~~~~~!!!!!٩꒰｡•◡•｡꒱۶٩(ˊᗜˋ*)و,"너무너무 맛있는 차와 스콘과 잼을 주시는 곳!! 몇 년째 단골로 애프터눈 티를 다니는데, 매번 같은 메뉴를 선택해도 질리지 않을 정도로 깊고 풍부한 맛을 자랑해요........ 추천 부탁드리면 취향에 맞게 설명도 넘 잘해주십니다. 겁이 많 지만 귀여운 멈머 '홍차'(사람 테이블엔 전혀 다가오지 않고 사장님 근처에만 얌전히 있으니 안심하시길!) 와 ...","너무나 오랫만에 방문한 티룸ㅜㅜ귀여운 강아지와 향기로운 홍차, 그리고 디저트까지☺️ 여러 티룸을 다녀봤지만 단연 이곳이 최고입니다👍 과거와 다르게 애프터티세트에 케이크는 포함되어있지 않아 케이크 추가했어요🤗",에프터눈티가 먹고싶어서 예약하고 갔어요! 홍차 전문이라 그런지 밀크티가 정말 맛있었어요. 3단 트레이에 담겨 나 오는 디저트들도 하나하나 정성스레 준비해 주셔서 먹기가 아까웠지만!! 전부 맛있게 잘 먹었습니다( ◜𖥦◝ ) 다음에 또 올게요˙Ⱉ˙❤,"사장님께서 매우 친절하십니다. 매뉴도 잘 설명해주시고 티도, 티푸드도 맛있어요. 다른 티룸을 많이 방문해보았지 만 결국 여기로 돌아오게 되는것 같아요. 개인적으로 죄송한 일이 있었는데 양해해 주셔서 고맙고 죄송할 따름입니 다. 조금 멀지만 매 분기마다 방문하는 곳이에요. 나만 알았으면하는 마음과 유명해졌으면하는 마음이 공존합...",사장님 너무너무 친절하시구 티랑 티푸드도 너무 맛있어요><❤️ 원하는 찻잔 골라서 마실 수 있구 가게에 홍차라고 짱짱 귀여운 강아지느님도 계십니다🌟 학생 때부터 종종 오던 곳인데 아직도 그때 그 분위기&맛이라서 오랜만에 와서 향수를 느끼고 가요ㅠㅠ 이미 넘 유명하기도 하고 여기서 더 유명해지면 다음번엔 제가 못 먹을 수도 있...,주택가 사이에 위치하고 있는 작은 티룸입니다. 테이블이 많지 않아요. 애프터눈티세트 먹고 싶었는데 미리 예약해 야 하더라고요. 다음을 기약해 봅니다. 따뜻한 클래식 밀크티랑 아이스인 런던 클래식 주문했는데요. 클래식 밀크티 는 찻잔을 고르게 해주셔서 찻잔 구경하고 고르는 재미가 있었어요. 차 나올 때 놀랐습니다. 티팟에 워머까지 ...,예쁜 공간에서 여유롭게 향기로운 차🍵☕️와 티푸드를 즐기고 싶어서 방문했습니다. 방식에 대해서도 친절하게 설명해주시고 모든 디저트🍪🥐와 샌드위치🥪 전부 맛있습니다! 오이 샌드위치도 맛있고 요거트도 좋았습니다. 레몬🍋 아이싱 된 마들렌도 정말 상큼했어요😊 시간 내서 방문 추천드려요! 애프터눈 티세트 짱!!🥰,"시간이 머무는 홍차가게는 제 삶의 소중한 힐링처입니다...💓 개강 전, 시험 끝나고, 종강하고 계절마다 꼭꼭 방문하 게 됩니다 ㅠㅠ 저는 중간고사 끝나고 왔으니 다음엔 종강하고 오겠죠? ㅎㅎ 애프터눈 티 세트는 계절마다 조금씩 바뀌는 과일과 너무너무 맛있는 디저트를 원하는 홍차 한 티팟과 즐길 수 있습니다! 입안 가득 퍼지는 홍차향...","특별한 날에 특별한 곳에 오고 싶어서 예약했는데 아늑한 분위기가 너무 좋아요! 티푸드 세트나 찻잔도 예쁘구, 직원 분들도 친절히 설명해주셔서 좋았어요u.u) 그리구 아주아주 귀여운 멈머 홍차🥺도 있어서 행복하게 방문했습니다.  홍차 귀여워",아주예전에 오고 재방문인데 차와 찻잔고르는 과정이랑 티세트를 즐기는 경험 모두를 즐겁게 만들어주는 공간이에 요 사장님이 너무 친절하세요^^목소리도 좋으심 엄마랑 같이왔는데 엄마도 행복해하셨어요,"아는 분께 소개 받아서 처음 방문해봤어요! 차의 종류가 무척 다양해서 고르는 재미가 있고 시향도 해볼수 있습니다 . 일반 홍차, 가향 홍차, 밀크티 등 다양한 종류가 있어요. 애프터눈티 세트 예약해서 이용했는데 트레이 구성도 알차 고 맛있어요! 찻잔 골라서 이용할 수 있는데 찻잔들이 너무 예뻐서 고르는 재미가 있습니다. 설명도 친절히 ...",여기서 애프터눈티세트 꼭 먹어보고 싶었는데 코로나 이후 재오픈해서 드디어 방문했어요!!!! 샌드위치 요거트 스콘  마글렌 과일 티쿠키 정말 넘넘 좋았구 애프터눈티세트 예약하면 고를수있는 찻잔🤍 너무예뻐서 눈물줄줄..ᵕ̩̩ㅅᵕ̩̩ 플 로렌틴 터콰즈 넘나 예쁘죠.. 항상 시크한 홍차 오늘은 그래도 만지게 해줘서 고마웠어.. 사랑해요.. 사장님 건...,"간만에 예쁜 가게에서 정성스런 메뉴와 향긋한 홍차까지 곁들이니 친구와 대화가 더 행복했어요. 한적한 곳이어서 조용하고 열린창으로 부는 바람에 향긋한 홍차향까지,커피랑 또 다른 분위기에 가을을 제대로 느끼고 왔어요","여자친구도 저도 홍차와 디저트를 너무 좋아해서, 이번 데이트를 어디를 갈지 찾아보다가 오게 되었어요 일단 먼저 보이는 찻잔들이 하... 진짜 너무 이쁜 것들만 있어서 너무 행복했습니다... 그리고 나온 홍차를 냉침해서 만든 웰컴 티도 진짜.. 이거 진짜 맛있습니다 꼭 드세오... 나온 홍차도 너무 좋았고, 무엇보다 다 맛있었지만 스콘!!! 스콘...","언제나 최고인 시머홍의 애프터눈 티세트...♡♡♡ 서울에서 제일 맛난 홍차랑 얼그레이 잼&스콘을 구우시는 곳입니 다ㅠㅠ 1단 샌드위치도 2종류 다 맛있고, 3단의 구움과자류도 행복한 맛이 나요!! 사장님 두 분 모두 친절하시고 매 장에 함께 있는 강아지 홍차가 매우 점잖고 귀엽습니다ㅋㅋ 차 좋아하시는 분들은 꼭 방문해보세요~~",주말에만 시간이 되는데 그동안 토욜 에프터눈티 예약이 없어서 못갔는데 드디어!! 토욜 에프터눈티가 가능해서 예 약후 첫 방문 했습니다! 도착하자마자 차 선택하고 스콘에 곁들일 잼 선택 후 찻잔까지 고를 수 있었습니다! 한 10-1 5분 대기 후 차와 3단 세트를 받았고 설명도 잘 해주셔서 맛있게 먹었어요! 에프터눈티세트를 드실 거면 예약...,"분위기도 아늑하고, 음식 구성도 너무 마음에 들었습니다!! 추워지는 겨울날, 마침 첫눈도 내리는데 따뜻하게 우러난 차를 마시고나니 마음까지 든든해지는 시간이었습니다! 다음에 또 방문할게요🤍🤍",너무 좋아하는 가게인데 다시 오픈하셔서 너무 행복해요 여전한 맛과 분위기~ 언제와도 행복한 장소 입니다 친구들과 만나 이야기를 나누기도 좋고 혼자 방문해서 근사한 차와 독서를 즐기기도 좋을 그런 장소입니다 요즘 애프터눈티셋에 오이샌드위치를 하는 가게 정말 찾기 힘든데 바로 여깁니다 스콘도 최고에요~!!,홍차의 향이 정말 좋습니다. 올 때마다 어떤 종류를 고를지 늘 즐거운 고민을 하곤 합니다. 웰컴 티와 애프터눈 티세트의 디저트들도 맛있고요. 지나치게 달지 않은 산뜻한 맛입니다. 아름답고 다양한 찻잔을 고르는 즐거움도 있고요.,조용한 분위기에 차가 맛있고 식기들도 너무 예뻐요! 사장님도 너무 친절하시고 디저트도 맛있어서 행복한 휴일을  즐기고 있습니다 :) 귀엽고 얌전한 강아지 홍차도 있어서 힐링 제대로 하고있어요. 휴일에 자주 오고 싶을 정도에요!  오래오래 건강하게 장사해 주세요🥰,예전에 자주 다니던 카페에 오랜만에 방문했네요! 언제나와 같이 사장님은 친절하시고 차는 맛있고 디저트도 계절 에 맞춰 구성이 너무 좋습니다. ㅠㅜ)9 앞으로는 또 자주 방문 할 것 같네요. 언제나 번창하시길 바랍니다~ :)♡,처음 왔는데 사장님이 정말 친절하게 설명해주셨어요 애프터눈 티 세트 시키면 차를 시향해서 고르고 여러가지 예쁜 찻잔세트중에 원하는걸로 고를수있게 해주십니다 디저트도 맛있고 강아지도 한마리 있었는데 너무 귀여웠어요🐶,홍차도 맛있고 애프터눈티세트 디저트도 맛있어요!! 찻잔도 고를 수 있어서 좋음🥹🥹,"가게 분위기가 아늑하고 안정감을 주는 느낌이라 좋았습니다.🥰 얼그레이 임페리얼, 이노센트 그레이를 주문하였 고 향이 풍부해 맛있게 즐길 수 있었습니다. 함께 나온 다과 역시 적당히 달아서 맛있었습니다.😊",애프터눈티 세트 정말 너무너무 맛있어요!!!👍👍 넘 친절하시고 차도 시향후 고를수 있어서 딱 맘에드는 차 먹었어요! 티팟세트도 이쁜게 많아서 고르느라 힘들었어용💖 애프터눈티 세트에 나온 샌드위치 요거트 스콘 밀크잼 다 너무 맛있어서 자주 생각날거 같아요!🫶🏻 티팟 디저트 다 넘 이뻐서 인생샷도 잘나와용🤭,아까 일행분이 시간을 착각해서 30분 늦었는데도 너무 친절하게 대해주셔서 감사합니다🥹 사과드렸어야 했는데  타이밍을 놓쳐서 리뷰에 적습니다..!ㅠㅠ 구성이 전부 정말 하나도 빠짐없이 맛있어서 너무 행복했어요🫶🏻💗 양도  꽤많아서 엄청 배불렀네요 차도 너무 향긋하고 찻잔도 정말 귀한 고급 찻잔이라 기분좋았어요! 다음에 또 오...,넷이서 방문해서 맛있게 먹고가요. 차와 정말 잘 어울리는 다양한 디저트를 친절하게 설명해주시고 맛있게 준비해 주셨어요. 차도 시향하고 고를 수 있고 티세트도 취향에 맞춰 골랐어요. 즐거운 티타임이였습니다.,너무너무 맛있고 사장님 너무 친절하시고 제 최애 티룸입니다 ♥️♥️♥️ 귀여운 강아지가 반겨줘서 더 좋아요 ❤️❤️❤️,오랜만에 힐링되는 시간이었어요 ㅎㅎ 조용한 공간에서 맛있는 티푸드랑 차… 여태까지 가봤던 호텔 애프터눈티들 보다 만족도 높았어요👍🏻 또 가고싶어요!,너무 친절하시고 티선택에 웨딩 임페리얼있는게 좋아요..🫶디저트도 너무 맛있습니다👍,여유롭고 평화로운 시간을 보낼 수 있는 장소입니다. 차와 찻잔을 고르는 순간부터 설레기 시작합니다 ㅎㅎ 소중한 사람과 좋은 시간을 보내고 싶은 분들께 추천합니다.,맛있는 홍차와 티푸드~~~❤️❤️❤️,직원분들 모두 친절하시고 좋았어요 웨딩 임페리얼 향이 진하고 좋아서 즐거운 시간 보냈습니다~ 디저트도 맛있어요! 다음에 시간되면 재방문하고 싶네요,정성이 가득 느껴지는 애프터눈티세트 ♡ 또또 갈게요 :-),차가 맛있고 사장님도 친절하세요! 애프터눈티세트 너무 좋았습니다! 찻잔도 고를수있었어요😊,오랜만에 방문했는데 이번에도 잘 먹고 잘 쉬다가요~,키워드 다섯 개가 부족할 정도로 잘 차려주신 티세트입니다! 구성도 조화롭고 차 맛도 좋아서 행복한 시간 보내고 갑니다 :D,무척 행복한 공간입니다. 가게 넘 포근하고 아늑하고...티세트 디저트도 전부 대만족이었어요. 디저트별로 설명도 친절하게 해주셨어요. 행복했습니다. 다음에 또 올게요ㅎㅎ,"늘 귀족 영애가 된 기분으로 와서 즐기고 갑니다. 추천해준 지인들마다 실패하는 일이 없어요. 가향차 종류도 다양해서 골라마시는 즐거움이 있고, 정석 티세트를 경험하기 좋다고 생각합니다. 왔다 가면 항상 행복해요",4번째 방문!!! 매번 조아요!!! 스콘 최고!!!!,홍차세트 넘. 맛있고 예뻐요.,오랜만에 찾았습니다. 언제 와도 늘 아늑하고 좋은 분위기에 차도 맛있어요^-^!!,다과도 굉장히 맛있고 선택가능한 차 종류도 다양해서 너무 좋았습니다!,친구따라서 두번째 방문인데 평생 다니고 싶은 멋진 카페예요ㅠㅠ♡ 4명 예약하고 와서 엄청시켰는데 디저트도 케 이크도 홍차도 진짜 진짜 너무 맛있었여요!!!!!!!!!! 사장님 두분도 너무 친절하시고 카페 분위기도 너무너무 좋아요♡♡ ♡ 사진 찍는 거 좋아하시는 분들에게 추천합니다! 다음에 또 올 거예요>.<♡♡♡♡♡♡,홍차 종류도 다양하고 분위기도 조용하고 좋아요.내가 사용할 찻잔을 고를때는 두근두근.  에프터눈티를 하는곳이 많지 않은데 좋은 가격에 멋진 선물을 받은 기분입니다. 홍차를 좋아한신다면 적극 추천 입니다.,언제 와도 차랑 티세트가 맛있고 편하게 있다 가기 좋은 곳이에요~~!! 사장님들도 늘 친절하셔서 주변에도 마구 추천하게 된답니다 🥹💕💕 여기 오실 분들은 다른 것도 좋지만 티세트는 한 번쯤 꼭 주문해서 드셔보시길 바랄게요~~!!!!,공간이 예쁘고 애프터눈 세트가 맛있어요! 얼그레이잼이 정말 맛있네요! 재방문 의사 있습니다!,언제 와도 변하지 않는 디저트 퀄리티… 그리고 차와 예쁜 티세트가 너무 좋았어요… 최고의 찻집!,"웨지우드랑 여러 귀한 찻잔 많고, 직접 써볼 수도 있어서 좋았어요. 디저트도 맛있고, 티팟에 쌓여있는 티코지도 귀엽고, 누워있는 강아지도 귀엽고... 자주 올 것 같아요",찻잔도 고를 수 있고 맛도 좋은데 무엇보다 차 종류가 다양해서 좋았습니다✨️,가게가 아늑하니 예뻐요.  티를 고르고 찾잔도 취향껏 골라서 친구과 기분 좋게 보낼 수 있어요. 또 샌드위치랑 쿠키 모두 맛있어요 ^^,따뜻한 차랑 디저트 같이 먹으니까 넘 맛있어요 > < 고를 수 있는 찻잔이 정말 많고 다 귀여워서 한참 고민했어요,"티푸드 준비해주시는 사장님 출산휴가 들어가시고 나서 영영 그만두시는 줄 알고 매우 아쉬워 했는데, 이렇게 다시  뵐 수 있게 되어서 정말 감동의 눈물이...(또륵) 오랜만에 뵈었는데도, 맛은 그대로여서 '역시 장인은 다르구나' 하고  생각했더랬지요 :D 이제는 집이 멀어져서 자주 가진 못하지만 두분 다 항상 건강하시고, 행복하셨으면 좋겠어...",여기는 진짜 스콘 맛 예술이고 애프터눈 티 세트도 예전부터 먹고 싶었는데 드디어 먹어서 소원성취해서 행복해요. 다음엔 따뜻한 밀크티 먹어야징,"잔잔한 음악,아름다운 인테리어,다양한 찻잔에 좋은 시간을 보냈습니다. 강아지 홍차가 너무 귀엽고 순합니다.",늘 너무너무 맛있게 잘 먹고 있어요!!! 이번에도 친구랑 같이 잘 먹고 갑니다😘💕,애프터눈 티세트 (예약필수 / 최대 4인) 디피된 찻잎 향 맡고 티 선택 후 찻잔도 고를 수 있는데 예쁜 잔이 많아서 좋 았어요! 냉침 웰컴티도 주시고 서빙 후 먹는 법 설명도 해주셔서 티룸 처음인 친구가 좋아했어요 티세트 정말 다 맛 있었는데 특히 스콘이 인생 스콘이였어요ㅠ 오이 샌드위치가 맛있으면 말 다 했죠? 키위 요거트로 입가심 하...,차 향이 너무좋고 디저트들도 다맛있었어요,모두에게 소개하고싶은 인생티룸이에요 아늑하고 사랑스러운 공간입니다😊😊😊,정말 너무... 완벽했습니다... 디저트들도 다 너무 맛있고 자체블렌딩 티가 특히 맛있었어요! 다음에도 또 오려고요 💕,솔직히 별로였어요 애프터눈 티세트의 샌드위치나 구움과자의 맛과 질이 오히려 차 마시는데 방해될 정도여서 비용 5만원이 결코 싸지 않고 오히려 비싸게 느껴지더라구요 차라리 만원 더 내고 다른 곳에서 맛있는 티세트 드시는 거  추천드립니다.,웰컴티를 맛있게 해주세요*^-^*♡ 애프터눈티도 맛있어서 기다리는중!,홍차가 잘생겼고 티푸드가 맛있어요🥰,간만에 갔는데 예전 그 분위기 그대로라 좋았어요 🥰 밀크티 시키면 티팟에서 찻잎 걸러내고 주셔서 맛이 균일한 게 개인적으로는 좋아하는 부분이에요,애프터눈티 세트 예약해서 다녀왔습니다. 여유롭고 맛있게 즐길 수 있었어요!!,좋은 분과 티타임하러 왔어요 :) 즐거운 시간 보내고 갑니다,애프터눈 티세트 최고에요 자주 오고 있어요 사장님들 항상 친절하시고 디저트도 너무 맛있습니다!,좋은 자리에서 좋은 차를 마실 수 있어서 행복했습니다. 히비스커스 안 좋아하는데 에로스는 정말 맛있어요! 그리고 무엇보다 웨지우드 세인트 오스텔 잔이 너무 사랑스러워서 홀딱 빠져버렸습니다. (찰칵찰칵 카메라 소리가 부끄러운데도 계속 찍을 수밖에 없었어요😍) 시간이 멈춘 듯한 아름다운 티타임이었어요. 감사합니다. 또 갈게요.,"4.1 내부가 넓진 않아서 자리가 많진 않지만.. 맥시멀리스트인것같은 사장님의 세심함이 곳곳에 보이는 가게였음 🤩❣️ 모든 소품과 디피가 하나하나 신경 안 쓴 것이 없었따,,☆ 화장실 손씻고 티슈뽑는 곳 밑에 화분 놔둔거 보 고 와.. 했는데 찻주전자 입 근처에 덧대놓은 티슈 발견한 순간 ㄹㅇ 지렸음,,ㄷㄷ 디테일에 미치신 듯.. 존경함...",아담하고 분위기 좋은 곳! 그리고 갓성비 애프터눈티가 있는 곳입니다 !!,"정말 친절하시고, 차와 디저트가 맛있어요.",밀크티 좋아해서 진짜진짜 가보고 싶었던 곳인데 드디어 가봤어요 티팟에 넣어줘서 좋아요 친절하고 분위기가 아늑합니다,조용하고 따뜻한 공간이예요. 너무 예쁜 찻잔도 많아서 구경하기도 좋아요^^♡,오랜만에 티세트 재개하셨다고 해서 방문했는데 너무 맛있게 잘 먹었습니다.,굿,좋아요,정말 구석구석까지 홍차와 세상에 대한 관심과 애정으로 가득 찬 곳💖 맨날 바쁘다는 핑계로 몇년동안 안 와봤던 시간들이 너무 아까울 정도입니다.,차를 매우 진심으로 대하시는 거 같아요. 진짜 정성스럽고 대접받는 기분이에요.,마르코폴로 향이 너무 좋아요,편안하고 조용해요 ㅎㅎㅎ 기부할 수 있는 것도 좋았어요,너무 예뻐요❣️ 다음에 또 가서 다른 찻잔으로 마실래요,맛있엉ᆢ,이름만큼 특별하고 멋진 곳이었어요! 잠시 시간이 멈춘 공간으로 여행 다녀온 기분입니다. 차도 맛있고 같이 주시는 펑리수도 센스 짱 😊 찻잔을 직접 고를 수있는 것도 재밌었고 다양한 볼거리가 있어서 즐거웠어요,오래 머무르기 좋아요,가게가 너무예뻐요 이런곳이 있는줄 몰랐는데 너무좋아요😍,써보고싶은 찻잔들이 많았어요?,애프터눈 티 세트를 먹고 왔습니다0ㅅ0*)/ 웰컴 티로 나온 루이보스도 메인으로 고른 바닐라 가향차도 너무 진하지  않고 산뜻해서 좋았습니다 디저트 중에서는 스콘이 가장 좋았던 것 같아요 얼그레이 밀크잼이 진짜 맛있습니다!,가게가 멋스러워요. 찻잔을 고를 수 있는것도 마음에 들어요. 다음에 조용히 책읽으러 또올게요. (현재 디저트 판매가 중단되서 디저트 반입이 가능해요.),홍차가 귀여워용,"홍차와 관련된 인테리어 소품이 만들어낸 이국적인 분위기를 느낄 수 있었습니다. Afternoon tea set 구성도 맘에 들 었고, 모두 handmade 여서 그랬는지 더 맛있게 느껴졌습니다. 배가 안부를 것 같았는데 친구랑 티세트 다 먹고 배불 러서 혼났네요^^. 홍차 찻잔 진열장에서 맘에든 찻잔세트를 고를 수 있던 것도 홍차를 즐기는데 재미를 더해...",매장은 조금 작지만 예약 하고 가면 웨이팅 없이 바로 입장 가능해요. 인당 22000원의 가격에 애프터눈티는 차도 티 푸드도 모두 맛있어서 아주 만족스러웠어요. 메뉴판에 준비된 홍차의 찻잎을 준비해주셔서 자유롭게 시향해보고 고 를 수 있는 것도 즐거웠고 다양한 잔중에 취향에 맞는 잔을 고를 수 있는 것도 색다르고 즐거운 경험이였어요 ...,분위기도 좋고 차도 맛있고 디저트까지도 정말 맛있고 좋았습니다.,갈 때마다 정말 즐겁고 행복한 시간 보내고 옵니다 ㅠ.ㅠ 차는 물론이고 디저트도 하나하나 정성스럽고 맛있어요!! 찻잔 고르는 재미도 쏠쏠합니다 오래오래 계셔주었으면 좋겠어요,애프터눈티는 처음인데 차랑 디저트가 잘어울려서 너무 좋았어요 예쁜 찻잔에 차 마시니까 기분도 좋아지고~ 매우 만족스럽습니다ㅎㅎ,이번이 3번째 방문이고 3번 모두 다른 사람들과 왔었는데 한명도 빠짐없이 맛있고 만족하고 즐거웠다고 했습니다:D 다음에도 꼭 방문하겠습니다~!,"애프터 눈 티세트를 먹었습니다! 차도, 디저트도 정말 맛있고 예쁜 찻잔도 즐길 수 있었어서 정말 좋았어요~","오직 천도복숭아 레어치즈를 먹기 위해 호기롭게 애프터눈 티세트를 예약하고 방문했습니다:) 중간에 두어번 부득 이하게 일정 변경을 요청드렸는데 그때마다 넘 친절하고 흔쾌히 일정변경을 해주셔서 감사합니다 오랜만에 방문한 홍차가게는 웰컴티의 온도만이 계절을 따라 바뀌었을 뿐, 직접 구운 스콘의 따뜻함도 우유 롤케이크의 촉촉함...",애프터눈티세트 예약해서 다녀왔습니다. 즐겁게 있다 왔어요! 차 고를 때 시향이 가능하고 특히 찻잔을 고를 수 있는 게 너무 좋았습니다. 찻잔을 미리 예열해서 준다거나 티팟을 식지 않게 주머니?로 감싸서 주시고 고른 찻잔 색과 포 크 색을 맞춰주시는등 좋은 티타임을 위해 세심하게 신경쓴 부분이 눈에 띄어 기분이 좋았습니다. 재방문 의...,홍차제대로 즐기고싶은분들한테 딱인곳이에요! 차향맡아보고 마실홍차고를수 있고 찻잔도 직접고른잔에 마실수있어요! 3단트레이도 너무맛있었어용~나만알고싶우 분위기예쁜카페네용♡,지난 월요일에 친구랑 예약없이 방문하고 분위기와 홍차와 스콘에 반해버려 엄마 생신에 맞춰 에프터눈티세트 예약해서 방문했습니다! 덕분에 소중한 사람들과 행복한 시간 보냈어요 ㅎㅎ🥰,"2019년 4월에 방문하고, 2021년 10월의 마지막날 두 번째 방문이었습니다. 안산자락길 걷고 애프터눈티로 오감만족~",언제 가도 정말 맛있어요^^,"정말 행복한 시간을 보냈습니다, 다음에 또 방문하려고요.",,
연희동 국화빵,1649486164.0,"구콰빵 맛@탱도리😋 초코나무숲을 구콰빵으로 먹을 수 있는 곳이 있다?? 율무차슈크림도 놓치지 마세요 ୧ʕ•̀ᴥ•́ʔ୨  이제 국화빵의 계절이 Onda,,,🎄✨",헙 작년 겨울에는 포차(?)였던 것 같은데 ... 다시 방문해보니 가게가 되었더라구요 !! 여전히 맛있고 특별했습니다 ♥ 밤슈크림 추천해요 🌰,젊은 감성에 손님을 향한 진정성이 느껴지는 곳!,똠양 라구 구콰빵 SSAP맛도리😋 Next time은 없다고 해요 GOSU가 들어있다고 합니다 But 많이 들어가진 않고 적 당한 킥이라 I am 맛도리~,"아이스크림 사진은 요즘사진, 국화빵 사진은 지난 겨울사진입니다 여름인데도 국화빵 진행해요. 1주일에 한번씩 국 화빵에 들어가는 크림이 바뀌어요. 초코, 얼그레이, 호구마, 팥, 등등. 모든 맛이 다 특색있고 맛있어요. 지금은 여름 시즌이라 아이스크림도 진행하는데요! 국화 아이스크림은 셔벗과 소프트 아이스크림의 중간어디쯤의 식감과...",지난 겨울 호구마에 이어 초당옥수수 슈크림.. 맛있어요 여름에도 계속 팔아주셔서 좋아요!  겨울에 라구 특별메뉴 나온거 못먹었었는데 어제 신촌현백가서 먹었어요! 라구는 소스가 계속 새어나와서 기름묻고 종이봉투 엉망 되기는 하지만 ㅜㅜ 진심 너무맛있어요.. 트러플햄치즈감자도 짱! 뇨끼맛 납니당,다 개맛도리😋 깨송편 대신 깨송편 국화빵으로 달에 소원 비세요!! ᙏ̤̫🥮 🌕 이번 무화과 샌드는 무화과가 왕달 아서 해피- 오랜만에 쑥 맛있게 먹었습니다,무화과 캡틴크런치 샌드 개맛도리😋 맛난 무화과에 그리웠던 구콰 아이스크림과 슈크림 미국 시리얼 캡틴 크런치 를 조합한 샌드 다시 돌아온 국진스 올 겨울도 잘 부탁드립니다 ( •̀ᴗ•́ ),비싸요,진짜진짜 찐으로 맛나요  제 인생 국화빵임돠ㅜㅜ 국화빵처돌이로써 사계절 내내 국화빵 팔아주시는 국진스언냐들 사랑합니다,"인스타그램에서 워낙 유명해서 늘 궁금했다가 드디어 가 봤어요, 요즘 감성과 유명세에 한번쯤 맛 보기에 좋은 것 같 아요. 하지만 또 먹어야만해서 찾아갈 만한 수준은 아니었고, 속도도 좀 답답하긴 해요. 동네에서 먹는 오리지날 국 화빵에 비해 가격이 2배 이상이라 좀 과하게 비싼 거 같지만 그 재료들에 그만큼의 정성이 들어갔기 때문인 ...",아이스크림 맛이 특이하고 풀빵이 맛있어요!,크림빵인줄알았지만 맛있었어요 ㅎㅎㅎ,맛있어요,미니국화빵이 팥과 초코생크림 두가지 맛으로 정말 신선한 새로운 국화빵이네요,굳,얼그레이 짱맛있어요 !,,,,,,,,,,,,,,,,,,,,,,,,,,,,,,,,,,,,,,,,,,,,,,,,,,,,,,,,,,,,,,,,,,,,,,,,,,,,,,,,,,,,,,,,,,,,,
디폴트밸류,1304058353.0,3주년 기념 원두가 들어가는 시그니처 라떼를 주문했는데 베리류의 맛이 나는 라떼였어요. 핸드드립이 없고 사이폰 커피 였어요. 보는 재미가 있었어요. 에티오피아 내추럴 마셨는데 상큼한 베리가 지배적인 커피였어요. 올화이트 인 테리어로 정말 심플하고 깔끔한 곳이었어요. 대낮엔 눈부시고 햇볕이 잘 들어와 따스하더라고요.,"맛있는 커피가 마시고 싶어서 방문했는데 만족도 100%!! 워낙 좋은 원두라 그런지 고소한 우유를 뚫고 나는 베리향 과 맛이 좋았어요~ 사이폰 커피는 처음 접했는데 시각적으로도 재밌고, 게이샤 원두 향과 맛도👍👍 직원 분들도  친절하게 설명해주시고 매장도 조용하고~ 재방문 하고 싶은 곳이이에요!",매장은 올화이트로 너무 깔끔했구여 직원분이 친절하셔서 처음부터 기분이 좋았어요 3주년기념 딸기햔 로스터링  원두라는데... 어떻게 커피에사 진짜 딸기향이 나죠? 너무신기해요!! 다음엔 디저트랑 같이 먹어보려구요,디폴트벨류 바리스타 챔피언십 1등 바리스타 님이 운영한다고 해서 맛있는 커피 마시러 갔는데 기대만큼 맛있었어요!  화이트 톤에 깔끔한 인테리어 주말이라 만석이었지만 차분하고 밝은 분위기 편안하고 좋았어요.,제가 너무 사랑하는 디폴트...ㅜㅜ 한동안 매장 방문을 못하고 가끔 집에 원두만 시켜먹었는데 마침 시간 여유도 생기고 근처에 들러서 갈 수 있었어요 이 날 팝업이 있어서 대표님은 안계셨지만 친절한 바리스타님 덕에 맛있는 커피 마시고갑니다ㅎㅎ,"배부르는데 크로플 맛있다고 해서 저번에도 왔다가 배불러서 커피만 시켰는데 이번엔 배부르지만 시켜먹었어요 ㅋ ㅋ 두툼한 와플에 맛이 좋아요 커피랑 너무 잘 어울려요 의자도 리모델링해서 자리가 편해져서 좋습니다. 살짝 아직  페인트 칠 냄새가 나긴 했지만, 더 좋아졌어요!!^^","2022 코리아 바리스타 대회 우승자가 운영하는 카페. 개인적으론 '신나게 파도타고 자두되나' 원두로 만든 아이스커 피 강력추천. 한모금 들이키면 지금까지 맛보지 못한 아이스커피의 청량함과 상큼함, 그리고 삼키고 난 후 강하게 올 라오는 달콤한 향기! 지금까지 마셔본 커피 중 손에 꼽을 정도로 인상적인 커피였음. 크로플 또한 쫀득한 식감...",커피맛있어요이 라떼베니로선택 더맛나요,엄청 맛있네요. 손에 꼽는 퀄리티.,그동안 벼르다가 왔는데 미쳤네요...영업시간만 더 오래했으면 퇴근하고 방앗간 들리듯이 올듯.. ㅠㅠㅠㅠ 진쨔 커피가 너무 맛있어요! 커피 노트에 쓰여있던 향을 느껴본 커피는 살면서 여기가 처음이네요! 최고에요,커피 맛이 좋다기에 다른 곳에 왔다가 방문했습니다 시그니처 라떼와 코스타리카 커피로 주문했는데 시그니처 라떼 는 맛이 좋았지만 코스타리카 커피는.. 조금 아쉬웠습니다 원두 맛을 잘 살렸나? 싶었네요 대화하기 괜찮았습니다,아이스 시그니처 라떼!! 맛 좋아요~~🩵,겉바속촉 프렌치토스트와 사이폰 커피의 조합 굿👍🏻,다양한 커피의 원두향을 맡아보고 선택할 수 있어 마음에 들어요. 브루잉은 사이폰으로 내려주셨어요. (직원분도 잘 내려주셨지만 대표님 커피는 마셔 볼 기회가 드물 것 같아 아쉬웠어요.) 특히 게이샤는 베르가모트 향이 강해서 마치 커피가 아닌 얼그레이 티를 마시는 듯한 풍미가 느껴져 놀랍네요. 프렌치토스트는 나쁘지 않고 괜찮았어요....,커피 맛나구요 새로운 커피맛 시도하시고 좋은데요~~~,#메뉴판 커피 좋아하는 친구랑 다녀왔어요 친구는 시그니처 라떼를 마셨는데 맛있어요^^ 디카페인도 산미가 있어  좋았어요^^!!,라떼가 비싸지만 맛있어요,직원분께서 메뉴 설명도 친절하게 해주시고 커피도 맛있었어요,라떼 진~짜 너~무 맛있어요! 저 라떼만먹는데 진짜 여기 크라운산도느낌의 쫀쫀한우유질감이 너무맛있습니다^^,괜찮아요,"일단자존심과자부심이대단한바리스타와커피입니다. 무딘제혀로는그맛이무심하지만, ㅜ.ㅠ 체험수준으로할만하고괜찮았어요. 감각적인친구는시그니처라테너무새롭고기억에박히는맛이래요.",케냐를 사이폰으로 아이스로 마셨어요. 정말 맛있네요. 단발머리 바리스타분이 커피 특징에 대한 설명도 자세히 해 주시고 무엇보다 컵노트 그대로 맛이 느껴져서 좋았습니다. 시그니처라떼는 따듯한것도 맛있네요~ 단발머리 바리 스타님이 너무 맛있게 만들어주셔서 원샷 하고 나왔어요ㅋ 앞으로 종종 커피 마시러 오겠니다^^,아메리카노 너무 맛있다는 얘기에 토욜아침부터 찾아왔어요 라떼도 배합유쓰는곳이네요.,진짜 이렇게 해서 마셔보세요!!! 디폴트밸류만 찾게 됩니다!!! 제발꼭!! 이 원두로! 라떼로!!!!👏 늘 맛있게 마십니다~  감사합니다,"우연히 sns를 보고 인앤아웃콜라보를 경험하러 왔습니다. 맛은 누가드셔도 완벽하다고 생각해서 다른 말을 해볼까 합니다. ”마음“이라는 단어는 누구나 한번쯤 들어 보셨을겁니다. 마음을 자세하게 풀이한다면 “사람이 본래부터 지 닌 성격이나 품성”이라고 합니다. 우리는 커피를 마실때,혹은 음식을 먹을때 느끼는것은 커피안에 들어가있는...",사이폰 브루잉 땡큐베리원두로 마셨어요!! 커피에서 이런 맛이 날 수 있다니 신세계🫢 진짜 스트로베리랑 블루베리 향이 나는데 거부감없이 맛있어요🤎,시그니쳐라떼 마셨는데 너무 맛있어요! 직원분도 친절하시고 주말에 갔는데 자리도 널널해서 좋았습니다. 다른 메뉴도 다 마셔보고 싶어영,분노라는 이름의 친절함,커피에서 와인향도 나고 너무 신기했어요 진짜 좋아요,커피도 맛있고 노래도 좋아요! 특히 원두 라인업이 좋습니다 산미 높은 커피 좋아하시는 분들은 무조건 100% 만족 가능할듯,화이트 톤의 심플하면서도 감각있는 인테리어. 커피 맛까지 good!!!,"커피향이 너무 좋아서 다 마시고나서야 사진을 찍었어요 ㅋㅋㅋㅋ🤎☕️ 코스타리카 원두 골랐는데 신기한 맛이었 어요. 입에 잘 맞아서 good🫶 노트북 작업하기도 괜찮고, 매장이 올화이트라서 깔끔해요. 아, 가게 창문 블라인드가 다 내려와있고 문도 흰색이라서 문닫은 줄 알았는데 문열고 그냥 들어오시면 돼요^.^ 넘 당황쓰했지만 문열고...",너무 맛있는 커피와 함께하는 디저트는 최고 입니다 ^^,햇살좋은날 사이폰커피와 시그니처라테 맛있게 잘 마셧어요~ 대표님이 직접 내려주셔서 영광^^ 과테말라 인헤르토 사이폰커피 또 먹으러 오고싶군요~,커피가 정말 맛잇어서 땡큐베리감사함다👍🤩 오마카세 빨리해주셨으면 좋겠어여🤤,라떼맛에 반하고 기대 안했던 흑임자 쿠키가 너무 맛있어서 놀랐어요. 시그니처 라떼는 계속 맛이 맴돌만큼 훌륭했어요.,"신창호 바리스타께서 직접 내려주시는 사이폰커피를 마시다니 영광입니다. 시음으로 주신 인헤르또 게이샤부터, 코 스타리카 내추럴까지 정말 밸런스 좋고 맛있었어요. 시그니처 라떼는 설탕 없이도 시럽같은 단맛이 나서 신기했습 니다. 정말 친절하게 응대해주셔서 기분좋게 다녀왔습니다.","🎄Merry Solo Christmas🎄 스파이스 체크인 먼저 마셔보니 진짜 매콤 새콤 달콤..🫢 신기하네요.. 커피에서 이런 다채롭고 새로운 맛이.. 룸 서비스는 프루티함이 느껴지고 체크인의 매콤함을 씻어주는 느낌이었답니다😊 마지막 으로 Leek Soup! 엄마•아빠가 만들어주는 수프는 아예 안먹지만, 릭숲은 하나도 남기지 않고 다 먹은건 안비...",새하얗고 깔끔한 매장이 엄청 청결한 느낌을 줍니다 커피는 묽은 편이지만 매력이 있어요 다음에는 사이폰 커피를 마시러 방문하겠습니다,동생이 엄청 맛있는 커피를 소개시켜 준다고 해서 따라왔어요 국가대표바리스타님이 커피를 내려주신다길래... 기대만큼 맛있었어요^^ 잘마셨습니다,"직원분이 매우 친절하시고 커피맛, 쿠키맛 좋습니다",2022 국대의 커피맛집 💕 종종 재미있는 게바행사도 하고... 스페셜 메뉴도 많이 생김다 농축우유로 만든 시그니쳐 라떼 강추입니다 통창으로 햇살 쏟아집니다,시그니쳐 굿 사이폰 굿굿 원두 중에 ‘땡큐베리마치’ 대박 맛있음.,시그니처 라떼 마셨는데 우유맛이 독특하면서도 완전 맛있어서 깜짝놀랐어요! 😍,솔직히 좌석은 편한 건 아니지만 햇빛 들어오는 곳이 따뜻해서 앉았어요! 커피&쿠키 다 맛있어요! 직원분께서 친철 하시고 원두선택 3가지와 디카페인까지 해서 총 4가지라 선택의 폭이 다양해서 좋아요! 타 카페는 영어로만 써놓고 설명 없는 곳이 많아서 별로인데 설명도 자세히 써있고 원두 선택하면 그 원두에 대한 명함도 주셔서 센스만...,시그니처라떼 맛있어요!,카페 분위기나 커피맛 모두 만족스러웠는데 신창호 바리스타가 직접 만들어주는 커피를 맛볼 기회가 다음번에 있길 바래 봅니다,새로운 경험과 의미 있는 설명 감사합니다🙏🏻,낮에는 창가에 앉으면 등이 따셔서 좋네용..ㅎ,직원분 친절하시고~라떼 맛있어요^^,늘 친절하고 맛있어요-! 새로 나온 프렌치토스트까지 뇸-!,커피의기본값! 연희동 카페 추천드려요~,커피 설명도 자세히 잘해주시고 직원분들 친절한 만큼 필터커피도 너무 맛있어요,역시나 최고다 👍,"쿠키, 커피 맛집이에요!ㅎㅎ",커피맛집,커피도 프렌치토스트도 너무 맛있어요 짱😍,"[디폴트밸류] 챔피언이 있는 기본값, 디폴트밸류. 특별히 챔피언님의 CLARITY 시연 세트가 준비되어 있다고 해서 부푼 마음을 안고 방문했습니다. 친절한 바리스타님께서 자리로 오셔서 챔피언님의 시연을 차례차례 설명해주셨어 요. 자스민과 패션후르츠 향의 에스프레소, 농축 우유가 들어가 치즈케이크와 애프터로 티라미수가 풍기는 밀...",원두가 다양하고 디카페인 시그니처 라떼와 아메리카노 둘 다 맛있어요.,여행하면서 꼭 방문해서 먹고 싶어서 커피랑 디저트 먹었는데 만족감 은 최고로 행복감 까지 얻어서 왔어요 다음에  또 와서 완벽한 커피 또 먹을거예요 더해서 직원분들과 사장님 친절함에 반하고 왔습니다 조만간 지인과 방문할게 요 디폴트밸류 최고입니다!❤️,"과테말라 게이샤, 게이샤 답게 커피 마시는 동안 꽃잎이 입에 머물러 있는 듯한 느낌이었어요! 워낙 유명한 곳이라 꼭 한 번 쯤 가보고 싶었던곳!!",소문의 디폴트벨류(디벨류) 방문. 전체적으로 화이트톤의 깔끔함. 위치 선정 대로변이라 나쁘지 않은데 의외로 찾기 가 어려웠음(입구가 너무나 암것도 없이 화이트라 문인 줄도 모름) 사이폰으로 내려주는 게이샤 아이스를 주문해서 먹었는데 산미가 많이 튀지 않고 밸런스 있게 상콤하고 청량했음. 평일 오후 3시 방문 때는 한 테이블뿐이었...,"에스프레소, 아이스 아인슈페너 맛있어유",장소도 넘 이뿌고 커피에 진심인 곳!,사이폰 브루잉 첨봄 커피 너무 마싯쒕 브루잉 또 마시러 가야즤,시그니처 라떼 첨 먹어봤어요 담번엔 라떼를 먹어보고 싶어요,라떼가 맛있어요 근데 가격이 올랐네요 ㅜㅜ,"2022 바리스타 챔피언십에서 우승한 신창호 바리스타님의 카페이다. 원두납품, 교육도 있다. 시그니쳐 라떼와 사이 폰 커피가 유명하다. 이번 2022WBC에서 시연하신 메뉴도 먹었는데 킬로당 70만 원짜리 원두라니.. 살면서 먹어본 원두 중에 제일 비쌀 것 같다. 만든 원리에 대한 설명과 함께 시음을 통해 커피의 맛을 어떻게 '표현'할 수 있는...",시그니처 라떼-6000원 아트선재센터에서 마셔본 모모스의 라떼와 디폴트밸류의 라떼는 정말 맛있어요👍👍👍 👍👍 역시 챔피언 선생님들이 만드시는 커피는 달라도 다르네요👏👏👏👏👏 감사합니다🙏💜디폴트밸류 & 모모스커피💜 +땡큐베리-8000원 커피에서 어떻게 이렇게 딸기맛이 잘 느껴지죠??🫢 보는 재미도 있고 커...,음료 다 맛있었오요 시그니처라떼랑 아인슈페너가 찐이에요,커피가 참 맛있어요. 기호에 따라 원두를 선택할 수 있어서 좋아요. 또 오고 싶은 곳입니다.,크림이 꾸덕해서 커피와의 조합이 괜찮았어요 분위기도 화이트톤이라 그런지 깔끔하고 좋았습니다!ㅎ,"우연하게 들어간 카페인데, 커피가 맛있었어요!",깔끔하고 커피도 맛잇어요!! 위자가 엄청 편한건 아니지만… 주차도 두대까지 가능해서 방문전에 연락해서 주차 가능공간 확인하고 가면 더 좋아요!,보편적인 커피만 마시다가 특별한✨️커피를 마셔 즐거운 커피타임이었습니다,원두샀는데 맛나네요,'낮은 산미에 구운견과류 초콜렛과 같은 묵직함' 이라고 설명하는 치킨런 원두로 내린 아메리카노를 주문했습니다.  근데 맛은 설명과 일치하는지 전혀 모르겠습니다. 가벼우면 가벼웠지 묵직한 맛은 안 나요 도리어 입에 머금고 있으 면 산미가 느껴집니다. 산미 없고 묵직한 원두 좋아하는 사람으로서 이 커피는 설명과 기대에 못 미치는 맛이...,"바리스타분들도 친절하시고, 실력이야 뭐 상도 많이 받으셔서 의심할 필요도 없구요! 너무좋은 시간 보냈어요",아인슈페너 맛있어욤,"도로가에 위치하고, 연희동 타 카페 대비 분위기가 좋진 않았지만 커피맛 하나 때문에 가는 카페였는데 오랜만에 갔 더니 너무 바뀌었다. 기존의 높은 가격대에서 더욱 높아진 가격대에, 예전의 감동을 주던 그런 맛은 없더라. 그냥 커 피 좀 하는 집의 그런 맛? 그걸 만원이 넘는 금액을 주고 굳이 여기서 다시 마실 이유를 모르겠다. 동네 단골집...",시그니처 라떼 산미가 굉장했어요,원두 맛있어요,"디폴트밸류 처음 가봤을 때는 아무 정보없이 우연히 들어갔는데, 정말 커피가 너무너무 맛있었어요😻 그 후로 시간 날때마다 버스타고 찾아가서 커피 마시면서 시간 보내는 곳이에요:) 최근까지도 이렇게 유명한 곳인지 몰랐어요😦 … 근데, 커피 맛에 비해서는 아직도 덜 유명하다 생각합니다❣️사이폰 커피는 진짜, 저는 커피를 공부해본적...",커피 넘나 맛있습니다!  다음엔 브루잉 커피도 마셔보고 싶네요,다음엔 일반라떼로 마셔봐야겠어욤,신창호 바리스타님의 사이폰 커피 너무 궁금해서 방문했어요! 땡큐베리 원두 선택했는데 달달하면서 은은한 딸기향 에 부드러운 초코향이 느껴지는 커피라서 기대만큼 너무너무 맛있었어요. 레몬파운드는 밀도 굉장히 촘촘하다고 느 껴질만큼 묵직하지만 촉촉했구요 목넘김 좋았어요. 기분좋은 상큼한 글레이즈는 레몬파운드의 맛을 더 배가...,너무 맛있게 잘먹었습니다!,신창호 바리스타의 디폴트벨류 :) 저어어어어어엉말 기대 많이하고 갔어요 사이폰으로 푸어링한 커피 맛있었구요 디저트도 맛있었습니다 다만 많은 기대를 하고 간 만큼 커피에 대한 자세한 설명은 하나도 없어서 조금 실망했어요 매장에 꽃도 다 시들고 꽃병에 물도 상했는데.. 커피쪽 말고는 매장관리 안하시나 싶었어요 그치만 커피 너무...,혼자오기 좋아용,시그니쳐라떼 괜찮아요,커피 전부 좋았고 디저트도 훌륭했습니다. 다만 혼자서 커피 3잔을 마시니 컨디션이 훅 가는군요;; 아침에 운동하느 라 이미 한잔 마신 뒤라 더 힘들었습니다. (일행과 온다면 나눠 드시는걸 추천합니다) 그래도 재미있고 즐거운 경험 이었습니다.,저는 바리스타를 배우는 고등학생입니다 카페에서 대회에 사용했던 메뉴를 먹을 수 있어 너무 영광이고 신기해서 큰마음 먹고 저한테는 아직 부담되는 가격으로 커피 오마카세를 먹어봤습니다 커피에서 이러한 에스프레소에서 과 일 맛이 나는게 신기했고 돈을 정말 알차게 썼다고 생각합니다 그리고 신창호바리스타가 정말 잘 알려주고 커...,커피 진짜 맛있어요! 아아 시켰는데 첨 보는 비주얼에 맛까지bb 여기 라떼 맛집이라던데 담에 또올거예요,KNBC2022에서 우승한 커피답네요… 진짜 간만에 너무 맛있는 커피 먹어서 감동이였어요ㅠㅠ 밀크베버리지랑 시그니쳐 꼭 먹어 보세요!,전반적으로 산미가 있어요 맛있었습니다,이번 대회용 커피 마시러 갔었는데요. 신세계를 만나고 온 기분이었어요.  정말 맛있었어요 !!!,우와!!!!! 진짜!!!!! 디폴트밸류를 왜 이제서야 와봤을까요 ㅠㅠ 라떼맛집 또 하나 추가입니다♡ 글구 무엇보다 아이스 아메리카노 (베니블렌드)랑 사랑에 빠지구 왔어요 사실 흔한 아메.. 감동받기 쉽지 않은데 어쩜 이리 밸런스가 예술 이죠? 그리고 쉐이킹으로 거품을 내주는 방식이라 넘 부드럽고 좋았어요 앞으로 연남가면 디폴트밸류는 무적...,맛있는 커피와 챔프님의 친절함… 짧지만 너무 좋은 시간 갖고 갑니다 한달전인데 영수증을 못찾아서 이제야 리뷰를 남기네요ㅎㅎ 집이 멀어 자주 가지 못하는게 아쉽네요! 다음에는 오마카세 즐기러 가겠습니다ㅎㅎ,"신창호 바리스타님의 카페,, 명성에 걸맞는 맛있는 커피였습니다.",분위기도 좋고 음료도 맛있어요,맛있게 잘 먹고 갑니다,땡규베리머치♡ 입안에서 딸기향이 팡팡 터지네요!!! 역시 넘 맛있어요 라떼두 마시구팠는데 차..참았어요 ㅎㅎㅎ 그리고 여기서 바나나푸딩은 선택이 아니라 필수입니다!!!! ㅋㅋㅋ,맛있어요. 적당히 산미있고 조금 느끼한 느낌? 조금 더 진한 커피였으면 제 입에 더 잘 맞았겠지만 잘 마셨습니다.,"틈날 때마다 방문합니당 ♡ 커피 너무너무너무 맛있는데, 디저트도 넘넘넘 맛있어요. 저는 따듯한것만 보통 마시는 데, 여기 아이스 베니블랜드는 제가 … 기네스 생맥주를 가장 잘내리는 곳에서 먹어본 것만큼 부드러워요💚 베니블 랜드 뿐만 아니라 어떤 원두로 하셔도 비슷하지 않을까 합니다-☺️ 매장도 깨끗하고, 직원분들도 친절하시구요...",,,,,,
해피앤피스커피클럽,1708381623.0,케이크가 귀엽고 친절하고 따뜻한곳...💙❤️,굉장히 귀여운 연희동 카페!💙 하트모양 치즈케이크는 꾸덕하지않고 푸딩같이 부드러운 치즈크림케이크였어요! 맛 있어요 🍰 아아도 원두를 두가지중에 고를 수 있었는데 산미없는 원두 골랐더니 고소하니 맛있었어요 ! 다만 좌석 이 많지 않아서 주말기준 오후3~4시쯤가면 웨이팅이 있을 수 있어요!,"가고 싶었던 해피안피스커피 클럽 방문 색감이 너무 예쁘지 않나요🫶🏻 망고소르베레몬소다, 라즈베리레몬소다를 주 문했는데 너무 상큼하고 맛있었어요. 공간이 생각보다 넓고 테이블이 많았는데도 저희가 나갈때 즈음에는 웨이팅이  있더라고요 이렇게 핫플인지 몰랐네요ㅎㅎ 타이밍 좋게 가서 맛있게 잘 먹고 왔습니다!","감각적이고 센스있는 예쁜 카페에요💗 무화과 디저트 먹으러 갔는데 정말 한 입 먹자마자 놀랐어요. 치즈케이크가 푸딩마냥 탱탱해요! 진짜 맛있습니다,, 🫠","연희동 카페 하면 이곳을 추천드리고 싶네요! 망고,라즈베리 소르베레몬소다와 피스타치오 초코케이크 시켰습니다 ~ 레몬소다는 레몬에이드 위에 각각의 망고,라즈베리맛 아이스크림이 올라가있는데 저는 개인적으로 망고가 더 맛 있었어요! 디저트랑 음료 비주얼이 귀엽고 예쁜데 너무 맛있어요! 피스타치오초코케이크도 피스타치오맛이 ...",맛있고 귀여워요 ㅠㅠ 카페도 전체적으로 화이트톤 느낌의 편안하고 예쁜 공간이에요!,"소르베 상큼하니 맛있고, 색감들이 재밌고 귀엽습니다.",인테리어도 디저트도 귀엽습니다. 에스프레소머신이 없고 드립으로만 커피를 제공하는 점이 특이합니다.,특별한 음료 맛있었어요,색감도 너무 예쁘고 늦여름에 잘 어울리는 맛 이었습니다,장소가 좀 상큼한 느낌을 주는 곳이었어요 🧐 왜인지는 모르겠지만 ㅎㅎ 커피는 에소머신은 없고 핸드드립과 콜드 브루가 있더리구요~ 천도복숭아 판나코타 상큼 달달 부드럽고 좋았습니다👍🏼 커피도 좋았어요👏,제일 오고 싶었던 카페🥹 가구 접시 메뉴 걍 모든게 이뻐요.. 진짜 해피해집니다.. 마무리 할 말이 없어요.. 이뻐요 💓,여기 너무 좋아요! 체크무늬 의자도 좋고 망고소르베도 맛있습니다,잘 먹었습니다 :),음 .. 공간보다 디저트가 더 눈길이 끌고 좋았어요! 특히 망고 음료 정말 맛있었네요 ~ 하지만 음식을 내어주실때에 접시를 던지듯이 가시고 친절한듯 친절하지 않은 .. ? 그런 행동들 때문에 좀 불쾌했네요! 공간에 곳곳마다 적혀있는 행복한 문구들과는 다르게 사장님의 손님 대하시는 태도는 매우 달라서 놀랐네요 !,인스타 알고리즘이 제가 연희동에서 약속잡는걸 어떻게 알았는지 게시글이 떠서 방문하게됐어요 디저트가 귀여워 요 저는 판나코타의 하얀 우유맛나는 부분이 맛있었어요 이용시간이 정해져있었고 시간가는줄 모르고 이야기하다 가 꽉채워 나갔습니다! 빛도 잘들어오고 테이블 간격도 적당하고 좋아요!,"키치하고 아기자기한 감성카페 해피앤피스커피클럽! 생긴지 얼마 안 됐는데 오픈 1시간도 안 되어서 만석일 정도로 인기가 많았어요 인기요인에 인테리어가 귀엽다는 이유도 있겠지만 다양한 색감의 맛있는 디저트 덕에 더 핫한 듯 🔥 새콤달콤한 판나코타와 감칠맛 나는 바질아이스크림, 촉촉한 피스타치오 초코케이크까지 모두 맛있었고 ...",넘 귀엽고 상큼한 곳 🍋 덥고 습했던 날 소르베랑 소다 기분 좋게 먹고 왔는데 다음에 또 방문해서 커피도 마셔보고 싶어용,피스타치오 케이크랑 바나나 푸딩 맛나요^^ 그리고 무엇보다 아메리카노가 진짜진짜 맛있어요! 사장님이 에스프레소 기계를 안 쓰시고 핸드드립으로만 내려주시는데 매번 내적 감탄이 나온답니다👍👏,디저트와 접시가 컬러풀하고 예뻐서 좋아요 기분 낼 수 있게 초랑 라이터도 준비되어 있어서 좋더라구요 그리고 정말 친절하십니다 기분 좋은 시간 보냈어요~,여자친구가 좋아해서 저도 좋아하는 카페에요. 여러번 방문 했는데 디저트 커피 다 맛있고 공간 구석구석 디테일 좋 아요… 연희동 특유의 고즈넉 하면서 힙한무드에 키치함도 한 스푼 섞은것 같은…사장님과 스탭분들 모두 친절해 서 해피앤피스라는 이름과 아주 찰떡인 기분좋은 공간입니다.,귀엽고 상큼한~ 여름의 맛~🏖🍋,공휴일에 방문해서 사람이 많았는데 남자직원분 한분만 계셔서 엄청 바빠보였는데도 친절하시고 말씀을 너무 예쁘게 해주셔서 음료가 늦어도 기분좋게 기다릴수 있었어요.한 십오분정도 기다리긴 했지만..디저트 말씀드리면 원하는 접시에 담아주셔서 좋아요.,디저트 맛있음! 색감도 이쁘고,망고소르베레몬소다 👍👍👍👍 새콤달콤 망고소르베가 맛있고 레몬소다는 은은하니 그냥저냥 딸기판나코타 👍 👍👍 판나코타 우유향 가득 딸기잼 달다구리 감기약 느낌 아메리카노 👍👍👍 산미 적고 적당한 밸런스 연한맛  매장이 레트로 감성 + 여유있음 아쉬운건 너무 떨어져있는 위치 그리고 불편함 약간 있는것?,바나나 푸딩 맛있어욤!  대화하기도 좋아요><,핸드드립커피 이렇게 맛있는거 첨이예요🥹☕️🖤 디저트넘 맛있어용,음료도 맛있고 디저트도 맛있어요ㅠㅠ 웨이팅은 꾸준히 한팀정도 있는 편이고  편하게 앉아서 먹어서 좋어요,오후에 날씨가 제법 풀려서 산미있는 원두로 아이스아메리카노로 주문했는데 드립으로 내려서인지 딱 깔끔하고 상큼했어요. 피스타치오 초코케이크는 피스타치오 크림이 많이 달지 않고 부드럽습니다🙂,즐거운 시간 보내고 갑니다,완전 인스타 낭낭한 느낌의 카페 💗 집근처에 있으면 자주 가고 싶어요 ㅜ ㅜ 연희동만의 분위기와 밤되면 또 다른 분위기 !!! 이름처럼 완전 해피해피 ~ ☕️💟 커피도 맛있구 디저트도 마ㅛ있었어요 ~,인스타 보고 너무 예뻐서 와봤어요 카페가 넓어서 좋았고 인테리어가 정말 귀얍규 이쁩니다! 아메리카노를 주문했는데 드립커피 같았습니다~! 담에 강아지 데리고 또 방문할게요,귀여운 감성의 디저트가 예쁘게 나오는 디저트 카페예요 사진도 예쁘게 잘 나오는 곳입니다,"얘기 나누기에도 적당해 보였고, 자몽망고에이드 먹었는데 안 어울릴 듯했는데 잘 어울려서 깜놀. 바질 오일 아이 스크림은 바질향이 진한 오일이랑 바닐라 아이스크림이랑 직관적으로 느껴지는 맛. 커피도 한잔 마셨는데 여기는 에쏘가 아닌 브루잉으로 다 내려 주심. 아메리카노 드립먹었는데 밸런스 좋은 호불호 없을 맛. 다음에는 피...",인테리어가 깔끔하고 멋있네요,모든 커피가 드립~ 라떼가 아주 부드럽네요. 사진 찍기 좋음,맛있어요!,인테리어는 예쁜데 라떼는 맛없었음,몸이 아픈데 무리해서 갔더니 반은 남기고 나왔어요ㅠㅠ 그래서 계속 생각나서 조만간 또 먹으러 갈려구요... 초코가 딱 제가 좋아하는 초코맛이라 너무 맛있었어요,뷰와 좌석이 너무 좋아요👍🏻 커피는 너무 마일드해서 아쉬웠어요,공간도 깔끔 좋네요,굿,,,,,,,,,,,,,,,,,,,,,,,,,,,,,,,,,,,,,,,,,,,,,,,,,,,,,,,,,,,,,,,,,,,,
연희동오븐,1410811129.0,휘낭시에 세트 사러 방문한 연희동 오븐! 포장 전문인데 매장이 너무 예쁘고 깔끔했어요 포장도 너무 고급스럽고 예쁘게 해 주셔서 선물 하기에도 좋을거 같아요 🤎 기대보다 더 바삭하고 촉촉한 휘낭시에 디저트를 좋아 하는데 지금까지 먹어 봤던 휘낭시에 중 최고였어요ㅠㅠ 사장님도 친절 하시고 기분 좋게 방문 했어요 😊,화이트톤에 깔끔한 매장 고급스러움이 넘쳐요. 휘낭시에와 파운드케이크 맛있어보여서 다 먹어보고 싶었어요. 당일 생산해서 믿을 수 있고 단맛이 너무 강하지 않고 깊은 맛이 나서 선물용이나 부모님께 드리기도 좋았아요. 커피랑 마시니 완전 꿀맛,"연희동디저트 연희동오븐은 정말 휘낭시에 맛집이에요... 💕 8가지 종류 다 먹어봤는데 진짜 겉바속촉 하고 휘낭시 에 자체가 되게 부드럽고 쫀쫀해요. 구움과자 중 휘낭시에에 빠졌는데 여기 단골 할까봐요.. 친구한테도 다 추천하고  있고, 다음엔 주문제작케이크두 예약할게요. 친절하신 사장님 번창하세요 👍🏻👍🏻",조용한 주택가에 위치한 디저트샵이네요. 연희동의 매력은 주택가 구석 구석에서 보물같은 곳을 발견하는 것인데  연희동 오븐도 그런 곳입니다. 휘낭시에 맛있고요. 포장도 고급스러워서 선물용으로 굿입니다. 맛있는 휘낭시에 가 게 찾으신다면 여기 추천해요.,"손님용, 선물용 디저트로 딱 좋아요! 늘 만족스러운 곳입니다. 갈때마다 클래식하면서도 새로운 맛을 발견할 수 있는  연희동 디저트맛집이어용🌷최애 피칸솔트카라멜 대존맛입니당🌷","특별한 날, 특별한 시간 보내게 해 주셔서 감사드려요. 받은 사람이나 축하해 주기 위해 모인 사람들 모두 대만족! 생크림도 많이 달지 않고, 마카롱, 초콜릿 궁합도 좋았습니다. 생화 디테일은 특별함을 더 하네요.","예쁜 마카롱 케이크로 유명한 곳인데, 금토일에는 휘낭시에랑 파운드 케이크를 구입할 수 있다고 해서 주말에 방문!  휘낭시에6개+파운드케이크 2개가 박스에 딱 알맞게 포장되는데 선물용으로도 너무 좋다 휘낭시에 종류도 굉장히  다양한데 하나같이 부드럽고 너무 맛있음 딱 맛있게 달아서 자꾸 자꾸 먹고 싶은맛",휘낭시에가 정말 맛있는 연희동 디저트 카페에요!! 종류도 다양하고 포장이 예뻐서 선물용으로 넘 좋을것같아요 ㅎㅎ 꾸덕해서 좋았답니당,"오랜만에 가족들하고 맛있는 디저트 먹고싶어서 찾아갔는데 최고최고! 사장님도 친절하시고, 진짜 하나같이 다 맛있어요. 디저트 선물로도 넘 좋아서 지도에 별표 찍어놨어욬ㅋㅋ",연희동 골목에 위치한 연희동오븐 디녀왔어요. 휘낭시에 선물세트 개별포장이라 더 좋았고 쫀득하고 고급스럽게 맛 있는 휘낭시에 선물하는 사람의 어깨뽕까지 올라가네요. 오랜만에 좋은 재료로 만든 맛있큰 구움과자 먹었어요,연희동에 숨은 디저트 카페🌿🏡 테이크아웃 전용매장이고 휘낭시에와 파운드를 판매하는데 휘낭시에가 진짜 겉 바속촉 달달제대로여요. 얼먹도 해봤는데 바로 먹는게 가장 맛있었습니다! 레몬 파운드도 퍼석하지 않고 엄청 촉촉 한데 레몬의 신맛이 적당해서 맛있게 먹었습니다. 하나씩 개별포장이라 가볍게 디저트 선물하기에도 넘 좋고...,"여기 진짜 휘낭시에 맛집이에요 ,,🤍 파운드케이크도 부드럽고 너무 맛났어요 휘낭시에는 금토일에만 판매하고 있다고 하니 참고하셔서 방문하셔요!",연희동에서 주문케이크로도 유명하지만 구움과자도 너무 맛있답니다 무엇보다 여러개 사면 포장도 해주는데 포장이 너무 고급져요 진짜 선물용으로 딱이예요 ㅠㅠㅠ 맛은 말해뭐해 금토일만 구움과자 판매해서 아쉬운곳,매장이 예쁘고 휘낭시에가 넘 맛있어요. 하나하나 다 구경해보고 고른것들이 다 맛있어서 서 다른맛도 먹으러 또 가보려고요. 사장님도 친절하시고 분위기도 좋은 디저트 카페였어요.,휘낭시에 맛집이네요..! 진짜 존맛탱 커피랑 먹으면.. 입에서 살살 녹습니다ㅠㅠ,아버님 칠순이라 주문했어요! 너~무 예쁘게 잘 만들어주셨답니다🤗,휘낭시에 맛집이에용🥹🫶 아주 맛있습니다 만족쓰~,어머님 생신때문에 구매했는데 어머님이 정말 좋아하셨습니다!! 예쁜 케이크 감사해요!,"1년전에도 친구 생일에 선물했었는데 디자인만 이쁜게 아니라 너무 맛있었다는 후기를 듣고 이번 동생 생일에도 해 주게 되었어요, 동생, 부모님까지 모두 너무 이쁘다며 사진을 한참찍고나서 맛보는데, 왜이렇게 맛있냐며 좋아하시 더라구요. 크림도 산뜻하고 느끼하지 않아서 좋았고 무엇보다 맛이 좋았어요, 생화 장식도 과하지 않고 너무 ...","휘낭시에 하나같이 다 이름대로 맛이 확실해서 넘 맛있어요!! 당일에 먹으면 퐁신, 얼려먹으면 쫀-쫀해져서 식감도 더 좋아지고 풍미가 진짜 좋습니다ㅜㅜ 파운드케이크도 둘다 세상 부드러워서 놀랐어요 ㅎㅎ 포장도 예뻐서 선물하기에도 좋은 연희동 베이커리로 추천!!",좋은 선물 잘했습니다 상품대비 좀 비싼감도 잇으나 어차피 이벤트용이라 생각합니다 특별한날 구매 하면 좋겟네요  너무 마음에 들어하셔서 저또한 기분이 좋앗습니다 다음에 또 구매 하겟습니다,친구 생일 선물로 해줬어요 ㅋㅋ 당일 너무 달아서 다 못먹었지만.. 단걸 좋아하는 친구에게 딱일것같네요~~!,"두번 세번 칭찬하고픈 연희동오븐 ❤️ 너무 예쁘고 너무 맛있고 너무 친절해서 좋았어요! 생화랑 마카롱 조합 너무 예뻐서 골랐는데, 생화 컬러 핑크가 떨어져서 흰색 해주셨다고 생일초 선물로 주셨어요! 증멜루 🫶 생화 진짜 싱싱 히고 마카롱이며 케이크 다 맛있었어요! 이렇게 민족스럽게 먹어본 케이크 오랜만이라서 미구마구 칭찬합니...","시어머니 생신 기념으로 준비했는데, 가족들 너무너무 좋아해서 칭찬 많이 받았어요. 너무 예쁘다고 가족들 프로필 은 죄다 이 케이크 사진으로 바뀌더라고요. 뿌듯뿌듯😍 예쁜만큼 맛도 있어서 정말 지금껏 샀던 케이크중에선 만족 도 최상이예요!! 원하는 케이크 찾느라고 시간 다 버리고 ㅜㅜ 딱 맘에 들어서 급하게 주문 했는데 너무 친절...",브라이덜샤워 축하로 준비한 케익인데 넘 만족해요 사진 찍어도 예쁘고 선물하기에도 넘 예쁘구요 맛도 넘 맛있었어요 특별한 날 주문하기 넘 좋습니다,일반 포장은 이런 느낌이에요! 너무 맛있고 이뻤습니다. 레터링케이크보다 크기나 디자인 생각하면 가성비도 좋은 편인 것 같아요. 다음에도 행사 있으면 주문하러 오겠습니다 :),환갑 케이크로 너무 좋아요^^ 맛도 좋고 보냉백은 필수 같아요 ㅎㅎㅎ 추천드려요 !,솔직히 말씀드리자면 가격대비 퀄리티가 좀 낮은거 같아요 가격이 지나치게 높게 책정된 것 같은 느낌?? 위에도 별 다른 거 없이 꽃하고 마카롱 올라가있고 아래쪽에는 시트도 아니고 쿠키같은 빵에 크림으로 층을 만든건데 5만원 넘 는 가격은 거품이 좀 심하다고 생각이 듭니다,환갑 이벤트로 케이크 주문했는데 진짜 너무 이쁘게 만들어주셨어요! 맛도 모양만큼 좋고 맛있었어요 크림이 달지 않고 고급진 맛이였어요 사장님도 친절하십니다! 다음에 이벤트 할 일 생기면 또 주문할게요!,"케이크가 이리 예쁘고 고급질 수가 있을까요?^^ 매번 주문할 때마다 너무 만족도가 높은 케이크라 크리스마스 케이 크도 기대가 컸는데, 역시 연희동 오븐은 진리입니다.😍😍😍 후레쉬한 생화와 마카롱의 컬래버도 좋지만, 무엇보 다 달지않아서, 평소 너무 달아서 케이크를 덜 먹던 저도 아낌없이 먹는 고급진 맛입니다. 오늘도 행복해하며 ...",할머니 생신케이크를 주문했어요! 예쁘고 예쁘고 예뻐요! 맛은 취향탈 맛?! 그래도 정말 예뻐요♡,동네인데 지나다니면서 보기만 하다가 드디어 방문했어요! 세 번 방문했는데 영수증 받는 걸 깜빡했네용ㅠㅠㅎ 휘 낭시에 진짜 진짜 맛있어요… 이틀 연속 방문할 정도로… 여태 먹어본 휘낭시에 중 제 입맛엔 단연 최고예요💘 사 장님도 넘나 친절하시구 매장도 청결해요! 다이어트 중인데 자꾸 연희동 오븐의 휘낭시에가 아른거려서 큰일...,"두번 째 구매인데 여전히 케익은 예쁘지만 서비스,맛은 많이 부족하다고 생각합니다. 사진만 찍기엔 비싼 가격이고 생화/레터링 케익도 예전과 다르게 시중에 참 많고요.",너무 예쁜 케이크 만들어주셔서 감사합니다💕,인터넷 블로그 보고 주문했습니다. 받는분의 만족도가 높아 너무너무 만족하고 전화상담과 문자상담에도 자세하게  답변해주셔서 감사합니다,케이크도 매우 특별하고 예쁩니다^^,너무너무 예뻐요..,연희동 오븐 휘낭시에는 언제나 최고예용💘💘💘,사장님이 무척 친절하시고 환갑을 맞이하여 ~ 케잌을 보는순간 눈이 번쩍 !! 좋은날 좋은추억 쌓았어요 감사합니다.,피칸솔티휘낭시에 맛있어요 !,좋아요~~,에그타르트 맛있어요 (๑╹ω╹๑ ),환갑케이크 정말 강추입니다. 예뻐서 맛은 기대 안했는데 맛있어서 놀랐어요. 너무 달지않고 마카롱도 많이 달지않아서 정말 맛있게먹었어요!,사장님 친절하시고 케이크 예뻐요~^^,케익 넘 예쁘고 좋아요:),골목에 있어서 조금 찾기 어려웠지만 케이크 너무너무너무 예쁘네요:),친절하고 예뻐요,진짜 예쁜 케이크... 세젤예미모네요. 사장님도 친절하시고 설명도 꼼꼼히 해주셔서 잘 받았답니다.,좋아요,기대했던 만큼이나 너무 예뻐서 놀랐어요 받는 친구도 진짜 예쁘다고 좋아해줘서 뿌듯했고 무엇보다 맛이.. 정말 고 급지고 맛있었어요! 사장님도 친절하시고 전체적으로 다 만족스러워서 다른 기념일에 또 주문하고 싶네요 ㅎㅎ,3번째 구매인데 항상 너무너무너무 만족해요 봐도봐도 예쁘고 너무 맛있고 특별한케이크. 강추해요..^^ #연희동케 이크 #연희동맛집 #연희동디저트,굿,좋아요,"인스타그램 보고 너무 이뻐서 찾아보다가 이번에 친구들이랑 축하할 일이 있어서 주문했는데, 기대했던것보다 훨씬 이뻐서 좋았어요. 색감 대박!! 케이크 이니셜 Z4 로 알파벳이랑 숫자 섞어서도 되나 문의드렸었는데도 친절하게 잘 상담해주셨구요. 케이크도 맛있고 이쁘고, 직원분들도 친절하게 대해주셔서 만족감이 너무 커서 원래 이런 리...",캐이크 넘 이뻤어요!,"아빠 환갑 케이크 주문했는데 가족들이 모두 엄청 예쁘고 맛있다고 했어요!! 엄마는 지금까지 먹어본 케이크 중에 가 장 고급지다고까지,,ㅋㅋㅋㅋ 사진 본 친구들도 다들 엄청 예쁘다고 해서 뿌듯했습니다. 조금 비싸긴해도 특별한 날 을 더 특별하게 만들 수 있은 것 같아요. 다음에 또 갈게요^_^💙 아 그리고 사장님이 올리시는 사진으론 파란...",케익 예쁘게 잘 받았습니다. 처음에 색상이 잘못나왔었는데 바로 수정해서 받았어요. 감사합니다.,친절하고 깔끔해요!  케이크는 기대했던것보다 맛있었네요~~ 사진보다 훨씬 예쁜케이크입니다 !,언니 생일이라 케이크 주문했어요. 6시 픽업 요청했는데 일찍 퇴근하게 되서 빨리 갔는데도 기다리지 않고 바로 받 아올 수 있었어요! 초도 2개 고를 수 있고 사진 찍을 수 있게 부탁드린 케이크 살짝 꺼내놔주시던데 덕분에 실컷 사 진 찍을 수 있었습니다. 그리고 언니가 너무너무 좋아했어요 ^^ 자기 이런 케이크 받고 싶었다고 ㅎㅎ 괜히 제 ...,정말 엄청엄첨 예쁘고 예쁜것보다도 맛이너무 좋았어요! 사진보다도 실물이 더 예쁜케이크에요. 밖에 꽤 돌아다녔 어야해서 걱정되는마음에 보냉가방도 같이구매했는데 3시간 30분만에 꺼낸 케이크가 시원했고 사진처럼 하나도 녹 지않아서 깜짝선물을 해줄수있었습니다. 여자친구가 정말 예쁘고 맛있다고 좋아했어요👏🏻 다음 케이크도 꼭 ...,우선 특별한 기분을 느낄 수 있게 하는데는 최고의 케잌선물이에요. 다 찾아봤지만 맛도 가격도 괜찮은 편이에요. 근 디 장점이자 단점은 방부제가 첨가가 안되서 금방 맛이 변할 가능성. 그래서 실온에 1시간이상 두면 위험하다. 는 점 을 꼭 인지하고 계획하셔야합니다. 저는 냉장고 찾느라 진짜 고생을 했아요. 대신 방부제 첨가가 안되어있다...,"네이버예약으로 순조롭게 예약했고 당일날도 시간 맞춰서 예쁘게 잘 준비해주셨어요ㅎㅎ데코레이션 하나하나 섬세하고 예뻐서 어머니생신케이크로 주문한건데 너무 좋아하셨어요! 맛도 너무 달지않고 먹기좋다고 잘드시고, 덕분에 생일 잘보냈습니다^^",마카롱 좋아하는 우리딸 생일 케잌 찾다가 알게되어 주문했는데 실제로도 정말 예쁜 케잌이에요  소중한 날 예쁜 추억 만들어 줄 수 있었어요,"친구 생일케이크로 주문했는데, 너무 이쁘고 좋았어요. 보냉가방도 구매했는데 디자인이 심플하고 너무 이쁘네요. 가게에서 구매한 미니 초도 색이 엄청 이쁘고, 덕분에 친구도 기뻐하고 생일날 좋은 추억 많이 남길 수 있어서 좋았어요. 케이크 위에 올라간 마카롱들도 이쁘고 맛도있었어요. 다음에 또 이용하겠습니다. 번창하세요~",사진 속에서 보는 것만큼 너무 예뻤어요! 덕분에 우리아이 두돌생일 너무 잘 치뤘습니다^^,아빠 칠순잔치 하려고 많이 찾아보고 고민하다 예약했는데 너무 만족스러웠습니다~ 아빠도 다른 가족들도 너무 이쁘고 맛있다고 다들 즐거워하셨어요! 다마스 퀵으로 받았는데 배송도 보냉백에 잘 담아주셔서 흔들리지 않고 예쁜 모습 그대로 도착했습니당!!,전화드리고 픽업하기로한 시간보다 조금 일찍갔는데 너무 친절하셔서 좋았어요~~ 케이크도 너무이뻐서 만족스러 웠고 남자친구도 맘에들어해서 여태까지 준 케이크들중에서 제일 최고였어요!! 다음엔 다른케이크 맛보러 갈게요~!!,선물받은 분이 너무 좋아했어요! 디자인 완벽하다고 생각합니다 ㅎㅎ 올려주신 꽃도 싱싱해서 좋았어요!! 타르트는  쿠키처럼 바삭하고 눅눅하지않아 좋았어요. 다만 크림이 조금 많은 것 같아 한번에 먹기엔 약간 부담스러운 감이 있 어요 그래도 특별한날 기념하기에는 최고에요! 감사합니다 :),일찍 찾아가서 부담스러우셨을텐데도 매장에서 기다릴 서 있게해주셔서 너무 감사했습니다! 아빠 생신으로 주문했는데 너무 마음에 들어하셨어요! 엄청 달지도 않아서 진짜 너무 맛있게 드셨어요! 감사합니다 :),우선 너무 예쁘구요 ㅎ 색상이 생각보다 탁한 느낌이 살짝있어서 조금 아쉬웠어용 그래도 핑크색조합이나 꽃들의 조화가 너무 좋았어요  맛은 기대도 안했는데 케이크 잘안먹는 저도 너무 달지 않고 마싯게 먹을수있었어요 ㅎㅎ 감사합니다,예쁜케이크 정말 맛있었습니다. 예쁜것도 예쁜거지만 맛이 너무 좋았어요!! 흔들리지 않게 들고가주세요 라고 친절 하게 설명해주셔서 조심스럽게 들고갔어요. 리뷰에 흔들렸다는 후기가 하나 있어서 더 걱정했는데 흔들면서 들지않 는이상 케이크가 밀릴것같지는 않네요ㅎㅎㅎ 다만 조금의 아쉬운부분이 있다면 타르트지라 바삭해서 케이크...,너무 이뻐용~너무 달지않아서 먹기엔 딱 좋아요!,부모님이 대 만족하셨어요~ >_< 좋은 날을 더 좋게 해주셔서 감사합니다!,"The cake is splendid. Especially the decoration on top of the cake is gorgeous. It was for my friend's birthday, and  she loved it. This cake gave a perfect day and unforgettable memories to me and my friends. The taste was absolu tely delicious. Also this bakery answered me very nicely and quickly even though I don't speak Korean. I'd lik...","엄마 생일 케이크로 주문했는데, 가족들이 전부 예쁘고 맛있다고 좋아했어요. 또 드시고 싶다는데, 조만간 다시 예약해야하는 거겠죠...^_ㅠ 예쁜 케이크 감사합니다!!","카페도 정말 예쁘고, 케이크 진짜 너무너무 예쁘고 맛도 최고에요!!!:) 기념일마다 찾고 싶을 정도입니다~!!! 크림이 진짜 깔끔한데다! 데코로 사용된 마카롱도 너무너무 맛있네요!!!!","스승의 날 기념 케이크로 조금 이르게 주문했어요! 선생님이 꽃을 좋아하셔서 꽃 색감을 특별히 부탁드렸는데, 부탁 드린대로 너무 예쁘게 해주셔서 감사했어요 ㅎㅎ 보냉백도 같이 구매했는데 픽업 시간 맞춰 보냉백에 예쁘게 담아 준비해주셨더라구요! 선생님도 좋아하셨고 맛도 너무 최고였습니다 ㅠㅠ 다들 너무 좋아하셨어요! 여러 분들...","기념일 선물 고민하다가 인스타보고 연락 드렸습니다. 이것 저것 많이 여쭤봤는데도 너무 친절하게 설명해주시고, 디자인도 추천해주셔서 맘에 드는 케이크로 골랐어요. 픽업하러 매장 방문했는데, 깔끔하고 감각적인 매장 분위기 도 정말 좋네요. 케이크 준비되는 동안 사장님과도 잠시 이야기 나눠 보았는데, 역시나 너무 친절하고 유쾌하...",친구생일때 알게되어 어버이날 기념으로 주문했습니다 특별한날에 정말 잘어울리는 수제케이크인것같아요 미니초랑 성냥도 너무 센스있어서 분위기내기 좋았어요 부모님이 달지않고 너무맛있다고 좋아하셨어요 ^^,아빠 환갑 케이크로 주문했는데 가족들 모두 너무 예뻐서 먹기 아깝다고 하시더라구요ㅎㅎ 화사하고 예뻐서 기념일에 누군가를 위해 선물하기 딱 좋은 케이크인것 같습니다🙂 뭔가 입보단 눈으로 먹는 것 같은 케이크였어요~! 예쁘게 만들어주셔서 감사해요!,"일단 케이크가 너무 예뻐서 나이가 많으신 분께 선물해드렸는데 너무 좋아하셨어요! 코로나 걱정때문에 약속이 취소되서 퀵으로 보내게되었는데, 친절하게 잘 배송해주셔서 너무 좋았어요!! 너무 만족스러운 선물이라서 처음으로 후기도 남겨요! 진짜 예쁘고 만족도 200프로입니다..!",어머니 생신 케이크로 주문했는데 어머니가 좋아하셨어요! 데코도 예쁘고 생화도 버리기 아까울 정도로 예쁘더라구요~맛도 달지 않고 맛있었어요!,정말 이쁩니다! 감사해요❤️ 특별한날 다시 주문할것같습니다~,사장님 엄청친절하시고 맛도 ㅜㅠㅠ너무 맛있고 비쥬얼은 더 말할것도 없쥬😭👍👍👍 완전강츄합니닷💯💯👏 👏👏❣,케이크도 맛 좋고 모양도 예뻐요 다들 처음보는 케이크라고 좋아했어요 ~ 무엇보다 보냉가방은 이번 여름 너무유용하게 쓰고있어요,케이크도 소중하게 전달해주시고 너무 이쁘게 만들어주셔서 이쁜 케이크 덕분에 기념일 잘 보냈던거 같아용 케이크 비주얼이 일단 최고에요!!!!,시어머님 생신이어서 이틀전 예약했습니다~~ 어머님두 너무 좋아하셨습니다~~케익 진짜 너무 맛있고 예뻤어요♡ 특히 꽃도♡♡,너무 예쁜 케익이에요 선물받은 사람도 너무 예뻐하고 감동받았다고 했어요 맛도 엄청 맛있다고 하더라구욤 보냉케이스 무조건 하는게 좋은 것 같습니다.,너무 예뻐요!! 인스타에서 광고 보고 디자인 때문에 선택했는데 디자인은 정말 독보적인 것 같아요 선물해드린 사람이 엄청 좋아해서 저도 너무 만족스럽습니다 감사해요~~ 특별한 날 있으면 또 구입하고 싶습니다,사진처럼 예쁘게 만들어 주셔서 만족스럽게 선물 드릴 수 있었습니다. 감사합니다.,케이크 픽업하러 갈 때까지 가 좋았네요 너무 이뻐서 맛까지 기대를 했는데 저만 그런 건지 너무 맛없어요 리뷰에는  다들 맛있다고해서 예약했는데 먹자마자 요기서 케이크 예약한거 정말 후회했어요 맛 기대 전혀 안 하고 sns 사진  찍기용은 최고네요^^,완전이뻐요~~선물했는데..넘 좋아했어요~~^^,너무 이쁘고 맛있었어요 부모님 결혼기념일을 더 의미있고 화사하게 보낼 수 있게 해주셨네용ㅎㅎ 저는 달지않고  부드러워서 아주 좋았어요 보기좋은 떡이 먹기도 좋다더니 여기가 딱 그러네여 ㅎㅎ 다음에도 또 특별한 일 있으면  찾을거같아여,친절하시고 좋으세요💖,케이크 너무 예뻐요. 달지 알고 맛있었어요.,귀찮아서 리뷰 잘 안남기는데 케익 너무너무 예쁘고요... 일정을 하루 당겼는데 잘 맞춰서 제작해주셔서 감사합니다. 내일 친구 생일인데 엄청 좋아라할 것 같아요 ㅠ 이건 케익이 아니라 예술작품이네요. 흥하세요!,생일인 친구가 정말 좋아했어요~ 친한 친구의 생일을 보다 축하해 주고 싶다면 특별한 케이크도 좋은거 같아요~~ 강추~~,제일 친한 친구의 생일케익이라 여기저기 많이 알아보고 했었어요 친구랑 같이 맛 봤는데 너무 맛있었어요 다음번에도 꼭 재방문하려구요^^,이쁘네요. 골목에 있어 주차는 힘들었지만 제품에 맞족. 다소 비싼 느낌은 있어요,예약 시간도 맞게 픽업할 수 있게 해주시고 친절해요 조카 돌생일로 이니셜 했는데 다들 이쁘다고 어디서했냐고 ㅋ ㅋㅋㅋ 기념할일 있을때마다 찾을꺼예요ㅎㅎㅎ 사진이랑 100% 똑같아요,"부모님의 결혼기념일 케이크로 특별한 무언가가 없을까 했는데 연희동 오븐에서 이렇게 이쁘고 맛있는 케이크를 준비해주셔서 너무 잘 보냈습니다! 맛도 너무 좋았구, 모두 만족했습니다:)",정말 너무너무 이쁘구 맛있었어요ㅠㅠㅜㅠ 마카롱 꼬끄는 쫀득하고 크림은 적당히 달고 좋았어요ㅎ 케이크 주문한  것들 중에 제일맘에듭니다. 다음에 또 주문할게요ㅎㅎ,어머님 생신이라 특별하게 준비하고싶어 주문했는데 너무 예쁘게 해주셨어요 컬러도 너무 예쁘고 맛도 담백하고 많이 달지않아서 좋았어요:) 특별한 날 선물해드리기 딱이에용! 감사합니다♡,매장이 너무 깔끔해서 다시 카페로도 운영해주셨으면 바랐어요 ㅠ ㅠ 💖 케이크는 보기에도 좋고 먹기도 좋고 기념일 선물로 완전 추천!,맛있게 잘 먹엇습니당 케이크도 너무 이쁘고 덕분에 1주년 파티 잘 햇어용 :),두번째 구매후기 - 지난번에는 하트케이크를 주문했는데 리스케이크가 개인적으로 더 예쁜것같음 - 먹기에도 리스 케이크가 조금 더 편했던것같음 - 맛은 정말 맛있음 다만 쿠키라 예쁘게 먹기에 불편함이 조금있음,매우 감사합니다! 덕분에 좋은사람과 행벅한시간 잘 보냇어여! 쫌 늦을꺼 같다고 얘기하고 왓는데 그래도 잘챙겨주셔서 넘넘 감사했습니다! 다음에 또 기회가 되면 주문하러갈께요!! 항상 건강하시고 항상 대박나길 기원하겠습니다! 감사합니다!,정말이쁘고 만족스럽습니다 다음에 재구매의사있어요~ 직접수령이랑 보냉가방이 대부분 필요할거같은데 가격이 약간 부담스러운 부분이있네요,특별한날 특별한 케이크로 기분이 좋네요!!,
비전스트롤 연희점,1467076256.0,망원동에 이어 연희동에도 생긴 비전스트롤. 은은한 노란색 인테리어에 나른하고 여유로운 감성이 돋보이는 공간으 로 연희동 핫플레이스가 될 것 같은 곳. 다양한 필터커피와 간단한 휘낭시에가 준비되어 있어 간단히 커피마시고 가 기 좋아요 살짝 산미가 감도는 라떼와 겉바속쫄 휘낭시에 모두 맛있었습니다👍 10인 이내로 방문할 수 있어 ...,시그니쳐 메뉴인 허니콤보먹었어요~ 커피맛도 좋고 다음엔 다른커피류 도전해볼께용,커피가 진하고 고소한데 깔끔합니다. 피낭시에도 정말 맛있구요 분위기가 좋아요,망원에서부터 남다른 느낌이 들었던곳! 디저트도 평범하지않고~~ 근데 확실히 비전스트롤은 커피맛집이다! 그 맛잇는 디저트보다 한 수 위라면 얼마나 맛잇게…,흔들면서 걸어와서 스팀상태는 확인 안되지만🤣 나쁘지 않았던 라떼~,역시 라떼☕️ 넘 맛있었어요!😖 다만 화장실이 없어서 사러가마트 화장실을 이용해야해요!,,,,,,,,,,,,,,,,,,,,,,,,,,,,,,,,,,,,,,,,,,,,,,,,,,,,,,,,,,,,,,,,,,,,,,,,,,,,,,,,,,,,,,,,,,,,,,,,,,,,,,,,
lodge190,1604858931.0,일요일 저녁에 갔음에도 만석이네요. 겨울철에는 창밖의 추운 홍제천과 대비되게 따뜻한 카페안에서 차 마시면 포근한 느낌이 좋은 카페입니다.,홍제천 바로 앞에 위치한 아늑한 분위기의 조용하게 커피한잔 할수 있는 롯지190🤎 사장님께서 직접 만드시는 바 게트를 이용한 프렌치토스트가 촉촉하고 메이플시럽의 달달함과 사이드로 주시는 제철과일까지..🍑너무 맛도리라  꼭 추천드리고 싶은 곳!!!조만간 프토 먹으러 또 가야징!!😍,"🧾생과일주스(아마 자두+복숭아). 프렌치토스트. 🤤정말 맛있다. 먹으면서 마시면서 ‘하.. 맛있어’ 속으로 되뇌이 며 오물오물 씹어먹게 되었던. 🤔주문할 때 생과일주스가 무엇이냐고 여쭤보았는데 나에겐 ’자두‘라고만 했는데, 이십여 분 뒤에 온 손님에게는 ’복숭아자두‘라고 했다. 자세히 못 들었지만 두 가지 옵션이 있었던 건지 나에게...",커피도 맛있고 프토도 맛있는 곳👍🏻 더 자주 가고 싶은 곳이에요,"이곳은 누구의 집에 놀러 와서 맛있게 내려준 커피와 정성스런 디저트를 먹는 것 같은 곳이에요. 고소하고 깔끔한 귀리라떼, 담백한 파니니는 속 재료들의 어울림이 좋아요! 메뉴들이 두루두루 맛있어요. 반려견 동반이라 더 좋아요.:)",후기는 처음 남기지만 2019년부터 가고 있는 카페입니다! 올해 들어서는 어쩌다보니 두 달에 한 번씩 정기적으로 방문하고 있어요. ㅎㅎ 최애는 프렌치토스트지만 여름이 되면 꼭 여기 빙수를 먹어줘야 합니다! 팥이 정말 맛있어요! ㅜㅜ 늘 친절하시고 편안한 분위기라 너무 좋아요!,"프렌치토스트로 유명한 롯지!! 왜 유명한지 먹어보니까 알겠어요👍😊 웨이팅 20분정도 했지만, 사장님께서 물도  떠다주시고 배려를 많이 해주시더라구요 감동😊 내부 분위기도 너~무 예쁘구, 음료도 맛있구 무조건 재방문의사  있습니다~!!",분위기도 갬성도 너무 애정하는 울 동네카페 .. 🫶🏻☕️🌿 주말마다 꼭 가줘야해요 요거트보울 백번드세용 아메리카 노는 산미 많지않고 고소해요 애견동반이라 짱좋음 🤎🐶,따뜻하고 고요한 분위기와 맛있는 커피,"팥빙수, 프토, 커피 다 무난무난. 동네 주민들이 와서 누리기에 적당할듯.",주차가 어려워 아쉽지만 그래도 홍제천 오면 꼭 들르는 곳이예요. 혼자 책 읽기 생각 정리하기 좋아요. 여름 가기 전에 빙수는 꼭 먹기!!!,웨이팅이 있었지만 분위기 너무 예뻐요 햇살이 공간에 들어오는 느낌이 아름답다고 느낌이 드는 곳입니다 케이크와 음료도 모두 맛있었어요,아늑한 분위기에 꿈에서 나올법한 카페입니다 최고예요,여름날 롯지의 빙수를 즐기며 지는 하루를 보는 기분이란 ☀️🌳,다 맛있게 먹어서 다른 메뉴도 먹으러 또 오고 싶어요! 친절하시고 매장이 조용해서 혼자 있다 오기 좋은 곳이였습니다.,"동생이랑 홍제천 산책하다가 자연스레 들어왔어요 메뉴들 다 맛있고 다음에 꼭 또 오기로 했네요*⸌☻ັ⸍* 직원분들 매 우 친절하시고 매장 분위기 차분하게 대화하기 좋습니다 잘 쉬다 갑니다! 😋 +요거트볼 꾸덕해요! 그릭요거트, 플레 인요거트 반반 섞은 정도!! +일요일 오전 11시 들어가서 그냥 들어갔다가 나갈 때 사람들 대기하고 있더라고...",진심으로 불친절해서 기분이 안 좋았어요 멀리서 찾아 갔는데 덕분에 하루종일 기분이 좋지 않네요 서비스는기대하면 안 될 것 같아요,산책할때마다 마감한 가게 안울 기웃거리면서 분위기가 참 좋다~언젠가는 꼭 가야지~했는데 드디어 오늘 마김 직전 에 가서 투고로 커피맛을 봤는데 산미도 고소함도 적당해요! 발란스 좋은 커피맛에 반했어요. 아이스랑 따뜻한 커피  모두 맛있었어요. 다음엔 매장에서 홍제천을 바라보며 마실 수 있게 가보고싶어요!!,홍제천 산책하고 먹기 딱 좋아요~! 주말에 대기가 있긴 했지만 여유있게 잘 먹었습니당,프렌치토스트 쳐돌이 입니다 연남 조앤도슨이랑 다른매력인데 맛있네요,프렌치토스트 먹어보고 감탄..,가격은 비싸나 맛은 훌륭,언제나 맛나요,커피 맛 아주 좋습니다~,"커피,디저트 너무 맛있고 분위기도 편안하고 좋아요!","인테리어 분위기 너무 좋아요 커피 맛있어요, 양은 좀 적어요 , 친절하세요 메뉴판에 음료들이 고민한 흔적이 보여요  홍제천 하면 생각나는 카페",프렌치토스트 넘 맛있어서 또 먹으러 갔어염 ㅎㅎ,음료 디저트 분위기 다 갖춘 롯지💕 홍제천의 자랑ㅎㅎ,프렌치토스트 맛보고 싶어서 오전부터 갔는데 정말 맛있었어요 매장 안에 자리가 없었는데 잠시 기다리니 전화 주셔서 바로 먹고 갈 수 있었고 아늑한 분위기라 좋아요,날이 너무좋아서 요즘 일주일에 한번씩 일부러 찾아가요^^ 넘 좋아합니다 제가 롯지를!,언제 가도 매번 불친절하고 물어보면 항상 짜증이 가득한 표정과 말투.. 사장님들이 반기고 싶은 손님은 따로 있는 거 마냥 대하시는 모습에 매번 실망하네요~,한 1년전에 방문 했을때 넘 맛있는 기억을 가지고 있어서 재방문 했는데 여전히 맛있네요! 커피가 생각보다 맛있어서 놀랬어요 :),프렌치토스트 완전 맛있어요 ><!!,맛있어요💚,가장 좋아하는 곳 ♡,분위기가 서정적이고 좋습니다 젊은 사람들이 많이 찾는 핫플레이스 입니다 그리고 다양한 종류의 커피가 있는데  모두 맛있습니다 자리가 꽉 찼는데도 많이 시끄럽지 않아서 좋아요 또 한 테이블에 3인까지만 착석 가능 합니다 카 페 룰이라고 하네요,사랑의 롯지!!!,프렌치 토스트 빵이 뭔지 정말 쫄귓하고 맛있었어요~~ 너무 맛있에 잘 꾸워주셔서 겉은 파삭하구🧡 라떼도 정말꼬소하고 맛있었습니다~~ 조용히 혼자서 책 읽으러 오는 손님들도 계시구.. 카페 전체적인 분위기가 차분해서 편히 쉬러가기 좋은 곳이에요.. 동네에 롯지가 있는건 행운..!,파니니는 버섯이 많이 들어간 아주 건강한 맛.원래가 그런지 모르겠는데 밑에 빵 부분이 많이 구워서 딱딱한정도였 던 것 좀 아쉬웠어요. 밀크티는 연한 편. 평일 1시전에 가니까 만석이었는데 1시 지나니까 손님 많이 없어졌어요.,엄청 친절하신데다가 인테리어도 너무 멋지구 디저트나 음료도 너무 맛있어요!!! 위치도 도로변에 강가? 근처라서  바깥 풍경도 좋았습니다!,나만 알고 싶은 곳,갑자기 코르타도가 먹고싶어서 시켰네요. 깊고 진한 맛입니다.,맛있어요!! 특히 프렌치토스트 굳!!,"코르타도 맛있고 좋아요~ 자주 가는 곳인데, 나무랄 데 없이 다 좋지만.. 쉬는 날이 너무 잦아서 가기 전에 꼭 확인해봐야 하는 것, 그리고 저녁 시간에 틀어놓는 라디오는 기독교 방송인가요? 좀 시끄럽고 이상해요.. 혼자 가도, 지인과 가도 거슬립니다^^;",마음이 평온해지는 곳✨,제 기준 프토가 가장 맛있는 곳이예요. 반짝반짝,"조용한 홍제천에 있는 감성 가득한 곳입니다. 배불러서 프렌치 토스트 못먹어서 아쉽지만, 요거트와 차 모두 괜칞았어요.",프렌치토스트가 정말 맛있어요! 겉바속촉의 정석… 커피도 맛있고 사장님도 친절하셔서 좋아용,"커피 맛있고, 분위기가 좋아요:)",프렌치토스트 드디어 먹었네요 ㅎㅎ 라떼와 같이 먹으니 조합 정말 좋았고요. 롯지 분위기 좋아합니다.,좋아요,디저트가 넘 맛있었어요 ❤️,참 좋아하는 카페. 비건을 위해 오트밀크도 있고 환경을 생각하는 용기도 참 좋아요. 무엇보다 커피가 너무 맛있어 요. 이사가서 멀어졌는데 롯지 커피 마시러 들립니다. 지금처럼 그대로 쭉 한결같길,프토 진짜 맛나요 🤤 오트라떼랑 찰떡!,맛있어요,친구 추천 받아 들른 롯지. 코르타도 아이스 맛났어요!!! 다들 프렌치토스트 시키셔서 카페에 달달한 냄새가 계속 나서 넘 좋아요,커피도 빵도 요거볼도 맛있어요ㅋㅋ 요거볼은 양이 조금 아쉽지만 맛있어서 용서가됩니다.,맛있어요,줗으오,와 진짜 로컬 맛집이에요 분위기도 좋고 쿠키도 진짜 넘사네요 굳 진짜 만족!,분위기 좋아요,커피 맛집,편안한 분위기로 쉬어가기 좋아요🤎 프렌치 토스트도 부들부들하니 맛있어요😋,커피맛있어요 ! 홍제천앞이라서 산책하다 들리기 너무 좋아요 🙂 물컵이너무예뻐서 물컵도같이구매하였습니다 ~,오랜만에 가도 좋은 곳,가게 분위기가 정말 편한하고 사장님들도 친절하세요. 홍제천을 보면서 커피 한 잔에 간식을 곁들일 수 있는 좋은 공간이었습니다!,맛있어요,좋아요,커피도 맛나고 팥빙수도 맛나요.,동네 분위기랑 너무 잘 어울리는 공간이에요. 근처오면 생각날 것 같아요.,말차빙수 맛있어요,고소한 라떼와 롯지만의 여유로운 분위기가 오래도록 기억에 남을 것 같아요. 프렌치토스트에 대한 이야기가 많아 재방문 때 주문해보았는데 역시 맛있네요! 내부가 크지는 많지만 그만큼 가게 곳곳에 아기자기한 감성이 녹아있어요.,맛있어요,프렌치 토스트 살살 녹고 맛있었는데 눈치 주시는 손님분들 있어서 불편했어요,홍제천뷰 감성카페,프렌치토스트. 아주 부들부들 맛있었어요.  홍제천따라 따릉이타고 산책겸 갔답니다  종종 또 갑니다~,맛있어요,토스트랑 커피가 제맛이네요 ^^ 오랜만에 맛있는 커피 마셔서 오후에 기분 좋았습니다.,정말 제일 좋아하는 장소:-)  지금처럼 오래오래 있어주세요.😇🥨,좋아요,좋아요,프.토 먹으러 왔어요~🤎 JMTGR 🍓🫐,주인이 불친절해요.,불친절해요,좋아요,롯지최고,빵이 달콤하니 맛나요,핫플이라 웨이팅을 했지만 홍제천 앞에 있어서 분위기도 좋고 팥빙수도 맛있네요,인스타 감성 까페,굳,조용하고 좋아요.,1. 솔티드 라떼 - 끝맛이 괜찮다 2. 아메리카노 - 커피 위에 올려지는 조그만한 크림이 짭쪼름하다. 그 외는 달달한 커 피 테이블은 5개 정도 사장님이 친절하다. 순환도로 아래 푸르른 나무와 스늘이 시원하게 느껴진다 나름 빈티지 스 탈 카페?? 일 수도 있다,커피도 맛있고 팥빙수도🧡,맛있고 분위기도 좋아요 테이크아웃해서 산책하기도 좋네요,프렌치 토스트 정말 맛있어요 미모사 티도! 찻잎으로 우려준거라 맛도 진하고 향도 좋고.. 창밖 풍경도 너무 예뻤어요,좋아요,좋아요,최고입니다,최고에요!!!,맛있어요!!!,너무 좋아요!!,맛있고 분위기좋아요><,이 동네에 살고 싶어요. 매일 같이 들르고 싶은 분위기. 프토 강추합니다 🤍,커피 넘 맛있어요! 핫초코도 최고예요~ 좋아하는 카페입니다,앉지 못 했지만 맛난거 사가지고 갑니다,,,,,
알트,1642181766.0,연희동에 비건카페가 있다니 너무 좋아서 바로 달려 갔습니다ㅎㅎ 리치피치에이드와 쇼콜라 아이슈페너도 너무 맛 있었고 생딸기 브릭 케이크도 글루텐프리 케이크라 적당히 달아서 너무 좋았고 생딸기가 많이 들어서 너무 맛있었 어요!!😋👍,"친구 축하해 줄 일이 있어서, 연희동 케이크 검색하다가 방문했어요 !! 기념일 챙기기에 유니크한 케이크라서 더욱 더 맘에 들구 너무 친절하셔서 좋아요 🤍🤍🤍 얼른 파티하고 먹고싶어용 나중에 또 사러 올게용 🧸🧸🧸",밤낭시에 4구세트 포장했어요 !비주얼부터 넘 귀여운 밤모양 디저트에요🌰 초코맛 짱맛이에요💟 밤낭시에는 동물 성재료가 전혀 안들어간 비건 디저트래요!! 비건 디저트에다가 비주얼에 반해서 먹어봤는데 정말 맛있더라구요..!! 완전 부드러운 마들렌 식감에 맛마다 각자 개성을 살려서 4가지 맛 다 맛도리..✨ 그 중에 초코맛이 젤 맛있었...,"어머니 생신이라 특별한 케이크를 선물해 드리고 싶어서 찾아보다가 디자인이 너무 마음에 들어서 방문했어용 사장 님도 너무너무 친절하셨고, 케이크도 조금 작을 줄 알았는데 은근 컸어요!! 그리고 안에 과일이 들어있어서 씹는 맛 도 있고 느끼하지 않아서 좋았습니다!! 재방문 의사 100% 아!👏🏻 그리고 지금 뽑기 이벤트도 하고 계셨는데 운...",제가 밀가루 알러지가 있어서 일부러 찾아온건데 케이크랑 밤낭시에 존맛이예요 ... 🥹 케이크 크림도 맛있고 딸기도 옴총 달아요 !!! 아직 11월 말인데 벌써 이렇게 맛난 딸기를 구하셨다니 🩷🍓 연희동 올 일 있으면 또 올고예옹 .... 보늬밤 밤낭시에 할미입맛분들 외않머거 강경 할미파 달려가 .....! 사장님도 짱친절하십니동 👍🏻👍🏻👍🏻💖💖,디저트 진짜 맛있고!! 밀크티도 진하고 맛있어요 ✨🌻 사장님 너무 친절하시고 넓고 편안하고 음악도 좋고 좋아요! ! 밤낭시에? 못 먹어서 아쉬워서 다음에 또 가야겠습니다ㅠㅠ 감사히 들렀다 갑니다☺️,비건이라고 해서 와봤는데 케이크가 너무 맛있어서 생일 케이크도 여기서 예약하려구요 🫶🏻 밀크티도 너무 맛있었어요 ! 크림이 아몬드 크림인 것 같은데 밀크티와 너무 잘 어울려서 잘 마시고 왔습니다 ◡̎♥,"밤낭시에와 호주식케익 레밍턴케이크 처음 먹어봤는데 맛있네요! 저는 레밍턴케이크가 개인적으로 제 스타일이더라고요😀💕 적당한 단맛에 단백함,부드러운 맛이예요! 친절하고 좋아요~ 연희동카페 알트에서 비건식 디저트 한 번 먹어보세요~","디저트 까페 검색해서 비건 까페라고 해서 일부러 찾아왔어요~ 다이어트중이라 단거는 먹고 싶은데 죄책감은 조금 덜고 싶은 마음에 ^^; 비건약과쿠키, 카카오 맛과 초코 크런치 밤낭시에 카카오 그래놀라요거트볼,아메리카노 이렇 게 시켰어요~ 약과쿠키는 달달했고 밤낭시에는 초코치곤 담백해서 살짝 제 스타일은 아닌걸로^^; 커피는 산...",진짜제발...진짜제발브릭케이크먹어주세요 기념일 맞이해서 주문제작케이크는 하고 싶은데 둘 다 달달+느끼한 거 잘 못 먹는 사람이라 고민하고 찾다가 비건 카페에 비주얼도 이뻐서 예약했는데 진짜 대성공입니다... 사이즈도 딱 두 명이서 배불리 먹기 좋고 이쁜 건 두말할 것도 없고 맛이 하... 대박입니다... 너무 맛있어요 홀에서 레밍턴 ...,비건 디저트는 처음 먹어보는데 일반 케이크와 맛이 비슷해서 놀랐어요!! 다크초코 래밍턴 케이크 먹으려고 왔는데 품절돼서 화이트초코로 먹었지만 진짜 맛있어요 🤍🤍 담에 다크초코 먹으러 또 올게욥,"집 근처라 매번 지나가면서 보기반 하다 비건디저트가 있어서 들어가봤아요, 밤낭시에 세트를 샀는데 선물용으로도 좋을 것 같아요. 비건약과쿠키는 없어서 사질 못해서 아쉬워요ㅠㅠ 다음엔 꼭 먹어보고 싶어요. 이제 자주 갈 것 같아요!",매번 생각이 나서 찾아 오는 알트!!! 디저트 진짜 맛집이고 분위기도 너무 좋아요 크리스마스 느낌도 물씬!!! 정말 최고예요 🫶🏻💜,케이크 너무 맛있고 음료도 괜찮아요 주인분도 친절하시고 좋은 시간 잘 보내고 갑니다 ㅎㅎ 카페 노래도 좋네여,우연히 지나가다 들어갔는데 분위기도 좋고 케이크 찐 맛입니당ㅎㅎ 너무 맛있어서 다음에 또 올게여🥰,연희동 디저트 맛집 찾다가 들어온곳!  늦게와서 초코 머드 케이크 뿐이 없었지만 래밍턴 케이크도 먹어보고 싶어요!  서비스로 받은 양초도 넘기엽고 아이디어 좋아요 ㅎㅎ,차분하고 건강하게 먹고 가기 좋은 공간인거 같아요! 사장님도 친절하시구 연말 이벤트로 뽑기해서 밤낭시에 받았는데 너무 귀여워요 🌼,연희동을 간다면 추천하는 조용한 카페에요! 위치가 조금 애매하지만 굳이 찾아갈만큼 특별함이 있는 곳입니다. 처 음 방문했을 때 인테리어에 참 신경을 많이 썻다는게 느껴졌어요. 음료 두잔과 밤낭시에 한 박스를 구매했어요! 밤낭 시에는 방문 전 미리 예약을 해두었고 음료는 시그니처 음료가 있길래 주문하게 되었습니다. 음료 하나하나에...,"선물할 곳이 있어 당일에 급히 전화로 연락드렸는데 친절하게 안내해주셔서 감사했습니다!🥹 케이크 디자인이 정말 예쁘고, 케이크 뿐만 아니라 다른 디저트들도 맛있었어요!! 다음에 또 기념&선물할 곳이 생기면 미리 예약하고 방문할게요🤩👍",케이크..진짜 맛있어서 한순간에 사라졌어요!! 핵맛!! 초걱정 했는데 여기 귀여운게 잔뜩 있어서 좋았어요 ㅎㅎ 감사합니다 사장님 최고!!!!,"와… 예쁘게 생겼는데 맛도 있고 심지어 몸에 좋다니,, 동생 생일이라 이것저것 사서 왔는데 다 좋네용! 색감도 좋고 담엔 매장에서 먹어보고 싶어요:)","우선 당일 예약하고 레터링도 급하게 부탁드렸는데 친절히 잘 해주셔서 좋았어요! 사진엔 레터링을 가렸지만 ㅜ 예 뻤습니다! ㅋㅋㅋㅋ사실 모양이 넘 예뻐서 맛에 대한 기대는 안 하고 있었는데,, 맛도 최고였습니다,, 딸기도 달고  짱,,♡ 담에 케잌 필요하면 또 알트로 달려갈ㄹ ㅐ요,,♥",남자친구 생일이어서 케이크 예약 후 방문했습니다 ! 사장님 너무너무 친절하셨구 뽑기로 초도 주셔서 너무 감사했 습니당 ! 리뷰가 늦었네요 ᵒ̴̶̷̥́·̫ᵒ̴̶̷̣̥̀ (죗옹)🥹 사실 비건 케이크인건 알고 있었지만 비건이 아니어도 아주 잘 먹는 사람으 로써 방문한 이유는 다름아닌 디자인 .. 너무... 귀엽지 않나요 ...?🎀🩶이번달 색조합도 그렇구 너무너무너무...,어제 오픈하자마 갔는데 정말 비건 케이크라고 생각 전혀 안 들만큼 웬만한 케이크보다도 훨씬 맛있어요 딸기 케이 크라 해놓고 막상 먹어보면 딸기가 정말 부실한 집들 많은데 알트는 한입을 먹어도 딸기가 두 세개 씹힐 정도로 가득 가득 있어서 좋았어요 사장님도 친절하시고 무엇보다 센스가 정말…💓 외모만큼이나 좋으세요 인스타 보면 ...,케이크 픽업하러 예약하고 다녀왔는데 너무 친절하시고 다른 디저트들이 많아서 다음에도 방문하고 싶네요😋 래밍턴 케이크도 이벤트로 주셨어요! 매장 이용하러 또 갈게요ㅎㅎ,"비건 디저트 파는 곳이 많지 않은데 케이크나 그릭요거트, 구움과자 같이 다양한 종류의 비건 디저트를 팔아서 너무 좋아요! 맛도 일반 디저트보다도 맛있어요! 사장님도 너무 친절하시고 매장도 따뜻해서 자주 방문하고 있어요🥰 케이크류와 두부그릭요거트 추천합니댜👍","서울 연희동에 의외로 귀한 비건 디저트 가게입니다. 이런 가게가 있다는 것만으로도 기뻐요. 메뉴도 다양하고, 나름의 분위기도 있습니다. 개인적으로는 초코머드케이크와 밤낭시에, 바닐라빈라떼를 추천드려요. 약과쿠키도 못 먹어봤지만 인기가 많더라고요.",맛도 좋고 모양도 예쁜데 비건이기까지 해서 친구들에게 선물로 자주 구매하는 곳. 지금 크리스마스 이벤트로 영광의 2등이 되었습니다. 부모님 집에 레밍턴 셋트 보내드려야겠어요.,밀크티 러버로서 요기 밀크티 맛집입니다요 ♥ 위에 올라간 크림은 아주 쫀쫀하고 달달해요. 케이크도 완전 맛있어요 🫢✨ 빵은 부드럽고 겉에 초코는 밀크 초코보다는 다크 초코처럼 맛이 진해서 전혀 느끼하지 않아요 ! 코코넛 가루도 듬뿍 토핑되어 있어 초코 + 코코넛 + 빵 사이 딸기잼까지 완벽합니다 🫶🏻,소중한 분 생일 축하를 위해 방문했어요. 선물용으로 좋은 감각적인 디자인에 레터링까지 가능해서 참 좋았어요. 사 장님도 친절하시고 매장 분위기도 잔잔하니 좋아서 나중에 연희동 가면 또 방문하고 싶어요. 포장도 보통 도시락 사 이즈 케이크 포장과 달리 꼼꼼하게 잘 해주셔서 전달 때까지 꽤나 시간이 걸렸음에도 불구하고 케이크가 망가...,"케이크도 사장님도 너무 귀여워요,,, 기념일 덕분에 잘 보냈습니다 두부맛? 나면서 고소한 시트지와 안에 콕콕 박혀 있는 수많은 과일들이 진짜 글루텐 프리인 게 안 믿기도록 맛있어요! 다들 도전해보시길 🤍","연희동 카페는 여기입니다😎 일단 비건, 글루텐프리 매장이라 취지도 너무 좋았어요 근데 맛은??? 그냥 대존맛! 일 단 밀크티 대박입니다 크림이 부드럽고 진짜 맛있었어요 강추강추합니다☺️☺️ 그리고 글루텐프리 래밍턴케이크 와 진짜 넘 맛있어요 글루텐프리라고 맛 포기?? 아니죠!!!! 그냥 시중 케이크처럼 넘 맛있더라구요 떡같은 느낌인...",친구가 비건으로 유명한곳이라해서 와봤는데 디저트도 너무 맛있고 커피도 맛있었어요😊,이번달만 두번째에요 !! .. 항상 잘먹구 있습니다 얼그레이 약과쿠키도 전에 사먹엇는데 짱맛잇어요 ㅠ 알트최고,친구 생일로 준비했는데 달콤하고 찐한 초코맛이 넘 맛있어요 요즘 케이크 엄청 비싼데 레터링까지 해주시는데 사이즈도 커서 완전 만족했어요 디자인도 귀여워요 비건이라 더 좋습니다🌿,도시락케이크 포장해서 엄마드렸는데 엄청 좋아하셨어요. 모양도 이쁘고 맛도 너무 달지 않아서 잘 먹었습니다. 감사합니다 ㅎㅎ,카페 분위기도 좋고 사장님이 친절해서 재방문 의사 100%에요~,알트 10월 케이크 너무 이뻐서 덕분에 올해 생일도 행복하게 보냈어요! 매장도 분위기 좋고 사장님도 친절하셨어요 ! 또 방문해야겠어요🎂❤️,너무 예쁘고 맛있는데 또 건강하게 먹을 수 있어서 부모님이 너무 좋아하셨어요 :) 그리고 밤낭시에도 정말 맛있더라구요!!! 다음에 재방문하겠습니다~ 덕분에 맛있게 잘 먹었습니다☺️,진짜진짜 환하게 웃으면서 반겨주시고 엄청 친절하시고 (다만 바쁘셔서 손님 온걸 못보실때도 있어서 문 열면 울리 는 종같은 거 달아놓으셔야 할 듯 ㅋㅋㅋ) 비건 고구마초코케익...고구마 안좋아하는데 궁금해서 시켰는데 진짜 맛있 어요!!! 엄청 독특하고 맛있어요. 모양도 귀엽고 ㅎㅎ 커피도 맛있고 공간도 예쁘고 음악소리도 적당해서 얘기...,처음에 밤낭시에 보늬밤 맛이랑 쇼콜라 아인슈페너 시켰고 빵이 너무 맛있어서 밤낭시에랑 케이크 추가 주문 했습니다! 비건빵이라 그런지 먹고 난 후에도 속이 편안하고 보늬밤이 통째로 들어가 있는 게 좋았어요. 쇼콜라 아인슈페너도 마냥 달지만은 않고 씁쓸한 맛이 함께 느껴지는 게 정말 맛있었습니다! 급하게 먹어서 사진이 없네요 ㅠㅠ,"재방문할 정도로 만족스러웠던 연희동 카페예요! 카페를 워낙 좋아해서 재방문하는 곳은 드문데, 대화하기에도 좋 았고 디저트도 정말 맛있었어요 글루텐 프리, 비건 디저트를 판매 중이라 양심의 가책을 덜 느끼게 해줍니다 ㅋㅋㅋ ㅋ! 이 비주얼에 이 맛이 어떻게 백설탕이 전혀 들어가지 않은 맛인지 모르겠어요.. 🧡 글루텐프리 디저트만 ...",항상 지나가면서 와보고 싶었던 카페인데 기대만큼 디저트도 맛있고 인테리어도 예쁘네요 :) 무엇보다도 직원이 정말 정말 친절하셨습니다!!!!! ✨,일단 사장님도 너무 친절하시고 커피도 맛있고 밀크티도 넘 맛잇네용  그리고 래밍턴케이크 다크초코맛 먹었는데 찐하고 맛잇어요!! 다음번에 연희동오면 꼭 들러야겟어요!!,브릭케이크 예약이 마감되어서 픽업하고 싶었던 전날 혹시나 해서 문의드렸더니 흔쾌히 만들어주신다고 해주셨어요 🥹 케이크도 넘 이쁘고 맛나요 !! 🩷 뽑기로 아메리카노까지 잘 마셨습니다 !! 담에 또 방문할게요 🤍🎀,예전에 케이크 예약해서 먹어보고 좋아서 선물하기 위해 재방문 했어요!.! 카페 분위기가 참 좋고 디저트들이 새롭고 특별해서 좋아요! 응대해주시는 분도 친절하게 설명해주셔서 더 좋은 기억으로 남네요☺️ 감사합니다~~,시즌메뉴라고 해서 먹었는데 쑥크림이랑 떡이 너무 맛있었습니다 ㅋㅋ 케이크도 맛있구 부드러웠어요 약간힙한? 분위기에 사장님 너무 친절하시고 지인이랑 시간 보내고 오기 너무 좋은 장소였어요!,"케이크가 저어어어어어엉말 맛있서요 구시에요 시트 사이에 골드키위가 가득 차있어요 음미할수록 깊은 고소함이 느껴지고, 다 먹을동안 느끼함 한번 못느꼈어요 사실 예약하면서 혹시나 느끼할수도 있지 않을까싶어 깍두기 챙겨 갔거든요.. 곳곳에 올려진 머릿고기는 식감이 세밀한 사각함이라 재미있어요 머릿고기는 사실 머랭쿠키인데 ...",🥹 카페 분위기가 넘 편하구 좋아요! 커피랑 디저트도 맛있고 사장님도 친절하세요.. 8.8 다음에 또오고 싶어요 😳,밀크티 짱 맛있어요!!!케이크도 뭔가 특별한 맛이라서 좋아요!!!산타 이벤트 뽑기 이벤트도 너무 재밌었고 너무 친절해요!!,지나가다 인테리어가 예뻐서 들어왔던 카페예요 비건 디저트 카페라고 메뉴판에 쓰여있었던 거 같아요 케이크 식감은 쫀쫀한 느낌이고 새로웠어요!! 제 취향은 아니었지만 커피는 맛있었습니다 ☺️,"브릭케이크 대추천이에요! 도시락 사이즈라고 하지만 미니 케이크 박스에 예쁘게 포장해주시고, 글루텐 프리라고 믿을 수 없을만큼 존맛탱입니다 :)",글루텐프리라서 너무 좋았고 친절하셔서 대만족이었습니당!!! 음료도 맛있고 재방문하고싶은 곳입니다,맛있구.. 직원분들도 너무너무 친절해서 좋아요 시간이 된다면 한번 더 올 거 같아요🥹❤️,급하게 연락드렸는데 친절하게 답해주시고 너무 좋았습니다! 가장 중요한 케이크!!! 평소에 간식류를 즐겨하지 않으 시는 분이라 걱정했는데 알트 케이크는 맛있다고 끝까지 드셔주셨어요🥰🥰 모든 것이 완벽했습니다 정말 감사합 니다🩷,알트만의 분위기가 편안함을 줘요. 선곡도 케이크도 yum~ 요거트에 딸기도 넣어주셔서 감사해요 :),사장님 너뮤 너무 친절하셔서 좋아요!  글루텐프리에 쫀득한 식감인데 레밍턴 케이크 맛집이네요 ㅋㅋ또 와서 정말 맛있게 잘먹고 갑니다!!,기념일 케이크 예역했어요!!  너무 예쁘고 사장님도 친절하시네요 ㅎㅎ,"약과 매니아인데, 당이랑 칼로리가 높아서 못먹고 있었는데.. 비건이라니ㅠㅠ너무 감격스러워서 맛별로 구매했는데 정말 모두 너무너무 맛있었어요!!🥰","홀케이크 주문하고 갔는데, 카페에서 바로 이용할 수 있어서 좋았어요!! 케이크 디자인도 너무 독특하고...🥹 글루텐프리에 대한 선입견이 있었는데 그 생각이 안날만큼 일반 케이크랑 맛차이 없고 적당히 달아서 앉은 자리에서 다먹을뻔 했어요....특히 덩쿨같은 초록노랑 머랭이... 바나나킥맛나요!!! 다른 케익도 너무 먹어보고 싶습니당!!!!",중요한 지인 생일이라 특별한 케익을 알아보다가 예약 후 주문하게 되었습니다:) 이쁘고 맛있는 케익과 특별한 하루가 될 것 같아요~,케이크 너무 예쁘고 맛있어요! 감성 있고 특별한 케이크를 찾으신다면 여기로....,인스타 보고 온건데 매장도 아늑하고 디저트도 맛있었어요!! 무엇보다 직원분이 친철하셔서 좋았어요🤭🩷,먹었던 비건 케익 즁에 1위!! 너무 맛있어요!!ㅍㅍ 도시락 사이즈여서 둘이 같이 나누먹기가 딱입니닷!,케이크 디자인이 너무 유니크하고 예뻐요! 맛있게 잘 먹을게요 ㅎㅎ,"비건 디저트가 가득한 소중한 곳 케이크도 달달하고 맛있고 두유 옵션있어서 카페라떼 사랑임❤️ 쌀, 통밀 사용한 노밀가루 디저트도 많고 두유그릭요거트, 그래놀라까지 하나하나 다 뿌실예정! 사장님도 진짜 친절 그 잡채💛💛",행복해 지는 맛이예요😀☺️,케이쿠디자인두넘 이뿐 알트 .. 게다가 비건 … 케에쿠 사이즈두 딱 좋아서 기념일엔 어김없이 찾게 돼요 .. 초도 넘 센스 !! 다음 기념일에 또올거에오!,커피랑 케이크 다 맛있어요!!🫢🫢,글루텐프리 베이커리가 많아서 원래도 자주 갔어요! 할로윈 케이크는 디자인까지 마음에 드네요!!,너무 맛있는 역대급 케이크..💗 덕분에 즐겁게 친구들과 연말모임 보낼 수 있었습니다! 알트 짱🤍,예쁘고 분위기 짱이에요 ㅎㅎ 뽑기도 잘 했습니다 💗,"강아지 산책중에 너무 맛있게생긴 디저트를 보고 들어갔는데, 응대해주시는분 너무 친절하시고 가게 분위기도 깔끔하고 좋았어요. 그리고 밤낭시에 최고!",사장님도 친절하시고 커피랑 디저트 다 맛있고 가게도 너무 예뻐용,디저트 맛도 너무 좋구 음료도 맛도 너무 맛있어요!! 다음에 또 올거에요!☃️❄️🌲,라즈베리 라떼와 초콜릿 머드 케이크 넘 마싯어용!!!!! 또 오고싶어요 >_< !!!,사장님 친절하시고 케잌이 너무예쁘네요^^ 먹어보고 맛있으면 또방문할게요 감사합니다 ❤️,유제품 못드시는 엄마 선물로 밤낭시에 4구 샀어요 ! 저희엄마처럼 알러지 있거나 환경보호 생각하시는 분들이편하게 드실 수 있는 디저트가 있어 좋습니다🥰,2인이 먹기 딱 좋은 양이고 케이크가 너무 이뻐요!!!!!!,"브릭케이크 주문제작했는데 정말 마음에 쏙들게 해주셨어요!!!비건, 글루텐프리케이크라 더더욱 마음에 들었던 곳입니다. 다음에 또 뵐일 있길 바랍니다!",케이크가 너무 예뻐요…사장님도 친절하셔서 기분좋게 들렸다 갑니다🤍,분위기 좋아요 !! 😀,"기념일을 맞이해서 도시락 케이크 사이즈 주문제작했어요! 디자인이 너무 예뻐서, 너무 친절하셔서, 너무 맛있어서 여러모로 행복했어요 ㅎㅎ ☺️ 리뷰첨 써보는데 너무너무 쓰고 싶었어요! 디자인도 디자인이지만 비건임에도 불구하 고 너무 맛있어서 비건에 대한 인식 바뀐 것 같아요 🤍🫶🏻 덕분에 세상에 하나뿐인 케이크로 너무 행복했던 ...",너무 이쁜케이크 특별한 날 좋은 추억 만들었습니다! 담백하고 맛있어요!,너무 맛있어요😭,"티라미수가 맛있었고, 그외 초코케익은 별로였습니다. 그래도 글루텐프리여서 잘 먹고 가요~",요새 다이어트 중이라 건강한 디저트를 찾고 있었는데 너무 좋아요!! ❤️😍 글루텐프리 케이크 주문했는데 일반 케이크보다 더 맛있어서 놀랐어요ㅎㅎ 밀크티라떼에 얼그레이 크림 낭낭하게 올라가서 남친이랑 감탄하면서 먹었습니다 ㅎㅎ 분위기 좋고 맛있어서 저장했습니다. 자주 갈 예정이에요😍❤️,레밍턴 케이크 먹어보고 싶어서 방문했는데 조용하고 너무 좋아요,먹어보니까 너무맛있네용 친규도맘에들어해서 다행!,"건강하면서도 맛있는 디저트, 고소한 커피 마시면서 조용히 기분좋게 시간보낼 수 있는곳이에요🫶 연희동 살면서 왔다갔다하면서 보기만하고 첫 방문했는데 만족도 1000%!! 연희동 원픽 카페 등극입니다",디저트도 맛있고 커피도 맛있어요!,사장님 친절하심!비건디저트 맛남!! 추천~,휴지까지 감성 철철인 이곳 사장님 노잘알이세요 좋은 노래만 쏙쏙 골라서 틀어주세요 케이크에 머랭쿠키 너무 살 살 녹고 맛있어요 설탕에 굳은 구름 씹는 거 같아요,애견동반 가능하고 비건이라 더더 좋아요,글루텐프리 베이커리 비건 빵집 최고!!! 너무 친절하셔서 다시 가고 싶어요!  애플 크럼블 기절~~~ 꼭 주문하세요!!!,바프준비중인 친구생일 케이크 알아보다가 알트에서 비건케이크 구입! 맛은 초코양갱과 초코빵 그 사이!! 맛있었어 요 :) 아무래도 시중에파는 케잌보다 좀더 건강하고 덜 달지만 이정도면 진짜 두판도 먹을수 있어요(?) 근데 바로 냉 장보관해야겠더라구요 살짝 흘러서 모양이 변했다는 ㅎㅎㅎ... 그래듀 좋은 추억 만들었네요 ㅎㅎ,디저트가 엄청 고소하고 맛있어요~! 그리고 밀크티가 특히나 거품이 달달허니 쵝오!!,케이크가 정말 퐁신퐁신 시트가 촉촉해요 빵같지않고 .. 밀크티도 엄청 찐하고 맛있어요  설탕 안 넣고 이렇게 맛있을수가있나? 너무 맛있어요,대화하기 좋은 장소이지만 아메리카노에 신 맛이 강했어요,맛있어요~~~!,케이크 너무 맛잇게 먹었어요! 너무 예쁘고 귀여웠어요!감사합니다!,브릭케이크 예약 주문했는데 너무 친절하시고 케이크가 예뻐효..〰️🤍 다음에 또 예약하러올게용!!,3월 생일날 방문했었는데 케이크 비주얼에 한번 감동하고 맛에 한번 더 감동했어요 ㅠㅠ아니 어떻게 여기가 비건디저트 카페인거죠?? 나름 비건카페 많이 가봤는데 여긴 비건 아닌줄 알았어요 너무 맛있고... 비주얼도 미쳐버려 사장님 유명해지지마세요... 아니 유명해지셔요... 아니 유명해지지마세요... 아니 유명해지셔요..💗🤍💗🤍,비건케이크 초콜릿머드케이크 꾸덕한 질감이 잘 살아있어서 좋아요 깊고 진한 카카오 맛이 느껴져서 초콜릿러버에게 강추해요 !! 애플크럼블은 글루텐프리라고 말 안하면 전혀 모를만큼 일반 디저트와 차이없이 넘 맛있습니다 🥰,평범하지 않은 특별한 케이크라 선택했는데 맛도 있었어요!! 담에 또 선물할 일 있으면 케이크 예약하려구요 ㅎㅎ!,이사온 날에 친구랑 케이크를 먹고 싶었는데 늦은 시간에 문 연 곳이 없어서 한참 찾아다녔던 기억이 납니다ㅎㅎ 케이크인데 단 맛은 거의 없어요. 단 거 안 좋아하는 분들에게 추천합니다.,예쁘고 맛있었어요🥰,도시락케이크 사이즈 아담해서 좋아요. 톡톡 문의를 잘 확인해주셨으면 좋겠어요.,"사장님께서 요청드린 디자인보다 더 근사한 케이크를 완성해주셨어요🥹💚 정말 만족도 2000%의 케이크였습니다 !! 케이크 보신 분들도 케이크가 너무 멋지다며 박수를 보내주셨어요👏👏 포장도 너무 센스있고, 케이크도 너무 맛 있었어요! 확실히 먹었을때 밀가루의 더부룩함이나 부담없이 가벼워서 좋았습니다~! 다음에 또 주문하러 올...",맛있고 분위기가 편안해요 😁
로덴드론 연희 1호점,1595735508.0,오늘도 왔네요. 소담소담하기좋구 오늘도 체리치즈케잌 써비스 최고네요 ㅎㅎ 고맙습니다 인별스타 네*버 스타 입 니다 블로거도하구요,단골입니다. 오늘도 왔어요 쿠폰찍고 빵써비스 푸짐하게 친절한직원들 덕에 힐링하네요 ㅎㅎ,친구랑 브런치하러 왔는데 매장도 넓고 사장님께서 이날 비가와서 그런지 직접 가져다 주셨어요.브런치메뉴가 깔끔하고 커피도 향도 좋고 무엇 보다 매장공간이 넓고 다양해서 마음에듭니다,"빵 너무 맛있어 보인다, 커피도 가져다 주심",1호점 단골입니다 쿠폰쓰닌가 기분좋아요 어제는 동교동2호점다녀왔네요,일단 주차가 된다는게 너무 좋습니다~ 사장님 너무 친절하시고 좋아요,커피 맛있어서 자주 갑니다,"브런치 먹으러 갔던 연희동 브런치 카페. 평이한 메뉴 구성, 돋보이는 베이커리 류. 수다를 한참 떨 만큼 좌석은 편안 해서 파스타가 식었어요.",커피도 맛있고  직원분들도 친절하시고 ~  또 올께요 ~😀😀,빵도 있고 주차자리도 있고 내부 좌석도 넓고 많아요,🍞 ☕️ 😋  자리 많고 인테리어 느낌있어요~,커피맛이 참 좋아요,늘 맛있는 커피!!!!,맛은 그저 그냥 인테리어 멋짐,친절해요 오늘은 테크아웃 씨이오님께 계셨네요 할인해주셨어요 감사요,자주가는카페입니다 오늘도 수다수다쟁이,커피맛 좋아요,사진찍기좋아요 소금빵 폭신쫄깃 맛있어요,"커피맛 좋고, 위치나 주차 편의성 좋고 친절 하십니다. 다만, 베이커리 상태는 엉망 진창입니다. 납품 후 판매하는 제품이고, 냉동으로 왔다가 자연해동> 빵 맛을 위해서이신지 데워주시는데 친절은 좋으나,,, 날씨 때문인지 파이는 일부 사과가 맛이 이상했습니다. 포크로 손 대자마자 그냥 컷팅 불가능하고 그냥 바사삭 부숴집니다. 궁금...",주차도 가능하고 커피도 맛있어서 좋아요 :),단골입니다 커피맛있어요,맛있어요 비오는날 좋아요,분위기도 좋구 넓어서 이쁘네요-! 멜랑슈 크림 이랑 조화가 좋아 맛있었어요 애플파이도 좋았고 다른 디저트 메뉴가 궁금해요,엄마랑 도란도란 이야기하기 좋은 곳이예요,"연희동에 정말 몇 안되는 주차장이 있는 카페라서 방문하게 되었고, 인테리어도, 디저트도 만족했흡니다:) 좋은 사람과 좋은 시간 보내기 딱 좋은 곳이네요🥰",생일이라고 조각케익 한개 주셔서 넘 좋았어요.. 커피도 디저트케익도 맛있고 주차안내부터 모두 친절하니 즐거움 은 두배~~~ 인테리어도 멋져요,굿,케이크류가 다양하고 다 맛있어요 생크림 케이크 치즈케이크류 다 훌륭해요 커피도 에스프레소류랑 필터커피류 다  괜찮고 디저트와 조화롭네요 연희동 카페가 주차가 몇 대 되는 것도 장점이구 편안하게 이야기 할 수 있는 분위기인  것도 좋아요 에티오피아 드립커피는 화려한 느낌으로 향이 풍부했어요 이거랑 초코시트의 딸기생크림케이크...,뭐에요......소시지빵이 왤케 맛있죠 .......아침에 플랫화이트랑 크로와상 먹고싶어서 왓다가 생각없이 집어들었는데..... 흔한 그런맛이 아닌 구운 토마토와 소시지의 조화..... 그냥드셔보세요 !! 아침일찍 오니 자리도 많고 너무 좋아요 자주올께요 ♡♡♡커피도 제기준 평타는됨 ㅎㅎ,"연희동에 주차할 수 있어서 가끔 들리는 카페이다. 가정집을 개조해서 구석구석 자리가 많고 북적이지 않아서 대화 하기가 편하다. 각종 빵과 케잌, 과자류~ 골라먹는 재미가 있다. 커피도 산미와 고소한맛중 고르는데~ 다 맛있다. 오 늘은 파니니세트를 출시했다고 해서 잉글리쉬세트(9900)를 주문했는데~ 한끼 떼우려고 끼니로 그만이다. 커...",탁 트인 전망이 좋은 카페입니다. 음료맛은 무난무난했어요,요즘 카페같지 않고 좋아요(완전 좋은뜻)  의자도 많고 아늑한 느낌,페스츄리는 맛있는데 스콘은 별로 그리고 너무추움,커피도 케익도 맛있네요^^*,로덴드론이야머 이사갓어도 구지오는연희동핫플 ㄷㅏ맛나고친절하고 수년째변함없♥,파이가 유명한곳 맛있음 주말에 사람많음,로덴드론 3호점 넓고 좋아요,단골집이네요 에플파이 써비스감사해요,장소가 넓어 편안하게 커피마시고 왔어요! 주차할수 있어서 좋네요.,빵종류가 다양해요 인테리어도 고풍스럽고,항상 커피 맛있었는데 이번엔 인스턴트 커피 맛이 났어요,굿굿,맛있는 디저트와 음료😍 카페 분위기도 진짜 좋더라구요ㅎㅎ재방문예정입니다,얼음이 들어가지 않은 본연의 과일음료가 너무나 제 취향이라 좋았습니다 상큼하고 적당히 달달한 시트러스 주스를 마시면서 디저트 구경도 했어요 직접 만드는 제과 제빵의 종류가 꽤 다양해서 좋았습니다,분위기 좋아요,굿,자주 가는곳 주차 편하고 커피. 빵 다 맛있어요,"엄마가 좋아하는 엔티크한 인테리어라며 처음 가본 뒤로 매주 한번씩은 출석체크 하는 카페!💗 분위기 좋구 곳곳마 다 방처럼 다 다른 테이블과 좌석과 인테리어라서 어느방은 대화용, 어느방은 집중하기 좋은 곳으로 나뉠 수 있어 좋 습니당. 시그니처메뉴인 시나몬블랑 넘 맛있어요🥹 공부하기도 대화하기도 너무 좋아요!! 창이 큰 방에 자주...",빵이 맛있네요 분위기도 좋아요,분위기 좋아요,다 먹어보진 못했는데 베이커리류 그냥 다 맛있을 것 같아요.. 바치게 땡겨서 먹었는데 최근 먹었던 것 중에 제일 부 드럽고 맛있었습니다 ㅜㅜ🥹 커피도 너무 맛있구 공간이 넓어서 대화하기도 작업하기도 좋을 것 같아요 자주 가고 싶은 카페입니다💗,언제나 맛있는 로덴드론👍 청결하고 분위기도 있는 넓직한 커피숍이라 작업하기도 대화하기도 넘나 좋음. 직원분 들 항상 친절하시고 디저트도 커피도 다 굳굳! 특히 휘낭시에 넘나 촉촉하고 맛있당! 또 올게욧!!😍,대화하기 좋아요~,커피가 맛이 좋아요,매장이 넓고 자리가 많아서 좋았어요 ㅎㅎㅎ 딸기케이크도 맛있게 먹었습니다!,오~~ 너무 맛있어요..  커피랑 치즈케익 너무 좋네요,..ㅣ,굿,맛잇어요,라떼 아트도 해주시고 음료는 직접 서빙해 주십니다. 배불러서 빵은 앙버터 밖에 못 먹었지만 빵의 식감이 매우 좋았고 친구가 맛있다고 연신 감탄하며 먹었어요. 커피 맛도 괜찮고 매장은 2층짜리라 공간도 꽤 있고 낮은 채도의 빈티지 분위기에요,갬성 인테리어가 돋보이는 카페 단점은 수시로 차 빼달라고 방송하는데 마이크 소리가 너무 커서 집중하기 힘듬,시나몬 아이스블랑. 플랫화이트 둘 다 맛있고  좌석 많으면서 독립적이고 코지해요,디저트가맛잇고 친절해용♡,좋아요,굿,분위기 굿~~ 아주 좋아요^^,굿,주차가 편하고 커피 괜찮아요,케잌도 커피도 맛있어요. 블루베리치즈케잌을 서비스로 주셨는데 치즈 농도가 내 입맛에 딱이었어요. 다음에 가면 꼭 사올거예요,자리도 많고 매장도 되게 넓어서 자리잡고 떠들기 좋아요! 음료도 맛있었고 디저트도 되게 맛있어보이는 거 많아요🤤 공부하러 와도 좋을 것 같아요!!,커피와 디저트가 맛있고 직원분들이 매우 친절하셔서 기분 좋게 이용할 수 있습니다! 매장 바로 앞에 주차가 가능합니다. 평일에 방문해도 늘 사람이 많은 카페에요!,라떼가 특히 맛있어요~~,커피랑 빵 같이 먹고 싶을때 꼭 가는곳 연희동인데 주차도 편해요,넓고 좋아요,주인이 바뀐듯.,연희동에 차 타고 가기 힘든데 주차가 편해요. 매장도 넓고 좌석이 많아서 좋아요. 빵 종류도 많고 빵도 커피도 다 맛있어요!!,버터가 엄청나네요,1. 커피 맛집 2. 주차 가능 3. 옛집을 카페로 고쳐서 사진처럼 이쁨,이동네에 이런곳이 있네요 ㅎㅎ 조용하고 아늑해서 너무 좋았어용,커피도 맛있고 빵도 맛있어서 더 사왔더니  어머~~ 요빵도 엄청 맛있네요,크랜베리 스콘 맛있네요. 커피맛도 좋았어요.,"좌석종류와 디저트류가 다양하고, 아라가 꼬숩네요. 단독주택 개조한 카페라 방구분이 되어서 대화할 사람들, 개인작업할 사람들로 구분되어 너무 좋았습니다. 아메리카노는 안마셔봐서 모르겠지만, 아라는 산미없는 맛인데 원두가 신선해서 맛났어요.",굿굿,일주일에 두세번은 가는곳입니다 커피가 땡기는 저녁이네요ㆍ,주차도 되고 디저트 맛있고 커피가 맛있음 ㅠㅠ 다 맛있음 ㅠㅠㅠ 아메리카노가 질릴쯤 블랑을 꼭 드셔보세요 맛이 죠아 ☕️☕️,커피 음료 다 맛있어요👍🏻👍🏻,넓어서 정말 좋아요,1. 베이커리 종류가 많았어요 열심히 골라 주문한 무화가케익이랑 빵 잘 먹었습니다😀 2. 주차를 카페 바로 앞에 할 수 있어서 좋아요😄,매번 갈때마다 빵 종류가 너무 다양해서 뭘 골라야 할지 고민하게 만드는 곳이네요~ 커피도 너무 맛있네요~,커피 맛있고 분위기있고 좋아요,드립커피 맛이 좋아 자주갑니다,맛있는 디저트가 많아요 !,오픈때 갔는데 사람이 ~~~커피도 맛있고 스콘이 짱이예요!!,인테리어 굿 종종들러요!,커피 앗집이요,일단 커피가 맛있어서 넘 좋아요. 주차장은 있지만 만석일 때가 많을 만큼 사람이 많아요. 뒷차가 나가면 앞차를 빼줘야 합니당 그래도 주차되고 커피 맛있어서 자주 가요,지원분들모두다친절하시고커피도맛있어요,커피맛집입니다,,,,,,,,,,,,
컬러드 빈,1568967528.0,플화 너무 맛있네요👍🏻 안추웠으면 테라스에서 먹었으면 딱 좋았을거 같아요 이렇게 귀여운 아트라니.. 🐨 다음에  또 방문 하고 싶은 카페입니당😆,"연희동 골목 코너에 위치한 동네 사랑방같은 카페입니다. 커피 맛도 좋고 사장님이 친절하세요. 근처에서 근무하는 분들, 동네주민들, 커피가 좋아서 오는 사람등 다양한 고객층이 있습니다.",우연히 들어간 까페. 우와~~~ 커피향에 놀라고 맛에 더욱 놀람. 산미 있는 뜨아 넘 👍 👍 👍 친구는 다크한 아아  일부러 찾아 다시 방문하고픈 곳이네요,오늘따라 더 맛있었습니다.,별명이 코알라였는데...혼자서 흠칫했습니다. 코알라 왕귀엽.. 추가로 시켜서 마신 피콜로 정말 맛있고 핸드드립커피 와 바닐라라떼 전부 맛있습니다. 원두를 소분해서 주문 시 마다 하나씩 갈아서 만들어 주시더라고요! 크으 밖에 앉아 서 마시는 곳도 운치있고 좋은시간보내다 갑니다. 바람도 좋고 좀 더 선선해지면 인기가 많아져서 못 앉을 것 ...,원두로 먼저 접했던 곳이라 직접 와서 마셔보구 싶어서 와봤어요 코알라 라떼아트가 넘 귀여워서 일단 만족합니다 사실 커피맛은 기대보다 살짝 아쉬운 면이 있었지만 (베이지랑 브릭 사서 집에서 에쏘랑 드립 내렸을때 더 맛있..ㅋㅋㅋ) 글두 이쁜 코알라와 화사한 카페분위기에 커피타임 잘 즐기다 갑니다,사장님 친절하시고 커피맛도 좋아요!,하수구냄새가 너무 심해요... 1층 2층 잇을수가없을 정도입니다 ㅠㅠ,"일회용잔으로 달라고 요청드렸는데 냅다 틱틱대는 말투로 “ 안에서 드시면 안돼요~ ” 라고 하심 네 알아요...... 커피 맛있어서 집 앞 안가고 걸어왔는데 ,,,, 쩝",플랫화이트 찐 맛 집! 새랑 코알라 라떼 아트가 정성스러워서 먹기 아까웠지만 ㅎㅎ 너무 맛있게 먹었어요 딸기 맛  나는 원두로도 한 잔 내려주셔서 감사했습니다!,생각보다 맛있어서 놀랐어요,호주식커피맛집이에요!!,"두번째 방문인데요, 처음가서 앉아서 마시고왔을땐 정말 좋았던 기억에 다시 들렀는데 테이크아웃 이용으론 아쉬운 점이 많네요. 로스팅중이시라 바쁘신건지몰라도 응대도 불친절하실 뿐더러 무엇보다 가지고 나가는 음료는 앉아서  마실때완 다르게 스팀친 우유 대충 부어주시는거.. 이렇게 차이가 많이 나도 되는걸까요.",테이블 간격이 너무 촘촘하고 좁아요..창가 쪽은 몸이 들어갈 자리도 없고 뒷사람이랑 등 대고 있어야하고..지나가려면 양쪽 사람들이 다 숙여줘야 하는데..카페 분위기에 비해 아쉬운 부분이라 남겨요!,화장실이 내부에 있는데 깨끗하고 야외 테라스가 있어서 야외를 즐기기 좋은 카페. 골목이 조용한 편이라 더 좋다. 드립 커피도 맛있다! 밖에 쪼르륵 앉아서 마실 수 있는 바 형식의 자리도 있다. 오트밀크로 변경도 가능하다,커피가 맛있는 집이라 추천 받아 간 집이예요.나는 인도네시아 게이샤를 동행은 에티오피아와 핫초코를 주문했어요 . 드립으로 먹었어요. 인도네시아 게이샤 무척 독특한 맛이었습다. 된장찌개를 먹는 듯했는데 이 맛이 점점 맛있어지 더라고요. 끝맛에는 과일 신맛이 도는 것이 좋았습니다. 커피가 식으니 더 맛있더라고요. 층고가 높은 2층 햇...,건물이 이뻐요~ 산책하다 여유롭게 앉아서 차한잔 좋네요^^ 커피도 맛있어요!,라떼아트가 아주 멋집니다. 커피 맛 좋고 분위기도 좋아요. 다만 커피 양이 적어서 아쉬웠네요.,"갱얼쥐도 탐낼 맛있는 커피,,, 연희동 오면 꼭 와보고 싶은 카페였는데, 사장님께서 직접 빈 추천도 해주셔서 정말 맛 있게 먹었어요! 원래 우유 잘 안마시는데 우유 커피가 맛있는 호주 커피집이라 카푸치노랑 플랫화이트까지, 넘 맛있 어서 커피 네잔 뿌셨어요! 🤍 담에도 연희동가면 꼭 들르고 싶은 맛집입니다💓","아이스 디카페인 플렛화이트, 따듯한 라떼, 에스프레소 마셨습니다. 요즘 여러 커피를 마셔보며 커피가 재밌고 좋아 지고 있는데, 맛있는 커피 경험해본거 같아 기분이 좋아요. 프루티한 원두가 라떼가 되니까 예상외로 엄청 고소하고 다크한 에스프레소는 그만의 산미가 느껴졌어요. 디카페인 밖에 마시지 못하는 여자친구도 너무 맛있게 마셨...",커피 맛있고 실내 층고 높아서 좋아요,라떼나 롱블랙 모두 괜찮았는데 롱블랙은 필터커피처럼 너무 원두 찌꺼기가 많이 남아 있더라고요.,플랫화이트 맛있어요,가게가 너무 예쁘고 라떼가 특히 맛있어요. 사장님도 너무 친절하셔서 기분 좋게 먹고 갑니다.,귀여운 라떼 아트를 그려주는 곳! 산미가 있는 편이 더 특색있는 맛이에요. 라떼보다는 플랫 추천!,외관이 독특하고 내부 인테리어도 복층이라 예뻐요 평일 오후에는 조용히 집중할 수 있어서 좋습니다 친구랑 와도  대화하기 좋을 것 같아요 롱블랙 마셨는데 기본적으로 커피가 맛있는 곳 같아요 필터 커피 종류도 많아서 다음에는  다른 원두로 도전해보겠습니당,이용했습니다,롱고 좋다 라떼 더 맛있당~~ 집근처에 있다면 하루 몇번이라도 커피 마시러 갈텐데~~~,"바리스타로 보이는 분들은 계속 한정 원두만 추천하고, 라떼 투고 주문했는데 뚜껑을 열어보니 그냥 우유 막 부은 비 주얼. 원래 이렇게 주시냐 했더니 투고는 라떼아트 안 한다고 ㅎ 마시니 잘못 스팀된 우유 거품만 느껴져서 굉장히 실망스러웠음. 시간이 없어서 라떼 투고하고 다음에는 편안한 시간에 와서 마시자~ 했는데 커피 한모금 마시...",커피짱~,지인이 말해줘서 모처럼 쉬는 날 시간내서 찾아갔는데 바리스타인지 주인인지 하는 분의 불친절에 상처받고 다시는 가지 않기로 했네요. 그날 하루가 다 망가지는 기분이어서 슬펐습니다. 시간내서 자기돈 내고 방문한 사람에 대한 고마움까지는 아니더라도 예의는 갖춰야지 않을까요. 힙한 까페들은 이런가보다 생각하며 그냥 제가 운이 나...,컬러드빈 최고 ~~ 💗 연희동 커피맛집 .. 원두도 맛있어서 자주 사러와요🫶🏻💙,공간은 협소하지만 플랫화이트 라떼 맛집이네요.토끼띠해라고 라테아트 넘 훌륭해요~~!!,커피 맛집!! 라떼 쵝오!!,친절하진 않아 좀 아쉽네요,커피 좋아하시는 분들은 꼭 방문해보시길 추천드려요~! 좋은 퀄리티의 필터커피가 아주 맛있고 플랫화이트는 지금 껏 먹어본것중에 제일 맛있었어요😁😁 커피를 좀 더 자세히 설명들으며 먹으면 더 맛있는데 부담스럽지 않은 분들 은 바테이블에 앉는것도 추천드립니다 맛있어요---!!,커피맛 괜찮았어요 ~~,커피가 맛있고 인테리어도 멋져요!,스페셜커피가있는곳,사장님 정말 친절하시고 오랜만에 맛있는 커피를 마십니다.,커피 향 죽여요... 근데 한잔에 만원... 가격은 좀... 마니비싸요,커피너무 맛있습니다..! 요즘 같은 날씨엔 따뜻한 블랙커피도 좋고 여기는 따뜻한 우유커피 맛집이니 다들 추천,갈때마다 사장님의 근무시간이 아닌가봉가*^^*,커피 엄청 맛있어요 애플페이 지원 좀 해주세요,장소가 좀 협소한거 빼고는 괜찮았어요,커피맛이야뭐..ㅇㅈ,"취향에 맞게 추천도 잘해주시고 맛도 최고,, 평일 조용히 앉아있다 가기 너무 좋았어요 :)",플랫화이트 맛있습니다 공간은 조금 협소해요ㅜㅜ,굿굿,늘 친절하게 맛있는 커피를 내려주셔서 감사할 따름입니다.,항상 맛있는 커피집이에요,맛있는 한잔 독특한 한잔 잘마셨어요.,연희동 갈때만 마실수 있던 라떼를 병으로도 파니 갈때마다 포장 해와서 먹을 수 있어 좋아요~~,최고 맛집!!,토끼와 거북이 아트를 ㅋ 라떼 완전 맛있어요!!,사장님은 안계셨지만 라떼아트 코알라 처음 귀엽긔☕️,커피 라떼~맛있어요,사장님이 엄청 친절하시고 커피는 물론 차이바닐라도 맛있었어요:),커피가 맛있어요.,좋아요,호주식 커피로 참 맛있음.,좋아요,사장님이 친절하시고 커피가 맛있어요,우유 베이스 커피는 한국에서 여기가 짱인거 같습니다.. 계절 마다 계절에 맞게 새로 나오는 블랜드도 항상 기대 이 상의 맛을내기 때문에 다음 계절이 기다려질정도... 싱글 오리진도 다양하게 준비 되어있어서 필터도 다양한 원두로  경험할수있었습니다,맛집 발견!,분위기 좋고 커피맛 좋아요,첫 방문 ㅎㅎ,잘 이용하고 있습니다,분위기 좋아요. 음료도 맛있어요,라떼도 맛있고 드립도 최고... 여기 오면 무조건 커피 두잔씩 마셔요👀💗,연희동 최애카페 컬러드빈.. 💗,디카페인 있어서 조아요,우유 들어간 커피들도 맛있고 필터 커피도 맛있어요. 무엇보다 사장님이 진짜 친절하세요!!  최고예요.,커피 향 넘 좋아요. 찐 커피집 ㅠㅠ,친절한 바리스타 사장님과 화사한 커피때문에 찾아가는 카페,필터☕️ Ethiopia Gedeb Worka Anaerobic Natural,추천해 주신 디카페인 필터커피 정말 맛있었어요!!,귀엽게 아트도 해주시고 플랫화이트 부드럽고 맛있었어요~,커피 '전문'점,"라떼처돌이라 라떼맛집 탐방중이어요. 브릭원두로 따뜻한 라떼랑 베이지원두로 아이스라떼 주문했어요. 개인적으 로는 베이지원두도 따뜻하게 먹으면 더 좋았겠다 싶지만 개인기호라ㅎㅎ(아메리카노나 드립커피는 산미있는 원두, 라떼는 산미없는 원두를 선호) 저는 브릭원두가 더 좋더라구요! 스팀잘된 우유폼이 잘 블렌딩된 원두와 부드...",ㄱ굿,좋아요,👍,연희동 커피맛집 .. 💗 필터도 플랫화이트도 넘넘 맛나요🤩👍🏻,굿,공간 만족도 만점~! 인테리어도 깔끔하고 큰창이 탁 트여있어서 테라스에 나와있는 느낌~!  커피는 맛있는데 베이커리가 전혀 없는점이 조금 아쉬워서 별 반개 뺍니다~! 사장님도 친절하시고 너무 좋았어요~!! 또 갈게욧♡_♡,커피 맛있고 햇살이 많이 들어와서 좋아요👍,햇살🌞 커피☕️ 맛집🐽,카페 햇살도 너무 잘 들고 커피원두향 가득한게 참 좋아요. 커피도 맛있어요,오랫만에 와서 맛난 커피 마시고~ 원두도 샀어요 ㅎ 사장님은 여전히 친절하시네요. 근처에서 빵 사와서 같이 먹어도 되고~ 분위기도 좋고 맛있어서 오게 되는 카페입니다.,라떼가 너무 부드러워요! 높고 넓은 창으로 들어오는 햇살까지 완벽합니다!,1잔 아쉬워 2잔 마시고 왔어요.,정말 예쁘고 커피도 맛있고 직원도 친절!,맛잇어요,원두 선택 가능 합니당,레몬 아이스티를 추천합니다 카페에서 사 마셨던 아이스티 중에 제일 맛있었어요 그런데 원인은 모르겠는데 실내  매장인데도 날파리랑 벌레들이 많았어요 매장 문을 아예 열어놓아서 그런건지... 음료 마실 때 계속 신경쓰였어요 화 장실은 아주 깔끔해서 좋았습니다,라떼아트가 예뻐요.,나만 알고 싶은 카페. 분위기도 굿,카페라떼도 맛있고 플랫화이트도 정말 맛있어요~ 화이트커피 즐겨마시지 않는데 맛있어요!! 싱글 브루잉커피도 정말 다양하게 말볼 수 있어서 뭘 마셔야 할지 고민되네요. 사장님도 정말 친절하게 설명을 잘해주셔요. 디저트 반입하면 접시와 포크도 주신답니다.,신메뉴 첫날이라고 하셔서 AUSSIE ICE 마셨는데~ 살짝 달달해서 너무 맛있어요. 단음료 잘 안마시는데 시원하고 달달하고 좋아요! 볼때마다 친절하신 사장님과 음악 선곡이 좋은 카페입니다.,클린 컵과 매력적인 산미가 돋보이는 커피였습니다. 또한 개성적인 원두가 다양하게 있어 싱글 브루잉을 꼭 드셔보시기 바랍니다. 그리고 사장님께서 커피에 대해 친절히 설명도 해주셨습니다. 커피에 대한 열정이 느껴지네요.,커피마시고갑니다,,,,,,,,
그로밋커피하우스,1656206859.0,드립 커피 맛있었어요! 다른 것들도 궁금해서 또 방문해보고 싶습니다 전반적으로 카페가 고요한 분위기여서 좋았 어요. 조용히 작업하거나 커피 마시고 싶을 때에 추천합니당 ! 음악도 좋아요,인테리어도 예쁘고 의자가 편해서 너무 좋았어요 요즘 카페들 가면 자리가 너무 불편한데 여기 의자 진짜 편함! 조용하고 노래도 좋고 따뜻한 느낌이 정말 좋았습니다,공간도 깔끔하고 아늑한 느낌이 들어 좋고 시끄럽지않고 플레이선곡도 좋아서 편안했어요 커피가 진하고 맛있네요  비스코티도 진짜 고소하니 맛있어서 또 생각나네요 직원분도 친절하시고 기분좋은 공간에 잘 있다 왔어요😊,영화보기전 테이크아웃한거라 매장은 즐기지 못 했지만 다시 오고싶어지는 분위기였습니다. 커피도 괜찮았음 필터커피에 더 신경쓰는 느낌ㅇ라 나중에 다시오게되면 그걸 먹어보기로 !!,"커피 시킬 때부터 친구랑 자리 비면 자리 옮기고 디저트 시켜야겠다고 말하고 있었는데 계산 다 끝나고 커피 주실 때 주말에 자리 이동이 금지라고 말씀해주셨습니다. 주문할 때부터 말씀해주셨으면 그냥 다른 카페 갔을텐데요… 그 래서 커피 나오자마자 (그 말 듣자마자, 앉은 지 2분 됨) 그럼 지금 바로 자리 옮겨도 되냐 여쭤봤는데도 안된...",바닐리빈라떼 맛있어요,친절하시고 커피도 찐하고 맛있어용 동네에 있는 카페라 그런지 조용해서 대화하기 좋아요,포티올리 크림 넘 맛있어요! 크림으로 당충전하고 씁쓸한 커피로 마무리하니까 좋네요. 제가 비스코티 꿀팁 드릴게 요. 따뜻한 커피에 적셔서 먹으니까 더 맛있습니다🤎 큰 테이블에서 노트북 작업했는데 집중 잘 되고 인테리어도  맘에 드네요. 따뜻한 라떼의 계절에 다시 방문할게요.,연희동에서 발견한 조용하면서 혼자서 작업하기 좋은 카페✨완전 의자도 편안하고 노트북을 하기 편한 콘센트도  테이블에 많이 비치되어 있다는👍🏻 사장님의 음악선곡 센스까지>_<! 시그니처 커피인 camouf lage는 말차베이스라  말차러버들에게 꼭 추천하는 음료메뉴💚 직접 매장에서 구운 비스코티도 완죤히 맛있어보인다는👀,좋은 커피를 마실 수 있는 곳입니다. 원두 자체의 풍미가 잘 살아있어서 즐겁게 마셨습니다. 자주 들릴게요. 잘 마셨습니다. 감사합니다:),"커피맛과 디저트 모두 최고👍🏻 상남자 포스의 사장님 이미지와 정반대의 섬세한 커피맛과 세련되고 달콤한 디저트 의 맛 (배가 부른데 커피와 디저트에 계속 손이 감) 카페 인테리어 무척 멋지고, 깔끔함 데이트 또는 커피맛에 예민한  이들에게 추천","비스코티라는 색다른 디저트를 먹어서 좋았어요 :) 단 걸 추구하지 않는 제 입맛에도 맛있었고, 커피도 맛있어요. 여긴 무엇보다 인테리어가 미쳤습니다:) 예쁜 공간 좋아하는 분들은 꼭 가보세요!",연희동 찐 커피맛집 그로밋커피하우스! 필터커피도 맛있고 머신으로 내린 커피도 넘 맛있어요 따스하고 아늑한 공 간 안에 편안하게 머물 수 있는 좌석들이 많아서 조용히 창밖 구경하기 좋고 콘센트 자리도 있어서 노트북 작업하기 에도 최적의 공간이었어요😁,"연희동골목안쪽에 위치해 잘 안보이지만, 아늑하고 깔끔한 느낌에, 주인분도 친철하시고 커피까지 괜찮았어요. 집중하기에도, 얘기를 나누기에도 괜찮았던 곳이에요",친절해용ㅎㅎ,시그니처 커피에 디저트까지 맛있어요!🤎,근처에서 전시 보고 기분 좋아서 이 기분을 만끽할 수 있는 카페 찾아보다가 새로 생긴 곳이라길래 들어가봤어요. 아늑하니 맛도 있고 간단한 디저트도 먹을 수 있는 곳이었으면 좋겠다 생각하고 들어갔는데 원하는 것들이 다 있어서 좋았습니다.,사장님 친절하시고 카페 분위기 좋아요~! 커피랑 디저트도 엄청 맛있어요~! 커피향도 좋고 토스트는 딸기향이 엄청 좋아요. 딸기향이 매력적이면서 토스트도 엄청 맛있어요~~!!!,커피가 뭔가 맛이 신기하면서 맛있더라구요! 매장이 엄청 넓진 않은데 친절하시고 편안했습니당!,공간이 넓고 깔끔해서 좋아요! 큰 테이블에 콘센트 꽂는 곳도 있어서 작업하기도 좋습니다. 음료도 맛있고 컵도 귀여워요 ㅠㅠ 토스트도 존맛탱❤️,맛있어요 자주가야겠어요,"새로 생겼다고 해서 기대하며 갔는데 불친절해서 10분만에 나왔네요 주문한 디저트 까먹으셨는지 안나와서 그럴 수 있다 생각했는데 포크 나이프도 안주고, 손으로 잘라 먹었네요 물티슈는 두 명인데 하나 주고, 사진 찍으려고 테이 블 옆에 친구가 점시 들어갔는데 바닥에 전선 있어서 가쪽으로 들어가면 안된다고 하던데 그럴거면 그냥 테이...",조용하게 얘기하거나 작업하기 좋고 커피랑 디저트 모두 맛있네요,사장님 너무 친절해요^^ 음악도 좋고~~편안한시간 보낼 수 있어서 좋았어요!! 노트북 쓸 수 있는 테이블이랑 티타임 테이블 따로 둔거도 좋네용ㅎ 나중에 작업할 때도 와야징~~~~~,"우연히 웹서핑하다 오픈한걸 알게됐는데, 커피도 맛있고 커피 데코도 너무 예뻐서 명절 당일에도 오픈하신다고 해 서 바로 다음날 고고~지금은 가오픈이고 이번주 금요일날 오픈한다고 하더라구요(인스타에서 오픈일정 확인가능) 친절하게 메뉴 설명도 해주시고 인테리어도 모던하니 아주 굿! 커피에 대한 스토리도 같이 주셔서 더 맛있게 ...",가오픈기간이라고 해서 방문했습니다. 정신없어 보이시지만 친절하게 잘 대해주셔서 좋은 마음으로 시간 보내다가 가요 :) 커피 맛있어서 자주 올 것같아요!,"핸드드립부터 디저트, 모든 커피가 다 수준급으로 맛있습니다.",필터커피에 에티오피아 원두 선택해서 아이스로 마셨는데 개인적으로 신맛을 좋아해서 그런지 완전 저의 취향이였어요! 필터커피 너무 맛있어요!!,분위기 좋고 테이블석은 카공하기도 좋을 것 같아요~,카페가 넘 따뜻한 느낌이고 사장님도 친절하셨어요 무엇보다 커피가 진짜 넘 맛있었습니다,맛있어요!,집 앞에 이런 멋진 카페가 있다니 너무 좋습니다. 노트북 자리도 널찍하고 자리 간의 간격도 적당하여 편안합니다.  이런 좋은 공간을 만들어 주셔서 감사드립니다. 너티 크림 커피 황홀해요.,분위기도 너무 좋고 커피도 디저트도 맛있어요🫶 너무 늦어서 토스트 못먹었는데 먹으러 갈꺼에요 사장님 번창하세효🎊💐,매장이 엄청 쾌적하고 커피 맛도 너무 좋아요! 회의 하러 왔다가 맛있다고 이야기만 하다가 가요! 친절하신 사장님 번창 하셨으면 좋겠습니다!,좌석이 편안하고 조용해서 집중하기 좋아요. 디저트랑 커피도 너무 맛있네요 👍🏼,커피가 진짜 맛있어요 원두 종류가 진짜 다양해서 다음에 다시 오려구요  공간이 주는 안정감이나 노래선택도 훌륭합니다 여기 나만아는 카페였움 좋겠다 . . .,인테리어가 이뻐서 들렸는데 커피 정말 맛있어요!! 시그니처 너티 커피도 맛있고 드립커피도 맛있네요 좋은카페 찾아 좋습니당🤎,집 근처에 새로운 카페가 생겨서 들어와봤는데 사장님도 너무 친절하시고 커피가 너무 맛있어요 :),좋은 공간 맛난 커피 정말 감사합니다,객쩐다!,커피가 일단 맛있네요 다른메뉴도 먹어보러 또 갈거같아요~ 깔끔하고 편안한 분위기 까페~ 지나가다가 우연히 들렸는데 잘 가본거 같아요~ ㅎ.ㅎ,"연희동에 유일하게 진정성 있는 카페가 생겼달까요? 분위기도 너무 좋고, 에이드도 너무 맛있어요ㅠ  특히 더블 비스코티 진짜 ㅁi친놈 ... 연희동 카페 원탑인듯",좋아요,부드럽고 기분 좋은 단맛의 음료,밀크티 맛있게 먹었습니다 :),조아요,딸기 맛있오용,,,,,,,,,,,,,,,,,,,,,,,,,,,,,,,,,,,,,,,,,,,,,,,,,,,,,,,,,,,,,,,
다도레 티룸,1194851065.0,"이번 가을코스도 기억에 오래 남을 정도로 참 좋았습니다 ♥  차와 다식의 페어링이 너무너무 좋았고, 이번 코스로 차의 매력에 더욱 푹 빠질 수 있었던 날이었어요. 차 하나하나를 더 자세히 알아가고 싶은 마음이 가득해진 하루였습니다 !","평소에 차 마시는걸 좋아해서 예약해서 다녀왔어요! 일단 들어갔을때부터 차분하고 코지한 분위기가 넘 좋았구여. 다양한 차 마시면서 소개해주셔서 몰랐던것도 많이 알게돼서 좋았습니다. 새로운 차 마시고 뜻밖의 인생 차도 찾았 슨니다ㅎㅎ같이 나오는 곁들임 다과도 맛있었고, 차 향기 맡으며 따뜻하게 대화하기 좋은 공간이었습니다. 티...","바삐 지나가는 일상에서 차 한 잔의 여유를 가지는 일이 그리 어렵지 않게 하는 티룸입니다. 차를 고르고, 우리고, 또 음미하는 과정을 통해 잠시나마 평온하고 차에 집중할 수 있었어요. 티 오마카세처럼 원하는 티 3종과 수제 건조 다 식을 즐길 수 있는 티 코스는 2만원이라는 저렴한 가격에 1시간 동안 여유를 느끼며 간단한 차에 대한 이해도...","이번 티코스 역시, 평소 접하기 힘든 차를 마실 수 있어서 좋았습니다:) 겨울 티코스도 기대할게요💕",티에 대해 일도 모르는 티알못이였는데 조금이나마 배워갑니다..사장님도 너무 친절하게 하나하나 설명해주시고 너무 재밌는 시간이였어요 대화나누며 티를 마시니 더 맛있게 느껴지고 재방문의사 100%입니다!! 연희동 가실 일 있으면 예약해서 꼭 가주세요 ㅠ,프라이빗 티 코스로 예약 후 다녀왔습니다 다도에 관해 1도 모르는데 이번 계기로 관심이 생겼어요 추천해주신 차 너무 좋았고 잔잔하고 좋은 시간이었습니다 :),"1인 20,000원 티코스 이용했는데 아주 그냥 천국이 따로 없었어요 온전히 티타임에만 집중할 수 있었고 진정한 힐 링 느끼고 왔어요 :) 🤍 총 3가지 종류의 티 마실 수 있었는데 자세히 설명해 주셔서 차알못이 가기에도 좋아요 이 색 데이트 장소로 완전 추천드려요-","엄마랑 연희동 데이트로 방문하게되었는데, 티오마카세는 처음이였는데 너무 분위기도 좋고 차에 대해 기본부터 다 설명해주시고 알려주셔서 너무 좋은 힐링되는 시간이였어요. 저는 어린잎홍차 / 잭살차 / 호지차 이렇게 마셨는데 차마다 진짜 맛이 다른게 신기하고 넘 맛있게 잘먹었어요. 마지막에 여름이라 더우실수있으니 시원하게 냉차...",성공적이었던 티코스 ♥ 늘 친절한 티 소믈리에님과 차분하고 포근한 분위기는 방문할때마다 마음을 몽글몽글- 행복하게 해주네요 ♥,"가을 저녁의 티 코스는 최고의 선택이었습니다💯 두 번째 방문인데 너무 친절히시고, 저희의 취향에 맞게 차를 내어주셔서 감사했어요😇 생일선물로 주신 과자도 잘 먹겠습니다아🐰🍘",엄마랑 기본 프라이빗 티코스로 방문했어요! 잔잔한 음악소리와 함께 힐링 그자체였습니다. 선생님께서 차에 대한  지식이 굉장하셔서 아주 흥미로운 시간이었어요..💕 지친 하루 속 힐링이 필요하다면 추천드려요! 데이트 코스로  제격입니다☺️☺️,"감각적이고 예쁜 공간에서 좋은 시간 보냈습니다💓 티오마카세는 처음이었는데 여러 차 맛보는 것도 좋지만..무엇보다 정말 친절하시고 설명을 잘 해주세요, 기념일이나 부모님 모시고 가기에도 정말 좋을 것 같아요!","차 좋아하시는 분들!! 여기 정말 갓성비입니다💖 티코스에 내어주시는 차들이 이 가격에 가능한가 싶어요,,, 공간도  모던하면서도 고즈넉하니 예쁘고, 귀여운 강아지도 있습니다.. 차를 사랑하는 열정뿜뿜 사장님과 차얘기하다보면  시간 가는줄 모르겠어요. 너무 친절하시고 섬세하세요. 어서 재방문하고 싶어요!",주말 저녁에 부모님 모시고 방문했어요. 저 포함 다 낯을 가리는 편이라...ㅎㅎ 도착 전에 다같이 너무 불편하지 않을 까 걱정했는데 걱정과는 다르게 정말 편안하고 행복한 시간이었습니다. 부모님도 매우*100 만족하셨어요! 사장님께 서 티에 대해 충분히 설명을 해주셔서 훨씬 더 풍부하게 즐길 수 있었어요. 관련 배경 지식이 없는 탓에 기호...,차에 대해서 잘 모르는 분들이 기초 상식도 얻어갈 수 있는 좋은 기회 같아요! 정말 친절하시고 내부에 화장실도 있어 좋았어요 :),사장님의 차분한 설명과 정성껏 준비하신 차와 다과를 맛볼 수 있었습니다. 알고 마시는 차는 맛이 더 배가되는 거 같아요:) 다른 시즌도 기대가 됩니다!,새로운 경험하고 싶어서 애인이랑 갔는데 차분한 분위기속에 있다보니 저절로 평온해지더라구요 저희 다음 팀이 없서서인지 충분히 더 즐기다 가시라고 해주셔서 이곳저곳 보이는 스팟에서 사진도 많이남겼어요 추천하고 싶은 시 간대는 노을이 지기 전 인것같아요 노을이 지는것도 아닌데 어둑해지는 하늘이 그대로 보이는게 정말 힐링됐...,색다른 경험에 조용해서 좋았습니다 차 향도 은은하고 깊은맛이였어요 ! 다과랑 함께먹으니 좋더라구용,연희동에 있는 티카페 다도레 티룸입니다. 다양한 티를 코스로 즐길 수 있고 사장님께서 티에 관한 유례와 맛까지 자세히 설명해 주셔서 티에 대한 새로운 경험을 할 수 있는 시간이었습니다,우선 사장님이 너무 친절하시고 100프로 예약제이기때문에 프라이빗한 공간에서 여유롭게 맛있는 차를 즐길 수 있고 통창 넘어로 보이는 하늘과 연희동 풍경이 참 인상깊었던 티룸이었습니다,날씨가 더워서 서울 실내 이색데이트 코스 알아보다가 한 번쯤 배워보고 싶었던 티 클래스가 연희동에 있길래 바로 예약해서 다녀왔어요!!! 하나하나 꼼꼼하게 설명해주시고 어울리는 다과도 함께 준비해주셔서 넘 좋은 시간이었어요,사장님의 자연스러운 분위기로 아늑함을 가득 느낄 수 있는 공간이였어요. 티에 대한 설명 뿐만 아니라 중간중간 관련된 재미있는 이야기들도 해주십니다! 부모님과 방문했는데 따듯하고 재미있는 시간이였어요:) 추천해주시는 티도 맛있고 무엇보다 사장님이 티에 진심이셔요..! 연희동 가시면 방문 추천드려요⭐️,티오마카세 경험으로 인해 차에대한 관심도가 높아졌어요! 너무 친절하시고 설명도 귀에 쏙쏙 들어왔습니다. 추천해주신 차들이 너무 맛있었고 마음의 힐링 몸의 힐링을 하고 온 것 같아요~ 다음에 티클래스 들으러 가려구요! 감사합니다 ◡̈ ෆ,연희동 맛집 카페 다도레 티룸이에요😍😍 남자친구랑 색다른 티클래스 연희동 데이트 즐기고갑니다💕💕,정말 뭐하나 빠짐없이 완벽했던 클래스 실내 인테리어도 아늑하니 예뻐서 차만 마시고 가도 힐링일텐데 ✨ 선생님 의 조근조근한 설명을 들으며 따뜻한 차를 마시고 있으니 긴장이 솨르르 이완되는 기분도 들고 여러모로 행복한 경 험이었어요 이색데이트코스 로 추천 !!,차를 즐기는 다양한 방법에 대해 알수있는 시간이었어요 티코스 넘 좋아요 추천합니다,평소 카페에서 커피보다 차를 좋아하는 사람이라면 꼭 방문해야 할 연희동의 다도레티룸 🤍 예약제로 운영되어 프 라이빗 한 공간에서 취향에 맞는 한국차를 전문가가 직접 우려서 먹을 수 있는 주말티코스. 3명이 코스를 같이 들어 서인지 3개의 차를 총 3-4번 정도 우려서 먹을 수 있어요. 차와 함께 페어링해 준 디저트들도 다 수제이며 차...,너무너무 평온하고 힐링 받는 시간이었어요🫶🏻 하나하나 섬세하게 설명해 주시고 차 향과 맛 모두 너무 좋았습니다  !! 언제든 생각나면 또 쉬러 갈게요 감사했습니다🙇‍♀️,오랜만에 갔지만 너무 즐거웠어요 ~_~,국산차를 오마카세로 즐길 수 있는 특별한 티룸이에요~ 티소물리에분께서 취향에 맞게 추천도해주시고 제가 고를 수도 있어 좋았어요 차의 향과 맛을 제대로 즐기고 왔어요^^,특별한 데이트하고 싶어서 예약하고 방문한 카페~^^ 분위기 너무 좋고 색다로워서 좋았습니다! 다시 기회되면 방문할게요~,이런공간 너무나 찾고 있었어요. 차좋아하는데 깊이있게 알고싶어도 알수있는 공간이 사실없고 국내에서 나오는 차들을 알고싶었고 사장님 티취향이 딱 저와같이 모든 부분에서 전율돋게 만족했어요,데이트 잘하구왔어요❤️ 완전 힐링~,차분하신 선생님과 즐거운 시간 보냈습니당! 다양한 차를 경험할 수 있게 해 주셔서 감사합니다:) 다식도 정말 맛있었어요!🥰,"어머니와 함께 한 티코스 체험 너무 좋았고, 친절하고 배려 깊은 체험에 행복했어요🍵💚",여름날과 잘 어울리는 맑고 청량한 여름 한정 티 코스였습니다! 항상 마음 깊이 힐링하고 갑니다🍵🫧,봄을 알리는 햇우전차로 시작한 봄티코스는 싱그러움이 가득했습니다. 새로운 계절을 만끽할 수 있는 다양한 차들을 테이스팅하고 차에 관한 다양한 이야기를 나눌 수있는 즐거운 시간이였어요. 다음 방문이 기다려집니다~,"계절마다 한번씩 방문하고 있는데, 어제 배려 너무 많이 해주셔서 죄송하고 진짜 감사했습니다 👼 어제 일행 한명 이 많이 늦었는데 계속 기다려주시고 세심하게 신경 써주셔서 진짜 넘넘 감사했습니다…! 차도 자세하게 설명해주 시고 개완도 직접 만져보고 어제도 정말 기억에 남을 티코스였습니다🍃 갈때마다 마음이 편안해지고 따뜻한...",편안하고 즐거운 시간 보냈습니당:),차는 티백으로 가볍게 즐겨왔는데 새로운 차에 대해 알아가고 차를 마시는 방법도 다양하다는 것을 알게되는 좋은 시간 이었습니다☺ 다음 계절 코스도 가고싶어요~!,너무 행복한 시간이었습니다. 계절 코스였지만 차와 관련된 다양하고 유익한 이야기들을 많이 곁들여주셔서 정말 유익한 시간이었어요. 가능한 매시즌 방문 드리고 싶어요. 이번 서울 여행에서 가장 행복하고 뜻깊었던 소중한 시간이었습니다💜,너무 친절하시고 분위기도 좋고 깔끔합니다. 차 맛도 좋아요,어쩌다보니 단독으로 예약되어 선생님과 1:1 티코스가 되었는데 오히려 차에 대해 더 깊이있게 알게되어 좋았어요! 차에 어울리는 손수 만드신 다식과 심플하고 인테리어의 미가 돋보이는 공간에서 먹으니 더 맛있었습니다.,"차 명상에 관심이 있어서 신청했어요:) 기대한 만큼, 넘나 편안하고 즐거운 시간 보냈습니당💕 다음에 또 뵙겠습니다~!",아늑하고 차분한 분위기라 가족여행와서 쉬어갔는데 다들 만족하고 힐링했어요. 예약제라 다른 사람 방문없이 조용히 통창 풍경을 만끽할 수 있어서 좋았습니다 /ㅅ///,뷰도 예쁘고 차 클래스도 너무,제가 차를 좋아해서 와이프와 가족들 다같이 갔는데 다들 너무 좋아하시고 다음에도 또 방문 하시고 싶다고 하셨어 요 :) 차에 대한 다양한 이야기를 해주시는데 귀에 쏙쏙 들어오고 차도 직접 만드신 드저트도 너무 맛있었어요 ☺️ 다 음에 또 방문할거 같네요 🙊 좋은 경험할 수 있어서 너무 좋았습니다 🫶🏻,"다도레 원데이 클래스를 들었는데, 기초에 맞게 설명도 잘해주시고 너무 좋았어요!! 다도레에서 구매한 티를 마셔봤는데 맛있었구요^^","맛있는 차와 다식, 달항아리와 함께 안온하고 행복한 시간을 보낼 수 있었습니다. 창 밖으로 펼쳐지는 노을을 볼 수 있어서 더욱 좋았네요! 항상 친절하고 다정한 분위기로 맞이해주셔서 감사합니다 :) 🧡","취향에 맞춰 내어주신 맛있는 차와 자세한 설명, 친절한 응대를 해주신 사장님, 차분한 분위기에 제대로 쉬는듯한 느낌을 받고 왔습니다!  다음에 또 방문할게요🤍",엄마와 함께 갔는데 조용하고 아늑하니 좋았어요 차에대한 지식이 없어서 괜찮을까 싶었는데 흥미롭게 이야기를 잘 풀어내주셔서 재밌었습니다 다음에 친구들이랑 재방문 하고 싶을 정도로 마음에 들었던 곳입니다,맛있습니다,"갈때마다 기분이 좋아지는 장소라서 모처럼 한국에 놀려온 친구와 갔습니다! 서울에서 차를 좋아하는 누군가를 데 려갈 일이 있으면 다도레 예약일부터 보는 편인데 마침 자리가 나서 다녀왔습니다🐶 사장님이 차에 대해서 정말 아 시는게 많고, 취향과 카페인을 고려해서 코스를 알차게 구성해주셔서 매번 신기하고 귀한 차를 알게되어서 ...",오랜만에 다시 방문했는데 티에 진심이신 사장님 덕분에 재밌는 시간 보냈습니다. 힐링도 되고 차에 대한 새로운 지 식도 알고가고 좋았습니다~,차 명상하는 방법을 배우면서 클래스 내내 행복으로 충만한 시간을 보냈습니다. 앞으로 집에서도 마음이 번잡할 때  차 명상을 종종 해야겠다는 다짐을 하게 되었습니다. 특히 소소요 전시기간과 클래스 일자가 겹쳐 달항아리를 실컷  감상하고 구입까지 할 수 있어서 더더욱 즐거웠습니다 : ) 차 명상 클래스도 많은 분들이 꼬-옥 참여해보셨으...,"사장님께서 친절하게 자세하게 설명해주셔서 차에 대해 더 알게되었어요! 우전, 호지차, 유자차 마셨어요. 후각이 특히 호강했습니다!",항상 좋은 곳. 올 때마다 새로운 차를 발견하게 돼서 좋아요. 다식도 차의 향미에 방해되지 않도록 은은하고 담백하게 만들어주시는데 좋았습니다.,정말 언제 방문해도 항상 후회없이 만족만 흘러넘치는 곳입니다 이번 겨울코스가 더욱 특별한 이유는 다과까지 직 접 준비하셨다고 하셨는데 너무 완벽하거든요! 티와 페어링 했을 때 맛이 기가막혀요 거기에 티코스에서 처음 선보 이는 밀크티까지 겨울 완전 그 잡채였던 티코스였습니다 선생님께서도 정말 친절하시면서도 유쾌하시고 차...,"단정하고 차분한 시간 보낼 수 있는 공간💛 전시, 차, 음악, 다과 다 좋았어요.","이번 겨울 티 코스의 차들이 계절과 너무나도 잘 어울려서, 코스 내내 참 행복했습니다. 직접 만드신 다식도 담백하고 맛있었고, 차랑 굉장히 잘 어울렸어요. 항상 차에 대한 애정이 듬뿍 느껴지는 곳이라 적극 추천합니다🤍","어제는 유비 사진 위주로만 담아서 이년전 사진 슬쩍 공유해봅니다..! 우연히 찾은 찻집이었는데, 다도레를 시작으 로 차 마시는 취미가 생겨서 계절마다 한번씩은 가려고 하고 있습니다 🍵 사장님이 친절하시고, 항상 보물 같은 차 로 꺼내주셔서 갈 때마다 기분 좋은 장소입니다 ! 그동안 찻집도 몇군데 가보고, 티코스도 두어번 해봤지만 여...",친절한 선생님이 설명과 함께 정성스레 차를 내려주세요. 차를 모르는 사람에게도 하나하나 친절히 설명해주셔서 많은 얘기를 흥미롭게 들을 수 있었어요. 겨울 티코스에서 접하기 어려운 좋은 차들을 많이 마셨습니다. 신선한 맛과 향기 모두 오래 기억에 남을 것 같아요. 봄코스가 나오면 또 방문하고 싶어요~!,"겨울의 대표적인 동백 꽃을 차로 만들었는데 정말 아름답고 우아합니다. 내 머리 속에 떠오르는 장면은,추운 겨울날, 눈이 엄청 많이 내려서 문을 열어 보니 세상은 하얗게 변했는데 빨간 동백 한 송이가 피어 있었다. 내가 마시는이 동백이 아닐까?",차도 맛있고 내부도 깔끔하고 이뻐요 분위기도 차분해서 잠시 쉬었다 가기 좋아요 티 코스 추천드립니다,문외한도 차에 대해 알기 쉽게 설명해 주시고 다과와 차 모두 완벽했습니다…! 분위기도 아늑 편안해서 공간에 머무는 동안 행복했어요 다음 계절에도 꼭 방문할 거예요❤,원하는거말씀드리면 취향에맞에 티준비해주셔서 좋았습니다. 티우려주시는거보면서 설명도들으면서 힐링했고 금액이아깝지않을만큼 너무 좋았어요 ㅎㅎㅎ,가볍에 수업도 듣고 차도 마시고 잎차에 대해 좀 더 알아가는 시간이 개인적으로 힐링되고 즐거운 시간이였습니다🧡,따뜻한 분위기와 세심하신 사장님 덕분에 즐거운 시간 보내고 갑니다 꼭 다시 오고싶어요 귀한 차들 맘껏 내어주셔서 감사합니다 ☻,저녁의 다도레는 안락하고 낮과 다른 분위기를 즐길 수 있어서 좋았습니다. 차의 취향을 물어보시고 그에 맞게 큐레이션 해주는 것도 즐거웠어요.,"차알못 커플이 차에 대해 관심을 가져보고 싶어서 방문했어요! 가을에 어울리는 독특한 차와 디저트 코스로 나왔는 데, 관련 내용 조곤조곤 설명해주시는거 들으면서 마시고 먹으니까 완전 힐링되는 느낌이었어요!🤍 지금까지 먹었 던 차는 차가 아닌가? 라는 생각이 들정도로 차도 너무 맛있었구요! ㅎㅎ 다도레 덕분에 앞으로 차를 즐겨보...",차에 대한 자세한 이야기들과 함께 마시니 더 맛있어지는 느낌! 특히 쑥차가 진짜 너무너무너무너무너무 맛있어서...끝나자마자 바로 온라인 주문했어요.. 계절별로 오고 싶은 곳이에요 정말 정말 강.추ㅠㅠ,단정하고 따스한 공간에서 향기로운 차를 즐기는 호사 :),다식도 정말 차와 잘어울리는 식감과 맛이었고 차도 계절감을 느낄 수 있어서 좋았습니다. 시중에 유통되지 않은 차를 마실 수 있는 것도 좋았어요!,"정말 좋은 티 코스를 경험했습니다. 내려주시는 차도, 차에 대한 설명도 너무 좋았구요. 궁금한 것이 많아 질문을 많이 드렸는데 친절하게 하나하나 설명해주셔서 정말 좋았습니다! 겨울 한정 코스도 꼭 들으러 가겠습니다!","누구에게 물어보기 애매한 것들을 잘 알려줘서 좋아요. 실용적인 차 생활에 필요한 수업이에요. 말차 격불과 다완 사용법, 개완 사용법 배울 수 있고, 차에 대해서도 간략하게 알려주셔서 좋았습니다!",겨울 스페셜 코스 너무 좋았어요! 엄선된 차와 다식의 페어링이 정말 훌륭해서 티코스 진행하는 내내 행복했습니다 :),"사장님이 너무 친절하셨고, 백차가 너무 맛있게 먹어서 좋았어요. 차의 질에 비하면 가격이 말도 안되게 싸다고 생각 했어요. 디저트와 차의 조합도 좋았고, 설명도 하나하나 해주셔서 좋았습니다. 양옆으로 창이 크게 나서 햇살이 들어 오는것도 좋았고 전반적으로 부족함없이 차와 디저트를 즐기기 좋았습니다. ~~!!! 주마다 가고 싶은 티룸이었...",차를 마시는 소중한 시간 대화로 풀어가면서 차에 대해 알아가는 시간이 참 좋았습니다. 동생에게 차생활을 알려주는 소중한 시간이었어요. 참 감사합니다.,선생님도 친절하시고 차가 너무 맛있네요 완전 만족합니다!!,웰컴티부터 마지막 고객맞춤 논카페인 코스까지 다 좋았어요! 또 수강하는 시간대에 들어오는 바깥의 자연광과 잔잔한 노래까지 한층 더 무드를 잡아준 거 같아요! 차 지식을 배워가면서 차에 대해 관심을 갖게 되는 계기가 되지 않았을까 싶습니다:),"예약시간보다 늦게 도착해서 선생님께는 물론 클래스를 예약한 다른 분들께도 민폐가 되었다는 생각에 마음이 좋지 않았는데 괜찮다고 이해해 주셔서 너무 죄송하고 감사했어요. 처음 해보는 명상은 쉽지 않았지만 천천히 따라가며 집중하려 노력했는데 올해 중 가장 마음에 드는 경험이었습니다! 내어주신 차들도 아주 맛있었고, 차분하고 ...","차에 대해 재미잇게 접근할 수 있어서 좋은 기회였어요 평일 오전 평온한 시간, 차 입문자로서 넘 좋았어요 집중하느 냐고 사진 찍어야지 생각도 못할정도 실습도 할수 있고 편안하게 티를 알아갈수 있엇던 클래스에욤","차에 대한 설명도 듣고, 맛있고 귀여운 다식도 준비해 주셔서 정말 좋았습니다 :) 마음 편히 머물다 갈 수 있는 곳이었어요! 또 방문할게요!ㅎㅎ","여름 티 코스의 차와 다식 모두 너무 맛있었어요! 백모단, 우전급 홍차 모두 맛과 향이 뛰어났고 특히 마지막에 마신 무화과순잎차는 정말 깜짝 놀란 맛이었어요. 무화과순잎에서 코코넛의 달큰한 맛과 향이 날 줄이야😌 가을 티 코스도 벌써부터 기다립니다 :)",선생님이 설명도 너무 꼼꼼하게 잘 해주시고 차도 맛있어요~ 좋은 경험이어서 다른 코스도 신청해보고 싶네요^^,좋아하는 사람들 다 데리고가고 싶을 정도로 많이 아끼는 곳 ! 차를 느끼는 것도 좋고 사장님이 들려주시는 차 이야기도 재밌어요 😃,차분하게 즐길수있어 좋았습니다,"웰컴티부터 마지막 쑥차까지 너무 좋았습니다! 새번째 방문하는데 정말 보물같은 곳입니다~ 함께 갔던 친구는 차에 큰 관심은 없었지맘, 풀어주시는 설명에 귀쫑긋세우며 재밌게 들었어요😊 다가오는 여름에는 열기를 식혀주는 차 를 마시러 또 방문할게요!! 네번, 다섯번~~n번째 방문하고 싶은 곳입니다💜",평소 차보단 커피를 많이 마시던 사람이예요ㅎㅎ 하동여행 중 마셨던 차가(세작) 인상깊었던터라 차에 대해 알아가 던 중 티코스를 듣게 됐어요 선생님 덕분에 국내 좋은차들이 많다는걸 알게됐어요 고급지고 향좋은 맛난 차를 알게 되니 다른 차들도 궁금해집니다 ㅎㅎ 티룸 분위기도 단정하고 조용해서 집중 잘됐구요 말차 격불 할 때 대나...,예약하고 갔는데 너무 좋았어요~ 3가지 차를 맛볼 수 있고 자유롭게 취향껏 추천받을수도 있고 골라서 마실 수도 있어요!,"정성스레 내린 차를 흥미로운 설명과 함께 내어주시는 기분 좋은 공간이었습니다. 국내에서 재배 - 생산된 차를 접할 기회가 많이 없었는데 말차, 홍차, 당이 안 들어간 유자차까지 국내에서 재배해 생산되었다니, 맛도 좋고 설명도 너 무 좋았습니다. 재방문해서 다른 차들도 맛보고 싶어요. 그날그날에 어울리는 차를 내어주신다고 하셨는데 다...","여름코스로 나온 현미녹차, 백차, 국내홍차, 무화과순차 모두 신선했고, 맛도 향도 좋았습니다. 평일 낮이라 예약자가 저 혼자였는데, 친절하고 자세히 코스 설명해주셔서 편안한 시간 보내고 왔습니다^^",한국차를 친절하게 설명해주는 곳!,"차와 잘 어울리는 티푸드, 상세한 설명은 차에 대한 사장님의 애정을 볼 수 있어서 즐거웠습니다!","정읍백차, 보성 매화우전, 함평 살구우롱, 하동 보리순차 모두 너무 맛있었고 티푸드 역시 차와 조화가 잘 이루어져서 너무 맛있었어요. 우리나라 차의 훌륭함을 다도레에서 마음 속 깊이 느끼고 갑니다. 행복한 공간이에요. 여름 티 코스도 기대가 됩니다 :)",맛있는 차와 다식을 친절한 설명과 함께 즐길 수 있는 곳이었습니다. 두 번째 방문이었는데 또 가고 싶어요,펀딩 예정 차를 시음 목적으로 프로그램을 여실거면 따로 시음회를 구성하던지 했어야 함. 보이차 하나와 시음차 하나 이렇게 구성되어 있는 줄 알았으면 안 갔을 거임. 티 코스 중 제일 돈 아까운 곳이었음.,차에 대해서 많이 배우고 느낄 수 있는 시간이었어요. 가을 코스도 경험해보고 싶어요!,,,,,,,,,,,,
카페 데스툴 연희점,1304262793.0,"여기 카페는 진짜 인테리어 맛집이에요 ㅠㅠ 사장님이 엄청 힙하셔서 음악 비트도 세련되고(음악에 진심인 느낌!), 커피랑 디저트도 다 맛나서 오랜만에 카페에서 색다른 경험을 했다는 기분이 들었어요! 뻔하지 않은 색다른 카페에 가보고 싶다면 여기 원픽입니다 :)",일단 점자 메뉴판 있는 곳을 처음 봐서 약간 충격이면서 그게 또 감각적이어서 너무 좋았어요.!! 카페 이름이 독일어이인데 인테리어도 바우하우스 느낌이 나서 이런 깔끔하고 세련된 느낌 좋아하시는 분들께 추천✨✨ 커피도 적당히 진한 맛이어서 부담없이 마시기 좋았고 오렌지 파우드케이크도 추천!!🧡,분위기 좋은 곳이라 한 번 와보고 싶었어요! 좋아용,"데스툴 카페 [Der Stuhl] 독일어로 의자라는 곳! ""연희동 한쪽에 힙하고 예쁜 하우스가 있네"" 하고 들어온곳! [아우프 말차 1잔, 신맛이 덜한 아이스커피(말테)1잔, 달달한 당근케익] 이렇게 먹었어요. 입구부터 디자인이 눈에 띄었고, 의 자들이 곳곳에 진열되어있는데 인테리어랑 노래도 잘어울려 힙한느낌이 들었어요! 아! 강아지도 같이 와도 되...",이곳은 미술관 전시회장 같아요. 데스툴이 독일어로 의자라는데 의자를 유심히 봤어요 개성있고 멋있어요 당근케이 크가 여태 먹어본것중에 젤 맛있었어요 멋진공간에서 잘 쉬고갑니다😀🙏,최근 가 본 카페 중에 가장 예쁘고 독특했던 데스툴❤️ 초콜릿 케이크 먹었는데 엄청 진하고 눅진~한 스타일이고 위에 그릭요거트가 새콤해서 맛있었어요 추천!!!,카페 분위기 좋고 집중하기 좋아요 커피 맛있고 당근케이크 부드럽고 촉촉해서 맛있어요!,매장이 힙하고 넘 예뻐서 기분이 너무 좋아졌어요!! 바닐라라떼도 고소하고 괜찮구 직원분들도 친절하시고 공간도 크고 좋아서 빠른 시일내에 또 오고 싶네요,솔직히 커피 맛은 특별한지 모르겠는데 빡빡이 사장님 넘 친절하시고 내부 분위기도 좋음,공간 진짜 독특하고 예뻐요!! 쇼룸에 온 기분👍🏻👍🏻 커피야 당근 맛있고 당근케이크는 무조건 필수입니당!!!,연희동 핫플이에요 진짜 이제연희동 가면 꼭 들러요 ㅋㅋㅋ 다양한 의자 구경하는 재미도 있는데 자주자주 어디랑  무슨 팝업 전시도해서 갈때마다 새로운 것 같아요 ㅎㅎ 창가자리 너무 좋아오 ㅎㅎ햇살맛집 전 저 아우프말차?먹는 데 넘 맛있어요 진하고 달지않고 :) 케익도 진짜 저기서 만드시나 완전 맛있어요 눈과입이 즐거운곳,공간도 멋있고 음악도 좋은데 무엇보다 직원분들이 너무너무 친절하셔서 마음편하게 머물 수 있었어요 자주 와야겠어요,커피와 음료 너무 맛있고 카페 분위기와 음악이 힙해서 또 방문하고 싶네요^^,초코케이크 맛있어요 음악 좋아요,연희동 핫플레이스에서 분위기 있고 이색적인 까페 데스툴!! 직원분들도 너무 개성 넘치고 힙하신데 친절하시기까지 하네요 매장에서 너무 좋은 시간 보내고 갑니다^^ 더욱 번창하세요 나이스 데스툴!!,음료가 다 맛있네요! 케이크도 직접 만드셨다는데 달달하니 너무 맛있어요 ㅎㅎ 분위기도 힙하고 직원분들도 힙하 시고 힙한손님들도 많아서 매우 좋았습니다. 아 강아지 동반 가능 카페라서 귀여운 친구들도 종종 만날 수 있네요 ㅎ ㅎ,백수였다면 매일 왔을텐데 아쉽습니다. 저는 왜 직업이 있는걸까요? 그래도 괜찮습니다. 이렇게라도 종종 올 수 있 는 멋진곳이 있음에 감사합니다. 사랑해요 데스툴.,"띠띠빵빵 차들이 몰리는 일요일이다 지지배배 새들이 지저귀며 나르는 오전이다 흐르는 발걸음을 멈추어 계단을 오 르니 나는 마치 베억하인에 온 것 같다 밝고 건강한 실내 공간을 메우는 음악 소리와 커피향에 나는 취해 한잔을 마 시고 다시 또 한잔을 비워낸다. 아, 일요일이 흘러가고 있구나",무난,항상 올때마다 나지막한 분위기에  기분좋게 편하게 커피한잔 마실수있는 곳입니다. 다니면서도 느끼는 거지만 참 멋진사람들이 많은 곳이네요 !,높은층고에 채광도 좋고 독일무드의 차가운 인테리어가 멋스러운 공간. 애견동반 가능한 카페  커피 맛의 다크함과 산미의 농도가 적절했던 곳,"가오픈 때부터 자주가던 곳. 주로 주말에 갔었는데 평일 저녁에 방문하니 또 다른 느낌으로 좋았음. 주말엔 이태원 핫플처럼 개성있는 사람들 구경하는 재미가 있고 평일엔 퇴근 후에 독서나 작업하러가기 좋은 분위기. 인테리어나 디자인에 관심이 많으면 곳곳에 볼만한 요소가 많고, 주기적으로 여러 전시나 팝업같은걸 해서 여기 가면 이...","주말에오니까 사람이 많더라구요 커피맛, 디저트, 음악, 인테리어 송대관- 4박자 가 너무 좋아서 자주 오게 되는 곳 입니다. 초코케잌 너무 맛있어서 맨날 그것만 먹다가 오늘 당근케잌 첨 먹어봤는데 제가 이걸 왜 이제야 먹었을까요 ….당근케잌 꼭 드셔야돼요!!!!!","아우프 말차, 아몬드 모카 맛있어요~!","너무 좋아요! 커피랑 디저트로 샌드위치?? 먹었는데 너무 맛있어서 놀랐어요.. 이후 커피 먹었는데 커피도 디저트류 랑 조화가 너무 깔끔했어요! 그래서 원두까지 구입하게 되네요🤔 일하시는 직원분들도 너무 친절하시고 지인은 옆 에서 바닐라 라떼 먹었는데, 라떼아트도 이쁘게 잘하고 밸런스도 전체적으로 잘 잡혀있는것같아요! 저는 헤이...","음악 너무 좋구요,, 친절하시고 디저트도 맛있고 커피도 맛있어서 자주 오게 돼요,,",연희동 원탑 ㅜ... 말할것도 없이 공간과 커피 직원분들 다 좋아요ㅜㅜ.. 요즘 인테리어 좋은데 화장실이나 매장이 청 결하지 못한게 너무 싫었는데ㅠ 디테일하게 전체적으로 다 청결하고 맛도 너무좋아요ㅠ 일하시는분들도 나이스하 시고 자주올것같아요👍🏼👍🏼,날 좋은날 채광이 정말 좋은 곳이에요! 🫶💜 직원분들도 친절하시고 데이트 하기 정말 좋은 곳 같아요!,"재방문입니다 ✨🫶🏻 저번에 갔었는데 음료가 다 너무 맛있어서 테이크아웃해서 마셨어요 ! 이번엔 오렌지 라떼 마 셨는데 진짜 개존맛탱이네요,, 이름듣고 읭? 이러실수 있겠지만..! 꼭 드셔보세요!!! 향도 좋고 ㅠㅠ 맛있어요 ✨ 전 엔 라떼랑 아메리카노 마셨었는데 얘네들두 맛있었어요 ❤️ 원두를 고를 수 있어서 더 좋았습니닷 ㅎㅎ 당근 ...",오늘은 알름두들러 먹어봤어요 탄산이 있는 음료인데 달달한 과일맛이네요 평일에는 작업하기 좋고 주말에는 힙한 분위기가 느껴지는 곳,"매장도 예쁘도 음악도 감각적이고, 커피 맛, 디저트 맛도 환상이에요!! 사장님도 친절하세요 반려견도 같이 갈 수 있어서 더 좋아요❤️",카페에 일하러 가야할 때 제일 많이 가게 되는 곳. 오늘은 다른 걸 마셔보고싶어져서 앞 손님이 시키는 오렌지라떼를 먹어봤는데 생전 처음 경험하는 맛과 향을 가진 커피였다. 단순하게 표현하긴 어려운데..🤔 얼마전 바리스타인 친 구가 요즘 해외에서 유행하는 커피 트렌드라면서 내려준 커피 맛이랑 비슷하면서도 더 부드럽고 고소하게 순...,저녁먹은후 방문했는데 분위기 너무 좋네용❤️👍👍👍,스피커에선 환타스틱한 사운드에 분위기 좋은 카페,"연희동에서 가장 힙하고 애정하는 카페😎🧡🎶 커피 원두 선택 가능해서 취향에 따라 즐길 수 있어서 좋아욤!! 라 떼나 음료도 넘 맛있구 당케도 넘 맛있구 오렌지라떼도 맛있구 사실 그냥 다 맛있어용 희희ㅎㅎ🧡 인테리어나 소품 , 가구들도 넘 힙하구 음악도 힙하구 같이 덩달아 힙해지는 느낌,,,🖤🎶 낮에 창가쪽 자리 앉으면 햇빛을 한...",전에 오전에 방문했는데 자연광이 들어서 사진이 너무 잘나와서 좋았어요~또 인테리어도 깔끔하면서 힙한느낌이  굳입니다😏오늘은 해질녘쯤 왔는데 또 다른 느낌에 분위기가 들어서 너무 좋더라구요 사진진짜 잘나와요 특히 오 전!! 커피맛도 훌륭 음료들도 독특하면서 맛있어요!! 그리고 전시도 하고있어서 구경할 거리도 있는게 아주 맘...,"훌륭한 커피 외에도 맛있는 차, 독일 맥주와 탄산음료가 있어요 당근케익 필수","음악, 감성, 분위기, 커피 맛 모든게 다 좋았습니다 :) 연희동 가시면 꼭 방문 하시길 바랍니다. 음악과 감성이 말로 표 현 할 수 없는 카페여서 직접 가보셔야 합니다.🔥🔥🔥🔥","음악 일단 진짜 너무 좋구영,,,, 인테리어도 너무 좋고 당케 진짜 맛있어요,,",감각적인 인테리어! 멋진 의자들 취저 음악들! 마치 독일에 온 느낌✨ 원두도 기호에 따라 고를 수 있어서 좋았어요.  하우스 테크노풍의 🎵 을 좋아하시고 김각적인 장소를 좋아하신다면 추천입니다!,여기 아메리카노는 진짜 너무 맛있어요 ㅠ ㅠ 주말마다옴😭🫶💜,커피 맛잇고 인테리어도 이뻐요,사장님이랑 같이 일하시는 분들 매너가 너무 좋구요 커피를 실수로 쏟았는데 새로 가져다 주시기까지 하고 분위기도 너무 좋았어요~~^^,커피도 맛있고 꾸덕한 초코케잌도 맛나네요.. 사장님도 넘 친절하시고 채광도 좋았어요,무난해요,커피도 맛있고 매장 분위기도 넘 조아요,달콤함과 고소함이 휘몰아치는 크림의 향연 베를린을 연상시키는 독일식 인테리어와 테크노 음악들로 그 멋과 맛이 곱절이 되어진다,커피가 다양해서 좋았어요. 온김에 강아지 옷 쇼핑도 하고갑니다. 친절하셔서 꼭 다시올게요!,일상과 뒤섞인 영감이 있는곳 “데스툴” 당근케크 🧡🧡🧡아몬드 모카💛💛💛 힙 한 카페 찾는다면 바로여기!!!,두번째 방문이에요!! 로우카페인 라떼가 있어서 넘좋아요! 커피도 맛있구 초코케이크도 정말 맛있어요~! 인테리어 보는재미도있구 연희동오면 무조건 데스툴옵니당💗!!ㅎㅎㅎ,자주가지만 항상 좋습니다. 음료랑 디저트가 맛있습니다,작업하기도 좋고 힙한 분위기를 느낄 수 있어요 신기한 조명이 많던데 다음엔 저녁시간에 와봐야겠어요,사장님이 맛있고 디저트랑 커피가 멋있어요,독일에 있는 카페를 옮겨놓은 듯한 인테리어와 선곡이 힙해요~ 음료수도 맛있습니다! 독일 맥주도 있네요~~ 1층엔 애완견옷으로 유명한 뮤니쿤트 브랜드와 팝업전시 구경하기에도 좋아요!,1주년 축하드려요 ~~!!,"서울에서 이렇게 감각적인 인테리어, 맛있는 커피와 디저트 그리고 멋있는 직원들 까지 모두 다 들어맞기가 쉽지 않은데 자꾸만 생각나는 멋있는 곳 입미다. 꼭 여유가 되실때 방문 하시면 기분 좋은 경험하고 오실거라 생각이 됩니다. 자주 갈게요!",올때마다 음악을 들으면 베를린에 온 것 같아요 ㅎㅎ 오렌지 커피 정말 맛있습니다~~ 힙한 곳을 원하시면 데스툴로 고고~,사장님 정말 친절하시고 커피 맛도 좋네요 인테리어도 훌륭합니다,너무너무 분위기 좋고 반려동물이랑 오기 너무편하고 사장님이랑 직원분들이 착하고 멋지셔요 ^-^,에스프레소(malte) 깔끔하고 맛있어요! 바이브 좋고 친절해요!,커피가 맛있어요! 일하시는분들도 매우 친절해요!☺️,맛있는 커피 초이스도 많고 매장도 넓고 쾌적해서 너무 좋아요 자주 가는 카페입니다 🤍🤍,커피도 좋지만 노래가 정말 좋은 카페!👍🏻,완전 힙한 카페☕️,언제 재방문해도 항상 굳!,음악이 너무 좋아요. 반려견 동반도 가능해서 동네 산책하다 편하게 들어와서 시간 보낼 수 있어서 자주 오게 되네요.,강아지도 좋구 사람도 좋고 직원도 좋고 다 좋은 데스툴 많이 오세요,커피가 너무 맛있고 직원들이 너무 멋있어요~!,가보고싶었던 곳에 가서 조용하게 작업하기 좋았던 것 같아요!,음악과 분위기가 개성있어요 연희동 온리원,인테리어가 새롭고 세련됬어요 커피도 수준급이고 친절했습니다 앞으로 자주자주 갈것 같아요 :),"여길 알게 되고는 더 자주오는 카페예요 낮에 주는 느낌과 밤에 주는 느낌이 다른데, 둘다 낭만 가득하고 너무 좋습 니다! 요즘은 공간이 멋있지만 커피의 맛이 좋지않은 경우가 많은데 공간에 맞게 커피 맛 또한 좋아서 굉장히 흡족한 카페네요. 저는 로우 카페인 메뉴를 먹었어여 직원 분들도 멋있으시고 너무 친절하셔서 덕분에 감사한 시간 ...","연희동 최고 분위기 카페네요. 처음 가봤는데 멋진 카페 이름에 맞는 분위기였고, 커피도 너무 맛있었습니다. 직원 분들 모두 정말 친절하시고 앞에 주차도 가능해서 편하게 즐거운 시간 보낼 수 있었습니다. 다음에는 추천해 주신  당근 케이크를 꼭 먹어볼게요!!",라떼 고소하고 맛있어요 분위기랑 조명도 좋고 혼자 와서 작업 하기 좋을 것 같아요,오렌지라떼.. 맛이 아주 좋습니다… 맛있는 커피 만들어주신 데스툴사장님 스타일도 멋지십니다.. 매장도 멋집니다.. 좋아욜,"가게 외관부터 너무 멋져서 이끌리듯 들어갔는데 매장 인테리어부터 조명이랑 음악까지 너무 마음에 들었어요! 키 크시고 목 뒤에 타투 있으신 키 큰 알바생이 너무 친절하셔서 기분 좋게 음료 받았는데 커피에도 굉장히 신경쓰신 느 낌을 받아서 기분 좋게 이용했습니다. 사진 찍기에도 좋고, 다음에 노트북 들고 작업하러 자주 들려야겠어요. ...",완전 힙하고 갤러리 온 것 같이 분위기가 고급져요 반려동물도 출입이 자유롭고 ㅎㅎ 만족하고 갑니다 :),오렌지 라떼 신기해서 마셔봤는데 크림에서 부터 은은한 향이 나서 너무 좋아요🍊 부드럽고 끝 맛도 깔끔해서 겨울에 자주 마실 것 같아요. 오렌지 라떼 진짜 너무너무 맛있어요🧡🍊,디저트 너무맛잇어요 ㅎㄹ 커피도 짱,분위기 좋고 맛 좋고,분위기가 집중하기 좋고 좋아요,넓은공간과 트렌디한 음악.  연희동에 꼭 필요했던 공간,아몬드 모카 넘 맛있게 마셨어요.~~☆,커피 맛있고 음악 좋은데 사장님이 멋웃겨요,커피 맛있고 벨린 분위기 물씬나는 힙플이에요!,사장님이 너무 멋있어요!! 잘 마시고 갑니다!!,인테리어 멋지고 커피가 맛있습니다. 음악도 좋아서 굉장히 분위기 좋은 카페 입니다.,커피가 정말 맛있고 분위기가 좋아요🖤 직원분들도 너무 멋지십니당,인테리어도 이쁘고 노래도 힙하고 음료도 맛있고 직원분들이 많이 친절하셔서 좋아요!,맛있어요!,"뻔하지 않은 커피, 장소 원하시면 오세요.","음악이 좋고, 공간이 꽤 넓어서 일하시는 분들 신경쓰지 않고 내 일을 할 수 있음.",굿,커피맛있어용,너무 좋은공간 맛있는 커피 즐겁게 쉬다 갑니다 !,좌석도 많고 커피도 맛있어요~ 분위기😍😍,음악도 좋고 분위기도 좋은 데스툴.. 여기 올때마다 인싸가 된 기분이 들어요ㅋㅋㅋ 오렌지라떼 메뉴는 처음 보는 것 같아서 마셔봤어요 상큼하고 깔끔하니 맛있습니당,"오렌지 라떼 너무 맛있고 셀카 너무 잘나와용,, ㅋ",공간이좋아서 오랫동안 일에 집중하기 좋아요,커피맛있어요,커피 맛있게 먹고가요🤲,집근처에 애견카페 찾다가 우연히 발견한곳 우선 커피 맛있어요 산미없는~ 그리고 주차도 됩니당 가장좋은건 대형견~~! 사장님이 우리루키 물도챙겨주시고 아가도 같이갔는데 넘 친절하게 해주셔서 또가렵니당,저녁에 갔는데 분위기도 너무 좋고 음악도 너무 젛아요💗💗💗 커피도 맛있어용💗,오렌지라떼가 정말 맛있었어요 따뜻한건데 술술 넘어갔어요,"커피도 맛있고, 일하시는 분들이 너무나도 친절해요. 무엇보다 카페 분위기가..👍🏻",두번째 방문입니다! 처음왔을때 마셨던 따뜻한라떼 생각나서 왔는데 역시나 맛있....,연희동 컵히는 여기만 옵니다 사장님 멋있으시고 친절하세요 번창하십쇼!,"연희동 커피,라떼 맛집 초코케익도 맛있어요!! 생각보다 조각이 커서 놀랬어요!  다음번엔 당근케익도 먹으러 오려구요 ㅎㅎ",,
뚤리,1505308863.0,"계절디저트와 아늑한 공간, 홍제천의 계절을 맘껏 느낄 수 있는 곳. 11월 27일이 마지막이라니 벌써 그리워져요",오늘 뚤리에서 가을이 느껴지는 디저트를 먹는 순간이 너무 행복했어요 :) ♡,"아주 예전에 여기서 분홍색 백조 모양 디저트를 먹은 적이 있었는데 좋은 기억이었거든요! 근처 갈 일이 있어서 오랜 만이 들렀는데, 공간도 확장된 거 같고 사람이 많았어요. 복숭아쇼트케이크 먹었는데 여전히 디저트가 맛있었고 호 지차라떼도 맛있었어요! 배가 부른 상태라 둘이서 음료를 하나만 주문해도 되냐고 여쭤봤는데 괜찮다고 친절...",매장 없어지기 전 마지막 방문입니다..! 몽블랑을 못먹어서 아쉬워요 ㅎㅎ,좋은 리뷰 보고 갔는데 화장실도 마땅치않아서 멀리 구청가라해서 걸어갔더니 일요일이라 닫혀있었고.. 반대편으로 멀리 공중화장실을 다녀와야했고 음료나 디저트도 가격에 비해 아쉬웠습니다. 분위기는 좋으나 찾아갈만큼은 아닌거같아요..,정말 오랜만에 최고의 카페를 만났습니다. 주인장님의 정성깃든 디저트들도 .. 깜짝 놀랄 퀄리티의 맛이였구요.. 커피도 맛이 좋았어요 심지어 굿즈도 잘만드셨다는..! 근데 좌석이 얼마 없어서 점심 시간 겹치면 인근 구청 직원분들이 기다리셔서 점심은 피해서 오시기를 추천드려요!!,"12시 개점전 기다렸는데 벌써 여러팀 손님이 있으시네요^^ 오페라 말차케익과 아메리카노, 밀크티를 주문해준 착착한도 고맙지만 말차케익이 내입에 꼭 맞네요  약간 진한 커피와 제대로 한 몫을 하는 주말 아침의 티타임이었네요☕️ 🍰",오랜지케이크가 너무 맛있고 아니 디저트가 다 너무 맛있어요.... 요새 과일 그득그득 박힌 케이크가 유행인데 뚤리 오렌지쇼트는 과일이 많지는 않지만 생크림과 시트가 너무 맛있어서 오히려 과일이 더 없었으면 좋겠을정도? (네..  주접이에여 헷 ) 진짜 맛있습니다.... 홀케이크 사와서 집에서 먹고싶을만큼이에요 정말 ㅠㅡㅠ,뚤리만의 단아한 느낌이 참 좋아요.,고즈넉하고 아담한 카페 생과일 디저트 안좋아하는데 쇼트케이크 괜찮았어요 푸딩은 취향이 아니었습니다 동네에  있었으면 분위기가 마음에 들어서 자주 갔을 것 같아요 멀리서 찾아올 정도는 아닌 느낌,2년을 기다려온 백조슈와 말차롤 드디어 기회가 되어 먹으러 왔습니다!! 둘다 너무 맛있고 다음에 나올 다른 디저트 도 먹어보고 싶어요 호우지차 라떼는 요물입니다!! 호우치차 덕후는 너무 좋아요,조용하고 분위기 좋아요,동네 산책하다 발견했습니다.^^ 특별한 기대없이 계절 케이크와 카페라떼를 시켰는데 케익이 너무 맛있네요. 추 가로 주문한 메뉴들도 좋았습니다. 조용한 분위기가 친구와 수다보단 혼자 조용히 즐기기 좋은 곳 이었습니다.,언제나 좋은 뚤리 ! 딸기 블랑망제는 더 맛있어졌네요 🍓🍓 에스까르고 안에 든 피스타치오 에끌레어 완전 최고 .. 다음에 바뀔 디저트도 기대됩니다 !,케이크랑 커피 맛있긴 해요 그래도 케이크가 절대 8000원이나 받을 퀄리티는 아닙니다 커피 4000원 케이크 6000원 이 적당한 수준의 카페 다시 가진 않을 것 같아요,디져트 정말 맛있어서 포장도 했어요!  물론 카피도 맛있습니다🤍 또 가야징,선물용으로 구움과자 세트 사러갔는데 매장에 있는 견본이랑 너무 차이가 나는 포장을 해주셔서 좀 속상했어요… 상자도 마스킹테이프 하나만 띡 붙여서 고정도 안 되고 바로 열리는데 그냥 쇼핑백에 넣어주시고. 보다못해서 다른 스티커 없냐고 말씀드려서 겨우 붙여서 왔는데 상자에 끈 포장은 아예 없었네요,연희동 홍제천변에 있는 디저트 카페예요 계절별로 메뉴가 바뀌는게 매력적이네요 오늘부터 말차롤케이크를 시작했대요 팥을 따로 주는게 특이하구요 맛나요 카페는 협소하나 심플하고 감성적이예요 커피도 맛있네요 집에 갈 때 다른 쿠키들도 사가려구요,벚꽃필 때 오면 꼭 들리게 되는 뚤리 !! 벚꽃슈 넘 맛나용 💓,연희동에서 제일 맛있는 디저트와 음료가 있는 뚤리 ! 시즌마다 바뀌는 디저트와 다양한 구움과자 매번 맛있어요 . 친절하고 따뜻한 공기의 카페입니다 : ),조용하고 좋아요!,오픈런 해야하는지 알았는데 예전과는 사뭇 다르다/테이블은 안쪽에 네 개 입구에 하나/먼저 자리를 잡고 주문하러 가면 된다/여자 한 분이 주문 받는 것과 서빙을 함께 하신다/주문과 계산 후 자리에 돌아가 앉아 있으면 음식은 가져 다 주신다/카페라떼와 카푸치노가 동일 가격이라 좋다/카푸치노가 7온스 정도로 양은 적지만 커피가 진하고 ...,너무 맛있어요 ㅎㅎ 주차는 힘들었지만 작고 따뜻한 뚤리 💕,항상 뚤리는 휴무 일정과 맞질 않아서 이제서야 방문 했는데 사람들이 왜 뚤리를 극찬하는지 알겠네요 .. 정말 맛있어요.. 최고!,디저트 먹으러 뚤리에 가지만 여기 커피도 지이이인짜 맛있어요 매 계절마다 다른 디저트가 나와서 주기적으로 가게되는 카페. 강아지 동반도 가능해요.,연희동의 자랑 뚤리 ✨ 항상 맛있는 디저트와 커피가 있어서 언제 가도 좋아요 . 친절한 사장님이 있는 아늑하고 작은 카페 !,맛있었어요~,사랑스러븐 카페 .. 🥰,"케이크 2가지 샀는데 너~무 맛있엏어요. 특히 딸기쇼트케이크 스폰지가 지금까지 먹었던 케이크 스폰지보다 촘촘하고 부드러운 식감,크림 안 달아요.작고 비싼 편이지만 맘 들었어요.",조용하고 디저트 맛있어요,강아지 동반도 되는 카페예요 계절메뉴가 있어서 주기적으로 와야되는 카페 ㅎㅎ 가을엔 몽블랑이있어서 와봤습니다,생각보다 웨이팅이 좀 있어요,몽블랑 감동의 맛..🥹,좋아요,디저트며 커피며 맛있어요!,좋아요,휘낭시에 겉쫀속촉이네요.. 넘나리 마싯어요,굳,에스까르고가 돌아왔습니다 🌈,제 참새방앗간 같은 곳이에요. 아늑한 분위기랑 계절마다 다르게 준비되는 디저트가 너무 맛있어용🍂 특히 몽블랑 최고.,굿,바닐라빈 낭낭한 블랑망제 너무 맛있어요,좌석이 적어서 아쉽지만 커피도 맛있고 디저트도 맛있었어요!,에스까르고 최고! 커피도 맛있습니다,디저트 전부 넘 맛있구 카페 분위기도 좋아용,디저트 맛있어요,친절하고 좋아요,좋아요,좋아요,피스타치오 다쿠아즈 진짜 맛있어요! 커피도 맛있습니다~,분위기도 좋고 사장님이 친절해요,조용해서 좋았어요,분위기가 너무 좋아용,에스까르고 맛나욥,굿,맛있어요,좋아요,커피랑 디저트가 맛있어요. 라떼 강추!! 디저트도 계절에 맞게 나와서 분위기랑 맛이 한 층 더 맛있어요!,"언제 방문해도 친절한 사장님과 맛있는 디저트, 그리고 커피까지 늘 행복함을 주는 곳이에요 :)",바닐라빈 라떼 너무 맛있어요!!,우연히 방문하게 된 곳인데 커피가 맛있고 매장이 깔끔하고 예뻐요❤️,커피 맛있어요,맛있러요,청결합니다,판나코타가 맛있습니다.,라떼가 맛있어요 사이즈가 작은게 좀아쉽습니다,"진차 ,, 넘넘 부드럽고 꼬소한 우유푸딩 ㅜㅜ 그냥 호로록 한입에 먹어버리고 싶어용 🥺",좋아요,구움과자 정말정말 맛있습니다 :) 매장에 항상 생화를 두셔서 기분도 좋아져요,좋아요,분위기도 좋고 좋은 동네까페 자주갈게요,디저트 맛나요!! 커피는...,분위기가 깔끔하고 음료도 무난히 맛있어요😊,푸딩도 맛있고 커피도 맛이 좋았어요🧡 집에서 멀리 있는 곳이지만 자주 가고 싶은 곳이에요,분위기 너므나 좋아요,차분한 분위기와 담백한 디저트와 음료 모두 너무 맘에들었어요~!!,너무 차분하고 좋은 공간입니다. 디저트는 엄청 특별한 맛은 아니지만 괜찮아요! 라떼랑 아메리카노 먹었는데 라떼가 좀 더 맛있었어요!,"대기는 한시간 정도했지만 사장님도 친절하시고 카페 앞 홍제천 벚꽃도 예뻐서 기다리기 나쁘지 않았고, 무엇보다 디저트 넘 예쁘고 맛있네요!",동네에 이렇게 사랑스러운 카페가 생겨서 넘 행복해요 ㅠ 사장님도 쏘스윗 ㅠ ... 💖,주말은 모르겠지만 평일 혼자있어도 어색하지 않은 곳. 너무 달지도 않은 디저트도 최고.,"에스까르고와 바닐라라떼, 두가지 메뉴 다 맛있었어요~",주말이라 웨이팅이 있네요  커피 맛있어요 마들렌도,벌써 세번째 방문입니다 🤍,좋아요,"충분히 맛있는 디저트, 동네 카페의 모범.",디저트 최고:-),,,,,,,,,,,,,,,,,,,,,,,,
쿳사 연희,1478636575.0,"추천해주신 무화과 시즌음식은 제입맛에는 안맞았지만, 친구는 잘 먹었어요~~ 분위기도 좋고 마치 외국에 있는 브런치가게 느낌이었어요. 다음번엔 제가 좋아하는 아보카도로 초이스 하겠습니다. 응대해주시는 분들이 친절하셨습니다.",음식은 늘 만족도가 높은 편입니다! 근데 어제는 유난히 옆과 뒤테이블이 시끄러운 정도를 넘어서서 식사를 하는동 안 귀가 아플정도 였어요. 옆 테이블분들이 나가실때 옷 거치대가 쓰러지면서 윗쪽 나무망 조명에 앉은 먼지가 음식 으로 날려 들어오니 먹는동안 기분이 별로였답니다. 아무리 자유로운 분위기의 브런치 카페여도 다른 분들도 ...,연희동 브런치는 가성비로나 퀄리티로나 쿳사 추천👍🏻 어떤 메뉴든 재료도 아낌없이 들어가고 플레이팅까지 신경써 서 나옴. 근데 빨리 나오기까지 ㅎ 아쉬운점은 직원 숙련도와 화장실이 개선되면 참 좋을듯~! 잘먹고 가옷~!,"오늘로 쿳사 3번째 방문이에요. 리뷰를 쓰는건 처음이네요. 연희동에 어울리는 분위기의 가게에요. 제가 호주를 안 가봐서 호주식브런치가 어떤건진 잘 모르지만 지인이 동네에 오면 이곳으로 가자고 합니다. 다소 차분하고, 맛난 음 식과 기분 전환겸 가기 좋아요. 교통편이 불편한데도(전 가까워서 넘 좋은데 말이죠) 다른곳으로 이전을 안하...",우연히 엄마와 방문하게 된 브런치 카페! 에그 베네딕트 너무 맛있어서 싹싹 긁어먹었어요! 보리밥과 닭다리 메뉴는  닭다리가 정말 부드럽고 맛있었는데 보리밥에 간이 좀 싱거워서 거의 남겼네요ㅠㅠ 맛있게 볶음밥 느낌으로 간이  되어 있었으면 훨씬 좋았을 것 같아요! 분위기도 좋고 음식데코레이션도 너무 특별해서 다음에 또 방문할 것...,인기가 많은 곳 같아서 미리 예약하고 방문했어요 ! 웨이팅 생기는거보니 예약하길 잘 했더라구요 아무튼 평범한 브 런치들이 아니고 뭔가 처음 먹어보는듯한 색다른 메뉴들이어서 신기했고 어쩜 다 맛있더라구요! 원래 무화가 별로  안좋아하는데 시즌메뉴였던 무화과 메뉴 완전 맛있더라구요! 고기 메뉴도 맛있었고 ~ 성공적인 브런치였네요^^,오랜만에 다시 찾은 연희동 쿳사 ~ 역시 재료가 신선하고 너무 맛있다 미국식보다 호주식 브런치를 좋아하는데 건강하고 정성이 들어간 브런치를 맛보고 싶다면 추천~ 오랜만에 오니 시로운 메뉴가 많이 생겼다~ 선선한 가을날 또 와야겠다,동네에서 가장 좋아하는 장소 🤍 언제먹어도 맛있고 너무 친절하셔서 기분이 좋거든요ㅎㅎ,정말.. 나만 알고 싶은 곳… 뭐 하나 빠지는 게 없는 근사한 곳인데 자만하지 않고 늘 메뉴 업데이트 해주는 곳! 쿳사랑해,무화과 머시기 (시즌메뉴) 꼭 드세요!! 넘 친절하게 맞이해주셔서 더 맛있게 느껴졌습니다 저녁에 가도 분위기 좋아요 쿳사 영원하라 💕,가을 시즌 메뉴 먹으려고 예약하고 재방문했어요 신선한 무화과와 아보카도가 듬뿍 올라가서 너무 맛있고 배부른 점심을 먹었어요!! 디너 메뉴도 궁금해서 담엔 디너 먹어보려구요^^,에그베네딕트와 토마토 파스타 먹었습니다. 베네딕트 소스가 맛있습니다. 그런데 계속 먹다보니 조금 느끼해요. 저 같은 경우 탄산음료를 별로 좋아하지 않다보니 물이랑 먹으니 조금 느끼하네요. 양은 푸짐해요.,낮에만 가다가 이번에 처음으로 저녁에 가봤는데 분위기가 낮과는 달랐어요! 조명이 어두워서 더 아늑한 느낌이에요 음식도 맛있었구 대화하기 정말 좋았습니당!,예약 없이 가서 대기는 했지만 신메뉴랑 쿳사베네딕트 맛있게 먹고 왔어요^^,"오랜만에 정말 맛있는 브런치를 먹은 것 같아요. 인테리어도 멋진 극락조와 군데 군데 있는 식물들로기분좋아지는 공간이었어요. 이미 연희맛집으로 소문난 건지, 예약테이블 외에는 모두 만석이나 다름 없었습니다. 요즘은 흔한 에 그베네딕트도 홀랜다이즈 소스가 맛있어서 먹어본 집들 중에서 가격대비 만족도 굉장히 높은 편이구요. 콘 ...",연남동에서 좀 떨어져 있어서 사람이 많지 않았어요. 식당 분위기 되게 좋고 음식도 맛있었어요! 완전 만족스러웠어요!,일찌감치 예약해서 잘다녀왔어요. 친절하시고 가격도 괜찮아서 재방문의사가 있습니다.,예약해서 가서 바로 먹을수있었고 흔히 먹을수있는 메뉴가 아니여서 독특하고 넘 맛났어요 쿳사 베네딕트-수란과 베이컨 어니언크림과 소스가 너무완벽히 어우러져 최고의 브런치로 기억됨 토마토부리타뇨끼-느끼할수있는 뇨끼 를 토마토소스로 감칠맛나게 했고바질페스토와 부리타치즈로 맛깔스러운 맛으로 최고 토마토 미트볼 샥슈카...,커피가 꼬소하고 맛나고 음식들도 맛이.풍부해요!!! 자리가 조금 좁긴한데 분위기가 좋아서 예약하고 가면 좋을 듯 합니다 ㅎㅎ 샥슈카 안짜고 맛있어요 수란 가지 미트볼 알차네용,맛있는 음식 사진찍기 좋은 인테리어,"호주에 온 것 같았어요 오지브런치감성최고,,, 베네딕트가 아주 맛있었어요!",세번째 총 방문했는데 리뷰 남겨요~ 알바분이신지 사장님이신지 늘 갈 때 마다 친절하셔서 덩달아 기분도 좋더라 구요 ! 음식은 말해뭐해요 최고💜 좋아하는 사람들 다 데려가고 싶어요,평일 오전 혼밥 하러 갔는데 평일에도 사람이 많네요 ! 오늘은 아보 양도많고 모든게 푸짐했습니다 ! 👍🏻,동네 주민분이 추천해주셔서 가봤는데 진짜 맛있네요!!!!짱맛!!건강한 맛!! 재방문 하고 싶은 집❣️,"음식 플레이팅,양,맛, 근무하시는 분들 친절하셔서 서비스까지 모두 만족했던 브런치 가게입니다. 주차도 편하게 할 수 있었고 조만간 재방문 예정입니자",맛있고 흔하지 않은 메뉴가 많아서 좋아요 몇번갔었는데 간이 좀 심심해진것같기도 하고 그래도 잘먹엇어요,대박 감동... 무화과 시즌 끝나기 전에 방문하게 돼서 너무 다행입니다... 베이컨+무화과+고르곤졸라 조합 진심 갓벽  게다가 말차가루까지ㅜ 계속 감탄하면서 먹었네요 ... 파스타도 맛있게 먹었습니당 요리 사진이랑 설명을 자세히 적 혀있는 노션 페이지를 만들어두셔서 주문할 때 정말 편리했어요! 화장실이 외부에 있고 화변기밖에 없어서 이...,플레이팅도 너무 이쁘고 맛있어요!!!빵이 너무 맛있어요!!!,여느 브런치집이랑은 좀 달라요!ㅎㅎㅎㅎ처음 먹어본 맛의 메뉴들이 있어서 좋았어요ㅎㅎ그리고 다 건강한 재료로 만들어져서 만족!!!,존맛탱.. 건강한 맛! 베네딕트가 가장 유명하다고 했는데 그건 무난했음 근데 토마토 파스타가 진짜 지존 맛도리어서 계속 생각남... 치킨콩피는 재료 본연의 맛이라 먹을수록 맛남 마가리타 과실맥주는 거의 음료수였음 주문할때마다  결제해야되는 건 구찮지만 그래도 존맛이라 또 갈듯!,두번째 방문. 역시 맛있네요. 요즘 물가 대비 가격과 맛 훌륭합니다. 간이 강하지 않고 밸런스가 잘 맞아요.,"It's good to hang out with friend on weekends. Great foods, friendly staffs, mostly comfy but the chair was uncomfortable.","오늘은 수란이 좀 비리고 베이컨은 탄맛이 너무 많이났어요ㅠㅠ 그래놀라도 제 쪽은 많이 넣어주셨는데 같이간 지인꺼는 그냥 딱봐도 제꺼랑 너무 차이나게 들어가있었어요 아보카도 양도 매번 올때마다 그때그때 다른거같은데 계량없이 하시는지,, 오늘은 좀 아쉬웠습니다ㅠㅠ",ㅠㅠㅠ 저 이러다 100번갈거같아요ㅠㅠ 1년넘게 다녀도 변함없이 항상 맛있어요... 진짜 연희동 1티어..,브런치 먹으러 왓는데 강추합니다..🥰🩷,메뉴가 다 맛있네요. 재료들이 조화롭게 어우러져서 더 좋았어요.,"매일 핑크아보만 먹다가 콘프리터 먹어봣는데 딱 다섯입까지 색다르고 맛있엇어요. 옥수수도 씹히고 부드럽고 다채 로운맛. 다만 반쯤 먹엇을땐 , 음식에 어떤 기름이 사용된지 모르겟으나 전체적으로 너무 오일리하고 니글니글 ㅜㅜ 사진에서도 보이는ㄷㅔ 무슨 오일같은게 많은데 뭔지모를 .. 먹다보니 뭔가 상큼한게 필요했어요. 개인입맛이...",주기적으로 생각나면 가는 곳이에요.ᐟ 이번 뇨끼 신메뉴도 맛있었어요. 콜드 파스타가 사라진건 조금 아쉽네요🥲,"오랜만에 연희동에 와서 먹구왔어요ᰔᩚ 날씨도 너무 좋아서 바람에 흔들리는 나무그림자도 보면서 맛있게 먹었어 요.ᐟ.ᐟ 베스트 메뉴 2개 주문해서 먹었는데, 베네딕트에 빵을 못보고 추가해버려서 베네딕트3층빵탑을 먹게 되었는 데 덕분에 배가 든든해졌어요🤤 그리고 먹다가 청포도라임에이드로 입가심 한번씩.ᐟ.ᐟ 메뉴도 친절하게 알려...",베네딕트도 맛있고 콘프리터도 맛있고.. 여기 너무 좋아요!!,양이 생각보다 꽤되네요 특색있는메뉴라서 더 좋고 맛있어요!!! 쏘프레쉬🫶🏻,너무 맛있어요. 특히 에그 베네딕트는 정말 최고.,연희동에서 맛있는 브런치 먹고싶어서 검색하다 발견했는데 양도많고 직원분들도 친절하시고 분위기도 좋고 너무 맛있게 잘먹었습니다:),맨날 아보카도만 먹다가 그릴드미트 마운틴 먹어봤어요. 구운야채랑 고기는 맛있었는데 빵에 카라멜라이즈된 양파가 발려있어서 그런건지 빵 자체가 단건지 모르겠지만 제입맛엔 빵이 좀 달고 엄청 기름졌어요ㅠㅠ 아무래도 브런치로 먹기에는 조금 더 프레시한 아보카도가 최고에요!,오랜만에 호주에 있던 추억이 떠올랐어요 음식도 다 맛나서 엄마도 저도 맛있게 먹었습니다  다음엔 또 다른 메뉴 도전해보려고요,그릴드미트 맛있규 콜드샐러드파스타문어 뭐시기는 간이 많이 삼삼해요 물론 그런 맛으로 먹는거겟지만 간 약하게 먹는 저에게도 많이 삼삼한? 호불호잇을 것 같아요. 옆 빌라에 주차할 수 있어서 차 끌고 와도 불편하지 않아 좋았어요^.^ 늘 오고싶었던 곳이엇는데 다음에는 다른 메뉴 먹어보고싶어요,"쿳사베네딕트, 단호박 크림스프 굿 부라타치즈 뇨끼 쏘쏘",예전부터 와보고싶은 곳이고 후기가 넘 좋아 기대했으나…무화과 크로스티니는 비쥬얼은 이쁘나 맛은 넘 평범하고 무난해요. 라떼와 플랫화이트는 모두 좋았어요,너무맛있네요!,"디너는 처음가봤는데 조용하고 직원 분도 센스있게 잘 응대해주셔서 좋았습니다 :) 무화과 시즌 메뉴는 정말 맛있었고, 뇨끼도 처음 먹어봤는데 감자 맛이 엄청 잘 살아있어서 좋았어요 ! ! 특유의 코지한 느낌이 언제나 위로가 됩니다 :) 감사해요 ! !",맛있어요. 자꾸 생각나는 곳,분위기도 넘 좋고 음식도 하나같이 다 맛있구 직원분들 다 친절하시구 ㅎㅎ 안갈이유가 없어요! ㅎㅎ 멀리서 온 친구들한테 좋은곳에서 대접할 수 있어서 마음이 좋았네요! ㅎㅎ,"들어가자 마자 엄청 귀여운 공간! 사진찍고 싶었는데 사람이 많아서 못찍어서 아쉬워요. 음식도 푸짐하게 나와서 받자마자 넘 기분좋고, 맛있었어요. 또 가고싶은 곳",평일이라 빌라주차장 한가하니 좋았어요 음식도 맛있었고 테이블은 일본처럼 미니미해요 화장실이 푸세식이라 해 서 음료주문 안하고 카페로 옮겨 후식했어요,기분 전환하기 좋은 예쁜 음식~,친구가 가자고해서 갔던 가게! 🥪 건강한 식당! 특별한 메뉴가 있던 곳이였어요! 🌟,맛있고 멋있는 식사를 할 수 있는 곳이에요!🌿 그런데 1인 1메뉴를 무조건 지켜야 하는 게 조금 아쉬웠어요. 음식은  맛있지만 브런치라는 메뉴 특성상 먹다보면 물려서 갈 때마다 많이 남기고 오거든요😢 인원수 기준 반 이상 주문 하는 걸로 바뀌면 더 좋을 것 같다는 의견입니다..🤍,특별한 메뉴가 있어서 좋구요 직원분들 너무 친절하시고 또 너무 맛있어요!! 친절하신 직원분들 더운데 고생 많으시고 복받으세요,"오랜만에 브런치먹고 싶어서 쿳사왔는데 신메뉴가 많이 생겼네요!! 토마토 파스타랑 스모어 프렌치토스트 시켜봤는 데, 토마토 파스타 양도 은근 많고 맛있어요! 프렌치토스트는 제가 생각했던 그 토스트가 아니고 꽤 달았어요ㅠ 맛있 긴한데 또 시켜먹을 것 같진 않아요! ㅎㅎ 라떼는 항상 맛있어요 ㅎㅎ 다른메뉴들도 더 있어서 또 먹으러 갈려...",잘먹었습니다 일행이 좋아해서 또 갈것 같아요,예쁘고 새롭고 신선한 맛이예요. 먹을수록 살짝 느끼한감이 있었지만 커피로 마무리~ 커피도 맛있었어요. 맛있게 잘 먹고 갑니다.,재방문인데 오늘 프렌치토스트 먹었어요~ 일단 비주얼부터 보이시죠? 메뉴들 하나씩 다 먹어보고 싶어요~ 브레이 크타임 없어서 좋아요!!,사람이 많아서 항상 가보고 싶었는데 이제야갔네요~~ 음식도 괜찮고 추천해요👍🎉,"브런치 가게치고 양이 많아요. 일인 일메뉴시키면 배가 엄청 불러요. 외국같은 느낌,,,, 주차도 편합니다. 에그베네딕트랑 핑크아보스매쉬 시켰는데 제입맛엔 에그베네딕트 압승...! 핑크아보는 엄청 프레쉬해요!","오랜만에 갔는데 새로운 메뉴가 많이 생겼더라구요! 새로운 메뉴들을 도전해봤는데 역시나 맛있고 다른 메뉴들도  너무 궁금해요 :) 식당 분위기는 말모말모ღ 호주는 가보지 않았지만, 여행 와있는 ㄱㅣ분이였어요!",엄마랑 브런치 먹으러 왔어요~~ 집 근처에 호주식브런치맛집이 있다니 넘 좋아요~~ 콜드 샐러드파스타 문어 카펠리니는 자극적이지않고 깔끔한 맛이구 콘프리터 칠리 콘카르네는 처음 먹어보는데 아보카도가 듬뿍 들어가 있어서 너무 맛있어요~~^^,에그베네딕트 정말 맛있었어요.  다시 가고 싶은 곳입니다~,맛은 진짜 솔직하게 진짜 많이 별로에요….  예쁘긴 합니다.. 고추가루를 베네딕에 독특하긴 하긴 해요.. 마케팅에 속아서 방문했여요..,연희동 호주식 브런치맛집입니다~ 재료들 신선하고 가성비도 좋아서 기분좋게 식사가능합니다~ 다만 대로변에 있 어 소음이 거슬릴수도 있지만 개방감이 오히려 맘에 들수도 있어요. 커피도 브런치와 어울리는 고소한 맛이었고 직 원분들 모두 친절하십니다~ 재방문의사 있어요!! ✔️주차가능,휴일의 브런치로 더할나위없이 좋으다!! 신선하고 새메뉴가 또 개발되어 새로운 맛을 느끼고 갑니다,브런치... 이쁘긴한데 뭔맛인지 모르겠음 빵 넘 딱딱하고ㅜㅜ내스탈 아닌데... 대로변이라 바로옆에 차들 씽씽다녀서  좀 그런것도 있고... 제일 그런건 이집 화장실이 푸세식임ㅜㅜ 맙소사... 재방문은 안할듯ㅠ,일요일 아침 열시쯤 예약하고 방문했어요~! 인스타에서 보고 메뉴가 특별해서 와봤어요. 아침일찍인데도 동네주민( ?)분들이 많이 계시더라구요 동네맛집인듯! 콘프리타가 기대이상으로 너무 맛있고 약간 타코같은 느낌도 있고 흔한  서양식 브런치랑은 다른 느낌으로 맛있었어요. 가게도 아기자기하고 직원분들도 너무 친절하셨어요 재방문...,재료들의 밸런스가 음식들이에요 😋 핑크&그린 아보 스매시는 향신료 좋아하는 저와 동행에겐 굿초이스!! 변형된 에그베네딕트도 매력만점이었어요 :)  종종 올것 같아요 ㅎ,인테리어도 마음에들고 메뉴들도 너무 맛있었어요!,음식 맛있고 좋아요 다만 화장실이 내부에 없고 건물용을 써야하는데 안깨끗해요ㅠ,음식 맛은 말 할 것도 없이 좋았습니다~~ 무엇보다 들어갈 때부터 넘넘 친절하고 세심하게 맞아주셔서 더더 좋았습니다🙃🙂,와..여기 정망 수란맛집입니디아😳 무엇보다도 브런치 인데도 불구하고 배 든든히 맛있게 잘 먹었답니다!! 그리고 조금은 색다른 호주식브런치를 즐길수 있어서 좋았어요!!,너무 맛있어요~ 대만족!,먹어도 먹어도 계속 생각나는 맛ㅠㅠ 브런치하기에 든든하고 좋아요,"매장이 생각보다 작진 않았고, 재료가 신선하고 직원분들 친절하셔서.. 모처럼 기분 좋은 나들이가 되었습니다.","가까우면 정말 자주 오고 싶은 곳!! 모든 음식을 다 먹어봤을 정도로 애정하는 맛집이에요 ㅎㅎ 데이트로도, 가족분들과도, 친구들과 함께 아점으로 건강하고 맛있는 음식 먹기에 최고에요 👍",음식도 맛있고 양도 생각보다 많아요 !  장소가 협소하긴 하지만 그래도 먹어본 메뉴 다 너무 맛있어요 ㅎㅎ 무엇보다 직원분들 친절해서 더 좋았습니다 🥹 번창하세요 !,동네 최애 브런치 가게...😍❤️,맛있게 잘 먹었어요,동네에 늘 눈여겨도 보던 브런치집인데 오늘에서야 다녀왔네요!   역쉬 늘 사람들이 많은 이유가 있었어요!!!,"공간이 넓진 않지만, 특별한 분위기가 느껴져요. 직원님들도 친절했어요. 맛은 살짝 강한 느낌이예요.",건강한 재료로 구성된 부담되지 않는 브런치. 맛도 신선하고 좋았습니다. 주차도 편리했구요.,토요일 젤바쁠때라 미리 예약하고 다녀왔습니다 와인콜키지 여쭤보니 만원이라고해서 한병가져가서 마셨습니다 레 드랑 음식이 잘 맞았습니다 음식은 언제나 그렇듯 신선하고 맛있습니다 가격대도 저렴하다 싶을 정도입니다 와인을 가져가서 오래머물거라고 생각하셨는지 자꾸 첨언을 하시기에 식사시간 얼마나 주냐고 물으니 두시간 정도...,분위기 좋아요. 소스가 조금 센것같은데 그래도 맛있어요😀🙏,음식이 너무 맛있어요.  또 가고싶어요,"워낙 자주 오는 곳이긴한데 ,, 너무 좋아하는 곳이에요! 친구랑 오면 에그 베네딕트 1인1접시 하는데 ㅋㅋㅋ오늘은 특별히 핑크&아보카도 스매시 시켜봤어요 ! 특별한 날 오기 너무 좋은 곳이에요 ! 분위기도 좋고 커피도 맛있습니닿ㅎㅎㅎ","이집 에그베네딕트가 제일 맛있어요😘 새로 나온 메뉴 그릴드 미트 마운틴도 시켜보았는데, 버섯이랑 가지, 그리고  주키니를 어떻게 구우면 이렇게 맛있을까요???🤔 빵도 부드럽고 수란을 톡 터뜨려 먹는 재미도 있어요. ❤️",맛있어요~~~ 생각보다 양이 많은거 같으면서도 아닌거 같고 그래도 밝은 창에 맛있고 예쁜거 먹으니 기분이 좋더라구요~ 진짜 휴가온 기분이었어요!,역시 쿳사에서는 에그 베네딕트를 먹어줘야 해요 ㅎㅎ.. 신메뉴도 많이 생겨서 골라먹는 맛이 있네욥!  쿳사 커피도 넘 맛있어요!,저 블랙콘프리터 진짜 미친놈이에요 넘 맛있음 그리고 저 마운틴 고기도 진짜 미쳤어요 여유로운 브런치 즐기러 가 서 아무말없이 둘이 푸파하고 왔어요 진짜로 너무 맛있어서 짜증나요 그리고 직원분들도 다 친절하고 매장분위기도  좋아요:) 리뷰 키워드 5개 제한인게 한이 맺힐 정도입니다,너무 친절하시고 맛있고 예쁘고 주차편하고 다하는 곳! 내일 또 예약했어요🥰,친구들  반응이 좋네요,브런치나 간단하게 먹기 좋은 곳이에요. 맛도 있고 은근 양도 있어서 참 좋았답니다. 근처에 오게 되면 또 가고 싶을 것 같아요~~,음식 맛있고 커피는 별로인 듯.,"일요일 오전에 갔는데 자리는 몇 개 없는 상태였지만 웨이팅까지 하진 않았어요! 그릴드미트마운틴, 토마토파스타,  그리고 쿳사베네딕트 시켰어요! 원래 두 개만 시키려고 했는데 1인 1메뉴가 세 개 시켰는데 양이 조금 많긴 했어요 ㅎㅎ 그래도 모든 메뉴 다 맛있고 너무 좋았습니다. 다음에 가게 되면 미트마운틴이랑 베네딕트는 꼭 또 먹을 ...",삼인분같은이인분 맛은 백인분!,"와이프와 기념하기위해 약 한달전 네이버로 예약후 방문했어요. 급하게 초등학교가 쉬어서 아들도 가려했지만 2인 자리만 예약되어있어 어렵다고하시어 2명만 방문했습니다. 핫플이라 그런지 가게옆에 대기줄이 계속 있더라구요. 1 1시 30분 예약이었고 25분경도퍽허여 창가쪽 앉았는데 대기자분들, 버스정류장과 가까워 버스승객분들과 강...",맛있게 잘 먹었어요~~ 차이티라떼도 진해서 맛있었습니다:),"신선하고 건강한 재료로 특별한 음식! 닭다리 밑에 으깬 감자가 있는데 너무 맛있었당, 블랙 콘도! 에그베네딕트는 뭐 다 아는 그맛 약간 기름짐 다만 음식에 비해 받는 서비스가 안어울림! 예약하고 간건데 비와서 우산정리하느랴 아직 가게 안으로 들어가지도 않았는데 저 멀리서부터 예약했는지 이름이 뭔지 계속 크게 물어봐서 너무 정신...",벌써 세번째 방문인데 음식 진짜 맛있어요! 처음 방문해서 먹은 치킨콩피 보리버섯필라프가 너~무 맛있어서 다른 메뉴도 먹고 싶어 오다보니 5월에만 세번째네요ㅎㅎ 지금까지 먹었던 음식 다 맛있어요. 빵도 맛있고 재료가 다 신선하고 맛있어서 만족도가 아주 높습니다!,맛있어요 처음 생겼을 때 몇 번 가다가 오랜만에 최근 두 번 방문했는데 양 넉넉하고 맛있어요,엄마 모시고 갔는데 좋아하셨어요 ㅎㅎ 기존에 먹었던 브런치랑은 다르게 독특한 메뉴가 많아서 좋았어요.,아보만 20번은 먹은듯 매번 조리하시는분마다 다른건지 조금씩 차이가나요 요즘은 빵이 많이커지고 아보 양이 좀  적어진느낌 그래도 맛잇어요 ~~~ 깔끔한맛 잘먹엇습니다. !,음식도 맜있고 친절해요!!!! 정말 가실 분들을 위해서 말씀 드리자면~~ 소스가 많아서 적당히 달라고 요청해도 좋을  것 같고 커피는 ... 식사 후 카페 전문점 가서 드세요^^,호주식 브런치 특이함!
연희양과점 연희점,1635845245.0,까눌레랑 휘낭시에 포장으로 구입했습니다. 안에 공간이 널찍해서 앉아서 먹고 가기도 좋아보였어요. 쑥초코 까눌레나 팥앙금이 들어간 휘낭시에 등 새로운 맛도 있어서 구입하는 재미가 있었습니다. 맛은 당연히 최고였어요 xD,너무 예뻐서 들렀는데 가격도 좋고! 까눌레도 너무 맛있고! 최고예요!!! 하루 지나서 먹었는데도 맛있어서 놀랐어요😋😋😋 다음엔 그 자리에서 커피랑 바로 먹을거에요!!!!! 😍😍😍,까눌레 : 바삭하면서 속은 촉촉해서 맛있어요.  카페인 없는 차 종류가 다양해 좋아요. 직원 분 친절하고 매장 조용한 분위기인데 휴대폰 알람을 매너모드로 해놓지 않는 한 손님이 있었어요.,직원분추천 마롱파운드 진짜 맛있네요 최고에요 커피랑 잘어울려요! 너무 달지도 않고 적당해서 더 좋았어요 꼭 한번 드셔보세요!!,"무화과커피까눌레와 스콘&아메리카노 시켰어요, 가격은 다른데와 비슷한거 같고 디자인이 예쁘고 까눌레와 휘낭시에 전문점이에요","까눌레도 미춌고, 휘낭시에도 너무 맛있어요ㅠㅠ",선물받아 먹어보고 자꾸 생각나서 직접 찾아가서 사왔네요.,"선물하기 너무 좋아요^^ 포장도 다양하게 있고, 까눌레 휘낭시에 너무 좋아하는데, 자주 올게요^^ #메뉴판 #휘낭시 에 #까눌레",까눌레가 비교적 저렴한 편인데 너무 맛있어요🥹 집 근천데 진작 와볼 걸…. 조만간 또 방문할게요~💜,"오랜만에 왔는데 다른 스콘도 신메뉴로 나왔더라구요 ㅎㅎ 그치만 딜스콘 포기할 수 없어서 일단 딜스콘.. 양과점 항상 깔끔하고 너무 소란스럽지 않아서 좋아요ㅜ 점원분께서 계속 이리저리 가게 확인하시던데 잘 관리되는 것 같아요. 부디 오래 계셔주세요, 사장님..",외관이 예뻐서 이끌리듯 들어갔어요. 까눌레 4개 포장해서 집에서 맛있게 먹었네요. 무화과 커피 까눌레 아주 맛있었어요~!,까눌레랑 휘낭시에 모두 풍미는 좋았지만 눅눅해서 좀 아쉬웠다..,구움과자 종류가 다양하고 세트구성이 좋아서 선물하기도 좋을것 같아요~,"휘낭시에, 까눌레 종류가 다양하고 맛있어요.",커스터드쿠키슈 크림이 정말 많이 들었는데도 많이 안 달고 맛있었습니다! 늦게 가서 까눌레를 못 먹어 아쉬웠지만 다음에 또 가겠습니다 사장님이 정말 친절하세요🥰,아주 맛있어요,"연희동 구움과자 맛집 연희양과점💛 사장님이 정말 친절하셔서 인상 깊은 곳!! 모든 디저트가 다 맛있는데, 특히 얼그레이살구랑 애플시나몬 휘낭시에 진짜 미쳤어요... 강추👍🏻","토요일 오후 7시에 이미 까눌레가 모두 솔드아웃 상태였어요. 갈릭버터 피낭시에는 마늘 바게트 촉촉한 부분, 갈레 트 브루통은 기본 스콘 부드러운 부분이 연상됩니다. 감태 카라멜 샌드쿠키는 신박한데 이 조합 괜찮네요. 단짠을 상 상했는데 짠 정도는 아니고 마른 김, 마른 감태 정도입니다. 제 원픽은 얼그레이 살구 피낭시에! 얼그레이 맛 ...",까눌레도 스콘도 커피도 말해뭐해 너무 맛있구요 무엇보다 카운터 직원분이 너무 친절해요 매장도 청결하고 조용 하고 너무 좋아요 .. 자주 이용하겠습니다🩵🩶,선물용으로 구매했어요! 구움과자 치고 너무 부담스럽지 않은 가격이라 넘 좋아요🤎🤎,"사진 찍고 먹어야하는데,,, 넘 맛있어서 그냥 먹어버렸어요,,,ㅎ 까눌레 맛집인데 오늘 모두 솔드아웃이라 휘낭시에 를 먹었숩니다! 진짜ㅠㅠ 재료 안아끼시고 꾹꾹 눌러 넣은 녹진한 맛이 최고👍 단거 안 좋아하는데 여기는 진짜 너 무 달지도 않고 재료맛이 너무 잘 느껴져서 좋아요:)) 직원분도 너무 친절하시구,,,, 카페도 조용하니,,,혼자 오...",까눌레 진짜 맛있어요!,"크림치즈에 환장하는 여성으로서 🍪오레오 크림치즈 스콘🍪이 눈에 확 들어와서 먹어봤는데, 역시 제 안목은 틀리 지 않았어요😋🫶 따뜻하게 먹고 싶어서 데워주실 수 있겠냐고 여쭤보니까 친절하게 응대해주셨어요😭🙏 알바 생분 넘 친절쓰 ,, 중간중간 씹히는 피칸이 개꿀맛이네용 ㅎㅎ 까눌레만 먹으러 왔었는데 이젠 스콘마저 제 ...","상큼한 디저트를 좋아하는데, 레몬 딜 스콘 너무너무 제 취향이에요💗💗 오랜만에 방문했는데 .. 역시 맛나용 👍",더 사올걸 아쉽아쉽 기대보다 더 맛났음,직원분이 절 알아보셨..ㅋㅋㅋ 부끄럽지만 ㅎ.. 오픈런 했는데 슈는 아직 못 구우셨다고하셔서 스콘만 먹었음 파스스 부서지는 스콘이 아니라 촉촉해요 최고..,시간이 없어서 테이크아웃을 했는데 까눌레 3개와 휘낭시에 3개 사왔네요 우선 연희동에 이렇게 저렴한 구움과자집 이 있는게 좋은 것 같고요 가성비도 좋았어요~ 저는 개인적으로 휘낭시에가 좋았습니다.,연희동 놀러갔다가 궁금해서 사왔는데 너무 맛있어요.🧡,"위에 장식이 유채꽃처럼 생겨서 보는 눈이 즐거워용~~ 스콘 맛있다는 리뷰보고 산건데 !!!💛 정말 맛있구요..자주  생각날거 같으니까 자주 갈게여! 직원분들둥 ,,디저트 못지않게 너무너무 쏘 스윗 하시궁~~ 쿠키슈먹으러 갈게용😆",한잔에 한시간이상 머물며 대화와 오가는 사람들의 한적한 분위기가 정말좋아요,"이렇게 다양한 까눌레 있는 곳이 있다니.. 제가 가본 양과점, 카페 통틀어 처음이에용 3개 구매했는데 전부 맛있네요!!! 집이 멀어서 아쉬어용..",까눌레 먹으러 갔는데 없어서 너무 아쉬웠어요ㅜㅜ 다른건 여기서 안먹어봐서 살까 말까 고민하고있었는데 직원분이 잘 설명해주셨기도 하고 강추하셔서 믿고 사봤는데 여기는 다 맛집이었어요. 다음엔 친구랑 가게에서 먹어보겠습니당ㅎ,선물용으로 좋아요,굿,"종종 방문했었는데 스콘 나온건 첨봤네용 ㅜㅜ 안퍽퍽해서 넘 좋아요 , 요거랑 슈 최애 될 듯해여 ❤️ 실내공간 아늑하고 분위기 있어서 데이트 장소 추천🐥 행복한 시간 보내다 갑니당",주말 오후에 가니까 까눌레는 다 품절이더라구요ㅠㅠ 쑥 인절미 휘낭시에랑 피스타치오 파리브레스트 포장해서 먹었어용 쑥 인절미 맛이 진해서 넘 좋았구 피스타치오도 달지 않고 담백하니 편하게 먹었습니다!,"피스타치오 파리브레스트라고 새로 나온 디저트 있길래 먹어봤는데, 안에 크림 완전 많고 맛있어요...신기하게 안에  크림이 두 종류가 들어있네요 제가 크림 : 빵 = 99 : 1 인걸 좋아하는데 완전 취향저격이에요. 빵도 푸석하지 않고 촉 촉 바삭해서 맛있네요~ 그리고 직원분 너무 친절하세요~",선물하거나 여럿이서 나눠먹을 때 종류별로 다양하게 구매하기 좋아요. 연희양과점에서 까눌레 세트 선물하면 다들 너무 좋아하네요. 맛도 좋고 가격도 합리적이에요:),쑥,까눌레 맛집이라해서 찾아갔어요 커피 착한가격에 까눌레 걷빠속촉 굿!,학교 수업듣고 와서 포장하려했는데 다 팔렸으면 어쩌지 했는데 있네요 다행 ㅠ 밀크티랑 쿠키슈…양과점에서 쿠키슈 안먹어본 사람 없게해주세요,맛있어요,알바생도 친절하고 까눌레도 맛있어요!🥺❤,휘낭시에 맛있어요,버터향이 그윽하게 올라와서 사장님(이신지 직원분이신지) 여쭤보니 고메 버터 사용하시고 직접 구우신다네요. 그래서 소량밖에 없나봐요. 쿠키슈랑 스콘 강추…,깔끔하게 맛있는 황치즈 휘낭시에와 초코르뱅쿠키입니다. 요즘 구움과자들이 뭔가 과한 맛이 많다면 딱 정석적으로 재료 고유의 맛이 잘 어우러지면서 맛있습니다👍,오후 늦게 갔더니 쿠키슈 품절이었어요. 대신 레몬딜 스콘 먹었네요. 담엔 더 일찍 와야겠어요. 그래도 레몬딜 스콘도 맛있었어요. 친절하셔서 기억에 남네요^^,맛나요 친절하공,휘낭시에 왕 강추입니다…,휘낭시에랑 까눌레를 다양하게 선택할 수 있어 구움과자가 생각날때 한번씩 들르는 연희양과자점!! 다양한 디저트 를 맛있게 즐길 수 있어서 즐겨찾는 연희양과자점 요즘 디저트가격이 좀 겁나는 경우가 많은데연희양과자점은 기 분좋은 가격으로 만날 수 있어서 좋아요!!,커스터드쿠키슈 대박 맛있어용♡,ㅜㅜ우와앙 저 까눌레 원래 별로 안 좋아하는데 여기 너무너무너무 맛있어요 ... 💖 세상에 이곳을 이제야 와봤다니 .. 너무 유명해서 오히려 안 와본 곳인데 친구 덕에 와봤네요! 직원분도 너무 친절하시고 추천도 잘 해주시네요 ㅎㅎ🥹🫶 다음에 포장 잔뜩 해갈거에요 ㅠ◇ㅠ,무화과커피카눌레 먹어봤는데 너무 맛있었어요👍👍 겉바속쫀이 뭔지 완벽하게 이해함!,"연희동 까눌레, 피낭시에 맛집인데 오늘은 차를 마셨어요 직원분 친절하시고 분위기도 좋아요^^","까눌레가 너무 맛있어서 자주 가는 연희양과점인데 새로운 메뉴가 나와서 바로 사서 먹어봤습니다. 역시나 너무 맛 있네요b 신메뉴 ‘레몬 딜 스콘’이랑 ‘쿠키슈’ 최고에요 스콘은 상큼한 레몬맛이 너무 좋습니다 따뜻한 커피랑 찰떡이 고요, 쿠키슈 무슨일 크림이 잔뜩 들어갔는데 맛있는 크림이라 순삭했네요 크림이 시원하고 적당히 달콤한데 ...",보통 카페 밀크티들은 홍차향에 설탕우유 탄 느낌인데 여기는 진짜 홍차 우려서 쓰는 맛이 나요. 밀크티 러버들도 강추,맛난 피낭시에~~,피낭시에 맛나요.,쿠키슈 도른자…피낭시에랑 쿠키슈 도른자에요 여기,여기 무화과 휘낭시에 선물 받아서 먹고 너무 맛나서 찾아왔어요. 쫀득하면서도 뽀송한 것이ㅠㅠ 존맛이에요!!!,휘낭시에랑 까눌레만 먹어봤지만 맛있습니다! 까눌레 빠작빠작하고 좋아요 ㅎㅎ 여기로 입문해서 다행 ㅎㅎㅎ 선물 받으면 다들 너무 만족했어요. 선물용으로 딱 좋은 것 같아요!,다 맛있어요💗💗💗💗💗💗💗,까눌레는 제 입맛에는 별로였지만.. 카페라떼 너무 맛있었어요!!! 스팀밀크를 잘 하시더라고요 ^_^,매장이 깔끔하고 분위기가 편안합니다 디저트도 맛있네요!,맛있어요,연희양과점 오랜만에 왔는데 신메뉴로 레몬딜스콘이 생겨서 시켜봤어요 까눌레랑 휘낭시에 맛집이라 레몬딜스콘도 기대했는데 역시나 맛있네요…스콘 식감도 완벽하고 글레이즈도 딱 적당히 달고 맛있어요ㅠㅠ 레몬딜스콘은 파는 곳도 잘 없던데 이제 여기 더 자주 올 것 같아요ㅎ 슈도 먹어보고 싶었는데 다 팔려서 넘 아쉬웠어요ㅠㅠ 다...,선물용으로 좋아요,휘낭시에와 카눌레가 생각나면 연희양과점 추천합니다.,"연희동에서 이름부터 연희양과점인 까눌레 가게가 있길래 들어가봤어요! 요새 기본적으로 까눌레 가격이 3,000원 넘어가는데 여기는 크기가 조금은 작은만큼 가격도 2,500원이라 가격 측면에서 합리적으로 느껴졌고 무엇보다 보 통은 베이스나 토핑이 다르면 가격도 다르기 마련인데 모든 까눌레의 가격이 같은 부분이 매력적으로 느껴졌...",까눌레 맛이 정말 다양하더라구요! 못참고 여러가지를 사고 나왔어요 ㅋㅋㅋ,짱 맛~,까눌래 진짜 너무 맛있어요🥹,까눌레가 맛있어보여서 지나가는길에 들어갔는데 까눌레는 품절이어서 못먹고 휘낭시시에 구입했는데 얼그레이살구/호두크럼블 둘다 맛있게 먹었습니다~,한가로이 커피마시기 좋고 커피안주가 맛있어요!,마늘버터 피낭시에…수업 끝나고 스콘 사먹으려고 왔는데 스콘 품절이길래 신메뉴 나온거 먹었어요ㅠ 이렇게 다 맛있으면 어쩌죠..ㅠ 요즘 신메뉴 자주 나오는 것 같아서 더 자주오게 돼요,굿 지인-짜 맛난 휘낭씨에 입니당  그리고 지-인짜앙 친절 하셔용❤️🤍🌸🌷,매장에서 스콘 굽고 계시길래.. 후다닥 하나 사봤어요 어떻게 모든 디저트가 이렇게 맛나죠?ㅠㅠ,연희동 간김에 들러봤는데 까눌레가 정말 맛집이네요!! 완전 겉바속촉의 표본! 너무맛있어요 선물용으로 구매하기도 넘 좋을거같아여,까눌레 겉은 바삭하고 속은 쫀득하니 너무 맛있네요! 슈랑 커피도 너무 맛있어요! 유명한덴 이유가 있는 것 같아요~,버터향 가득 너무 맛있어요🥺🤎 갔을때 까눌레 품절이었어서 다음에 꼭 먹어봐야겠어용!!,휘낭시에 진짜 맛나요! 오페라가 원래 맛있는데 단종됐다해서 너무 아쉬워요ㅜㅜ,황치즈!!! 무화과!! 쑥!! 초코!!,선물하기 좋아요,까눌레랑 휘낭시에 먹었는데 둘 다 맛있었지만 휘낭시에가 제 입맛엔 더 맛있었어요! 커피랑 같이 먹기에 딱 좋은거 같아요!,늦게 가면 많이 없어효 ㅠㅠ 담엔 꼭 해 떠있을 때 가리라,까눌레랑 휘낭시에 다 맛이,직원분이 친절해요,휘낭시에 맛있어요.  달지 않고 적당해요,피낭시에 맛있어요^^,굿,커피도 맛있고 디저트도 맛있습니다,너무 맛있어요,신세계백화점 본점에서 봤는데....,"까눌레 정말 많이 먹어봤어요..이번엔 피낭시에를 먹어봤는데 피낭시에 이렇게 맛있는 곳 처음이에요. 지인이 까눌레 맛집이라고 해서 까눌레만 먹었는데 피낭시에한테 미안해질정도였어요 피낭시에도 꼭 먹어보세요, 직원?분? 친절하셔요 담에 또 들를게요 감사합니다",여기진짜 너무 좋아요!ㅠㅠ 매장도 크고 분위기있고 인테리어도 예쁘고 심지어 구움과자너무맛있음요!! 까눌레랑  휘낭시에전부맛있고 갠적으로 얼그레이살구휘낭시에 개추천! 넘 힐링되는 공간이예요ㅎㅎ,엄—-청 맛있다 !!! 는 아니지만 그래도 종종 생각나면 찾아갈만한 곳.,먹어본 휘낭시에 중 젤 맛있어요 연희동 올때마다 꼭 들르는 곳 🥹🫶,그냥 유명만한줄 알았다가 존맛탱이라 깜놀... 까눌레도 너무 맛나고 휘낭쉬에나 버터쿠키도 맛났어요. 많이들 드세요,휘낭시에 먹었는데 맛있었어요~! 사장님도 친절하세요:),여기 디저트들 다 말도 안되는 맛인데 저는 특히나 피낭시에가 말도 안된다 생각해요,까눌레 크기는 작은데 넘 맛있었어요.ᐟ,굳,진심 까눌레 덕후라면 꼭 가야할 집😝💓,까눌레 맛집으로 유명한 연희양과자점  오후 6시 안되서 도착했더니 솔드아웃된  까눌레가 많아서 시킨거 너무나 많아서 아쉬웠지만 그래도 맛있었어요,"연희동 까눌레, 피낭시에 맛집^^",피낭시에 맛있어서 자주 가게 되네요^^,또 먹었어요.. 못참겠어요ㅠㅠ 근 몇달간 까눌레만 어어엄청 사먹었는데 이제 피낭시에에 꽂혔어요 조만간 쿠키도  싹 맛볼거예요,"다먹어서 빈봉지 사진 ㅎㅎ 까눌레, 피낭시에 넘 맛나요",맛있어요,
베지스,1672337474.0,"분위기 좋고, 음식도 맛있어요. ^^ 고기 좋아하지만 비건 요리도 충분히 맛있네요. 와인, 맥주도 있어서 가볍게 한잔 즐기기도 좋습니다. 남성분은 메뉴 하나로는 부족할 수 있는데 사이드 메뉴도 있습니다. 주변에 작은 미술관도 생 기고, 카페도 생기더니 멋진 브런치 가게도 생겼네요. 휴일 오전을 느긋하게 즐기세요. ^^",동네에 이런 맛집이 생겨서 넘 좋아요!! 여러번 와봐야지 했는데 오늘에서야 첫방문했네요^^ 부추페스토 고라시 파 스타라니..와..!! 완전 건강하고 그러면서도 맛있어요!! 들깨비빔메밀국수(?)도 맛있고 레드락 생맥주도 굿!! 사장님 들 친절하시고 자리도 편하고 인테리어도 깔끔하고 좋아요~~ 술 종류도 다양해서 한잔하기도 좋겠어요^^ 또 ...,비건 재료로 만든 음식 정말 맛있어요!! 고사리 좋아하면 부츠페스토파스타와 고사리나물 무조건 드셔야 합니다 🍝크게 기대 안 했는데 맛있었던 건 타코라이스!!! 일반적인 타코라이스보다 더 담백하고 조화로운 맛이었어요 🌮 비건 최고!!! 비건하시는 분들께 완전 추천해요💜👍,베지스 베스트 메뉴라고 하는 부추 페스토 파스타와 타코 라이스를 먹었습니다. 역시 맛있다고 하는 이유가 있네요. 저는 개인적으로 타코 라이스를 너무 좋아아는데 베지스꺼 너무 맛있었어요. 곱빼기를 만들어주시면 그걸로 시키고 싶은!ㅋㅋㅋ,"아기 데리고 가서 부추 페스토 파스타랑 애플 프렌치 토스트 가지구이 먹었는데, 너무너무 맛있네요! 전체적으로 간 이 자극적이지 않아서 너무 좋고, 채식요리인데도 맛이 깊고 전부 조화로워요~ 개인적으로 소스, 양념 맛(토스트에 같이 나온 딜크림, 가지구이 양념, 부추 페스토 등)들이 전부 제 취향이예요!! 가까우면 자주 갈텐데.. 아쉽네...","맛있는 음식과 맥주로 하루를 마무리하기 위해 찾은 베지스에서 타코라이스를 먹었습니다. 아삭하게 씹히는 토마토 랑 생양파가 새콤 알싸해서 입맛을 계속 돋워주었어요. 평소에는 콩을 잘 안 먹는데, 타코라이스의 콩은 정말 부드럽 고 고소했어요. 모든 재료가 조화로워서 푸짐한 한 그릇을 먹는 동안 전혀 질리지 않았습니다. 무엇보다 정말...",짭쪼름한 포르치니 크림뇨끼랑 달달구리 애플 프렌치 토스트와 가지구이 짱맛✨거기에 두유하이볼까지 아주아주 맛있었어요! 연희동 인근 놀러가면 꼭 들리고 싶은 곳! 내가 연희동 주민이었으면 놀러오는 친구들에게 동네 최애 레스토랑으로 소개하고 싶은 곳이에요💗,"연희동 골목 새로생긴 비건 식당 소개합니다. 베지스 VEGGIES 입니다. 하얀 간판 외관의 베지스 들어가봅니다. 향 긋한 채소 냄새가 식당에서 퍼집니다. 간접등 조명이 따뜻하게 느껴집니다. 애플프렌치 토스트와 가지구이, 제철 오 일파스타 그리고 하이볼 주문했습니다. 슬라이스된 사과와 적당히 익혀진 가지, 빵이 나옵니다. 재료 하나하...",사랑하는 채식 음식점 💗 점심에 먹고 맛나서 저녁에 또 갔어요. 후무스 샌드위치와 타코라이스 최고!,따뜻한 메밀차와 친절함이 너무 좋았어요. 탬패 반미 샌드위치는 따뜻하게 데워서 고수를 곁들여 먹으니 그 맛은 끝 네주네요^^ 고사리 부추 페스토 파스타는 구수하며 깊은맛이 일품!! 집가까이 비건식당이 생겨 너무 좋아요!,고사리 파스타 매력있어요~,채식이 속도 편하고 좋네요~,집근처 비건식당이 생겨 처음갔다. 포르치니 크림뇨끼와 타코라이스를 주문했고 따뜻한 개피향 차가 입맛을 더해주었다. 건강한 재료로 조리해서인지 남김없이 먹고 건강해진 느낌이 밀려드는 것은 음식이 참 맛있었다.,사장님 두분의 내공이 꽉꽉차있는 맛집이더군요. 음식이며 친절이며 단 하나도 흠잡을게 없는 연희동 맛집으로 강 아지를 같이 데리고 와도 전혀 불편하지 않도록 챙겨주셨습니다. 손님이 워낙 많을때가 있어서 두분 힘들까 걱정되 는데 건강 유지하시면서 오랫동안 운영해주셨으면 좋겠습니다🥰,맥주가 술술 들어가는 비건식당! 집에서 따라 해보고싶을 만큼 맘에 들었어요 친절한 사장님의 미소는 덤!,진짜 최고… 가까운 곳에 비건 맛집이 생겨서 너무 행복하고 사장님이 너무 친절하고 유쾌하셔서 더 자주 가고싶다! 귀엽고 깜찍한 댕댕이들도 볼 수 있고 오픈 기념 디저트 쿠키도 주셨는데 너무 맛있어요 ㅠㅠ,비건은 처음인데 나쁘지않았어요,"연희동에 이렇게 맛있는 비건식당이 생겨서 너무좋아요! 비건타코라이스는 처음 먹어봤는데, 너무너무 맛있어서 또 먹고싶어요! 비건 식당이니만큼 모든 채소 식재료들이 싱싱해서 좋았고 매장도 청결하고 오픈형 주방으로 눈에 보 여서 믿고 먹을 수 있겠다는 생각이 들었어요. 무조건 재방문 각입니다~~~! 번창하세요🫶🏼",타코라이스 먹으러 갔어요~ 혼밥하기도 좋고 음식은 물론 맛있구요~ 조만간 다른메뉴도 뿌시러 갈께용,"메뉴들이 다 건강식인데 맛있어서 비건음식 안같아요!! 고사리 들어간 파스타는 되게 새로웠고, 템페라는 것도 여기 서 처음 먹어봤는데 고소하고 괜찮았어요 전체적으로 비건 가정식느낌 건강하고 푸짐하게 잘먹은거 같아요:)",가양역 근처에 있을 때도 맛있게 먹었었는데 서대문구청에 일 있어서 왔다가 베지스 있어서 반가웠어요 제철 파스타 넘 맛있어요~~,넘 맛있구 건강한 맛 !! 다른 메뉴들도 다 먹어보고 싶네요🤩 만족스러운 한끼 잘 먹었습니다:)! 직원분들도 넘 친절하셨어요☺️,비건 음식점 맛있어요,가양에서 부터 자주 온 비건 맛집이예요 연희동 최고 맛집 될 각..💚💚💚💚,비건 식당에 대한 편견을 깬다 모든 비건 식당의 음식이 이렇다면 나도 오늘부터 비건!,집 근처에 있는게 행복인 식당. 타코라이스 포장으로 사와서 먹었는데 매장에서 먹는거랑 똑같이 맛있었어요,"아보카도버거 먹었는데 맛있고 예쁘고 다 해버림,,, 빵 촉촉하고 비건패티 든든하고 배부르고 과카몰리랑 소스랑 엄청엄청 부드럽고 입에서 맛이 팡팡팡 터짐","먹느라 음식 사진 못 찍은 나란 사람 ㅠㅠ 이전 축하드립니다! 집에서 멀어져서 슬프지만, 베지스는 메뉴 다다다다다 맛있어요!",사장님도 친절하시고 분위기도 최고!!! 타코라이스 꼭 드세요!!!!,,,,,,,,,,,,,,,,,,,,,,,,,,,,,,,,,,,,,,,,,,,,,,,,,,,,,,,,,,,,,,,,,,,,,,,,,,,,,,,,,
피크닉베이크,1444051774.0,잠실 롯데 백화점 팝업이 기회가 되서 갔습니다 달콤 폭신 과일 특히 망고가 달고 맛있었습니다. 아직까진 딸기는  달기보단 아삭아삭 하네요,"잠실 팝업스토어에 매일매일 케이크 라인업이 달라서 은근 운빨이 필요하네요ㅋㅋ 딸기가 아니라 샤인머스켓이라 쫌 아쉽지만 과육이 생크림에 지지않을 만큼 달달해요ㅋㅋ 가격대비 비주얼이 좋구 크림이랑 과일도 맛있는데, 빵이 살짝 덜 촉촉해서 아쉬웠어요.",망고케이크 너무 귀엽고 맛있어요 크림이 진짜 찐이더라구요,"처음 구매해봤는데 진짜 맛있네요! 보통 다른 케이크집 딸기케이크는 딸기가 덜 달거나 너무 시거나 그런곳도 많이 먹어봤는데, 여기는 케이크 박스 열자마자 딸기향도 확~ 나고 맛있어요! 시트,크림,과일이 잘 어울려서 다 먹어버렸네요... 또 먹고싶네요 ㅠㅠ","연말 딸기케이크로 너무 만족했어요. 생크림도 맛있고, 시트도 촉촉하구요. 딸기도 탐스럽구, 어떻게... 흠난 것이 하 나도 없는지 ! 연말마다 만나는 친구들이랑 먹은 케이크 중에 제일 만족하면서 먹은 거 같아요 :) 기념일 케이크는 여 기로 정했습니다 ㅎㅎㅎㅎ",팝업으로 해서 먹는데 안달아서 좋아요!!케잌 맛있어요!,크레이프 스타일의 케이크가 맛있었어요! 쑥 쿠키도 촉촉하니 좋았습니다,굿굿,여기 딸기케이크 맛집이에여 종류별로 꼭 두번씩 드세요 다 맛있어요 실내는 앉아서 먹기엔 좀 좁아요,크리스마스에마감되어서 다음날 방문했어요 딸기밭미니케이크 둘이 먹기 딱좋은 사이즈구요 저번에도 구입해서 먹 었는데 이번엔 조각으로 구입했어요역시딸기케이크맛집이네요 매장에 들어오자마자 딸기향이 가득하더라구요  정말 맛있어용,커피 맛도 괜찮고~ 딸기크레이프 케이크 먹고 맛있어서 딸기밭 케이크도 하나 더 먹었지요~ 앉아서 먹고 갈 수 있어 좋았어요!,예수 생축 근데 처녀잉태가 가능한거냐?? 혹시 건장한 동방박사 3명.. 아.. 아니다.. 아니겠지...,팝업 들어와서 먹어봤어요 촉촉하니 맛나서 순삭,맛있어요,"아내의 생일 케잌으로 주문했는데 맛도, 모양도 만족해서 너무 좋았습니다.",딸기미니케이크 크림이 부드럽고 맛있어요,딸기크레이프 케이크 9.5,엄마 생신 겸 연말 파티 케이크로 선택했는데 엄마가 너무 좋아하셨어요 딸기가 엄청 달고 맛있었어요,"케익이 진짜 맛있어요!! 크림이 느끼하지도 너무 달지도 않고 딸기도 많이 있어요. 원래 케익 다 먹기 힘든데, 여기 케익은 앉은자리에서 순삭했어요 😋  다음에 연희동 올 일 있으면 먹으러 꼭 다시 올거같아요!",넘 맛있었어요 즐거운 연말 파티 했어요,딸기가 듬뿌욱,예약하면 당일에도 취소가 안되는게 좀... 케익 엄청 작고 시트 진심 0.5cm는 되나 싶은데 딸기만 왕창 넣어서 가격 비싸게 받는 거 같음 진짜 실망,파티하려고 딸기케익 시켰는데 너무너무 맛있었어요 손님들 전부 인생최대 케익이라고.. 다음날 연락와서는 더먹을걸 아쉽다고 가게 알려달라더라구요 ㅎ,쿠키가 생각보다 맛나네요 다른것도 사볼껄 이란생각을 집에와서 해봅니다 속은 쫀쫀하고 견과류도 들어서 고소하 네요 다음엔 다른 맛으로 먹어볼테야!,진짜 맛있어요,케잌 예약해서 다음날 먹었는데도 역시나 너무너무 맛있어요~~어디서 맛볼수없는 생크림과 달콤한 복숭아도 듬뿍 들어가서 한ㄴ 먹어본이상 다른케잌은 이제 못먹을거같아요~~♡♡,쾌적하고 적당히 넓어요,쿠키가 맛있어요,조어요,좋아요,연희동생크림케이크맛집찾았어요 다양한.과일생크림케이크를 맛볼수있어요!홀케익도주문받으시고 당일에도 구입 가능해요!!다음에구입 해야겠어요,생크림케이크먹고싶어서또방문!! 작년보다 케이크가 다양해져서 좋아요 또올게요~~~,케이크종류가다양해서너무좋았어요  딸기케이크너무맛있어요,"일주일 전에 오늘 날짜로 예약하고 그 당시에는 분명 저녁 7시까지는 픽업 가능하다는 안내 문구 확인하고 예약했는 데 오늘 갑자기 휴무로 변동되어 있어 확인차 연락했습니다. 예약픽업은 가능하다라고 확인되어 7시 안으로 갈게요 말하니 갑자기 6시 이후 픽업은 안된다며, 충분히 좋게 얘기할수도 있을 것 같은데 온갖 짜증섞인 목소리로 ...",매번 친절하시고 케이크도 정말 맛있습니다. 딸기밭은 기념일마다 주문합니다.,굿,기대이상으로 넘맛있어요!! 크림이 느끼하지않고 많이 달지도 않아서 흡입했습니다. 딸기도 정말 많아서 진짜 딸기밭이네요 ㅋㅋ 마카롱도 사봤는데 꼬끄 쫀득하고 대존맛 입니다!,리뷰 보시고 반려동물동반 지우셨네요 네이버업체정보에 반려동물동반 있어서 따로 전화하지않고 카페에 감. 강아 지는 가방밖으로 꺼낸적도없었고 들어갈때부터 이동가방안에 있었음. 주문하러데스크에갔는데 말도꺼내기전에 일 절 아무런안내없이 다짜고짜 강아지는 안된다고함. 원래 강아지 안되냐고 물으니 알바생인지 누군지 모를 남...,가끔 마카롱 생각나면 가는곳인뎅 미니케익도 팔더라구요~ 딸기가 너무많이들어 있어서 깜짝놀랐어요. 먹느라고 바빠서 사진을 못찍었어요 ㅜㅜ 너무맛있고 신선해요~,딸기케익: 정말 싱싱하고 맛있는 딸기네요.케익이 눈깜작할새 없어졌어요,얼마전방문했을때 미니케익이다양하게있더라고요 당일예약없이구입할수있어서좋았어요 딸기가득들어있어서맛있어요,생긴지얼마안된카페인데 연희동에서 케이크맛집을찾게되서 너무좋아요 사진도 너무이쁘게나오네요 사장님도 정 말.친절하시고 디저트맛집 입니다 다음에 또올게요,기대보다는...,굿,너무 맛있어요!! 인테리어도 예쁘고 케이크랑 쿠키 다 맛있어요:) 또 올게요❤️❤️,캠핑가서 먹을라고 오픈전에 갔는데 다행이 문이 열려서 마카롱 포장해달라고 부탁드렸는데 포장을 해주시더라구 요~ 너무 친절하세용~ 포장만 하고 가기그래서 아아랑 타르트 추가주문해서 밖에서 먹었어요~ 너무 친절하신 사장 님 담에 또 찾아 갈께용~,빼빼롱 마카롱 쫀득하고 넘맛있어요 재방문 의사 있어용 ㅎㅎ,사장님도친절하시고디저트가 다양해서 좋아요 생크림케이크가 너무맛있어요,가게도 이쁘고 디저트 종류도 많아요~ 마카롱도 느끼하지않고 쫀득하니 맛있네요^^ 아이들간식이나 선물용으로 너무 좋을거 같아요!!,아귀자기 🌷❣️ 연희동에 새로 생긴 베이커리 카페 🐻 케익도 너무 맛있공 쿠킹 클래스도 있어유,에그타르트 너무 맛있어서 또 포장해가요~ 너무 맛있는 최애 디져트입니다~ 또올께용~,오랜만에 디저트 사러왔는데 포장지가 정말깜찍해요~~ㅎㅎ 항상느끼는 거지만 디저트 너무 건강한 맛이에요.,가격대비 별로예요,재료가 듬뿍 들어간 점보쿠키들이 종류도 많고 너무 맛있어요 특히 레몬얼그레이!!>.< 다른 곳에서 잘 볼 수 없는 여러종류의 디저트 덕분에 자주 갈 거 같아요.👍🏻,쑥떡쑥떡쿠키 쑥향도 너무 좋고 쫄깃쫄깃해요 너무 맛있어요 ㅠ 가끔 생각나서 와요 ㅎㅎ,재오픈 기다렸던 곳인데 넘 반가왔어요🙌 쿠키 종류도 더 많이 생기고 케익도 많았는데 다 못 쓸어와서 아쉬워요ㅠㅠ,분위기 좋아요,"쿠키와 마카롱 케이크 모두 맛있어요, 그리고 친절해서 기분 좋은 피크닉베이크~^^*",가격이 비싸요,신상카페인데구움과자랑케이크종류별로 다양해서너무좋아요 사장님넘 친절해요 다음에또다른디저트먹으러오려고요,굿~~,조아요,,,,,,,,,,,,,,,,,,,,,,,,,,,,,,,,,,,,,,,,,,,,,,,,
미도파,1056913162.0,레트로 분위기에 독특한 느낌이 나는 곳입니다. 전체적인 인테리어도 좋았는데 커피도 맛있었습니다. 그리고 사장님도 친절하세요.,"비오는 날 무드가 엄청난 미도파. 매장 분위기며 좌석이며 음악이며 뭐 하나 빠질게 없습니다. 항상 지나가면서 가 봐야지 다짐만 했는데 드디어 방문했습니다, 만족스런 방문이었습니다:) 안주 가격이 적당하고 양도 괜찮아서 함께 한 일행과 좋은 시간 보내고 갔습니다. 근처 갈 일 있으면 재방문하려구요.",뷔 앨범 포토 찍은곳이라 가봤어요 레트로 느낌으로 혼자 가고싶어지는 카페예요,너무너무 좋아요 아껴요... 흑흑,음료 종류가 엄청 많아서 좋아요~,음악이 좋아요,인테리어가 이쁜게 많아요~ 신기한거 천지,"☕️미도파는 사랑입니다.☕️ 힐링의 공간 미도파. 진짜 너무 너무 좋아하는 공간입니다. 단 음료를 즐기지 않아 아직  크림 소다를 못마셔본게 아쉽지만, 커피 술 그 무엇도 생각하는 것 이상의 좋은 맛을 내는 장소입니다.",멋드러진 레트로 미도파 공간,"밤에 대화하기 좋아유~.,< 안주가 조금 더 다양했으면 좋겠어염",분위기 최고... 🫧,레트로 감성 뿜뿜! 미도파라니.. 추억돋는 카페에요^^,분위기좋음,🙂,좋아요,미도파🧊🥣❄️💧☃️🫐  좋아하는 플레이스 중 하나🤍🤍🤍🤍🧊🧊,좋아요,연희동에 분위기 좋은 드립커피 내려주는 2층 카페겸 바_* 신다방분위기 좋아♡,커피도 맛있고 좋아요.,사진 잘 나오고 평일에 가면 조용해서 좋네요 ^^ 가격대비 양이 너무 적어요~~ 아쉽아쉽,좋아요,굳,커피가 다 핸드드립이라서 당황했지만 맛있었오요,독특해요,너무 좋은 공간입니다! 추천드려요,팝콘 너무 맛있어요,들어오든 말든 멀뚱멀뚱🙄 안내도 안해주고 답도 안해주는거면 그냥 무인카페인가!? 공간이랑 음악은 좋은데 아깝당,메론소다만 드시오.. 귀리우유 진짜 별로였어요ㅠ 인테리어는 너무 예쁘고 힙한데 맛이 못따라가는게 너무 아쉽네요,웨이팅이 없어서 좋았어요~ 인테리어 굿굿,분위기 넘 좋아요,특이한 분위기,낮에 방문했는데 과하게 붐비지않고 좋은 음악이 나와요 대화에 집중하기 좋았어요 또 오고 싶어요!!,최애 가게 넘 사랑해요,.,레트로 갬성 폭팔🌹,굿,ㄱㅊ,좋네요,"늘 가보고 싶었던 미도파.  공간과 로고, 음악까지 미도파 브랜딩은 너무 좋은데요. 음료 맛은 많이 아쉽습니다. 커피가 별로 라는 말에 실패없을 듯한 하이볼 먹었는데요. 하이볼도……쩝.",음료는 기대 이하 분위기와 음악 기대이상 조용해서 좋았어요,채광이 너무 예뻐요. 그리고 bgm 최고예요!,좋아요:),인테리어가 재밌어요,너무 이쁘고 좋아요,굿,개 인싸 힙 까페,맛있어요,독특한분위기라서 좋아요 뷰도 좋은편,좋아요,괜찮아요,인테리어나 커피맛은 좋아요 직원분이 바쁘셔서 그런지 주문받는게 익숙치않아보이네요. 음악도 신경을 못쓰는건지 듣기 불편했어요,다좋은데 커피맛없음.. 😑,좋아요,좋아요,굿~ 분위기 좋아요~,인테리어 너무 예뻐요. 카와이💕,분위기도 좋고 음식들도 맛있어요,분위기 좋고 커피맛 좋아요,까페 분위기도 좋고 커피맛 훌륭 해요,미도파 특유의 여유로운 분위기가 좋았습니다. 종종 생각날 것 같은 곳. 참고로 오트밀크로 변경할 수 있는 메뉴들이 몇 개 있어요!,분위기도 감성도 다 좋지만. 커피가 너무 맛있어요. 콜롬비아 스트롱과 카페오레 마셨는데 한모금 머금고 깜짝 놀랐 습니다. 음악도 햇살도 참 좋네요.,너무 내스타일 ㅠ,분위기 짱이에용✨ 음식 먹으려고 굶고 갔는데 안돼서 좌절🥲 그래도 넘 힙하고 좋았어요 재방문하면 커피 마셔봐 야징,인테리어가 예뻤고 음료는 별로였어요,"기대를 너무 많이 한 곳. 일단, 커피 메뉴는 맛보지 못해서 말할 수 없다. 런치 메뉴를 운영한다길래 식사를 하러 방 문, 안에 들어가도 아무도 인사하지 않고 눈만 멀뚱 멀뚱 직원분들이 쳐다본다. 알아서 자리 하나 남은 곳에 자리 잡 고 선불이라고 안내도 받지 못했다... 네이버 리뷰보고 선불인걸 알았다.... ㅎ 일단 여기까지는 괜찮다. 음식이...",굿,분위기 좋아요!,카페 특이하고 한번 와볼만해요,좋아요!,조금 비싸지만 분위기 좋아요,"첫 방문인데 인사 x 큐알코드안내 x 자리 없었는데 뭐 웨이팅안내 x 보통 자리 안내해주면서 주문이 선불이면 "" 주 문은 카운터에서 선불로 도와드릴게요~"" 안내해주지않나요? 자리 앉아서 눈 맞주쳐도 피하시길래 눈치보다 카운 터 가서 직접 물어봄,,, 원래 안내안해주냐니깐 원래 선불안내도없고 인사도안하나봄 (여자직원분이 저희는 ...",두 번 갔는데 커피는 별로고 칵테일은 맛있었어요,두부라구파스타 정말 맛있어요 친구는 비프고구마스프시켰는데 그것도 맛있더라구요 재방문 의사10000000%,좋아용,여기 너무 특이하고 이뻐요!!,분위기 .. 올드한 미도파,"우연히 발견해서 들어갔는데, 너무 분위기 있고 드립커피 맛도 좋았습니다.",뎌아효,좋아요,good,,,,,,,,,,,,,,,,,,,,,,,,,,,,,,
혹스턴,1008629511.0,"치즈케이크 너무 맛있어요 커피도 진짜 맛있어서 카페인 수혈 말고 진짜 맛으로 먹는 커피 오랜만! 카페 분위기도 좋 고 잔잔하게 노래 흘러나와서, 대화하기도 작업하기도 좋은 카페였어요. 친절한 사장님이 설명도 잘 해주십니다! 케 이크는 꼭 드세요 🧀",2층에 있어서 지나치기 쉬운데 들어가보면 완전 다른 느낌의 카페 ☕️ 혼자 가서 작업하거나 커피 한 잔 마시고 오기도 좋고 대화하기에도 좋은 분위기예요. 분위기도 좋고 사진은 더 잘 나오는~ 버터바 고소하고 달달하고 맛있어요!,"화이트큐브라떼, 콘파냐, 티라미수 먹었습니다☕️ 커피 메뉴 모두 정성스럽고 맛있습니다. 빵 잘 못먹는 남친도 티라미수 맛나게 먹더라구요. 가게 분위기가 조용하고 인테리어가 너무 감성적이에요☺️ 그래서인지 공부하시는 분들도 많더라구요. 통창이어서 개방감있고 밖을 구경하는 재미도 있습니다. 좋은 시간 보내고 갑니다 :)",와 치즈케이크 엄청 꾸덕하고 맛있네용😀😀  밀크티도 차이향 가득해서 넘 맛있어용 :),분위기도 좋고 디저트도 맛있어요. 화이트 큐브(밀크티)도 정말 향긋하니 맛있었어요🌱🤍 조용히 이야기하기도 좋고 혼자 가기도 좋은 잔잔하고 분위기있는 공간이에요.,카페 분위기가 너무 좋고 원두커피도 정말 맛있었는데 디저트도 너무 맛있었어요! 일본식 치즈케이크 강추^^,크림라떼(?)도 맛있고 버터바도 맛있어요! 분위기도 좋고 사장님도 친절하세요 :),카페 분위기가 너무 취향이었어요 너무 시끄럽지 않아서 집중하기도 좋았고 노래도 좋아서 에어팟도 안 꼈던.. 버터바 진짜 맛있으니까 꼭 드세요!! 한입 먹고 감탄함,혹스턴 시그니처 음료 피치 & 차이 + 티라미수 은은하게 하나하나 맛있어요. 분위기 조용하고 차분해요.,"연희동 지나가다 들리게 된 2층에 있는 카페 분위기가 차분하다 그에 맞는 음악까지, 톤다운 된 느낌의 조명은 커피  맛을 한층 더 깊게 느끼게 해준다. 사장님이 직접 내려주는 커피와 디저트 아주 만족스러웠다👍🏻",친구가 커피 맛집이라고 데려가줬는데 라떼가 너무 맛있어요👍🏻 고소한 우유가 마음에 들구요ㅎㅎ  치즈케이크는 꾸덕하면서 부드러운데 레몬과 함께 먹으니 훨씬 더 맛있어요❤️,분위기가 좋아요 좌석은 적고 2층에 있는 불편함이 있는데 개인업무 보거나 집중하고 싶을 때 이용하기 좋을거 같아요!,음악도 좋고 음료 디저트 다 맛있습니다 !,"요거트 바닐라 치즈케익, 차이 밀크티 조합 미쳤다 비오는날 다이소 가려가다 우연히 발견한 카페 비릉 피하려고 들 어갔다가 이게 왠 감성 터지는 카페야 분위기 미쳤고 맛도 미쳤음 ㅠㅠ",연희동 작업하기좋다고 유명한 카페들 다 가봤지만 요새 다 우글바글 정신없는데 여기는 고즈넉하고 커피도 맛있고 가게도 예뻐요.. 그치만 장사가 더 잘돼서 더 북적거려도 좋을거같아요,공부하기에도 작업하기에도 좋아요! 화장실도 깨끗하고 어둑한 인테리어도 참 좋습니다 노래 선정도 기가막혀요!!,"노트북 하기 좋은 카페이고, 공간도 예쁘고, 무엇보다도 여름에 녹음이 잘 보이는 공간이라 좋습니다 🌳💚",조용하고 차분한 분위기가 참 좋고 정성스레 내려주시는 필터커피가 맛있습니다! 버터바+필터커피 넘 잘 어울리는 조합💖,산미있는 원두를 별로 좋아하지 않는데 여긴  원두가 산미 있는 편인데도 맛있어요!! 분위기도 너무 시끄럽지 않아서 좋아요,분위기 좋아요. 9시까지 해서 여유있게 커피 마실 수 있어서 좋아요.,커피가 진짜루 맛있어요 브라우니 역시도 입이 즐거워지네요 조용한 분위기와 멋진 플레이리스트까지 혼자 카페 다니는 사람으로서 자주 오고 싶은 곳이에요🫠,커피 맛있고 하나 남은 버터바 시켜봒는데 이렇게 잘려져서 나오는 것도 좋았어요. 매장 내부 조용하고 깔끔해서 작업하시는 분들 많았어요 !! 화장실도 깨끗하고 좋아요.,걍 쏘쏘,커피도 분위기도 좋은 카페에요  주말에는 좀 시끄러운 편이니 평일에 가보시길!!,집중하기 좋아요.,커피도 차도 맛있어요,애정하는 동네 카페! 커피도 맛있고 분위기도 좋아요,커피 맛집 훅스턴!!  롱블랙이 마시고 싶을때마다 가는 곳인데  분위기도 너무 좋아요,"분위기 진짜 최고,, 잔잔한 음악 소리 외에는 다들 작업하는 분위기라 완전 조용했습니다..집중하기 좋은 공간..!! 치즈케이크..? 덮인 브라우니도 넘 새롭구 맛있었고 혹스턴 피치 음료가 취향저격이었습니다🫶 공부나 작업하러 가기 최고 좋은 카페☺️","분위기도 조용하고, 커피맛도 좋아요. 넓은 자리 간격도 마음에 들어요.",커피가 맛있네요. 공간도 좋구요~^^,핸드드립커피 마싯어용💕 4종류있는데(핸드드립만) 산미조금/중간단계 2잔 시켜서 마셨는데 너무괜찮아용!!! 잔도 이쁘고 사장님도 친절하심 구웃👍🏻,"[커피가 맛있고, 집중하기 좋은 아늑한 분위기의 카페] 평일 낮에 혼자 방문했는데, 공부를 조용하게 할 수 있었습니 다. 그리고 맛있는 핸드드립 커피를 마실 수 있어서 좋았습니다. 인테리어는 아늑하고 모던한 분위기의 카페였습니 다. 매장도 1인이 앉을 수 있는 바 테이블과 여럿이 앉을 수 있는 테이블도 있었습니다. 혼자 방문하기도 좋고,...",분위기가 따뜻한듯 차가운듯 오묘하고 매력적이에요. 커피도 부담스럽지 않은 산미정도로 맛있게 먹었습니다. 브라우니치즈 존맛탱🤎,연희동에서 조용히 커피 맛을 즐길 수 있는 곳이에요 너무 시끄럽지 않아서 너무 좋아요,책상이 편하고 인테리어가 예뻐용 라떼가 맛있었습니당,2층이고 햇볕 잘들고 너무 시끄럽게 울리지 않고 적당히 괜찮은 음악이 나와서 집중하기 좋음 의외로 이 조건 다 부 합하는 곳이 많지 않은데 좋은 곳을 발견 한 듯 합니당 커피 맛은 쏘쏘 였어여,대로변에 있어서 방문하기 좋네요.  와보고 싶었던 연희동 카페,커피도 맛있고 분위기도 좋은 곳 조용조용해서 혼자 만의 시간을 보내고 싶은 분들에게 추천드려요,공간이 정갈해서 좋아요.,디저트 버터바 맛집입니다 ㅎㅎ 커피도 맛있어요!,매장 인테리어도 예쁘고 커피도 맛있었어요 ㅎㅎㅎㅎㅎ,"💟평일 오후에 한적하고 차분한 분위기가 너무 좋습니다! 💟공부하는 분들이 꽤 있었고, 시끌벅적 수다하기에 편 한 작은 테이블은 없었습니다. 창가 테이블을 제외하고는 오히려 사이즈가 조금 큰 테이블들이 있습니다. 💟커피  원두 3종류에 대한 설명과 포토카드가 예쁩니다!",오늘은 민트티레모네이드. 원래 민트티 좋아하는데 레모네이드와의 조합도 좋네요. 첫 맛은 달달하고 끝엔 시원한  민트티가 입안을 상쾌하게 만들어줘요. 최애 메뉴에 추가~*,조용해서 대화하기 좋아요!!,분위기도 좋고 커피도 맛있었어요,등받이 없는 곳이 있긴하지만 작업하기 좋은 카페입니다,조용하고 커피맛도 좋은 연희동 카페 또 방문 예정.,사진으로 볼때 왠지 춥고 좁아보여서 발길이 잘 안갔었는데 히터도 잘 나오고 꽤 괜찮았었다,첫 방문에 추천해주신 핸드드립 아이스랑 바푸 2개 업어왔네요. 성공적 👍  2층에 있어서 찾기가 애매했지만 대로변이라 OK.,좋아요,"거주지 주변 우연히 발견한 감성카페, 깔끔한 환경과 신경많이 쓴 인테리어. 개인적으로 만년 아아라서, 주문도 아아 ,저는 아메리카노 통해 향후 이 가게에 계속 방문하는지 판단 기준이있어서(고집 쎄지않아서 다른 곧 아아 아닙니다 ㅎㅎ), 일단 이집은 좋습니다. 사장님도 친절하십니다! 커피에 진지해보였습니다! 와이파이도 빵빵!! 친구이랑...","살면서 커피맛은 다 똑같게 느껴질정도로 커피에 대해선 무딘 입맛을 가지고 살았는데 이곳에 와서 커피가 맛있다 는걸 깨달았습니다 인테리어 예쁜건 알고 갔고, 테이블 간격이 넓고 음악도 좋고 무엇보다 사람들 목소리가 울리지  않아서 대화하기에 정말 최고의 분위기입니다 또 가고싶은 곳이에요","커피맛집, 공간맛집👻 사장님도 친절하시고 차분하고 여유로운 분위기라 커피 마시기도 좋고 책이나 노트북하기도 좋은 곳. 지나가다가 끌려서 들어갔는데 너무 만족‼️",분위기 너무 예쁘고 조용 잔잔한 감성카페에요🥰🥰 대화하기 좋고 집중해서 할 일 하기도 좋아요!ㅎㅎ 커피랑 밀크티 디저트 다 맛있어서 하나하나 신경쓰시는게 느껴졌어요! 여기서 인생 버터바 찾았어요🙈,커피 맛있어요,"부니기 좋아요,, 동네에 좋은 카페 생겨서 만족ㅎㅅㅎ",버터바 진짜 맛있어요,분위기도 너무 좋고 !! 사장님께서도 너무 센스 만점이십니다 ㅎㅎ,라떼 맛있어요! 두유 옵션이 있어서 좋아요. 콘센트 많고 화장실 청결해요~ 핸드크림도 카페 내에 두셨더라고요 ㅎㅎ 의자는 조금 불편하지만… 또 오고 싶어요,"2층이라 뷰도 좋고, 뭔가 집 근처면 자주 가고 싶을 아지트 느낌의 장소예요!! 에그타르트가 정말 유난히 맛있었어요!! 에그타르트와 아메리카노 조합이 꿀!",바나나푸딩이랑 치즈브라우니가 맛있어요! 커피랑 먹으니까 달달하고 좋아요~,2층에 있는 모던한 분위기의 조용하고 넓은 카페에요! 조용하게 이야기하거나 카공 또는 혼자 오신 분들이 많아서 분위기 진짜 조용하고 에어컨 빠방해서 엄청 시원해요! 1층 건물 들어올 때부터 시원💨 사장님 bgm 센스 너무 좋아 요!!! 여기는 커피맛집인데 콘파냐랑 카페라떼 마셨어요! 원두가 맛있어서 라떼는 고소하고 콘파냐도 달달하...,사장님이 친절하게 원두 종류 설명해주셔서 라임하고 같이 재배(?)했다는 콜롬비아 게이샤 마셔봤는데 정말정말 맛있었어요! 인테리어도 깔끔하게 예쁘고 조용해서 좋아요. 연희동 카페 탐방 다니던 차였는데 주말에 갔던곳 중 가장 만족감이 높았습니다.,따뜻한 바닐라빈 라떼! 역시 좋다.,어두운 조명의 카페를 정말 선호하는데 딱 그러한 카페였습니다. 저녁에 가면 분위기가 정말 좋습니다.,연희동 번잡한 가운데 조용히 있을만한 곳 커피와 디저트가 깔끔하고 맛있어요,인테리어도 예쁘고 음료랑 디저트도 정말 맛있었어요! 단거 별로 안좋아하는데 전체적으로 엄청 달지 않아 좋았네요 :) 릴렉스되는 향과 분위기에 다음에 재방문하고싶어요ㅎㅎ,카페는 무드라고 생각해서 디저트와 음료는 큰 기대하지 않았어요 근데 감성과 맛 모든 걸 잡은 곳이었네요 크림 라떼가 적당히 달달하고 너무 부드러워요 카페인 싫으신 분들은 피치 드 혹스턴 추천해요 상큼하고 너무 맛있네요… 디저트 고민될 때 제가 주문한 대로만 시키시면 후회는 없을 거예요… 솔티드 카라멜 최고,인테리어가 좋네요! 음악도 좋고 스피커도 좋아요~! 무엇보다 커피가 맛있어요!,커피도 진짜 맛있고 설명도 친절히 잘 해주셨어요! 롱블랙 처음 먹어봤는데 아메리카노랑 차이점도 알게됐어요 ㅎㅎ 디저트도 짱맛!!,조아용,좋아요,커피가 고소하고 맛있었어요.  카페에서 나오는 노래가 좋아서 여기선 이어폰 빼고 작업 하다 오는 것 같습니다!  자주 가고 싶은 공간입니다.,조용하고 작업하기 좋운 카페에요 !,분위기가 미쳤네요.. 규모가 큰건 아닌데 넓어보여요.. 인테리어가 아주 기깔나네요.. !!! 통유리창에 뷰도 좋쿠 조용한 분위기라 혼까페 하기 최고! 그리고 디저트가 존맛탱이에여.. 여기 담에 또 올래여,갬성카페 느낌이 물씬 나고요  매장내부도 넓고 인테리어가 고급스럽고 세련된 분위기에요  특히 커피와 디저트가 비주얼만 봐도 정말 이쁘고 디저트맛집,"인테리어도 멋있고, 대화 나누기도, 커피도 정말 맛있습니다!🙌🏻 그리고 친절하십니다!!",카페 분위기 좋고 커피 맛있어요,"2층에 있으며~ 감각적인 인테리어가 돋보이는 곳입니다. 아메리카노와 바닐라빈라떼, 브라우니를 주문했는데 바닐 라빈라떼는 맛이 괜찮았지만 그리 진하지 않아서 조금 아쉬웠고~ 아메리카노는 신맛이 많이 나서 살짝 아쉬웠네요! (커피 신맛은 개인적으로 좋아하지 않아서…) 브라우니는 촉촉하며 쫀득해서 아주 맛있습니다~! 커피와 먹기 ...",아침 일찍 커피 마시고 싶어서 온 카페인데 에스프레소콘빠냐 맛있어요! 산미도 살짝 있고 달달한 크럼블하고 잘 어울렸어요 버터바랑 브라우니는 정말 꾸덕했어요 커피에 신경 많이 쓰신 것 같은 느낌이 많이 듭니다 인테리어도 요즘 스타일로 되게 잘 돼있어서 사진도 잘 나와요!,연남 연희쪽 감성 캅훼.. 🤍 어두울 때 갔는데 밝을때 왔으면 더 좋았을 것 같아요 초록뷰 보러 다시 갈게요.. 🤍,낮에 회사에서 커피를 이미 마셨어서 피치음료로 주문했는데 살짝 탄산이 있으니 상콤시원하고 복숭아맛이 달달합 니다. 크림라떼는 달달하니 스트레스 풀리는 맛이에여 그리고 버터바 진짜 진하고 맛있어요 ㅠㅠ 최고! 초코는 브라 우니는 살짝 단단하고 많이 달지않은 것 같아요 매장은 조명이 살짝어두운 편이긴 한데 딱 좋고 에어컨 빵빵...,커피가 정말 맛있어요,앞손님이 없었는데도 음료나오는데 한참 걸렸어요,분위기가 너무 좋아요 어두워서 힙한 느낌 좋아하시는 분들한테 딱일거같아요 디저트도 음료도 다 맛있어요,"분위기좋고 친절하시고,, 커피 말모,, 디저트는 더 레전드에요..!! 연희동가면 혹스턴만 갈거에요",좋아요,앉아서 책읽기 좋네요,공간에 어울리는 음악들이 다 너무 좋아서 집중도 잘 되고 간만에 멋진 곳을 찾은것같아 기분이 좋습니다.,아늑하고 따뜻한 분위기 그리고 깊고 찐한 커피의 향이 가득한 집입니다 ^^,라떼가 맛있어요 ㅎ 테이블 큼지막해서 좋고 창가 자리 앉고 싶었는데 이미 창가자리는 만석이라서 너무 아쉬워요 ㅎ,커피가 너무 맛있어요!,디저트에 에그타르트가 생겼는데  겉바속촉 짱 맛있어요!! 아메랑 궁합이 찰떡이네요!!,노트북할수잇는 책상 따로잇어서 집중하기 좋고 무엇보다 커피가 정성스레 내린 맛이 나요. 집중도 멍때리기도 좋 은 카페,분위기 좋아요!,혼카페하기 너무 좋은장소!! 분위기도 너무 좋도 아늑해요 무엇보다 디저트가 엄청 맛있어요 ㅎㅎ,분위기가 좋은 감성 카페에요! 커피도 디저트도 맛있고 인테리어도 엄청엄청 예쁩니당,크림라떼맛집! 에어컨맛집! 디저트류도 다 맛있어서 올때마다 포장해가요.,오늘은 피치아이스티! 다른곳에는 없는 혹스턴 시그니처인데 향도 좋고 맛나요!,머슈룸키쉬 디저트 맛있고 다 함. 최고 🤭😍 분위기도 bgm도 차분하면서 트랜디한 카페! 시그니처 메뉴는 상큼!  추천받은 넛츠향의 핸드드립은 고소한 디저트랑 조화도 넘 좋네요. 친절하시고 멋스런 직원님 계심,커피랑 디저트가 맛있고 분위기도 좋아요! 강추,돌 인테리어가 눈길을 사로 잡아요. 연희동에 있는 카페 답게 조용해서 대화나누기 좋은 카페예요,인테리어 너무 깔끔하고 의자도 넘 독특해요! 불편할줄 알았는데 친구랑 2시간동안 수다떨어도 불편하지 않더라구 요:) 브루잉커피도 밀크티도 그리고 디저트까지 너무 맛있었던 곳! 특히 제가 고른 밀크티ㅠㅠ 은은한 장미향이 정 말 끝내줬어요ㅠ 밀크티 찐 맛집 인정합니다!!XD,오늘은 라떼! 내사랑 초코 브라우니도 있어서 포장~ 진하고 고소한 라떼 원하시면 혹스턴 강추!!,화장실은 조금 불편하고 더워요 휴지도 없어요 매장은 넓고 쾌적합니다 의자는 불편합니다,,,,
뉘블랑쉬,1529107355.0,🥐 ☕️ 😋  골목안쪽이라우연히왔는데분위기좋고커피맛잇어요~,일요일 이른 아침 빵굽는 곳에서 커피와 함께 즐길 수 있어 넘 조으다. 연희동 주택가 한적한 곳에 있는 동네빵집인데 근사해,"유럽에 살 때 빠리에 정말 자주 갔었는데, 여기 크롸상 먹고 빠리 생각에 눈물이 날 뻔…. 한국 들어와서 먹은 빵집들 중에서 최고로 맛있어요. 자주와서! 못먹어본 빵들 하나씩 먹어볼 생각입니다!",연희동 산책하는 길에 우연히 들렀는데 빵이 생각보다 더 맛있어서 놀랐어요!! 크로와상이랑 애플어쩌구인데 둘다 넘 맛있어요.! 카페 내부는 엄청 크지않지만 아기자기해서 가끔 가기 좋을 것 같네요!  아메리카노는 산미가 조금 많이 느껴져서 제 스타일은 아니었어용!!,빵이 제법 근사했다,시나몬롤 부드럽고 빵 퐁신퐁신해서 넘 맛있어요~ 시금치 키쉬도 식사빵으로 든든하고 맛있어요!! 매장도 생각보다 크고 쾌적해서 다음엔 매장에서 먹어보고 싶어요.,동네빵맛집이라고 해서 가봤는데 커피도 맛나고 조용하게 먹기 좋아요 ! 바게뜨 맛집이랬는데 타이밍이 안맞아서 못먹었어요 처음이라 뭐먹을지 고민하고 있었는데 사장님 너무 친절라게 기다려주셨어요 ㅎㅎ담에 또 가보려구요 아침일찍 문열어서 더 조아요~~~,빵이 맛있어요 원하는 빵이 빨리 소진 될 수 있어요,"대단한 맛집입니다. 어느 날 저녁 문득 지나가다 들른 조용한 가게에서 사먹은 시나몬롤을 잊지 못해 몇번이고 방문 했습니다. 시나몬롤은 미국에서 먹어봤는데, 한입은 맛있지만 두 입부터 질리는 맛이라 자주 먹지 않았어요. 그런 데 이곳의 시나몬롤은 마지막까지 맛있습니다. 먹고난 다음도 입안이 어찌나 깔끔한지, 몇 번의 허탕끝에 드...",빵이 독특하고 맛있었어요! 메이플베이컨 크로아상 진짜 맛있었어요! 직원분도 친절하시구 깨끗했습니다 넓은 편은 아니라 한가할 때 가거나 포장하면 좋을 것 같아요,햄치즈 크루아상 생각나서 또 왔어요! 잘 모르지만 좋은 재료 쓴 것 같은 느낌이에요 맛있어요~,저녁시간대에 빵이 별로없어 아쉬웠지만 먹고 싶었덤 쿠키를 살수 있어서 좋았어요👍 쿠키 진짜 짱맛!,너무 맛있고 일단 분위기가 너무 좋네요 ㅎㅎ 잘 먹고 갑니당 ❤️🧡💛💚,"크로아상 류, 사워도우도 있어요. 맛있어요!",5점 : 반드시 다시 간다 4점 : 생각나면 일부러 찾아간다 V [3점 : 근처 지나가면 간다] 2점 : 먹을 만하나 굳이 또 1점 :  꼭 거기를 가야겠는가 0점 : 다시는 안 간다,맛있어요,하나 남아있던 시나몬번을 겟해서 뿌듯했는데 너무 달았어요 담엔 크루아상 도전해 볼래요,언제나 행복한 빵모닝🥐,프랑스 빵 맛있다고 해서 방문했어요ㅎㅎ,완전 맛있어요,조용조용 아기자기 깔끔하고 빵이 맛있어요!!!,넛츠 시나몬롤? 이 맛있었당,좋은 빵맛을 즐기기 좋은 곳이에요.빵이랑 커피를 즐기기에 더 할 나위 없이 좋은 곳입니다. 맛있는 빵집이 많은 동네에서 계속 사랑을 받는데는 다 그만한 이유가 있는 것 같아요!!,쿠키가 맛있어요.,굿,분위기 좋고 빵 맛있어요. 직접 매장에서 만드는 모습도 보이네요. 무엇보다 커피가 맛있었습니다.,굿,동네에있는데도 첨가본곳. 아직빵은 안먹었는데 쿠키 완전맛있음 자주가서 사먹을듯~,빵이 다 맛있어요. 에스프레소크로와상(정확한 이름이 맞는지 모르겠네요)은 안에 커피 크림이 들은 줄 알았는데ㅋㅋㅋㅋㅋ그게 아니었네요ㅋㅋㅋㅋㅋ그래도 맛있게 먹었습니다!,"스콘과 시나몬롤 잘하고 커피맛도 괜찮아요. 응대직원이 굉장히 친절해서 고마웠어요. 다만,머무는내내 불편. 혼자오면 무조건 바자리에 앉아야한다고 하고,,,테이블 다 비어있고 손님오면 비켜준다고했는데도,,,기대하고 왔는데,,,",연희동 골목에 숨어 있어서 주민들이랑 아는 사람만 알 수 있는 비밀스러운 빵맛집 !! 사워도우는 정기적으로 사가고 빵들이 고급짐,"시나몬롤 원픽, 촉촉한 식감이라 정말 맛있게 먹음! 시나몬롤만으로 재방문 의사 있음",빵이 맛있는 집. 시나몬 롤을 팔길래 무작정 들어감. 깔끔하고 세련된 인테리어. 그리고 친절한 사장님!,빵이 맛있어요,혼자 가면 테이블 다 비어 있어도 바 자리에 앉아야 하는 점이 불편해요. 주문 다 하기 전에 그 점은 고지해주시면 좋을 것 같아요.,정말 친절하시고 빵 맛있어요 조용하고 좋아요,괜찮네유,너무맛있음. 이동네 이사오고 빵집은 여기만 옴👍🏻👍🏻👍🏻,"퀸아망, 까눌레, 크림 브리오슈 너무 다 맛있어요! 퀸아망안에는 애플과 아몬드크림이 들어서 더 묵직하게 잡아주는 느낌이에요~!",느낌있어요,연희동오면 가끔 오는데 커피두 빵도 담백하게 다 맛있어요!,크로아상도 많이 드시지만 식사빵이 진짜 맛있어요.,빵 정말맛있어요. 가격대가 많이높아요.. 정말 많이 높은편... 주말이라 그런지 1인1음료인게 아쉬웠지만 빵이 맛있어요 ㅠ,아메리카노 맛있어요 다음엔 빵도 사야지,.,우연히 지나가다 들린카페.. 인테리어도 심플하면서 편안하며 고급진 느낌. 너무 맘에 들었어요~~~♡,빵이 맛있어요 공간은 협소하지만 인테리어가 깔끔하고 따뜻한 분위기가 느껴집니다.,커피랑 빵 맛있어요!,굿! 마감 시간에 갔는데 사장님 나무 친절하시고 응대도 짱짱짱,굿굿,굿굿,빵 맛있어요!!,괜찮네요,작지만 이빵집만의 매력과 빵이 있는곳 같아요^~^,굿,테이블 숫자나 이런걸 보면 빵에 진심인 테이크아웃점인걸 알수있습니다. 그런대 커피도 맛있더라구요. 괜찮은곳입니다!,잠봉뵈르는 별로였지만 크루아상 버터 풍미 엄청나고 맛있었어요 ㅜㅜ 크루아상을 더 샀어야했는데! 아쉬워요,굿,빵 가격이 비싼 거 같아요..,커피랑 빵 너무 맛있었어요😍,친절하고 좋았어요 포카치아 빵은 별로 ㅜㅜ,조금 비싸지만 먹어본거 다 맛있어요,연희동 뒷골목 조용하고 맛있는 카페  카페인에 약해서 2샷들어가는걸 반샷으로 마시니 자극적이지 않고 부드럽고 좋았어요 빵도 다 먹어보진읺았지만 꿀맛!!,헤이즐넛 휘낭시에랑 바닐라 브리오슈 먹었습니다!  빵 진짜 맛있어요!~ 연희동 들리면 가봐야할 빵집이에요!~,사워도우 맛있어요,동네 지나가다가 가끔씩 들리는 곳 이번에 새로 나온 빵이라고 해서 먹었는데 진짜 맛있네요 진짜 맛있어요 이건 손으로 들고 먹어야해요 아메리카노랑 같이 순삭했습니다 진짜 맛있습니다,다크한 커피에 버터향 그득한 크루아상 조합 최고예요! 다음에 또 다른 종류 크루아상도 먹으러 갈게요 :),굿,공간이 예뻐요. 빵은 바게트가 고소한 맛이 있어서 제일 맛있어요 ^^,빵이…너무 딱딱해요 ㅎㅎ 칼로 안 썰리고 입천장도 까졌어요 ㅎㅎ,좋아요,친구랑 연희동 놀러갔다가 예뻐서 들어간 빵집인데 너무너무 맛있어서 부모님 드리려고 빵 털었어요ㅋㅋ! 선물상자에 넣으니 더 고급스럽고 좋네요 마지막 사진은 신나서 인증샷 찍는 우리 아빠ㅠㅋㅋ 부모님 두분 다 진짜 맛있다고 좋아하셨어요 또 사러 갈게요!빵 최고,매장도 조용하고 무엇보다 아몬드 크라상이 너무 맛있네요! 커피도 괜찮았습니다 :),좋아요,가격에 비해서 평범한 맛이여서 아쉬웠어요 ㅠㅠ,맛있고 친절해서 방문할때마다 기분이 좋아지네요!,"빵도 분위기도 커피도 좋았는데. 알바인지 직원인지. 몹시 신경질적이라 불편했음. 까눌레 6개 추가 주문했는데 종이봉지에 그냥 우르르 넣어줘서 놀람. 상자까지는 아니더라도, 종이호일이라도 한번 싸줘야하는거 아닌가요.",지인분이 흑맥주 사워도우 맛있다고 하셔서 ㅎ 특유의 신맛이 나요! 진짜 맛나요 ~~,조용한 분위기에서 여유있는 빵과 커피,까눌레&브리오쉬 진짜 맛있어요!!,"연희동 빵집 투어를 자주해요. 😊 브리오슈, 크로와상 등 좋아하는 빵을 많이 팔길래 기대하고 갔습니다. 갔는데 판 매하시는 분이 마스크를 벗고 계시더라고요... 요즘같은 시국에.. (친절하셨는데...아쉽더라고요.) 초코쿠키를 샀는데 맛있었는데, 포장은 별로였어요. 쿠키에서 기름이 나와서 봉투가 기름범벅이 되더라구요. 다음엔 유산지에 ...",조용해서 너무 좋은카페! 빵도 정말 맛있었어요ㅠㅠ해질 때즘 갔는데 카페 안으로 들어오는 햇살이 너무 예뻤어요ㅎㅎ,빵 안에 낑깡 들어있다고 해서 궁금해서 사봤는데 진짜 맛있었어요,맛나요,햇살도 가득하고 빵도 정말 맛있어서 좋았습니다!,굿,크로와상 빼고는 그저 그래요,바나나브레드도 맛있고 커피도 굳 !,바로 집 근처이고 자주 다니는 길이라 가던 빵집들 대신 잠깐 들러 바게트랑 브리오슈 사서 먹어봤어요 가성비 많이 아쉽네요. ㅠ,깔끔해요,"빵 커피 다 맛있습니다. 다만, 꺄늘레 속 굽기 정도는 호불호가 좀 있을것 같아요. 친절하시고 공간도 너무 예쁘고  좋습니다. 더 다양한 빵 먹으러 오고 싶은 공간이에요.",마감시간이 너무 빠름,주말에 가서 빵이랑 음료 주문했어요 1시간 시간제한이래서 알겠다하고 노트북 꺼내는데 노트북 못쓴다고 하네요. 잠깐만 하고 나간다고 했더니 장소가 협소하다네요. 어짜피 제가 앉아서 커피마실 공간인데 협소라니.. 주문 하고나 서 안된다고 하는건뭔지.. 어디에도 주말에 노트북금지 문구 없던데요. 커피 값도 비싼데 진짜 불친절 느끼고...,잠봉 맛있었어요!,특히 사워도우 빵이 맛있어요,빵 커피 둘다 너무 맛있어요,파리에서 먹던 그 맛의 크로와상가 뺑오레장. 커피맛도 좋고 분위기도 좋네요.,인테리어 넘 예쁜카페. 근데 가성비 별로...,첨 갓는데 좋은 것 같아요 크키,예쁘고 조용하지만 빵맛은 그저 그런듯.... 기대가 컸을지도ㅠ,맛즵~~,비싼데 맛있네요 ㅎㅎㅎ,입맛은 주관적인거라.. 아쉽지만 제 입엔 잘 안맞았어요ㅜㅜ,커피진짜맛있어요,굿,맛있어요~ 크로와상이 되게 묵직해요 내부 좌석 네개있는것 참고하고 방문하세요!,,,,
제니스 까페,19873189.0,"요즘 같은 가을 날씨에 테라스에서 저녁 즐기기 너무 좋은 이탈리안 맛집! 재방문인데, 브런치로 왔을때 보다 만족도 가 높았음! 2인 코스 메뉴로 그릭 샐러드, 라구 파파르델레,, 표고버섯과 바질페스토 피자 주문했는데 셋다 넘나 만 족스러웠음! 샐러드는 신선하고, 라구파스타는 면이 생면느낌의 가벼우면서 촉촉한 식감, 피자는 밑에 빵이...","오랜만에 친구를 만나기로 해서 예약 후 방문했습니다. 예약으로 받은 부르스게따도 맛있고, 런치 세트로 메인 요리에 스프와 음료가 같이 나와서 좋아요. 물론 음식은 전부 다 맛있었습니다!",새로운 메뉴 라구 먹어봤는데 너무 맛있어요...! 그릭페투치네는 오늘 더 맛있네요 꾸덕짭조름. 빵에 소스 찍어서 깨끗하게 먹었습니다.,대학 때 정말 좋아했던 제니스카페. 제니스의 풍기와 티라미스를 먹으면 얼마나 행복했는지 모른다. 맛도 친절함도 그대로 여전하다.,"먼저 나온 시금치 수프랑 부루스께따를 맛있게 먹어서 바질 파스타도 기대했는데, 역시 맛있었어요...! 전반적으로 맛이 자극적이지 않아서 좋고, 재료도 신선한 곳입니다. 다음에 또 방문하고 싶어요.",바질 스파게티 맛있어요~ 양송이스프는 기대했는데 약간 탄 듯한 느낌이라 좀 아쉬웠어요~,점심 세트 음료랑 스프포함해서 가성비 좋고 파스타도 맛있었어요😍,오랜만에 집에 온 큰딸과의 데이트는 제니스 오늘따라 더 맛있게 만들어주신 스파게티와 샌드위치에 나올때는 빵을 구입할수밖에 없었다,여기음식다맛있에요! 분위기 넘좋고 빵이 최고,포근한 가정집 분위기의 착한 맛집+베이커리 제 기억에는 오픈한지 한 10년된거 같은데 오래오래 번창하셨음 좋겠습니다:),여기 이탈리안 레스토랑인데 밥먹고 가서 차만 마셨는데 음료도 맛있고 분위기 깡패에요. 사장님 너무 친절하시고 이쁘세요! 주차도 편합니다. 지인들과 다음에 밥먹으러 가기로 했어요! 느낌 좋았던 카페 :),계절이 창열고 즐기기 딱이라서 창가 오픈된 자리에서 분위기 있고 여유롭게 잘 먹었습니다. 부르스게티부터 디저 트까지 모두 맛있었습니다~,"매일 오전 11시반부터 - 오후 3시까지는 메인메뉴(파스타,샌드위치, 스테이크,피자) 시키면 스프랑 음료 무료 제공 됨. 그치만, 메인메뉴의 가격이 착하지 않아서인듯. 특히 샌드위치 17,000원은 아주 비싼 느낌. 그래도 매장 인테리 어도 잘해놨고 매우 깨끗한 편임. 테라스에서 먹었는데, 편안하고 느긋한 분위기로 주말 브런치 즐기기에 굳! ...",맛있고 분위기 좋고 좋았습니다~!,서울에서 가장 좋아하는 이탈리안 레스토랑 입니다 런치로먹으면 저렴하고 좋습니다. 샌드위치 파스타 커피 서비스 모두 너무 좋았습니다 감사합니다,맛있는 런치👍🏻,식사시간 조금 지나서 혼자 먹으러 갔는데 맛있었어욤  런치세트라 가격도 굿굿 ㅎㅎ!,가게가 홍대 골목에 있을 적부터 종종 들리곤 했는데 그게 벌써 10여년 전이네요ㅎㅎ 밀가루 음식 특히 크림 파스타 를 싫어하는 어머니가 서울에 방문하셨을 때 여기를 소개시켜드려도 될까? 고민했었는데 지금은 오실 때마다 제니 스에 꼭 들리자고 말씀하실 정도입니다. 멀어서 자주는 못오지만 늘 변함없는 맛이라 위로받고 싶을 때 종종 ...,음식도 다 맛있고 최근 가본 식당 중 가장 친절했어요!! 친구보다 일찍 도착했는데 필요할 수도 있는 부분들을 전부 세심하게 챙겨주시려고해서 정말 감사했어요.,제니스카페 오래 다니던 곳인데 리뷰는 처음 남겨요. 늘 한결같은 맛과 퀄리티를 유지하고 있는 업장 같아요. 런치세트 구성이 너무 좋아서 추천해요. 매장도 넓고 쾌적하고 직원 분들도 모두 친절하세요. 식전빵도 스프도 다 직접 만드셔서 너무 신선하고 맛나요!! 다음에 또 방문할게요~~,네이버 예약했더니~~ 스프와 브르스게타와 당근스프다 제공되었어요^^ 엄청 친절하시고^^ 맛도 최고였구요^^,제니스 카페는 아시잖아요?! 변함없는 맛이에요. 반겨주시는 사람들도 늘~ 이사를 갔지만 서울가면 찾아가게 되는 곳이에요~,"매번 방문할때마다 즐거운 식사입니다. 편안한 뷴위기에 식전빵부터 부르스게타,파스타, 피자 모두 맛있는~",이름은 카페라고 써놓고 커피마신 손님은 한시간도 안되어 영업시간되었다고 내쫓는 까페ㅠ 좀 불편하네요 처음 주문 받으실때 아직 영업시간 아니라고 안내하시던지 아님 음료만은 판매안하신다고 하시던지 그것도 아님 음료만 마실땐 빨리 나가야한다든지 안내를 해주셨음 다른데로 갔을텐데요ㅠ,커피굿,전반적으로 맛있습니다. 특히 식전빵과 스프는 정말 맛있습니다. 메인음식도 맛 있는데 저한테는 간이 좀 센 편 이었어요. 그래도 늘 만족 합니다.,너무 맛있어요……ㅜㅜㅜㅜ,항상 올때마다 다음에 언제오지를 기약하는 곳,애정하는 곳이예요💚 공간도 아늑하고 친절하시고 음식도 좋아요 특히 직접 만드는 빵이 맛있어요 개인적으로 아 쉬운 게 있다면 커피맛이 조금 아쉽아쉽,샌드위치 항상 넘 맛있고 테이블 널찍널찍 해서 대화하기도 좋고 포카치아 진짜 맛있어요,"저녁 8시 넘어서 갔는데 사람들이 없어서 조용했고, 샌드위치가 생각보다 맛있었어요.",상수동에 있을 때 참 자주갔던 제니스카페 ♥ 그 때 즐겨먹었던 메뉴들이 있어서 너무 행복했습니다 ♥♥ 여전히 친절하시고 여전히 맛난 제니스카페에요 ♥,연희동 처음 놀러온 친구를 데려가기에 좋은 맛집이에요! 런치세트는 정말 최고...,가족들과 편하게 식사하며 이야기하기 너무 좋은 공간인데 음식도 맛있고 직원분들도 친절해요. 집근처에 이런 공간이 있어서 좋아요,네이버예약과 런치에 가면 가성비가 짱짱 좋습니다. 학교 다닐때 부터 갔던 곳인데 오래 오래 계셔주셔서 감사합니다. 친구들과 추억이 새록새록😆오래 계셔주세요~,오랜만에 갔어요 여전해요,푸짐하고 맛나요,"20년 전부터 다니는 곳이에요, 위치는 바뀌지만 맛이나 분위기는 변하지 않아 너무 좋아요!",20년째 단골입니다. 청춘을 이곳과 함께 했네요. 이탈리아에서 살고 있는 친구들이 와도 이곳 음식은 칭찬을 합니다 . 힘든 일 좋은 일 있을 때마다 찾게 되는 고향같은 곳인데 계속 좋은 음식 만들어주셔서 그저 감사할 따름입니다. 그 릭페투치네랑 갓구워주신 따끈한 빵 한입이면 세상 슬픈일도 다 사라집니다. 사장님이 오래오래 행복하게 운...,"네이버에서 예약하고 가면 부루스게따를 서비스로 받을 수 있어요. 추위를 부수며 갔는데 실내가 생각보다 추워서 음식도 빨리 식는 편이었고 조금 춥다, 하면서 빨리 먹고 일어났네요. 이 부분이 가장 아쉬운.. 히터를 안틀었던데 뭐 이유가 있겠거니 했어요. 주말에도 런치 스페셜 가능해서 메인메뉴 가격으로 스프랑 음료까지 먹을 수 있어서...",런치메뉴로 주문되니 풀코스로 가성비가 좋네요 네이버 예약하면 추가혜택이 있어서 미리 예약하세요 안심스테이 크 굽기도 좋고 소스도 진짜 맛있어요 제니스는 항상 만족입니다~~,강추하는 메뉴 3. 뇨끼 라구소스파스타 당근스프,"2인 세트 메뉴로 애피타이저부터 피자, 스테이크, 디저트에 와인까지 먹었는데 모든 메뉴가 다 맛있었어요^^ 예약하고 갔더니 자리도 창가 자리라 더 좋았어요. 연희동 놀러 가면 또 방문할 것 같아요!",제일 좋아하는 파스타집이예여,두번째 방문이네요 분위기도 좋고 친절하세요 정말 맛있게 잘 먹었습니다,좋습니다,오늘은 먹물전복리조또로! 고소하고 깔끔한 맛이 일품입니다. 아이스티로 곁들여 먹으니 잘 어울립니다.^^,맛있게 잘먹었습니다! 재방문의사있어요,스프먹고 먹는데 정신팔려서…피자 파스타 사진이 없는데…피자 파스타 다 맛있어요. 개인적으로 오일베이스 파스타가 입맛에 더 맞아요,친철하고 음식이 맛있어요,1층베이커리를 안해서 아쉽지만 여전히 맛있어요,학생때부터 가던 곳에 친구들과 오랜만에 찾았습니다. 추억을 가진 글씨체~~ 존재 자체로 감사합니다^^,"재료의 기본에 충실한 맛이에요. 모든 메뉴가 신선하고 자극적이지 않아 너무 맛있어요. 특히, 저는 빵을 너무 좋아해서 맛있다는 빵은 다 먹어보는 편인데, 빵이 다 너무 맛있어요. 피자도 도우도 정말 맛있고 토핑도 너무 맛있구요.",너무 친절하시고 음식도 맛있고 네이버 예약해서 서비스까지♡♡♡♡♡♡♡ 잘먹고 좋은 시간 보내다 왔습니다.,맛있게 잘 먹었습니다~,저의 최애 파스타 집입니다 벌써 몇년째 가고 있네요 진짜 꼭꼭꼭 가 보세요 좋은 사람들을 만나면 꼭 데려가는 곳이에요,"생치즈 피자도 맛잇고, 전체적으로 먹고 나도 더부룩하지 않아서 좋으네요. 요리 하나하나 다 정성가득! 추천해요",빵도 맛있고 파스타도 맛있는 제니스! 늘 한결같이 맛있는 아는 사람은 다 아는 맛집,몇년째 애용하는 식당입니다. 친절하고 늘 맛있어서 사랑하는 가게입니다.,아늑한 유럽 산장에 온 것같은 느낌입니다. 은은한 조명 덕에 서로가 더 예쁘게 보입니다ㅎ,이름은 카페인데 카페가 아닌(?) 곳입니다. 뱅쇼 찐맛집이고 다음에는 식사하러 와봐야겠어요.,오랜간에 찾은 찐 맛집! 매장을 들어 서면서 코끝에 느껴지는 따뜻하게 맛있는 향기~~* 그리고 깔끔한 식탁보와 먹 을 수록 맛있은 빵과 음식들!,"파스타, 스프, 브루스게타, 커피 모든 음식이 맛있어요^^",회식으로 처음 알게 되어서  주말에도 가본 맛집 !!  특히 먹물전복리조또 … 너무 맛있어요,그릭페투치네! 어디서도 맛볼 수 없는 특별한 맛,언제가도 좋은 제니스카페. 추억의 장소입니다. 친절하고 음식도 맛있고 최고👍,학창시절부터 친구들이랑 좋아하던 제니스. 따로 판매하시는 빵도 너무 맛있어서 빵 사러 자주 가요~~,15년 이상 방문한 곳. 여전히 좋은 음식과 맛이지만 그릭페투치네의 페타치즈와 잣이 점점 줄어든다고 느꼈어요. 이전이 과하게 많았고 지금도 좋지만 예전 기억이 있는 저는 살짝 아쉬워요.,"만나기로 한 사람이 멀리서 와서 네이버로 예약해봤어요. 안그래도 런치는 항상 빵에 에피타이저랑 음료까지 나오는 배부른 구성인데 덕분에 부르스게따도 먹고 진짜 배부르더라고요ㅎㅎ 갈 때마다 꼭 먹는 구운 연어 페투치네,, 사진 보니 또 생각나네요😍",친절하시고 맛있고 매장 분위기도 너무 좋아요!,홍대앞에 있었을 때 부터 소중한 곳.,"파스타, 피자 모두 기대 이상으로 맛있었습니다.특히 피자도우가 특이하면서도 맛있었어요. 식전빵도 너무 맛있어서 빵도 구입해서 왔습니다.","가정식먹는 느낌입니다. 맛도 있고, 양도 적당합니다",뷰가 좋고 가성비 좋아요,브런치로 진짜 딱 제격이에요~~테이블 간격도 넓고 분위기 너무 좋네요~,좋아요,제니스 빵 넘 맛있어요,먹물 리조또 현미가 너무 딱딱하고 짜고 마늘도 더 익혀야 할 것 같고 식감도 아쉬워요.. 피자도 사이즈나 도우 두께도 예전과 다른듯 싶고요.. 오랜만에 방문했는데 가격 대비 아쉬움이 많네요,만족스러운 식사였습니다 예약하고 가면 브루스케타도 서비스주시는데 맛있었어요 다음번에는 저녁 식사하러 가봐야겠어요~,맛있어요~,오 . .. 맛있어요!!!!! 쇼콜라또!!!,😀,"부르스케타, 식전빵도 빵맛집답게 너무 맛있고 버섯치즈뇨끼는 감자, 치즈의 고소한 맛이 최고였어요.","10만원 어치 주문했는데, 실망이 이만저만이 아녔슴!!!!! 향기로운 바질페스토파스타 유명했었는데, 이번에 또 가보 니.. 소스 농도와 소스 양도 변했고, 타 매장과 확실히 차별화 되었던,, 바질의 향기로움도 많이 줄어 실망컸구요!! 피 자도 같이 먹은 사람들 다 짜다고 할 정도로 짜고!! 간도 못맞출 정도로 추락하다니!!! 씬피자ㅜ생각했는데, 왜...",너무 맛있어요.,야외앉으니 좋네요,연남동 스프&빵 맛집 1층에 따로 빵집이 있을 때 부타 빵은 정말 맛있겠다 싶었는데 오늘의 스프는 정말...일부로 찾 아와서 먹게만드는 힘이있은 스프에요😍솔직히 스프때문에 계속오게되는데 처음 먹었던 그 감동을 잊지못해요!식 전빵도 정말 넉넉하게주시고 최고였습니다.사실 제니스파스타는 일반 토마토파스타느낌인데 조금 묽은 느낌...,자주 가는 곳인데 네이버 예약은 처음 해봤어요. 요청드린 대로 좌석 프라이빗하게 준비해 주셔서 감사했습니다..!,커피는 살짝 아쉬웠지만 다른 음식들은 다 맛있었어요.,늘 만족하는 제니스입니다♡♡♡ 오늘 처음 먹어보는 피자였는데 너무 맛있었어요. 특히 도우가 바삭바삭하고 치즈 풍미도 너무 좋아요. 바질파스타야 뭐 늘 no.1 입니다👍👍👍,맛있어요,스페인착즙쥬스 메뉴. 직접짠 생과일인줄 알앗는데 인스턴트예요 ㅠㅠ,음식냄새가 좀 심하게 나기는 했지만 분위기 좋구요 음료 맛나요,크리스마스에 갔었는데 진짜 맛있었음 당근 스프 계속 생각나요..,조금 비싼듯한 가격이지만 건강한 맛의 파스타와 샐러드를 맛볼 수 있다.,맛있는 식사 감사합니다 매우 만족 했습니다 갈 때마다 행복한 곳.,빵이 맛있음.,편안하고 음식이 맛있어요. 특히 빵 맛집입니다!,"런치코스 주문하니 스프, 음료가격이 안들어서 너무 좋네요~^^ 스프는 정말 건강한 맛으로 재료본연의 맛이 느껴져 서 좋았어요 특히 부르게스따는 입맛을 올려주고 제일 맛있네요 식전빵도 바삭하니 맛있고 뇨끼와 파스타도 소스 가 진해서 빵을 계속 찍어먹게 되네요 피자도 따뜻하고 치즈가 고소해서 정말 맛있게 먹었어요~오랜만에 친...",굿굿 예전부터 다니던 곳 👍🏻,조용하고 모임하기 좋은것같애요.맛은기본정도되는것같애요! 파스타고르면 크림이 맛나네요.,스프양을 넉넉하게 주셔서 감사했습니다 피자 정말 맛나요!!! 친절하게 응대하주셔서 즐거운 식사하고 왔습니다~,너무너무너무 좋아요 맛있어요 깨끗해요 쾌적해요,오랜만에 갔는데 여전히 가성비 좋고 맛있네요!,점심에는 메인 메뉴에 스프와 음료를 곁들여주시고 예약했다고 서비스 메뉴도 더 주셨어요 넘넘 맛있고 예쁘고 친절하셔서 너무나 좋은 시간이 되었습니다 고맙습니다!,예전 제니스 브레드 단골이었는데 재오픈 소식을 늦게 알고 알자마자 예약해서 다녀왔네요 변함없이 너무 맛있었습니다,언제가도 좋은 곳. 매장안이 좀 추웠어요ㅠㅠ,맛있어요!,다음엔 식사를 하러 와야겠어요! 커피 마시는 내내 수프에 눈이 갔습니다. 친절해요!,
감과당,1488367668.0,"명인이 만든 주악 맛집!!! 할매니얼이 유행하기 전부터 약과, 주악을 좋아했는데 요즘 유행덕분에 쉽게 접할 수 있어 서 넘나 신난다! 힐국의 겉바속촉 간식을 찾으신다면 감과당의 주악을 드셔보세요! 여기 쑥차와 호지차도 정말 향긋 합니다 사랑하는 남푠이랑 또 먹고싶어서 기본이랑 쑥주악 포장해왔어요^^ 남편도 너무 맛있다네요~ ✅️메뉴...","개성주악 맛이 궁금해서 방문했는데, 겉은 바삭하고 안은 쫄깃해서 맛있어요...!! 저는 각각 다른 날에 가서 호지차랑 쑥차와 함께 먹었는데 차 종류도 추천합니다 호두정과까지 맛있어 버리는 감과당 최고입니다 참 귀한 곳이네요 🫶","금요일 연차쓰고 혼자 연희동 구경하던도중 우연히 찾은 카페였는데 너무 가길 잘 한것 같아요. 따뜻한 매장 분위기 와 우드 소품들이 마음을 편하게 해주고 혼자서 음료한잔, 정과 하나 시켜서 넓은자리 혼자 앉아있었는데도 직원분 들이 불편하지 않게 친절히 대해주셔서 편히 잘 쉬다 갑니다. 일주일에 3일밖에 안열어서 아쉽지만 다음에 시...",사장님도 너무 친절하시고 주악도 진짜 맛있어요🫶🏻✨️ 많이 달지도않고 이에 붙지도 않고 먹어본 주악중에 최고예요🤍 도라지정과하고 호두정과도 서비스로 주셨는데 이것도 맛있어서 서비스로 받기에 황송했어욬ㅋㅋㅋㅋ 토핑주악이 품절이어서 못먹었는데 다음에는 토핑주악먹으러 방문하려고요!,"매장 분위기도 좋고, 한식 디저트도 맛있습니다. 8개월 아이와 함께 방문했는데 직원분들이 아이용 낮은 의자도 준비해주시고 굉장히 상냥하셨어요. 감사합니다.",남자친구 동네 갈 때마다 가봐야지 하고 벼르던 곳!! 기대를 충분히 충족시키는 곳이었습니당 ㅎㅎ 호지차 짱맛탱 디저트는 말해모해 ㅠㅠ 목금토만 한다니.. 넘 아쉬워요.. 남자친구는 가족분들 데리고 또 갈거래요 ~~!!!,진짜 찐 맛집입니다 도라지정과 최고! 호두 정과도 많이 안 달고 맛있음! (⁎⁍̴̀﹃ ⁍̴́⁎)♡,개성주악을 찾아서~~~ 커피도 맛있어요 ㅎㅎ,개성주악 맛집! 먹어도 먹어도 자꾸만 생각나는 맛이에용,"할매입맛인지라 개성주악이 너무 궁금해서 찾아갔습니다! 일단 사장님 엄청 친절하시구요! 개성주악때문에 갔지만 개인적으로 주악보다는 화과자에 반했어요 주악은 누구나 다 알것같은 덜 쫀득한 찹쌀떡?을 조청(치아에 살짝 붙어 요)에 같이 먹는 맛! 겉바속쫀촉? 먹으면 아~, 화과자는 처음에 가격에비해 좀 쎈데 했는데 다 먹고나니 만족...","화과자가 너무 예뻤어요. 달지 않고 맛있었어요. 개성주악은 밀도있고 좀더 쫀득한 술빵을 튀긴듯? 아님 찹쌀도너츠 느낌인데 안이 부드러운? 그런 느낌이었어요. 이것도 맛있었어요. 다음엔 다른 메뉴들도 먹어보고 싶어요. 인테리 어 느낌도 좋고, 친절하셔서 좋은느낌 받고 돌아왔어요","연희동에 이런 보물같은 곳이 있다니!! 진짜 먹어보고 싶었던 개성주악이랑 약과,곶감단지까지 너무 맛있었어요 ㅠㅠ 가격도 진짜 이정도면 너무 착한거 아닌가요! 분위기너무 좋고 사장님 너무 친절하세요☺️",개성주악도 맛있고 차도 맛있어용👍,갓 나온 주악이 정말 맛있어요,"연희동 장인이 만드는 한과 맛집 감과당! 약과나 화과자, 주악, 식혜 등 다양한 한국의 전통 과자를 소개하는 공간이 었는데 인테리어나 소품들이 한국적인 감성 가득해서 잘 어울렸던 것 같아요 약과는 쫄깃한 느낌이라 제 취향에 맞 았고 주악은 찹쌀도나츠먹는 듯한 달달함과 고소함이 느껴졌어요 그렇다고 질긴 식감도 아니고 부드러운 스...","멀리서왔다고 하니까 호두정과도 서비스로 주시고, 포장 나눠서 해달라고 부탁해드렸는데 다 해주시고 너무 친절하셔서 기분이 좋았어요🥺🫶 다음에 근처 오면 또 와서 사가야겠어요",쑥주악맛있고 팥이 맛있어서 팥들어간메뉴도 추천합니다 정과도 정성이가득하고 고급스러워요,개성주악 맛있어요.,진짜 넘 맛잇어요! 사진엔 없지만 호두정과 짱,개성주악을 처음 먹어봤는데 찹쌀도넛을 탕후루처럼만든 맛이네요! 약과도 수제라서 정말 맛있고 차도 맛있었어요  연희동간다면 꼭 한번 들러보세요😙,볼것도 많고 다과도 맛나네요,휴~ 왜 이제야 다녀왔죠?! 뭐 주악과 화과자는 당연 꿀맛이고 커피까지 정말… 고소하고 밸런스 너무 좋은 맛 ㅠ 화 과자들은 보통 너무 달아서 못 먹는데 여기는 과하게 달지 않아 오히려 첫입에 아주 살짝 짭짤한? 맛이 있어 백화점 판매하는 그냥 예쁘기만 한 거랑 차원이 달라요!! 선물용도 바로 포장되니 급하게 선물해야 할 때 바로바로 ...,개성주악 때문에 왔는데 화과자랑 양갱도 너무 맛있더라구요 사장님도 친절하시고 커피도 핸드드립으로 너무 맛있어요,주악이 꽉찬 찹쌀도넛같이 쫀득쫀득하고 겉에는 조청맛이 나서 겉바속쫀.. 너무 맛있습니다!!! 도라지같은 쌉싸름한  맛을 좋아해서 양갱도 사고 정과도 구매했습니다:) 저만 먹기 아까워서 가족들 몫까지 잔뜩 사버렸답니다..ㅎㅎ 가구 들도 따뜻하고 공간자체가 아늑해서 낮에 잠이 솔솔 왔습니다ㅎㅎ 사장님 입소문 타면 저 이제 못사는거 아닌...,"생강식혜 따뜻하게 한잔했더니 감기기운이 뚝 떨어지는 것 같다. 과하게 달지않고 은은한 생강향이 좋네요 ^^ 명인 님이 만드시는 디저트 곶감단지, 말차화과자까지 잘 먹고 맛보지 못한 것들은 포장해서 집에서 먹어볼려구요. 자주  방문할 것같은 느낌.. 카페 분위기도 그윽하니 넘 좋습니다.",개성주악이라는 전통 디저트를 맛볼 수 있는 특별한 카페입니다. 편안하고 힐링되는 곳이며 디저트는 너무나 맛있어요~,"들어오자마자 걸려있는 명인패 보고 기대했는데 역시 맛있네요,, 특히 수정과랑 금귤정과가 기가막히는군요,,,, 공간도 좋고 의도치 않게 왔다 기분좋은 당충전합니다요,,",너무 맛있어서 또 왔어요!! 최고예요!!,개성주악 너무 맛있어요 서비스로 주신 호두정과도 맛있어서 담엔 호두정과랑 같이 사갈겁니다,약과 정말 맛있구 식혜도 동그란 살얼음 함께 있고 진짜 깊은 맛! 가게도 너무 예뻐요~ 가구도 작가님 작품이라고 하네요. 강습도 있던데 배워보고 싶어요.,⭐️⭐️⭐️⭐️⭐️,개성주악도 맛있고 도라지정과 양갱 모두 고급스러운 맛,개성주악이 판다구 해서 가봤는데 너무너무 마싯게 잘 먹고 포장해서 가족들도 나눠줬습니당 ㅎㅎ😎 사장님도 서비스 잔뜩 주시고 너무 친절하셔서  기분좋았어요 다음에 또 올게요 ♥️,도라지 정과. 호두 정과 맛있었고 향이 너무 좋은 쑥차가 있네요. 커피도 맛있고 친절해서 또 가고 싶어요.,완전!대박!맛있어요!!!,카페에서 주악같은 보기드문 디저트를 먹으니까 너무 좋아요...!!! 쑥주악 진짜 존맛.. 달달하니 커피랑 조합도 완벽🥰 사장님이 넘 친절해서 기분도 같이 조아짐..,보통입니다,저번에 주악 먹어보구 이번에 곶감단지 먹어봤는데 진짜 어디가서 못 먹어 볼 맛임 🥹🥹🥹 와인 안주로도 추천하시던데 담번에 포장해가서 같이 먹어보려고 합니다~!!! 그리고 사장님 넘 친절하세요 흑흑,많이 달지 않은 고급스러운 맛 너무 맛있어요 :),화과자맛집😍 커피맛집☕️ 햇살맛집🌞  맛있고 따뜻하고 행복하고 난리났습니다!! 집에 가기 싫어요😆,한식 디저트는 처음 먹었는데 너무너무 맛있었어요!! 특히 주왁은 처음에 뭐지? 했는데 꼭 드셔봐야합니다. 앞으로 선물할때 여기서 사려구요ㅎㅎ,커피... 최고... 개성주악... 더 최고...빠삭쫀쫀... 날씨 좋은 날 가면 더 좋고... 다음은 약과다... 사장님들 너모 친절하 시고...,지인 추천으로 와봤는데 너무 맛있어요..🤤 주악이라는 디저트를 처음 봤는데 완전 인생디저트!! 커피도 대박이에요 핸드드립으로 직접 내려주시는데 향이 너무 좋아요 꼭 재방문 할게요!!🙌,동네에 새로 오픈해서 가봤는데 사장님도 친절하시고 개성주악도 처음 먹어봤는데 너무 맛있어요!! 다음에 꼭 다시 올게요 ~~,맛있어요!,개성주악은 바삭쫀득해서 너무 맛있어요!! 그리고 커피가 저렴한데 진짜 맛이 최고입니다.!!,선물받아서 먹은 디저트인데 너무 맛있었습니다. 특히 개성주악이 맛있었어요!!,화과자 만들기 체험 했어요~ 너무 잘 알려주셔서 재미있게 했어요 선물로 드렸는데 너무 좋아하셨어요 ㅜㅜ 흥분해 서 사진 못 찍었어요 ~ 너무 이뿐데~ 고급져요 최고,명인이 하는곳 역시 다르다..👍🏻 나들이에 포장해갔어요,주악 너무 맛있어요~~~!!!!!😭 바삭하고 촉촉하고 난리났네요 커피도 잘 어울려서 맛있게 먹었어요,좋아요,자주 가고 싶은 곳입니다.,맛있어요,좋아요,좋아요,조아요,대.존.맛 핵.친.절 지.갑.텅.텅,개성주악 너무 맛있어요,존맛 😊😊,,,,,,,,,,,,,,,,,,,,,,,,,,,,,,,,,,,,,,,,,,,,,,,,,,,
스타벅스 연희DT점,36462644.0,다 좋은데 만석일때 혼자온 사람들이 4인석 차지하고 오래있는 경우는 직원들이 좀 조절해줬으면 좋겠어요..,은은한 커피향  부드러운맛 라떼,연희동 스벅☕️🍰,스벅치고 좀 여유있는 좌석 구조와 탁트인 뷰가 좋아요~,책보기 좋은 스벅입니다~~,동료랑 잠깐 수다떨고 왔어요 시끌시끌하지만 친구랑 대화하긴 좋아요~~ 굿,연대 기숙사에 볼 일이 있어 들렸다가 주차장이 있는 스벅이라서 들렸습니다. 주차장이 크지는 않지만 대부분 드라 이브쓰루로 주문해서 가시는 것 같아서 주차공간이 남아 있어 주차하고 입장했네요. 아메리카노는 진해서 맛났어요 . 뷰도 좋고 매장안도 쾌적하고 손님들이 많았지만 조용한 편이었어요. 같이 주문한 음료는 딸기쮸쮸바 녹인 ...,동네가 조용하고 대화하기 좋아요,전부터 느낀거지만 메뉴 건네주시는 분들은 너무 친절한데 주문 받는 분들 너무 별로입니다. 저번에 사이즈업 쿠폰 사용하려고 “쿠폰 사용해서 그란데 사이즈로 사이즈업할게요” 라고 했는데 대뜸 ”제일 작은 사이즈가 톨사이즈예요“ 라고 하시길래 제가 사이즈를 문의한게 아니라 “네?”라고 다시 물으니 “제일 작은 사이즈가 톨 사이즈라고요” ...,넓고 편안하네요~,스타벅스 커피가 먹고싶어 주차가능한 곳을 찾아왔어요. 오늘도 에스프레소의 향이 진하고 부드럽게 나의 피로를  풀어주네요. 블루베리 치즈케익도 달콤하니 맛있어요. 그런데 라떼맛이 너무 싱거워 그냥 우유먹는 것 같아 속상하 네요. 커피와 우유의 조화가 제대로 되지않아 맛이없어요.... 담엔 제대로 된 러떼 맛보고 싶어요~~,주차되서좋아요,오렌지판타지유스베리티 맛있네요,히비스커스 좋아요 티백 뺄 접시도 주시는 거 좋은 것 같아요,매장이 아늑하고 음료 맛있고 주차공간 있음,연희DT점 직원분들 친절해서 좋아요ㅎㅎ 커피 맛있고 바질토마토베이글 너무 맛있어요,"안경쓴 여자직원분한테 주문했는데 말투,표정,행동 전부 너무 불친절해서 재방문이 꺼려질정도네요. 리뷰 둘러보니 비슷한 상황이 더러 있는것 같은데 시정이 필요해보입니다..",차로 어딜갈지 고민하다 만남의 마무리 장소로 연희DT에 들렀어요 . 마감 한시간 남았지만 그정도면 충분해 편리하게 이용했어요.,"매장이 넓고 시원해요, 드라이브스루 매장이라 직원분들이 많이 바쁘신듯 보였어요",잘 이용했습니다ㅡ,자주 이용하고 있습니다 감사해요,다른 매장보다 커피가 진짜 맛있습니다~,자주 이용하고 있어요 감사합니다,매장이 넓어서 좋아요,매장 넓고 좋아요,자주 이용하고 있습니다 친절하세요,차 가지고 커피마시러 나가려면 항상 주차난에 시달려야하는데 스벅 dt점이 있어서 드라이브뜨루로 편하게 다녀왔네요 친절하고 편안했어요,좋아요!,자주 이용하고 있습니다,매장이 넓어서 좋아요~~,굿,다녀가요,"주차공간 5대, DT점이라 드라이브 스루 차량으로 줄서있음",기프트콘으로 플랙스~비오는 날의 분위기 내기도 좋고~ㅎㅎ,디티 좋아여,굿,"용과, 망고 리프레셔 결제 취소 🫢 맨날 스벅에서 커피만 마시다 아이랑 먹으려고 핑크 음료수를 샀더니.... 카페인  들어간 음료라며 친절히 안내 주시고 결제 취소 후 다른 메뉴 안내 해주신 dt 직원분 🫢 스벅 어플에 칭찬하기 없어  여기 남겨요 감사합니다 ^^",신메뉴 먹어보려고 들렀습니다! 드라이브쓰루로 편하게 이용했어요!,자주 이용하고 있습니다,굿,의자 앉자마자 음료를 쏟아서 말씀드렸더니 친절하게 치워주시고 음료다시 받을 생각도 안했는데 다시 주셨어여 👍 감사했습니다~,맛있게 음료와 디저트를 먹었어요,자주 방문하고 있어요 감사합니다,.,자주 이용하고 있습니다,강북에 몇 안되는 감사한 dt,얼그레이바니라티라떼 너무 맛있습니다 최고입니다,굿,씨솔크카라멜콜드브루 맛나요,조용하고 깨끗하고 직원분들이 친절한 곳! 오전에 노트북 작업하기 좋았어요 (오후에는 안와봐서 모르겠어요) 콘센트 꽂는 부분도 헐렁거리지 않고 테이블 간격도 넓은 편이라 편안해요,가볍게 공부하기 좋고 커피 음료 다 맛있어요 🎶,^^,집근처라 자주 가는데 좋아요! 아기 의자가 있으면 좋겠어요~,매장 뷰가 좋아요,굿,굿,자주 이용하고 있습니다~,애정하는 연희동 스벅,매장 넓고 편해서 좋아요~~,더운 여름 시원한 스벅 프라푸치노 굿!,좋아요,좋아요~~,굿,접근성이좋아요 주차장도 있고요 앞에서 주문이 오래걸려도 친절하게 응대해주네요 DT패스 등록해놨더니 너무편 해요 ㅎㅎ 다만 앞차를 잘못만나면 좀느리다는 단점이있지만 커피는 맛있어요,굿,다녀가요.,굿,가끔 이용합니다,집이랑가까워요 굿,굿,얼그레이 바닐라 티 라테 최고로 맛있습니다 빡칠때 마다 벤티로 마시면 기분 전환 됩니다 강추^^,자바칩 프라프치노 제가 넘 좋아하는 메뉴에요~~,자주 이용하고 있습니다 늘 감사합니다,랜더스데이 특화음료 레드파워패션티  딸기시럽에 에너지드링크음료 후기들을 많이 봤는데 동감이네요 한번 맛본걸로..,비가와서 사람이 별로없어서 좋았음,좋아요,돌체라떼 달달구리 맛있어요,대화하기좋아요,얼그레이 들어간 바닐라 라떼 완전 맛있습니다 직원분들도 친절합니다,오늘도 공부 하기전에 라떼 한잔하며 기분전환합니다 맛있는 라테 먹고 기분업^^,곤약 젤리 씹는 맛이 재밌네요,굿굿입니다,🙂,초코 드리즐 뿌린 자바칩 프라푸치노 굿,좋아요,좋아요,선물하기 좋아요~^^,좋아요,굿,커피 외 에도 음료가 다양한 스타벅스. 오늘은 블랙돌체밀크티.. 조금 달긴한데.. 맛은 괜찮네요. 연희동 스타벅스 2층까지 매장이 있고 주차공간4대정도.. 분위기 좋습니다.,맛있어요 ㅎㅎ,올 때마다 친절하시고 자리도 편안해서 좋아요 🫶,좋아요,시원하고 주차장있어요,커피향이 좋아요 친절해요,시원하고 공부하기 좋아요,좋아요,오늘의커피로 카페인 충전완료~!!,스벅 여러 곳 다녀봤는데 이렇게 주문 맡은 분 불친절 한 곳 처음 봤네요 ㅋㅋㅋ와 안경 쓰신 여자분 표정부터 말투 기분 나쁘고요 그럴 거면 서비스직 일하지 마세요~^^,친절해요,좋아요,커피가 맛있어요,DT점 좋아요~~ 카라멜드리즐 잔뜩넣은 블론드 바닐라 더블샷마키야또 당충전 제대로!,,,,,,,
그로어스,1038765233.0,입구부터 멋있었던 그로어스 평일 낮에 갔더니 예약 없이 여유롭게 식사 할 수 있었어요 시그니처메뉴인 그로어스 브랙퍼스트랑 버섯 크림 트러플 마팔디네 주문했는데 둘 다 너무 맛있었어요 꼭 한번 가보시라,그로어스 세번째 방문이에요 음식도 맛있고 분위기가 너무 좋아요 연희동 브런치집중에 가장 좋아하는 장소에요 오면 항상 항정살 오일파스타 시킵니다 리조또도 맛있어요!! 올때마다 사진도 항상 예쁘게 건져서 너무 좋습니다 ㅎㅎ 내부도 예쁘고 외부도 잘나오고 단체모임하기에도 좋은 공간이 있어서 좋네요,진심 제가 방문했던 브런치매장중 최고였습니다👍🏻👍🏻같이갔던친구도 너무분위기좋고 맛있었대요! 공간도 완전 넓고 쾌적한게 주변 분위기까지 너무 좋아서 힐링하고왔어요♥️ 음식도 갖다주시구 직원분들이 짱 친절하셔요!!!데이트장소로 완전 딱인데 청첩장모임해도 너무좋을것같아요🩷,저희집 근처에 이런 뷰맛집이 있는지 몰랐네요 연희동 주택가에 조용하고 예쁜 브런치 가게 그로어스🥰🥰뷰도 예 쁘고 음식도 예쁘고 맛도 좋아서 분위기 정말 깡패네요!! 특히나 그로어스 블랙퍼스트 시키세요 완전 맛있고 푸짐합 니다>_<ㅎㅎㅎ,"연희동 브런치카페 맛집 넘버1❤️🍅 비오는날에도 보기드문 햇살맛집에 브런치, 커피 메뉴 다 맛있어요~ 홍대 연남동에 비해 훨씬 한적하고 여자들 수다떨기 최고인곳!!",카페 앞에 도착하자마자 너무 놀랐어요 예뻐서 ㅎㅎ 연희동 브런치카페 중 원탑인 것 같아요 밖에서도 너무 예쁜데  안으로 들어가보면 주택이 지닌 온화한 분위기랑 뷰까지 정말 환상적이더라구요 브런치 메뉴들도 확실히 차별화가  되어 있어서 그로어스에서만 먹어볼 수 있는 메뉴들인데다 맛이 기대이상이었어요,브런치로 블랙퍼스트랑 트러플파스타먹었는데 다 맛있어요 분위기도 좋고~ 블랙퍼스트는 구성도 좋아서 든든하고 건강하게 맛있어요,연희동에 브런치 카페가 많은 편인데 여기가 제일 분위기가 좋은 것 같아요. 규모도 크고 메뉴도 다양해서 모임 하거나 데이트 장소로도 추천드려요! 음식들도 하나같이 다 맛있어서 앞으로도 자주 갈 것 같아요🩷,하트시그널에서 보고 너무 예뻐서 메모해놨다가 갔는데 공간이 너무 예쁘고 분위기가 좋아서 완전 반했어요💜💜 채광이 워낙 좋아서 날씨 좋은 날엔 항상 오고싶을 것 같은 곳이에요 ㅋㅋㅋ 메뉴도 다 맛있어서 완전 행복했어요 조만간 또 가려구요!,"계단에 들어설 때부터 하얀 분위기의 가게가 예뻐 설레는 미음으로 들어가게 됩니다. 2층으로 올라가면 큰 창으로 보이는 뷰가 꽤 예뻐 보입니다. 자리 잡고 1층에서 선불로 주문하며 테이블 번호 말하면 가져다 주는 시스템입니다. 새우 오일 파스타와 양송이 크림 리조또를 주문하였는데, 비주얼이나 신선도, 맛은 나름 괜찮았는데 리조또가...",인테리어도 너무 예쁘고 음식도 맛있었어요! 테이블도 넓고 의자도 편해서 친구랑 대화하면서 음식 먹기 좋았어요 :) 다음에 연희동 갈 일 생기면 또 가려구요!,분위기도 좋은데 음식도 맛있는 곳입니다. 연희동 파스타 맛집 맞네요. 특히 버섯 크림 트러플 마팔디네 추천. 정말 맛있게 먹고 왔습니다. 거기에 직원분도 친절하시고 화장실도 청결하고 비누 제대로 비치되어 있어서 더욱 좋았어 요. 재방문 의사 100%,연희동에서 자주 오는 브런치 카페에요 항정살오일파스타 진짜 최애..🤍예약하고는 처음 와봤는데 자리가 진짜 좋아용 캐치테이블예약 강츄,"한적하고 조용한 분위기, 예쁜 인테리어, 맛있는 음식이 너무 좋은 브런치 카페였습니다~",조용한 연희동 골목이라 여유롭고 좋아요! 그리고 건물자체가 넘 예뻐서 힐링임 ㅜㅜ 브런치 메뉴는 진짜 양이 많고 여기 커피맛집입니다..!! 라떼가 엄청 엄청 맛있었음!! 카페 내부도 크고 예쁘고 야외테라스 자리도 좋아요!,"인테리어가 진짜 예뻐요!! 음식 양도 많고, 넘 예쁘게 나오네요!ㅎㅎ 오랜만에 기분 전환 했어요😊❤️",가게 분위기와 채광이 너무좋아요!! 시끄럽지않어서 더 좋았어요 요리도 너무맛있었고 직원분들도 친절하셔서 또  가고싶어요!💯,분위기도 좋고 뷰도 예뻐서 친구들 모임이나 데이트하기 좋은 장소였어요 ㅎㅎ 크림뇨끼 특히 크림이 진짜 맛도리니까 꼭드세요!!☺️ 전반적으로 음식들이 다른곳에서 보기 힘든 명이나물페스토 곁들여진 항정살 파스타 라던가 깍두기 볶음밥 등 메뉴가 신기했고 성공적이었어요~🤤,하트시그널4 에서 나와 더 핫해진 브런치카페 한적한 연희동 주택가에 2층주택 리모델링한곳이라 뷰가 멋져요.. 항 정파스타..소스가 매콤하면서 느끼하지않고 잘어우러져 그로어스 베스트같아요 존맛탱 브랙퍼스트-4가지맛 쨈 에 바삭한 빵 그리고 아보카도와 육즙팡팡 소시지랑 토마토..다양한 재료들로 풍성 깍두기볶음밥-흔하지않은 독...,음식도 맛있고 너무 예뻤어요! 분위기가 좋아서 사진 찍기도 좋더라구요. 기념일에 예약하고 오면 좋을거 같아요.,연희동의 숨겨진 브런치 맛집!! 그로어스!! 강남에서 소문듣고 부랴부랴 브런치 먹으러 아침에 왔는데 정말 뷰도 좋고 음식 맛도 끝내주네여!! 특히 마팔디네 파스타는 예술입니다!! 명불허전 #연희동맛집 그로어스 자주 올께요!^^💖💯👍🏻🥰🙏🏻🔥😎🌼👏🏻😍🌸😘😋♨️,분위기가 정말 너무 예쁘고 음식도 맛있어용!,여유로운 휴일을 기분좋게 시작하게 해준 식사였습니다~ 음식들의 맛도 너무 맛잇고 직원분들도 넘 친절하시네요!! 특히 프렌치 토스트가 기가 막히니까 꼭 드셔보세요!!,"지금껏 가본 브런치가게 중에 제일 예뻐요! 주변이 한적하니 뷰도 좋고 채광도 좋아서 들어서자마자 기분이 좋아지더라구요ㅎㅎ 음식도 다 맛있고 뻔하지 않은 맛이라 데이트, 단체모임은 물론이고 부모님 모시고 다시 오고 싶은 곳이었어요!",음식도 바로나오고 비주얼도 넘 이뻐요!!! 재방문의사 200%입니당^^ 오랜만에 만족스러운 브런치타임 보내고 왔어요^^,분위기도 좋고 맛도 너무 좋아요! 데이트 장소로 아주 딱이에여!!,크으 가게가 너무 이뻐요❤️ 미슐랭 셰프님 파스타 정말 맛있게 잘 먹었습니다! 딸기라떼도 생딸기 가득❤️ 항정살 오일 파스타는 또 생각나네요ㅠㅠ 마팔디네면은 처음 먹어보는데 완전 반했습니다❤️,토스트 메뉴 2개 시켰는데 둘다 맛있었어요👍🏻👍🏻,"흐린 날씨였지만, 오히려 분위기 있고 운치있어서 좋았어요. 브런치는 역시 그로어스네요",해가 엄청 잘드는 곳에 앉아서 브런치를 먹으니 햄보케요🥹 햇살맛집 브런치맛집입니더,"메뉴 - 뇨끼, 마팔디네, 샥슈카 시킨 게 둘 다 크림이라 느끼할거는 예상하고 마팔디네 먼저 먹었는데 맛있었어요 크 림이 느끼할법 한데 하몽인지 짭짤한 맛과 치즈, 크림소스가 잘 어울어져 맛있었어요 그러도 뇨끼를 먹었더니 느끼 했어요 개인적으로 크림 뇨끼를 느끼해하는편인데 리뷰가 좋아 시켰는데 역시나 일행도 저도 좀 느끼했어요 ...",연희동에 이렇게 이쁜 브런치카페가 있는줄몰랐네요!💖  분위기도 너무 좋고 카페처럼 브런치 비주얼도 너무 좋고 맛도 너무 좋아요!  입구부터 실내 인테리어까지 너무 이뻐서 데이트 장소로도 너무 좋아요! 날씨도 좋아서 힐링하고가요~~💖,한번 방문하고 계속 오게되는것 같아요 메뉴도 하나하나 빠짐없이 너무 맛있어요 ෆ,두번째방문인데 그 사이에 더 핫한 연희동브런치카페가 되었더라구요. 다시와도 뷰가 너무 좋고 음식도 여전히 맛있더라구요. 같이 온 지인이 아주 맘에 들어 했어요. 비가 왔지만 비가 와도 멋졌어요.,평일 한적하게 즐기다 갑니다. 빛도 따뜻하게 들어오고 분위기가 너무 좋아요. 사장님도 친절하시네요:),친구들이랑 예약하고 방문 했습니다 !  너무 이쁜 자리에서 오랜만에 맛있게 먹고 떠들다 가요 ㅎㅎ 직원 분들도 다 너무 친절하시고 특히 마팔디네가 너무 너무 너무 너무 너무 맛있어요 ㅠㅠㅠㅠㅠㅠㅠㅠㅠㅠㅠㅠㅠ 또 갈거에요,하트시그널에 나온 핫한 브런치카페라고 해서 일부러 사람 적은 월요일 오전에 갔어요! 분위기도 좋고 인테리어도 음식 플레이팅도 너무 예쁩니다. 음식은 맛있긴한데 간이 좀 센 느낌이예요..! 새우토스트 강추합니다❣️ 또 가고 싶네요😊,뷰도 너무 좋고 음식이 정말 맛있어요~ 다음에도 또 오겠습니다ㅎㅎ,"블랙퍼스트와 항정파스타주문해서 2층 창가자리 앉았어요. 분위기 너무 좋고 , 아침이라 조용해서 좋았습니다. 밤 분위기도 너무 좋을듯해요 연말에 모임때 예약하랴구요!",뷰가 좋아서 누구랑 와도 다 좋아하네요!,"항정살오일파스타, 버섯 크림 리조또, 베이컨프렌치토스트 시켰습니다! 리조또는 트러플 향이 엄청 풍기면서 부드 럽고 맛있어요~ 토스트도 과일이랑 잘 어울려서 맛있어요~ 다만, 항정살 오일파스타가 좀 별로였어요 ㅠㅠ 베스트 라고 해서 시켜봤는데 항정살이랑 파스타랑 다 따로 노는 느낌이어서 제 입맛엔 안 맞았습니다! 가게 외관이...",포토존 가득하고 맛도리까지 가능한 여자들 모임장소로 딱인 곳입니다👍🏻입구에 꽃 아치부터 기분 좋아지구요 식당이 다 통창으로 되어있어 기분까지 아주 좋아지네요💕 플레이트 다 맛있었지만 트러플 파스타가 요물이네요🍝 트러플이 아주 듬뿍 들어가서 향이 가득하고 짭쪼롬+고소합니다😍 연희동 데이트코스로 대추천입니당😉,"친구와 간만에 데이트 하로 연남동에 분위기 좋은 맛집이 있다길래 왔는데~ 분위기 부터 입구부터 뿜뿜 ~ 1,2층,야 외석까지 나란히 있고 뷰 맛집이네요. 대표적인 메뉴인 음식 선택해서 먹었는데, 맛까지 좋아서 완전 깔끔하게 클리 어 했어요~ 분위기 좋아서 데이트 하기 좋을것 같아 담에는 신랑이랑 와야지 ♡",이렇게 예쁜 브런치 카페는 처음이에여 평일 점심에 데이트 왔는데 분위기에 치이고 맛에 치이고 갑니다̄̈  버섯크림 트러흘 마팔디네가̐̈ 정말 맛있어서 소스까지 싹싹긁어먹었습니다̄̈ ;),"매장은 넓고 분위기 있었어요. 샐러드를 시킬까 하다가 메인요리와 함께 양송이 스프를 주문했는데 간이 삼삼한편 이고 잘 넘어가는 편이였고, 같이 나온 빵도 맛있었어요. 새우오픈토스트는 새우가 달짝지근한 소스에 구워 나오고 괜찮았던거같아요. 다만 마팔디네는 간이 많이 강한거 같아요. 저도 약간 짜게 먹는 편인데 너무너무 많이 짠...",매장이너무넓거이뿌요😍😍😍😍😍😍,가게 분위기도 너무 좋고 음식도 맛있어요 ! 데이트하기 좋은 분위기입니당 친구랑 즐거운 데이트 했어요 ㅋ ㅋ ㅋ ㅎㅎ,"하트시그널4 나온 거 보고 궁금해서 왔는데 방송에서 본 것보다 실제가 더 예뻐요!! 1층 2층, 테라스까지 전부 포토존에 뷰 맛집❤️ 분위기 기대하고 온 거라 사실 음식 맛은 기대안 했는데 요리 퀄리티도 훌륭하고 같이 온 지인도 저도 너무 만족해서 데이트로 무조건 또 올 거에요:)",맛있고 분위기가 넘 좋아요!!,공간이 너무 예쁘고 브런치 즐기기 너무 좋아요!,오랜만에 왔는데 역시 넘 맛있어요 ^^ 메뉴 둘다 성공 ㅋ 커피도 굿~~!!,넘 이쁘고 맛있어요  또 오고 싶어요,매장 너무 이쁘고 인테리어도 너무 이뻐서 데이트 장소로 최고인 것 같아요! 브런치 너무 좋습니다 ㅎㅎ,정말 이렇게 이쁘다니~ 소문만 듣구 왔는데 대만족입니다.  눈도 힐링 맘도 힐링 모두 힐링입니다.  또 다른 친구랑 올래요. ~~,화창한 날씨랑 브런치의 완벽한 조합 💓 브런치도 너무 맛있었구 무엇보다 밖에 보이는 풍경과 조화가 너무 잘 어 울려서 분위기 내고 싶은 날 데이트하기 좋을 것 같아요!! 그로어스 블랙퍼스트에 나오는 잼들도 다 맛있고 항정상  오일파스타도 명이나물 페스토랑 너무 잘 어울려서 맛있게 먹구왔습니다!!,어머니랑 누나 데리고 왔는데 맛있고 직원분들도 친절하게 안내 해주셔서 너무 잘 먹고 갑니다.. 파스타 너무 맛있 고 깍두기 볶음밥이 되게 신기했어요 ! 또 방문 할 것 같어요 진짜 맛있습니다 !!,너무 예쁜 음식점이자 브런치 카페입니다!!! 분위기가 넘 좋아서 놀랐고 아침에 먹음 짱이예용:) 파스타도 완전 강추. 면도 호로록 넘어가요,인테리어가 너무 예쁘고 음식도 맛있어용❤️‍🔥,분위기가 너무 좋아요! 데이트 장소로 추천해요>_<,분위기가 좋구 음식이 너무 맛있어요! 브런치 맛집입니다!!❤️❤️,처음 와봤는데 분위기 너무 좋았어요 직원분들도 친절하시고 토마토 파스타랑 항정파스타 시켰는데 넘 맛잇어요 담에 연희동 오면 또 오고싶은 가게에요:),매장 내부가 예뻐서 너무 좋았어요 ! 음식 양도 많고 빨리 나와서 좋았어요 !! 날씨 좋을 때 오면 사진도 예쁘게 나와요 ~ !!,생화는 아니지만 곳곳에 꽃이 가득해서  예쁘고 음식도 맛있어요☺️,미쳐따! 좐맛탱 ~~~~,분위기 맛 모두좋아요!!! 여러번 와봤는데 다음에 또올게용~~~ 맛집 멋집💛,친구가 맛집이라고 추천해줘서 왔어요! 인테리어도 너무 예쁘고 공간도 넓어서 모임하기 좋아요ㅎㅎ,음식 분위기 뷰 모두 괜찮았어요 그런데 매장 들어갈때 어서오세요 하는 인사가 없더라구요.. 그렇게 바빴나? 그래 도 들어오는거 봤는데.. 식사 마치고 나올 때도 직원분들의 인사가 없네요.. 이미 선결제라 결제 할 필요는 없었고  그런부분이 손님 입장에서는 별루....,일단 분위기에서 너무 기분이 산뜻해지고 음식들이 정갈하고 특유의 포인트들이 있어서 맛보는 즐거움이 있었어요!!,"매장 너무 이쁘구, 브런치 종류도 생각보다 더 많더라구요! 만족이에요🍀",분위기가 좋고 채광도잘들어서 좋아요!! 데이트하기 좋은 플레이스에요 ㅎㅎ,프렌치토스트랑 항정살오일파스타 먹었어요 맛있어요! 비쥬얼도 예쁘고 인테리어도 예쁘고 동네도 조용하고 넘좋았어요!,직원분들도 친절하시구 음식도 맛있고 매장도 환하고 예뻐요❤️,인테리어 너무 예쁘고 해가 잘 들어와서 좋아요 !  음식도 맛있습니당,브런치 메뉴는 넘 맛있어서 갈때마다 고정으로 주문. 파스타는 돌아가면서 하나씩 맛보는 중인데 항정살 파스타 넘 맛나네요,하트시그널보고 찾아갔는데 거기선 항정파스타 맛있었다고 나왔지만 저랑 제 와이프는 기름범벅항정파스타를 먹어서 속이 굉장히 느끼하여 밤새 고생했네요. 크림리조또도 그냥 그런 흔한맛인데 가격대비 가성비는 굉장히 안좋은거 같아요. 재방문의사 전혀 없습니다,가게 분위기도 좋고 브렉퍼스트도 너무 맛있어요!! 피스타치오 뇨끼도 색다르고 고소했어요~ 특별한 날에 데이트하러 와도 좋을 것 같아요!😍,평일 오후 3시정도에 왔더니 웨이팅 없이 들어왔어요! 공간도 넓고 분위기가 좋습니다😃😃,인테리어도 깔끔하고 음식도 너무 맛있고 좋아요~ 재방문인데 주차만 좀편해졌으면^^;;,데이트 장소로 최고최고.. 미슐랭 셰프님 정말 사랑해요..♥︎ 명이 페스토의 참맛을 알아버려서 지방러는 너무 슬픕니 다ㅠㅠ,좀 비싸지만 분위기가 좋네요,한적한 곳에 있어서 좋아용~~~ 친구들이랑 즐거운 휴일 보내고 갑니다♡ 분위기 조음!!,"하트시그널에나와서 가봤는데 주차할곳이없어서 아쉽고 음식은 맛있었지만 다시갈정도의 친절함, 가격은 아닌듯 해요 가격이 너무쎄네요 ㅠㅠ",친구들과 함께 방문했는데 가게가 너무 예뻐요 !!! 다음에 여자친구 데리고 다시 방문 해야겠어요 ☺️,지난번 방문 후 너무 좋아서 다시 방문했습니다. 지인과 함께 왔는데 너무 좋아하네요:),음식맛은 물론 친절이 최악이에요ㅠㅠㅠ 하트시그널에 나와서 분위기보고 왔는데 분위기뿐이네요 음식에 대한 설 명도 하나없고 핸폰 충전 부탁에도 대꾸하나 없네요 서버들이 묵언수행하는 곳이에요 친절은 기대말고 분위기로 가 시는게 좋으실듯......,여자친구랑 데이트 잘 하고 갑니다~,맛있고 분위기좋고 주차가아쉽,벌써 세번째 방문인데 연희동에 처음 오는 친구가 있으면 항상 데리고 방문 할 정도로 좋아하는 곳이에요💕,처음 와봤는데 분위기가 너무 좋았어요! 다음에도 다시 올 것 같아요,"그로어스 뷰맛집, 브런치맛집💜🩷  데이트/힐링하기 좋은 곳이네요!! 연희동에 가면 들려보세요~ 1,2층 뷰맛집임 ㅋㅋㅋㅋㅋ 넘 맛있어서 또 옴","연희동에서 분위기 제일 좋은 브런치 맛집일 것 같아요 분위기, 맛, 뷰도 너무 다 좋습니다 다음에는 날 밝을때 와서 먹어 볼려구요 추천합니당~~~👍🏻",넘 예쁘고 멋있는 곳이에용 자주 오게 됩니다 ^_^,너무맛잇고 분위기도 좋아요 ㅠㅠㅠ 직원분들도 친절하세요!,연희동에 조용한 골목에 있어 데이트하기 좋을 것 같아요 맛있어요 ㅎㅎㅎㅎ,직원분들도 너무 친절하시고 분위기가 너무 좋아요~ 여유로운 시간 보내고 갑니다!!,버섯트러플미팔디네 향도 진짜 좋고 쫜득하니 맛있어요 ! 이런 파스타몀은 첨인데 두꺼운 라면 같기도 하고 ㅎㅎ 신 기하네요 샥슈카는 느끼해질만 하면 한번씩 찍어먹기 좋고 빵도 맛있네요!!!! 인테리어 좋고 잘 먹고가요 ㅎㅎ,매장이 청결하고 맛있어요,분위기도 좋고 맛있어요 ^^,친구랑 카페 찾다가 들어갔는데 나오는 음식들도 맛있고 분위기랑 인테리어가 미쳤어요!! 사진찍기도 좋고 커피랑 밥 다 해결 할수 있어서 가성비👍 다음에 또 갈거 같아요!,직원분들도 친절하시고 음식도 맛있어서 기분 좋은 식사였어요😁😁😁😁😁😁,연희동 나들이 하다가 우연히 들어갔어요. 뇨끼랑 크림라떼는 정말 손가락안에 듭니다~ 나머지도 맛있었어요! 주택 개조한 인테리어가 독특했어요! 2층이 조용하고 한가한거 같아요,매장이 쾌적하고 음식도 맛있습니다!좋은사람과 방문하면 특별한 날이 됩니다!!,처음와보는데 분위기도 좋고 맛있어요!!!,항정살 오일파스타 먹었는데 약간매콤하면서 조화롭고 너무 맛있었어요  브렉퍼스에 나오는 재료들이 잘 구워져서 맛있는데 빵 갯수가 4개뿐이라 아쉬어요,예쁜곳에서 기분좋게 식사했네요. 파스타도 너무 맛있었어요. 분위기도 좋아서 다음에 또 방문하려고요 :),뇨끼랑 양송이스프 너무 맛있어요! 깍두기오코노미볶음밥은 양념맛이 쎄서 쏘쏘😅 오랜만에 만난 지인들과 저녁식사하기에 장소도 예쁘고 좋았어요👍 카운터에 사장님도 친절하시고 햇살 좋은날 2층에서 또 먹고싶네요😊,"집만 가까웠다면.. 정말 자주 가고 싶은 곳입니다 ㅜ_ㅜ 매장도 너무너무 이뻤고, 무엇보다 음식이.. 정말 진심으로  맛있었어요 ♥ 다른 메뉴들도 먹어보러 꼭 재방문할거에요!! 날씨 좋을때마다 그로어스 생각날 것 같습니다 :-D","사진 속 음식들 이름이 정확히 기억은 안 나는데 크로플, 트러플 파스타, 김치볶음밥이었고 셋 다 만족스러웠습니다! 밥부터 커피까지 모두 여기서 해결했고 커피까지 맛있었어요",유명하다해서 지방에서 서울일보러 가는길에 갔어요 추천메뉴2가지 주문해서 먹었는데 파스타는 좀 느끼 피클이 없더라구요 아쉽~,이쁘고 맛있어요!
다크에디션커피,1779458685.0,다양한 커피 친절한 설명 모든 커피가 신선하고 맛있어요~~,예전에 직장이 이 근처여서 점심에 몇 번 왔었어요. 그때는 '라우터 커피'였는데 이름이 바뀌었더라고요. 취향에 맞게 커피 추천 친절하게 해주셔서 좋았고요! 제가 간 시간에 손님들이 데려온 강아지가 두 마리나 있어서 ㅎㅎ 너무 좋았어요! 드립커피는 상대적으로 가격대가 좀 있지만 다양한 원두를 맛볼 수 있어서 좋아요!,다양한 커피 모두 맛있어요,연유라떼 너무너무 맛나요~~,모든 종류의 커피가 특별하고 맛있어요~~ 커피 한 잔에 마음의 위로를 느껴보세요^^,연유리떼 맛있어요,커피가진짜넘맛잇어요,커피는 맛있었습니다.,커피 맛이 정말 어마어마합니다:) 주인분의 커피 사랑이 느껴지는 곳입니다. 스페셜티 커피가 있습니다!,모든 커피 신선하고 맛나요,그 어떤 곳도 다크에디션을 대신할 수 없다,너무 좋아하는 커피집! 설명 그대로 과일맛 하나하나 다 느껴져서 아주 맛있당,커피 맛있어요~테이크아웃 할인있네요~,,,,,,,,,,,,,,,,,,,,,,,,,,,,,,,,,,,,,,,,,,,,,,,,,,,,,,,,,,,,,,,,,,,,,,,,,,,,,,,,,,,,,,,,,,,,,,,,,
카페 니어리,1514592974.0,지나가다가 아기자기해보여서 들렀는데 내부도 너무 귀여워요 😍 커피도 맛있고 음악도 좋아서 혼자 와서도 머무르기 너무좋았습니다~! 근처에 이런게 생겨서 너무 좋네요! 디저트도 많던데 다음엔 디저트 먹으러 와봐야겠어요!,"지나가는 길에 넘 귀여운 카페가 생겨서 밤 늦게 왔는데 친절히 인사해주셔서 감사했어요ㅠㅠ!!커피도 맛있고, 롤케이크도 맛도리~~나중에 강아지 데리고 오려구요!!","사장님 추천으로 바닐라빈크림라떼랑, 후르츠에이드 주문해봤는데 맛있네요~ ❤️ 디저트도 넘 맛있고, 아기랑 마실나와서 잘 쉬다가요~ 😆",집.앞에 새로 생겼길래 방문 해봤습니다. 주말 3시쯤갔을땐 학생들이랑 커플들 엄청 붐볐어요 카페 인테리어 분위기 모두 아기자기하고 데이트하기 정말 좋은 분위기에요 근처 지나시는 분들은 꼭 한번 들려보세요~ 사장님도 친절하 시고 특히나 초코롤케익 존맛탱,무화과 케이크가 많이 달지 않아서 넘 좋아요! 아아랑 너무 잘 어울려요🫶🏻 인테리어도 감성적이고 사장님도 친절합니당,커피 너무 맛있고 카페가 예뻐서 사진찍고싶어요🫶🏻,커피 맛있네요 디저트도 너무 귀엽고 맛있어요 이쁜 소품이 많아서 사진찍고싶어요,혼자 일하러 왔는데 분위기도 좋고 집중도 잘 돼서 좋았어요☺️,,,,,,,,,,,,,,,,,,,,,,,,,,,,,,,,,,,,,,,,,,,,,,,,,,,,,,,,,,,,,,,,,,,,,,,,,,,,,,,,,,,,,,,,,,,,,,,,,,,,,,
포싵,1352553531.0,엄마 생신 케이크로 주문 했어요ㅎㅎ  가족들 모두 멀리가서 사오길 잘했다고 하네요 디자인도 예쁘고 맛있게 잘 먹었습니다,상담도 자세하고 친절하게 너무 잘해주셨어요 치즈맛이 나서 느끼하지 않고 많이 달지 않아 좋았어요! 무엇보다 맛이 최고..🎂 덕분에 좋은 선물했습니다 감사해요!!!!,사진보다 실물이 더 예뻐욥  빵도 맛있고 크림도 너무 맛있었어요~~,요청사항도 다 들어주시고 받는 친구가 너무 좋아했어요! 다음에 또 주문할게요❤️‍🔥,"전부터 주문해보고 싶었던 케이크가게라 기대하면서 주문했어요! 사진보다 더 예쁘고, 맛있어서 너무 만족스러웠습니다🫶🏻 사장님이 친절하시고 예쁜 초도 하나 제공해 주셨어요!",2번째 재주문이에요 서울 올때마다 꼭 들리는 케이크가게💛💛 맛있고 디자인이 너무너무 예뻐요🤦🏻,,,,,,,,,,,,,,,,,,,,,,,,,,,,,,,,,,,,,,,,,,,,,,,,,,,,,,,,,,,,,,,,,,,,,,,,,,,,,,,,,,,,,,,,,,,,,,,,,,,,,,,,
티아레나,1534115818.0,"벼르다 가게 된 티아레나입니다. 미리 예약한 2인용 애프터눈티세트고요~ ㅎ 엄청 두꺼운 메뉴판으로 혼미해질 때, 대표님이 차를 고르는 걸 친절하게 도와주셔요~ 엔틱한 분위기에서 즐기는 애프터눈티세트와 홍차^^ 같이 간 친구가 엄청 만족해하더라고요. 근사한 시간 보냈습니다. 맛있는 건 물론이고(!) 대표님과 직원분 모두 엄청 친절하셔요","As a British, I highly enjoyed this experience and would definitely visit again! The staffs were very knowledgeable on their tea, and their selection was amazing! One of the best afternoon tea experience I've had in Seoul",테이블 간격이 넓은 편이라 옆 테이블 이야기가 들릴 염려가 없어 좋습니다. 티룸 치고 테이블도 커서 비좁지 않구요 . 차 마시다 보면 화장실을 자주 가게 되는데 무척 청결합니다. 밀크티도 시판 베이스가 아니라 직접 법랑팬에 주문 즉시 만들어주셨어요. 버터나이프까지 어우러지게 플레이팅 해주시고 스콘도 무척 맛있어서 늘 포장해 옵니...,"밀크티 좋아해서 티 전문점인 티 아레나에 가보았습니다. 골목으로 들어서며 보이는 카페가 너무 예뻐서 입구부터 바로 폰 들어 사진 찍게 되더라고요. 내부도 홍콩에 있는 클래식한 티 하우스에 와 있는 듯한 느낌이 들었어요. 고풍 스러운 가구와 다양한 찻잔이 있는 장식장, 귀여운 티팟 등의 인테리어가 매우 멋져요! 그리고 포트넘 앤 메이...",애프터눈티 세트 특별한 경험이었습니다 차 종류 설명도 잘 해주시고 디저트도 맛있었어요 다른 분들께도 추천하고 싶습니다,언제와도 티아레나만의 특유의 따뜻하고 고급스러운 분위기가 너무 좋아요➰사장님도 늘 친절하시고 모르는 티종류도 세세하게 설명해주셔서 전문성이 느껴졌어요👍🏻 이번에 새로나온 코랄플럼을 직접 만드신 자두청이 들어간다해서 마셔보러왔는데 역시나 상큼하고 맛있더라구요🍒언제나 방문할때 기대가 되는 카페는 처음이에요🫢,너무 맛있었어요 〰️〰️ 차가 따뜻해서 가을 겨울에 와서 여유롭게 즐기기 좋은 것 같아요 또 방문하고 싶어요 사장님도 친절해요 :)),언제가도 맛있는 차와 티푸드가 있는 곳,유명한 티 브랜드 차는 거의 다 있고 추천해주신 차들 너무 맛있었습니다. 보통1층 샌드위치를 좋아하는편인데 다맛있었어요. 3층 디저트도 당도가 높지 않고 산미랑 밸런스가 맞아서 좋았습니다. 힐링이 필요할때 추천합니다,방문만으로는 다섯번쯤 되는 것 같고 애프터눈 티세트는 이번이 두번째입니다. 갈 때마다 너어무 만족스러워요. 취향따라 추천이나 설명도 친절하게 해주시고... 가까이에 살았으면 시도때도 없이 갔을 거예요ㅎㅎ 제일 좋아하는 티룸입니다.,두번째 방문임에도 이 곳 만의 분위기에 다시 한번 감탄하게 됩니다. 디저트 맛은 역시나 만족스럽고 사장님의 차 추천도 항상 맘에 드는 것들 뿐이라 친구와 편안히 즐겼습니다.,"애프터눈티세트=티아레나 입니다. 인테리어도 멋지고, 공간도 넓고, 테이블 간격도 적당해서 넘 좋아요. 거기에 티 푸드도 맛있고, 무엇보다 차를 너무 맛있게 우려주신다며 👍🏻👍🏻👍🏻 멀어서 자주 못가서 아쉬워요. 간단히 스콘과 차  마셔도 너무 좋아요. 스콘은 진짜 여기가 젤 맛있어요!! 꼭 포장까지 하게 하는 맛 🫖","서비스도 좋고, 차도 정말 맛있어요!! 😍 디저트로 구비된 스콘도 너무 맛있어서 기분이 좋더라구요!~ 😋",차와 스콘이 정말 맛있습니다. 차에 대해 물어보면 자세하고 친절하게 설명해주시기 때문에 저 처럼결정장애가 있는 사람에게 최적의 장소입니다. 조용하고 아늑한 분위기여서 혼자 시간보내기 좋습니다.,"연희동 살때 자주오던 티아레나 지금은 비록 이사를 가서 자주 못가지만 가끔씩 놀러온 손님들 데리고 가거나, 차마시러가기 좋아요🥰",분위기 미쳤음........차 설명이랑 추천도 엄청 자세히 해주셔서 입에 딱 맞는 차를 찾았어요ㅠㅠ여유있을때 책 한권들고 가서 차랑 스콘 먹으면서 시간 보내도 괜찮을듯,너무 맛있어서 밀크티시럽을 사왔어요.. 여기 홍차는 찐입니다 여러분,다양한 티를 추천 받을 수 있어서 좋아요! 조용하고 아늑합니다~,"밀크티 덕후라 방문했는데, 베이커리류에 홀딱 반하고 갑니다,,🥹스콘 딱딱한거 별로 안좋아하는데 이곳은 포속-하니 촉촉하고 부드러운 생크림 스콘이라 어느곳을 가도 비교불가한 맛이였어요... 단호박케이크도달지않고 단호박 본연이 간직한 달콤한 맛을 극대화시킨 케이크라 너무 맛있게먹었어요! 사장님도 너무너무 친절하십니다🍰",화이트데이 특별 티세트 판매해서 궁금해서 다녀왔어요. 거리는 홍대 역에서 좀 먼 편이라 환승 필수입니다.. 거리가 조금 아쉽긴 하지만(심지어 저날 길이 막혀서 지각ㅜㅜ 양해해주신 사장님 감사합니다.) 가길 잘했어요. 3월 기준 오후 2-3시에 창가 볕이 아주 예쁘게 잘 듭니다. 사진 엄청 찍은거 같아요 ㅋㅋㅋ 사장님이 친절하시고 티에 ...,홍차 성지에요 ~ㅎㅎ 홍차도 종류도 많고 맛있고 밀크티 다 직접 만드셔서 굿입니다,언제나 행복한 나의 최애 카페❤️,조용하고 차분한 분위기 개인 티팟과 찻잔 정성스레 차려주신 티 한상 친절 하시고 차분한 서빙 너무 좋습니다,"에프터눈 티 세트로 미리 예약해서 갔습니다! 정각에 가게에 들어가서 티를 고른 후 잠시 기다리면 티푸드를 가져다 주십니다! 티푸드는 1층부터 하나하나 설명해주시는데 티푸드의 경우 제가 다녔던 티룸 중 가장 맛있었고, 구성도 좋았습니다! 2인으로 에프터눈 티를 주문할 경우, 큰 티팟 하나, 작은 티팟 하나로 차를 주시는데 생각보다 티...",연희동 홍차 전문점. 의외로 홍차는 향이 깊게 느껴지지 않는다는 단점이 있지만 가게를 예쁘게 꾸몄다는 장점이 있다,커피 줄일 겸 찻집을 찾아보다가 가게 되었는데 너무 아늑하고 예쁜 분위기에 맛도 좋았어요! 사장님도 친절하시구 뭔가 도란도란 대화에 집중도 잘되고 진짜 여행온 느낌ㅎㅎㅎ 스트레스를 잠시나마 풀 수 있는 위로되는 공간이었어요 또 갈게요 감사합니다 ✨✨,고즈넉한 분위기에서 차를 즐기기 좋아요.,"이 곳과 사랑에 빠진 듯 해요,,, 🩷 집과 멀어서 큰 맘 먹고 왔는데 재방문 의사가 들 정도로 차도 너무 맛있고 애프터 눈티 세트도 완벽했습니다. 직원분들 다 설명해주시고 너무 친절하셔서 티알못도 즐겁게 티를 고르고 마실 수 있었 어요 ㅎㅎ 공간도 아늑하고 좌석도 편해서 일행과 좋은 추억 남기고 갑니다. 또 올게요 🫶",요즘 정말 엄마랑 자주 가는 티카페. 골목길에 있어서 존재조차 몰랐는데 너무너무 좋아요. 사실 대화하기에 제일 좋 은 곳인데 저랑 엄마는 공부하러 갑니다 ㅎㅎ 😅 차 시키면 직접 와주셔서 플레이팅해주시고 설명도 다 해주세요. 티 전문점이라 티 종류가 엄청 많아요. 😌 분위기 아늑하다못해 고급지고 영국왕실이 왜 티 좋아했는지 알것...,분위기도 좋고 차와 티푸드도 맛있어요^^,너무 좋았어요 추천해주신 티도 너무 좋았습니다❤️,언제나 믿고 먹는 애프터눈티 진심으로 최고에요 스콘도 맛나구요!! 홍차도 완전 굿굿 !! 사장님과 가족 분들이 같 이 하시는데 완전 친절 그 자체 !! 여러분 꼭 가세요오 ㅎㅎ 서울 홍차맛집 애프터눈티 맛집입니당!!><,차를 너무 좋아해서 찾아왔는데 매장도 앤틱하게 너무 예쁘고 친절하시고 차도 맛나요:-) 무엇보다 티종류가 균일가인 게 너무 좋네요😋,"항상 손님들 모시고 오는데, 다들 너무 좋아해요 ㅎㅎ",이번에 로네펠트 차가 새로 많이 들어왔어요~ 맛있는 차 잘 마시고 좋은 시간 보냈습니다. ^^,티 종류도 정말 많고 친절하시고 분위기도 좋아요!,이모랑 즐거운 시간 보냇어용,연희동 오면 드르게 되는 티아레나. 생크림스콘과 Christin Dattner 이므 아 라무르 시켰습니다. 맛있는 장미가향 차 네요. 머리아프지 않은 정도. 찻물 따르자 향긋하게 퍼지는 장미의 은은함이 좋아요. 크림과 딸기잼 올려서 차 한 모 금 마시면 조화롭습니다. 여기 오면 크리스틴다트너를 주로 시키는데 요 거 마음에 들어요. 위타드 잉글리시 ...,종류가 많았는데 친절히 추천해주시고 좋았어요~,작년에 지인의 소개로 알게 된 이후 최근 몇 달 간 거의 매주 가는 찻집입니다. 브랜드 별 홍차 메뉴도 다양하고 메뉴 판에 없는 차를 추천해주시기도 합니다. 차만 마시다가 언젠가 처음 커피도 주문해보았는데 커피도 아주 맛있어서  깜짝 놀랐습니다~ ^^ 이후로는 커피도 자주 마십니다.,항상 친절하시고...요즘은 하도 물가가 올라서 애프터눈티세트가 비싸게 느껴지지가 않네용..,차 좋아하는 손님 있으면 항상 모시고 오는 곳입니다 ! 인테리어나 맛 다 너무 이뻐서 다들 만족 하세요 !,조용하고 차분한 분위기 좋습니다,차 종류가 굉장히 많고 직원분들도 넘 친절하시고 디저트도 넘 맛있어서 친구와 즐거운 시간을 보냈습니다. 또 방문하고 싶네요. 넘 행복했습니다~,차가 맛있어요 오늘은 밀크티도 주문했는데 달달하고 진해서 더 좋았습니다,"내부 인테리어도 아름답고, 디저트들도 맛있었습니다. 또 차 종류가 무척 다양하서 좋았습니다. 또 방문하고 싶습니다…!",차종류도 많고 인테리어도 너무 멋지고 예뻐요. 특별한날 가기좋은고이에요. 갓나온 차와 함께 하면 맛있어요.,홍차 종류도 많고 사장님께서 추천도 너무 잘해주세요!! 차와 함께 먹을 스콘 진짜 대박 강추,"애프터눈 티세트 두 번째 시식 후기!!! 그냥 최고입니다 말뭐입니다 진짜 그냥 한 번 가세요. 예약해서 드셔보세요.  그저 빛입니다..... 가격이 아깝지도 않고, 오히려 가격에 비해 완전 고퀄리티인 디저트와 차, 밀크티... 애프터눈 티세 트는 그냥 일단 예약해보세요 절대 후회하지 않습니다",발렌타인 에프터눈티세트 세상에 너무 맛있고 양도 많고 인생스콘까지 너무 멀어서 자주 못 가겠지만 그래도 연 희동 갈때마다 가고싶을것 같아요,Christin Darttner - Camomile Orange 맛있어요 이 동네 오면 또 오고싶은 이쁜 찻집 우리집이었으면 좋겠어요 다음 에는 애프터눈티 먹어야지 차도 종류 다양하고 많아서 고르는 재미도 있습니다,홍차 전문점,좋아요~~~,즐거운 시간 좋았습니다~ 인테리어가 예쁘고 다양한 차를 마실수 있어서 참 좋았습니다. 차를 잘 몰라서 시향을 많이 해서 죄송스러웠어요^^;;,"연희동 이쁜 까페입니다. 차전문점이지만 늘 마시던 라떼를 주문했어요~ 커피도 부드럽고 참 맛있고, 직접 만든 스 콘에 자꾸만 손이 가네요",따뜻한 분위기 속에서 다양한 티랑 디저트타임 너뮤 행복!!!,"우연히 오게 된 카페였는데, 차 설명도 정말 잘해주시고, 카페 분위기도 좋았습니다 ㅎㅎ 다음에 또 갈게요",혼자가서 차추천받고 마셨는데 사람은 많아서 여유로운 분위기는 아니지만 차 종류 완전 많고향도 좋아서 만족스러웠음,스콘 너무 맛있어요! 분위기도 좋고 따뜻한 분위기라 따뜻한 차 마시니까 마음까지 따뜻해지네요!,"평소에.. tea를 별로 즐기진 않지만..!! 커피는 쉽게 자주 마실수 있기에.. 지인들과 모처럼 시간내서 가는곳은..? 좀 색다르며, 안가본 괜찮은 곳을 가고 싶었는데... 생각보단 괜찮았어요 ^^ 티마스터가 적당한 온도와 시간으로 내려 주는 곳이고.. 티 종류도 많고 각자 메뉴가 개인 주전자에 나와서더 좋와요. 함께 나눠 마시며 다른 사람것도 ...",사장님이신것 같은데 너무 다들 친절하시고 디저트도 너무 맛있고 차에 대해서도 꼼꼼하게 설명해주셔서 좋았습니다 덕분에 특별한 하루가 되었습니더,엔틱하고 우아한 차 가게네요 ㅎㅎ 완전 영국 고전 느낌이랄까요? 넘 이쁘고 좋네요ㅠㅠ 그리구 무엇보다 차종류가 진짜 제가 간곳중에 제일많은것같아요 뭘 선택하기어려워서 시향하고 테이스티 한후 추천받았는데 넘 친절히 잘 설 명해주시고 골랐어서 후회없이 만족스러운 선택으로 즐길수있었습니다 스콘도 막 구워져서 뜨끈뜨끈할때 잘...,항상 맛있는 차와 함께 좋은 공간에서 기분 좋은 시간을 보내고 옵니다. ^^,라떼와 단호박케이크 맛있어요~,스콘 넘 맛있어유 나중에 홍차도 마셔봐야겠어욤,다양한 차에 대해서 시향하게 해주시면서 친절하게 하나하나 설명해주셔서 넘 좋았습니다ㅎㅎ 인테리어와 티팟 구경하는 재미도 쏠쏠했습니다~,"5개까지밖에 선택 못하는게 너무 아쉬운 ,, 언제 와도 좋지만 겨울에 오면 더 따뜻하고 예쁜 그런 곳입니다 합정오면 꼭 가보세요",우선 매장이 넓고 깨끗해용! 그리고 디자인이 마치 내가 영국 귀족이 된듯한 느낌...차도 직접 우리시는 거 같은데 향긋하고 맛있습니다💓주인분도 친절하십니당 디저트도 너무 안달고 진짜 맛있어용 연희동 오시면 여기 꼭 와보시는 거 강력!!추천!!!!,설명도 친절하게 해주시고 티세트도 전체적으로조화가 좋았어요 ! 마카롱이나 쿠키가 너무 달면 마지막에 물리는데 상큼한 종류라서 더 좋았습니다 !,애프터눈 티 세트 예약하고 갔어요!🌿 홍차 종류도 다양하고 사장님이 엄청 친절하세요 차에 대한 깊은 애정이 느 껴졌어요. 샌드위치 중에 오이 샌드위치가 있었는데 예상했던 것보다 훨씬 맛있어서 놀랐어요! 디저트 종류 모두 다  왕맛있었고 무화과 부르게스타도 넘 마음에 들었어요. 진정한 애프터눈 티를 찾으시는 분들께 추천드립니다!,티맛집의 종착점을 찾았어요!! 전 이제 여기만 가렵니다!! 커피 말고 티에 빠져버렸드아.. ❤️,맛있고 분위기가 좋아요,늘 믿고 가는 곳.,카페 사장님들 친절하시고 인테리어도 예쁘구요 스콘도 맛있고 밀크티도 참 맛났어요 카페 분위기도 조용해서 얘기  나누기도 좋았어요 또 가고싶네요,굿,맛있고 친절하고 예쁘고 다 해요.  근데 살짝 추웠어요.,분위기 좋아요!,다양한 종류의 차를 마실 수 있었습니다.,로열밀크티 넘 맛있어요~ 사장님께서는 항상 친절하셔서 좋아요^^~~,본격 Tea 덕후들을 위한 곳! 우리집 주위에도 이런데 있었으면 좋겠다~,ㄱ,소품 하나하나 정성스레 수집한 느낌 가득!! 티팟도 진짜 고오급지고 예쁘고 여심 저격 카페에요^^ 너무 좋은 분위 기에 맛있는 티까지 행복한 시간이었어용,사장님이 친절하게 응대해주셨어요~ 차 종류도 많고 궁금한건 자세히 설명해주세요. 애프터눈티세트를 준비해주신 자리가 아늑해서 편하게 대화할 수 있어요.,밀크티는 테이블 당 하나밖에 주문 못 해서 아쉬워요 로얄 밀크티 넘 맛있었는데🥲 스콘도 밀가루 비린맛 안 나고 버터 향 고소하니 넘 맛있었어요!👍🏻,굳,인테리어도 정말 예쁘고 차도 맛있고 스콘도 맛있고~다 맛있어요~ㅎㅎ 포트넘앤메이슨 로즈포총과 크리스틴다트 너 이므 아 라무르 차를 마셨어요. 시향해주셔서 장미향나는 차로 골랐는데 둘다 향긋하고 깔끔한 맛이였어요. 개인 적으론 스콘이랑은 이므 아 라무르가 더 잘 어울리는 것 같았고 장미향은 로즈포총이 더 많이 나서 둘다 좋았...,언제나 가도 맛있는 차와 디저트! 완벽한 애프터눈티 타임입니다!!!,"마르코폴로가 정말 맛있었고, 지난 번 방문 이후 기억해주시고 환대해주셔서 정말 감사했습니다.",분위기도 멋지고 차 맛도 훌륭합니다! 좋은 시간 보냈어요,"분위기 너무너무 좋아요❤️ 로열밀크티, 코랄플럼 추천해요",좋아요,좋아요,굿~~,넘 이뻐요!,애프터눈티 예약하고 갔는데 차종류도 많고 맛있어서 배불리 먹고 왔어요,스콘 좋아하시는 분들은 티아레나 스콘에 차를 꼭 곁들여보세요...... 애프터눈 티세트는 어느 접시든 맛있었고 행복 했는데 매장에서 일반 판매도 하시는 스콘이 계속 생각납니다ㅠㅠㅠㅠ 크고 겉은 바삭 속은 아주 촉촉해요...ㅠㅠ 그 리고 매장 사장님들이 굉장히 친절하고 따뜻하세요. 네이버 예약 때 요청사항에 퀸즈 다기 말씀드리면 도와주...,나온 음식 하나하나 맛있게 먹었어요.특히 웰컴티 맘에 들었어요. 양이 많지 않은 편이라 저한텐 딱이었고 디저트 중 3가지가 무스 같은 거였어요. 스콘을 기대했는데 데웠으면 하는 스콘이어서 좀 아쉬웠어요. 사장님 친잘하시고 분 위기 아주 좋은 곳~,좋아요,맛있어요,재방문의사 있고 적극 추천하고 싶은 에프터눈티입니다. 스콘맛있습니다.,새로워진 웰컴드링크 차의 맛이 더 잘 느껴져서 너무너무 좋았구 이번 무스류 디저트 대박이에요! 특히 산딸기가 올라간 하얀무스케익(?) 은 겉이 우유푸딩같고 속에 산딸기잼이 있어서 상큼 달달 입이 행복했습니다💕,"진짜. 최고. 그 이상은 없습니다. 진짜 최고. 애프터눈티 세트 2인 예약했는데 너무 진짜 최강 친절하시고, 좌석도 뷰 도 좋고 그릇, 컵, 식기류 다 너무 예쁘네요😍 샌드위치..디저트..밀크티.. 진짜 하나도 빼놓지 않고 기억에 남을 만큼  진짜 맛있었습니다!!!!! 진짜 또 갈 겁니다! 잘 먹었습니다 ㅎㅎ 적극 추천!! 기념일 식사 추천!!!","다양한 티 시향도 친절하게 도와주셨고 디저트, 샌드위치도 괜찮아서 친구와 즐거운 시간 보냈습니다.",티 매니아라면 무조건 강추! 입구부터 예뻐서 홀린듯 들어왔어요 인테리어도 빈티지한 티팟도 다 만나볼 수 있어요😊😊,차 종류가 다양하고 맛있어요.,스콘이 너어어어어어어어무 맛있어요. 분위기도 좋고 차도 좋고. 재방문 의사 1000%입니다,,,,
프레스도넛 연희,1299963885.0,"오랜만에 먹어도 한결같이 맛있습니다. 매장이 한적하고 조용해서 편하게 대화 나누기 좋고, 통창이 있어 답답하지 않습니다. 화장실도 내부에 있고, 깨끗해서 좋습니다. 맛있게 먹고, 잘 쉬다 갑니다!",도넛 디저트 다양하고 너무 맛나요 물론 커피도 맛납니다~~~,어니언치즈크림바질 도넛 노티드보다 맛있었어요 헤이즐넛 커피에서 로스팅 향기 미쳤어요 먹어본 헤이즐넛 커피 중에 가장 맛있었어요,커피와 도넛들이 다 너무 맛있습니다!!! 연희동에 놀러갈 때마다 꼭 들릴 것 같습니다. ♡ 조명과 가구들도 너무 멋스 럽고 노래도 은은하게 좋은 노래들을 틀어주셔서 분위기가 넘 좋았어요 ♡ 사장님도 넘넘 친절하십니다 스윗하셔 요😊😊 낮에도 저녁에도 예쁜 카페에요~ 도넛을 좋아하는 사람이라면 꼭 방문하셔서 꼭 드셔보세요!!! 종류...,디저트도 너무너무 맛있고~ 음료와 커피도 양도 많고 맛있었어요~! 또 가고 싶은 그런 곳이네요^_^,연희동에 도넛가게가 잇어서 들렷어요! 종류도 은근 잇어요!,"도넛 너무 맛있어요ㅠㅠㅠㅠㅠㅠ커스터드랑 어니언 크림치즈 바질 먹었는데 최고예요 커스터드는 달달하고 어니언은 고로케처럼 바삭하더라구요!! 넘 맛있어서 포장도 해갑니다,,💛",가게 이름이 바뀌었네요~ 동네에서 가장 좋아하는 도넛집🍩,"동네에서 만드는 도넛이라고 생각하기엔 꽤 맛있는 곳.  애매한 곳들 가는 것 보단 여기서 먹는게 나을 듯. 폭신폭신하고 부드러움,",음….우유크림도넛은 크림이 푸석푸석해서 실망 ㅜㅜ 직원분들도 그렇게 호의적이지는 않았어요 피곤해보이심,"처음에 어니언 크림치즈&바질 도넛을 너무 맛있게 먹어서 오랜만에 재방문 했는데, 이번에도 맛있게 먹었습니다. 진짜 완전 추천합니다! 매장도 편하게 쉬기 좋고, 빵과 커피도 맛있고, 직원분들도 친절하셔서 좋습니다:)",어니언크림바질 도넛! 온리 그거 먹으러 가는 곳,어니언 크림치즈&바질 진짜 미쳤어요… 짱 맛… 튀겨서 고로케 같은 느낌인데 크림은 느끼하지 않고… 부스러기가  떨어지긴 하지만ㅋㅋㅋ 잘 대고 먹으면 됨… 오리지널도 맛나요! 럼 크림 브륄레는 럼이 있어서 술맛이 나니까 조절 하면서 먹어야 할 듯… 술 좋아하는 사람(나)에게는 좋은 디저트ㅋㅋㅋㅋ 다음에 또 가서 다른 것도 먹어볼 거...,"럼 크림뷔릴레, 바질, 커스터드, 밀크크림 도넛 강추해요!!!!! 집들이 선물로 종류별로 하나씩 포장해와 먹었는 데 도 넛맛집이네요!!!! 도넛 다 맛있어요~ 근처 산다면 매일 사 먹었을 거에요~",연희동 살아서 행복해여… 이렇게 맛있는 도넛을 먹을 수 있다니… 제발 드세용… 다음에도 다른 맛 사 먹으러 갈게요… 오래오래 해주십시오…,수제도넛이 쫄깃하니 맛있어요. 조용한 분위기에 혼자 책읽기도 좋은 카페에요. 한적한 연희동 주택가에 있고 아침 10시에 오픈해서 주말 오전에 들르기 좋아요.,이렇게나 맛있는 도넛을 먹을 수 있는 곳이 있었다니… 카페의 크기는 아늑해서 따뜻한 느낌이 가득이였고 사장님 직접 만든 도넛은 넘넘 맛있었다. 전혀 달지 않은 하지만 도넛 특유의 풍미 가득한 맛~~ 재방문각200프로다~~,"크림 왕 많고 너무 맛있어여ㅠㅠ 피스타치오랑 초코… 다음엔 다른 거 먹어볼 거예요,,, 다이어트 중인데 자꾸 생각 나는 맛,,,^^",디저트 맛나요,크림이 과하게 달지 않고 담백한 편이었어요,오랜만에 생각나서 갔는데 상호명이 바꼈네요! 도넛은 똑같아요 :),크림뷔릴레 딱 하나 남아서 종류별로 사봤다고 하네요 . 디져트 좋아하는 아이가 30분~40분 거리 차타고가서 포장해왔네요. 만족하며 먹었어요.,디저트 맛나요,"피스타치오, 어니언 크림치즈&바질 최고",도넛이랑 커피 다 맛있었어요😋,디저트 맛나요,디저트 맛나요,"한사발로 주시는 꼬숩 커피...., 든든합니다요",야외석도있고 커피 향이 정말 좋더라고요. 도넛은 조금 비싼감이 있습니다ㅠ,여기 도넛은 많이 달지 않고 신선한 맛! 연희동 갈때마다 종종 들러요. 제가 먹어본 도넛중 베스트!,도넛 속 아주 맛있는 크림이 가득! 슈가파우더만 쪼금 덜어내면 완벽해질거같아요 😆,자몽티도 맛있고 도너츠도 좋아요.,주말 오후에 갔더니 솔드아웃이 많아서 아쉽🥹 퐁신퐁신한 도넛에 바닐라 커스터드 크림이 넘 달지 않으면서 아메리카노와 잘 어울렸어요.,도넛이 맛있어욤~~^^,맛있고 깨끗해요!,아메리카노 비싸지 않은데 맛있었음,오리지널 도넛 맛있어서 1분만에 순삭했어요!,친절해요! 기본 먹엇는데 엄청 쫄깃한 느낌은 아니지만 달지 않아서 많이 먹을수잇을것 같아요 ㅎㅋ,직원분이 친절하시고 도너츠가 맛있어요!!!,친절하고 깔끔해요 선물용이라 맛은 모르겠어요,우연히 들어오게 되었는데 매장 좌석도 편하고 디저트도 맛있었습니다 바나나 도넛 필링이 과하지 않고 맛있어서 하나 포장해갔습니다 차도 맛있고 아이스티도 약간 홍차맛이 나는 것 같았어요,큰 창이 있어 밖을 보면서 커피한잔 하기 넘 좋아요. 그리고 도넛 크림이 너무 맛있었습니다! 조만간 또 방문하려구요.,최고최고,짱,^^,가오픈중 20퍼할인혜택 있네요 도심지에 애견과 함께할 수 있어 좋아요,"피넛버터 도넛을 먹어봤는데 너무 맛있어요! 1시간정도 시간이 떠서 들어갔는데, 잠시 쉬어가기에 아늑하고 좋아요.",빵도 맛있고 친절해요,여행가는 길에 잠깐 들러서 도너츠랑 커피 샀는데 커피도 너무 맛있고 도너츠도 너무 맛있었어요🤍동네였으면 자주갈듯ㅎㅎ,포장해서 먹었는데 다 맛있네요,피넛버터 크림이 뭔가 제 상상과는 달랐어요 약간 설탕 서걱서걱한 느낌이었달까…,크림브륄레 어니언바질 둘다먹어봤는데 둘다존맛탱 근데 어니언바질이 개존존존맛탱 크림브륄레도 찐한크림에 맛있었음,좋아요,일찍가는 바람에 4종류만 있어서 조금 아쉬웠지만. 선물해드린 분도 좋아하시고 따로 두 개 사서 먹었는데 많이 달지도 않고 빵도 쫄깃!! 갓나온거먹으니 더더 맛있네요!,굿,라페가 넘 맛나요,이런 곳이 있어 행복합니다 연희동을 떠나지않을 이유가 더 생겼어요,도넛이 다양하구 포장해가서 너무 맛있게 먹었어요!,"도넛 대박적이고, 음료 양 많고 꽤 저렴해요! 인테리어도 이쁘고 화장실도 깔끔했어요.",커피도 맛있는데 도넛도 맛있었어요~ 다른종류도 먹어보고싶네요,굿굿 ㅎㅎ 크림브륄레는 럼 들어간건줄 모르고  시럽인줄 알고 홀랑 먹을뻔 했어요 ㅎㅎ,"11시부터 차례대로 도넛이 나와서 기다렸다가 어니언크림치즈바질, 커스타드크림, 오리지날을 구매해서 왔는데 셋 다 너무 맛있었어요!! 특히 어니언크림치즈바질👍👍",분위기도 좋고 사장님도 친절하세요^^ 도넛도 넘 맛있어요!!!!!,굿,크림브륄래 넘 맛있어요 커피랑 먹길 잘했어요 강아쥐가 귀엽내용,가성비가 좋지 않지만 맛은 괜찬하요,힐링하기 딱 좋아요!  크림브륄레 도넛에는 럼이 들어가 독특한 맛이 나며 커스터드 맛있네요 :) 버터바가 진짜 복병.. 넘 맛있었어요ㅜㅜ,도넛 맛있어요~,너무 맛있는 도넛과 커피👍 분위기도 너무 좋아요 💗💗,피넛버터 도넛 맛있어요 아메리카노도 맛있고 저렴한 편 인테리어도 좋고 친절해요,도넛먹으러 갔는데 커피맛에 반해버림~ 돌체라떼랑 비엔나커피 넘넘 맛있어요~~ 인테리어도 이쁘고 사람도 한산 해서 굿!! 담에 가서 다른맛 도넛도 먹어보고싶네용😊,굿,크리스펄 초코와 커스타드 크림 너무 달지 않아서 좋네요,맛있어요,진짜 맛있네요.. 먹고 갬동함,도넛 다양하고 좋아요!! 안에 들어있는 크림도 많이 달지 않아요 :),"도넛만 맛있는곳 같아요. 자몽에이드 수제청도 아니고, 시럽에 주시는데 에이드인데 탄산도 하나도 없고, 딱 저만큼  마시고 리턴 가져다 드렸습니다. 포크 주실때도 보통 잡는 부분을 잡고 트레이에 놓지않나요? 손님 먹는 입 닿는 부 분을 잡으시고 트레이 놓는거 보고 정말,, 도넛은 맛있었는데 반만 먹었습니다. 더 할말 많지만,, 하않이요.. ...",좋아요,친구 추천 도넛! 맛있어요^^,도너츠가 맛있어요,도넛이 맛있어요~~~,크림브륄레 도넛 정말 맛있어요! 매장이 예뻐서 날씨 좋은 날 갔는데 사진 많이 찍었어요. 💛😌 연희동 가면 꼭 가 는 도넛집입니당,도너츠가 맛이 좋아요 친절해요,ㅇ,"도넛박사가 인증한 맛집 식감이 바싹바싹 폭신하니 좋습니다 피자빵 좋아하는 분들은 어니언 크림치즈&바질 추천 드려요 !!! 화장실도 깨끗합니다 !!! 커피도 진하니 좋더라고요 그리고 음료중에 ⭐️우유⭐️가 있어요 !!! 카페인 땜시 커피 못드시는 분들 아이스 우유에 도넛 드셔요 짱짱짱 가격도 착하고 메뉴판에 우유 있어서 설레었습니다,,,...",좋아하는 도넛집,좋아요,도너츠 굿~,좋아요,어떻게 너무맛잇어,너무너무너무 맛있어요 도넛 버터바 다 하나씩만 사온게 너무 후회돼요,맛잇음,분위기좋고 도넛이 안느끼하고 맛있어요~,굿,좋아요,도넛 맛있어요~~~~,맛있어요,,,,,,,,,,,,,
해피헤비드링커,1115775390.0,연남동에 카페가 너무 많잖아요 버스내리자마자 제일 가까운 곳 발길닿는대로 와봤는데 너무 좋은 선택이었네요! 오트커피 달지도 않고 꼬소하니 맛있고 플레이리스트랑 스피커 완전 취저입니다🤍 겉보기보다 내부도 넓어요,매장 분위기가 너무 좋아요 조용해서 앉아있기 편했습니다 커피 맛도 괜찮고 테이크아웃하면 가성비도 좋은 것 같습니다,카페 분위기도 좋고 노래 선곡도 좋아서 이어폰 안끼고 있었어요! 커피는 맛있었고 브런치 종류가 많아보이더라고요 손님들도 많이 먹고 브런치 맛집인가봐요 냄새가 너무 좋았음...,"커피도 너무 맛이 좋고, 노래, 분위기 삼박자 쿵짝 카페입니다. 예쁜 사장님이 정말 친절합니다.",샌드위치가 정말정말 맛있고요ㅠㅠ(빵 뭐 쓰시길래 이렇게 바삭하고 맛있는지) 반려동물 친화적이어서 우유도 따로 챙겨주시는거 같더라고요! 편안한 곳입니다,사진 진짜 잘나와요 햇살 맛집,샌드위치와 파스타 메뉴도 있어 간단한 요기가 가능한 곳입니다. 연희104고지앞 버스정류장에서 10초 거리에 위치해있습니다. 푸릇푸릇 화초가 가득해서 여유로움을 더해주네요. 저는 당근라페가 가득한 '버니즈샌드위치'를 주문했는데 맛이 좋았습니다.,"인테리어가 멋있었어요! 식물도 많고, 기분 좋게 분위기에 맞춰서 음료마시기 좋았답니다… 다음에는 커피 맛을 보 러 오고싶어요",대충 찍어갈겨도 외국 카페 뷰 획득…✈️ 해외여행 왜 가요? 해피헤비드링커가 foreign country인데ㅋ,아아 받자마자 쓱 들이키면 쾌감있음. 너무 맛있음 커피! 가격도 좋음!,우연히 지나가다 계획에 없이 홀린듯 들어간 카페. 내부가 널찍하고 좌석 간 여유도 있고 인테리어도 근사했어요. 특 히 눈에 띄는 스피커와 선곡도 좋았구요. 커피도 맛있고 직원분도 친절했어요. 방금 식사를 한터라 파스타나 샌드위 치도 궁금했는데 못먹어봐서 아쉬웠어요. 다음에 꼭 먹어보러 다시 들러야겠어요. 다만 대로변 버스 정류장 ...,버정 기다릴때 한번씩 가는데 커피맛 괜찮아요.  인테리어도 좋고 자유로운 분위기라 주말에 작업하기도 좋을듯. 사장님도 쿨하게 친절해서 좋습니당,"연남지하차도 쪽 입간판과 벽에있는 그래피티 까지 매장의 성격이 잘 반영되어있는 것 같아요. 토요일이었지만 연 남동에 비해 많이 북적이거나 정신없지 않아서 너무 좋았어요! 인테리어나 분위기, 멋진 손님들, 매장의 큰 스피커에 서 흘러나오는 사운드까지도 좋았고 작업하러 오시는 분도 꽤나 보여요! #niceearth 팝업하던 공간도 편안한 ...",맛나요 고소하고,요즘 저의 아지트가 된 해피헤비드링커 커피도 맛있고 샌드위치도 맛있고 사장님은 친절해서 기분이 좋아지는 카 페 !! 다음에는 꼭 파스타 먹어보겠어요,애플샌드위치 짱 맛있어요. 사과랑 브리치즈랑 블루베리잼?이랑 조화가 넘 좋네요😋 넛츠커피도 시그니쳐메뉴답게 고소하고 맛있어요. 그리고 인테리어에 홀딱 반하고 사장님한테도 반하고 갑니다요😖💗,커피 맛있었어요. 그런데 샌드위치가 먹고 싶어서 방문한건데 품절이라 아쉬웠어요.,항상 맛있게 먹는 해피헤비드렁커- 너무 배고픈 날이라 베이컨오픈샌드 두피스 먹었는데 정말 양도 많고 다 먹고 난  후 배가 엄청 빵빵해졌어요. 커피는 뭐 말할것도 없이 늘 항상 맛있어요- 천천히 쉬었다가 갈 수 있는 장소입니다.,"연남동 바게트 샌드위치 맛집임,,,!!!💖💖💖💖 커피도 생각보다 넘 맛있었고 분위기도 좋음!! 사장님도 쏘 친절하심,,,!! 노트북하거나 책 읽기 넘 좋은 곳",너츠 커피 맛잇네용,샌드위치랑 라떼 너무 맛있어요.. 오래오래 이 자리에 있어주셨으면 좋겠네요.. 앞으로 자주 가고 싶습니다 ㅜㅡㅜ,"바게뜨빵에 사과 슬라이스, 치즈와 블루베리 쨈의 조합이 달콤짭조름한 맛으로 어우러지고, 땅콩호두 부스러기까지 더해져 고소해요.",동네카페투어~ 초록식물들과 노래듣는 재미가 동시에,친절한 사장님과 따뜻한 분위기가 흘러넘치는 카페입니다. 커피는 산미가 없어서 좋았고 양도 많아서 더 좋았어요  그리고 샌드위치도 맛있었어요 계속 재방문할 것 같아요,"전체적인 인테리어 좋고, 음악도 잘나오고, 음식 및 음료도 잘 나옵니다. 성산과 연남 사이에서 대화하기 좋은 카페입니다.",커피가 다 맛있어버려요.,연희동 최고 분위기 맛집… 근데 커피도 맛집 & 파스타도 맛집 & 샌드위치도 맛집.. 욕심이 과한 사장님…🥺,저만 알고 싶은 카페에요.. 일단 커피랑 당근라페 샌드위치가 정말 맛있습니다 들어가면 되게 아늑하고 편안한 느낌 이 듭니다 그리고 사장님도 정말 정말 친절하세요!!!,지금 뷰 너무 예뻐요💚💚,보통 블랙커피를 좋아해서 시그니쳐를 마시는 편이 아닌데 이곳은 넛츠커피라 하여 도전해 보았어요. 진한 에소프레소와 적당한 농도의 아몬드밀크 거기에 맛을 헤치지 않는 시럽!!! 단 것을 좋아하지 않지만 오늘은 기분 좋은 커피였어요.,샌드위치가 먹고 싶을 때마다 자주 가고 있어요  커피도 맛있고 친절한 곳이라 갈때마다 너무좋아요  (음악 소리가 큰 편이니 예민하신 분들은 조심하세요!!),"분위기도 좋고, 너츠라떼와 애플브리샌드위치는 맛있고 기분 좋은 외출이었습니다^^/",밤에 오니 괜시리 나도 힙한 사람이 되는 듯한 분위기에 휩싸이는 마법같은 곳…. We gotta call it ‘happy heavy drinker’….,커피 맛있고 카페도 예뻐요,시그니처 커피 너무 맛있었어요 ! 음악 선곡도 좋아서 노래 들으러 잠시 머물다 가기 좋은 카페인 것 같습니다. 다음엔 저녁 시간대에도 한번 방문해보려구요.,매장분위기 너무 좋아요🥹✨ 노래도 좋고 좌석도 편한데 넘넘 이뻐요 👍👍 지금 전시중이라 볼거리도있고 행사도 많이해서 종종방문하려고 인스타 팔로했슴당✨✨👍👍,3일 앓아누웠다가 햎드사장님 커피랑 샌드위치 수혈 필요해서 병원 대신 왔습니다.. 총총 저는 별 수 없는 해피버니인가봐요 🐰,추천해주신 커피도 맛있었어요. 사장님이 정말 친절하시더라구요. 주차때문에 위치가 애매하지만 또 가고 깊은 곳이예요!,음식이 나오는데 너무 오래 걸렸지만 굉장히 친절하시고 음식도 맛있었어요,테이크아웃 할인하면 무척 저렴해서 좋아요 커피맛도 좋아요 분위기 좋아요,시그니쳐도 너무 맛있지만 기본인 아메리카노도 무척 맛납니다.,오일파스타는 이도저도 아닌맛이고 피자두에이드에서 화장품맛나요,사장님 핵친절…💕 뭔가 스페셜한 과일주스(?)을 추천해주셨는데 어린이 입맛이라 도전해보지 못했어요ㅎㅎ  다음엔 다른 메뉴를 먹으러 갈 겁니다!,지나가다가 우연히 알게되어서 방문해봤는데 카페 분위기 너무 좋구 노래 선곡도 좋구 여자사장님이신지 직원분이 신지 잘은 모르겠지만 넘 친철하시구 사.. 사.. 좋아합니다🤍,다 좋았고 다른 메뉴도 먹고싶어서 재방문하고싶은데 음악소리 너무 커서 힘들었어요ㅜ (스피커 바로 앞도 아니었는데..),엄청 친절하신데 마셨던 차가 너무 쓰고 떫었어요,"매장이 깨끗하고 친절합니다, 음료수가 맛있어요.",너무 아늑한 공간이었어요. 커피도 맛있게 마시고 왔습니다. 재방문하고 싶은 예쁜 카페에요~!,연희동 쪽에 늦게까지 하는 카페가 많이 없어서 아쉬웠었는데 해피헤비드링커는 11시까지 하더라구요! 늦은 시간까지 영업하는 것도 좋고 카페 분위기가 정말 아늑해서 머무는 내내 편하게 있었어요💌,겨울이지만 따뜻한 분위기를 느낄 수 있어요 음식이 맛있어요 직원분들이 친절해요 동네에 이런 카페가 생겨서 너 무 좋네요,"매번 친구들과 오다가 혼자 오니 더 좋은 곳입니다. HHD라떼는 전날 부장한테 유리처럼 깨부셔진 저의 멘탈까지 강 력 접착제마냥 붙여주는 맛입니다… 브런치 맛으로도, 커피 맛으로도, 분위기로도 대체할 곳이 없는 유일한 곳..소듕 … 저만 알고 싶은 곳이지만 예쁘신 사장님 더 흥하시길 바라며ㅠㅠ 리뷰로라도 응원할게요❤️",친절한 사장님 덕분에 기분 좋게 머물다 갑니다! ✨👍🏻,소개 받아서 도착한 이 곳 너무 좋았다. 특히 시그니처 메뉴가 좋당,지칠때 한줄기의 빛이 되는 해피헤비드링커🙃,좋아요,이 온도 분위기 노래 ~ 완벽🥹 솔직히 매장 분위기가 너무 좋아서 이 정도면 음식이 별로라도 괜찮~ 이란 생각이었 는데 샌드위치도 너무 맛있고 커피도 짱입니당 샌드위치에 블루베리 콩포트랑 브릭치즈가 넘 잘 어울렸어요🥹 바 게트도 고소하니 바삭했습니다 ㅎㅎ 사장님도 넘 친절하시고 아주아주 만족스러운 식사였습니다🥺 노래도 ...,집 앞 카페인데 바뀐지 몰랐어서 오픈하고 처음가봤어요. 샌드위치 페퍼의 매콤한 맛 +시럽 단맛이랑 hdd 라떼의 고소한 맛 조합이 좋아요! 노래도 좋고 작업할 수 있게 분위기도 좋아서 종종 자주갈 것 같아요~,제 기준 가장 완벽한 커피와 디저트가 있는 곳 올때마다 인테리어도 조금씩 풍성해져 보는 재미도 사진찍는 재미도  쏠쏠한 곳,좋아요,차도 도자기 티팟에 나오고 커피가 너무 맛있어서 계속 한입 한입 멈출수없게됨…🥰,"저만 알고 있었는데... 오늘 와보니 손님이 많아져서 너무 슬픕니다,,, 돈 많이 버셨으면 좋겠는데 더 유명해지진 말았으면ㅜ 농담이고 분위기, 맛, 가성비 다 잡은 카페 요새 흔치 않은데 가까운 거리에 있어서 넘무 행복할 따름입니다🫶🏻 인스타갬성에 치중된 카페가 아니라서 더 좋고 음악이나 인테리어나 너무 고급지고 개성넘쳐요",오늘 일본인 친구 한국에서의 마지막 날이였는데 근처에 늦게까지 영업하는 카페가 없어서 아무데나 검색하고 간건 데 친구도 너무 좋아했고 저도 너무너무 맛있게 먹어서 앞으로 자주 갈거같아요!! 카페 분위기도 너무 좋고 무엇보다  커피가 너무너무너무 맛있었습니다 ㅠㅠ 시그니쳐라떼 정말 맛있어용,"매장 분위기나 음악이 매우 좋고 집중하기도 좋고 간단히 대화하기도, 와인한잔하기도 좋아요! 사장님과 직원분이  정말 친절하고 앞으로도 자주 찾아올듯합니다!","📍총평 : ⭐️⭐️⭐️⭐️⭐️ 최근 갑자기 많아진 상업적 카페 느낌이 아닌, 젊은 사장님의 감각이 잘 느껴지는 독일풍 카페같습니다. 홍대역에서 거리는 좀 있지만 찾아와 볼만 합니다. 📍맛 HDD라떼가 시그니처라셔서 시켰는데 진짜 적절히 고소하고 살짝만 달달한게 딱 기분 좋아지는 라떼. 이건 진짜 강추입니다!! 디저트로 시킨 바스크 치즈...",두번째 방문입니다☺️ 분위기가 좋아요 커피도 맛있고 오일파스타랑 샌드위치도 시켜봤어요!,우드톤의 인테리어가 맘에 들어요 햇살맛집 샌드위치맛집~☀️🥪 다음번엔 hhd라떼를 마셔봐야지...,"소리에 예민한 편이라 카페에선 주로 이어폰을 꼽고 있는데 신기하게도 작지도 않은 음악소리가 공간과 분위기에  너무 잘 어울려서, 오래 머물 생각은 없었는데 덕분에 여유로운 시간 보내고 가요:) 라떼도 맛있었는데 밸런스 좋은  아메리카노가 참 좋았어요 왕복 두시간 거리지만 단골 해보렵니다🫣",브런치 커피 둘 다 정말 맛있는 곳! 미국 펍에 온 것 같은 분위기와 팝송이 흘러나오는 공간이 좋았어요 밤에는 술도  판매할 예정이라고 본 것 같은데 밤의 분위기도 궁금한 카페😁,"바질페스토 파스타, 베이컨오픈 샌드위치 강추!  아메리카노도 맛있어요 (:d",이런 곳이 백만개 생길 수 있게 해주세요,"다시 돌아 온 해헤드.. 가격대비 파스타 정말 괜찮네요..💚 인테리어 조금 변화주신 것 같은데, 비오는 날에 잘 어울 리는 유럽풍 바 같네요",언제와도 최고..!🤎,저번에 공사하는 거 보고 궁금했는데 버스정류장 가는길에 오픈했길래 방문해봤어요! 너무너무 배고픈 상태에서 H HD 샌드위치 시켰는데 사장님이 너무 친절하셨어요🥹 빵은 달달한 느낌이고 위에 버섯이 정말 가득 풍성하게 올라 가있고 치즈랑 베이컨이 토핑되어있는데 진짜 맛있네요 ! 버섯 정말정말 좋아해서 많이 올라가있는 버섯 양 ...,사장님 너무 친절하시고 커피와 샌드위치 모두 맛있어요! 거기에 음악까지 좋아서 혼자만 알고싶은 카페에요👍🏻,인생까페. 한모금 맛보면 잊을수 없게되는  hhd시그니처라떼 임신중에 커피 끊었는데도 참을 수없어 밤에 뛰쳐나오게 만드는 마법의 커피. 정말 너무맛있음,사장님이 친절하시고 카페 테이블이나 의자도 편한데 분위기도 좋고 감성있어요 !! 라떼 맛있습니다 🫶🏻 혼자 가서 노트북하거나 책 읽기 좋아요 !,오늘도 점심 겸 잘 먹고 가요🥕🥕 다 먹어갈 때쯤 은근히 느껴지는 포만감이 너무 기분 좋아요,좋은 커피와 곁들일 수 있는 간단한 식사도 있어서 일을 하거나 친구들과 담소를 나눌 때 자주 찾는 카페에요.,"애플브리치즈샌드 단백한데 사과의 단맛과 햄,치즈의 짠맛 그리고 소스 조합이 좋다 무엇보다 인테리어가 친절하고  사장님께서 예쁘다 🌸",시그니처 커피 마셨는데 너무 달지도 않고 딱 좋고 맛있었어요! 인테리어도 마음에 들었는데 다만 음악 볼륨이 분위기랑 어울리기에는 그보다 너무 크다 싶었어서 그것만 괜찮으신 선에서 조절해주시면 더 좋지않을까 싶은 느낌이었습니다. 또 오고싶어요!,건강한 한끼하기 좋아요. 흐르는 음악도 너무 좋습니다,분위기도 좋고 위치도 좋아요! 커피도 맛있어요! 샌드위치랑 파스타 먹었는데 후추 간이 조금 쎈거 같아요!,우연히 지나가다 인테리어가 예뻐 들어간 곳인데 커피가 너무 제 스타일이네요. 테이크아웃이 더 저렴해서 한잔 더 챙겼네요ㅎ,3번째 방문입니다. 최애 음료인 HHD라떼에 바닐라라떼를 처음 시켜봤습니다. 바닐라라떼하면 보통 너무 달거라는  선입견이 있는데 정말 부드럽고 고소한 원두 풍미가 가득 퍼져 국밥 마시듯 마셔버렸네요ㅎㅎ,분위기도 좋고 커피도 맛있어요☕️,두번째 방문입니다! 저번에 편안하고 맛있게 먹어서 또 방문하게 되었습니다 초코펀치 먹고 싶었는데 품절이라 사 장님 추천으로 바스크치즈케이크 시켰습니다 크기는 아기자기하지만 부드럽고 사르르 녹는게 너무 맛있게 먹었습 니다. 여기 메뉴를 전부 다 한번씩 먹을 수 있도록 열심히 방문하겠습니다 ㅎㅎㅎ~,분위기 백만점에 맛은 천만점 멀리서도 일주일에 한번은 찾아오게 만드는 마성의 까페테리아,일단 인테리어가 너무 이뻐요!👍👍그리고 커피가 너무 쓰지도 않고 그렇다고 달지도않고 맛있었어요 개인적으로 견과류를 좋아해서 시그니처커피가 입맛에 맞았어요! 다음에는 디저트도 같이먹어보러오고싶네요😍😍,HBD라떼 정말 태어나서 마셔본 모든라떼중에 제일맛있음 까페 자체도 너무예쁘지만 진짜 이커피는 미쳤음 너무  맛있다 정말,두번째 방문입니다! 올 때마다 다른 메뉴들을 먹어보고 있는데 먹을 때마다 너무 만족스러워요:) 정말 이름처럼 행복해지는 맛!! 자주올게요 항상 친절하시구 기분좋은 바이브 감사해요😘😍,카페라지만 맛있는 음식도 있고. 분위기도 이쁜 무엇보다 흔하지 않은 인테리어와 친절한 사장님!! 또올께요!!!,단골하고 싶은 곳 ㅠㅠ 음악이 너무 좋고 친절하세요 💚,임산부가 월 최소2회이상 편도 1시간10분거리를 약속도 없이 그저 커피와 샌드위치가 너무 먹고싶어서 무리해서 굳이 방문하는 까페,인테리어가 너무 예쁘고 편안한 분위기에요~ 음악도 좋고 무엇보다 커피랑 샌드위치가 정말 맛있네요! 테이크아웃하면 1500원이나 할인된다고 하니 자주 와야겠어요 :),주문시 메뉴판의 설명을 보고 코리안오일파스타를 주문했는데 설명과는 다르게 새우가 들어있지않았어요. 먹다보 면 나오겠지 밑에 깔려있나 하고 계속 먹었는데 안나오길래 다시 메뉴판을 확인하러 갔더니 새우가 들어간다고 적 혀있는 게 맞았더라고요. 제가 새우가 없었다고 하자 새우가 들어가지 않는 걸로 바뀌었다고 하시더라고요.. ...,넓고 사장님 친절하세요!!,커피와 음악이 좋아요,매장분위기 좋고 인테어리가 너무좋다  집중하기도 좋고 맛있는음식 먹기도 좋은것같다.,사장님이 친절하시고 커피도 맛있어요 매미소리에 여유있게 커피마시고 갑니다.,지나가다 너무 핫해서 발견한 카페:) 커피맛도 너무좋고 매장 분위기도 너무 좋아요! 노래선곡도 ♥︎ 재방문100,사이드메뉴로 파는 샌드위치도 맛있고 해가 잘 들어서 너무 멋진 곳입니다,좋아요 힙해요,버스타려다가 우연히 발견한 곳!!  바게트라 조금 딱딱하지만 저기 담겨있는 소스랑 속재료들 조화가 미텼음,샌드위치도 맛있고 커피도 맛있어요:),사과 샌드위치 시그니처 라떼가 정말👍🏻👍🏻👍🏻👍🏻,굿,,,,
로우키 연희점,1162811035.0,건물 3채가 얽히고 설킨 독특한 구조 과거의 2층 주택과 새로운 콘크리트 건물과의 연결 그리고 그공간에서의 전시 와 팝업과 카페의 경계가 따로없는 복합적인 느낌의 카페에서의 커피타임 ☕️ 커피와 디져트의 맛은 soso,★4.5 성수점만 가다가 연희동에 생긴 것이 궁금해서 가 봤다. 가구 회사와 콜라보 해서 공간을 다채롭게 만들고 건 물 자체에도 매력이 있다. 원두의 종류는 정기적으로 바뀌지만 로우키의 드립 커피에는 일관된 매력이 있다. 대략적 으로 커피 설명이 커피 맛과 잘 맞는다. 성수점과 비교 붐비지 않아서 좋다.,연희동에 로우키가 생겨서 행복한 나는 스페샬리티 커피를 마셔서 또 행복했어,매장이 넓고 커피가 맛있어요.,비오는 날 방문했는데 빗소리도 들리고 커피도 맛있고 잠시였지만 너무 행복한 시간이었습니다:) 성수점도 좋은데 연희점도 너무 좋았어요!,"핸드드립 커피 맛집 로우키! 원두 종류도 엄청 다양하고 직접 시향도 가능해서 좋았어요. 좋아하는 스타일 말하면 직접 추천도 해주십니다. 친구는 참외라떼 마셨는데, 뭔가 고급진 메론맛 난다고 하더라구요. 드립커피 좋아하시는분들은 엄청 좋아하실 것같아요! 그리고 분위기가 좀 차분해서 집중해서 작업할때 좋을것같아요.",커피맛집입니다,연희동 카페 로우키 페루 솔리다리아 게이샤 워시드 아이스라떼 애플크럼블 성수에선 1호점 2호점 다 가봤는데 연희동에도 최근 생겼다고 해서 와봄. 주택개조 인테리어가 신기하다. 1층만 로우키고 지하랑 2-3층은 잭슨카멜레 온 쇼룸. 조용하고 여유로운 분위기. 자개로 만들어진 샹들리에겸 조명이 바람따라 짤랑짤랑 예쁜 소리를 만...,집 하나가 통째로 카페와 쇼룸이라니.. 감동. 커피는 산미있는 원두로 마셨는데 풍미가 좋고 맛있어요. 그리고 커피젤리도 많이 달지 않고 맛있었어요. 혼자 조용히 느긋한 시간을 보낼 수 있었습니다. 공간이 주는 힘을 다시한번 느끼게 된 시간이었어요!,원두포장이 예쁘네요. 원두 포장하며 마신 커피도 정말 맛있었습니다.,"자리가 없었는데, 직원분이 의자를 가져다 자리를 마련해 주셨어요. 너무 친절하시고, 음료도 원두를 취향것 고를 수 있어서 좋았어요.","말로만 듣던 로우키를 처음 방문하게 되었고, 연희점은 다양한 플랫폼과 팝업샵의 느낌으로 이루어져 있어서 가구 브랜드들의 인테리어도 같이 볼 수 있는 넓은 공간에 위치하고 있습니다. 워낙 유명한 커피로스터리 이다보니 무조 건 필터 커피를 마시게 되었고 직원분 추천으로 콜롬비아 원두로 픽해서 먹었습니다. 모과 매실의 향과 청사...",커피맛있고 좋네요~ 광나루 있을때 부터 다녔는데 지점도 많아지고 정말 발전하신거 같습니다,로우키 아니고 옆에 카페 마,비싸고 맛있는 디저트,분위기 있고 인테리어도 예뻐요 친절해서 기분 좋았음!,거대해보여거 특별할줄알았는데 그렇지않네요,아들캉 쉐프수에서 맛점후 커피타임은 로우키로 이건물쥔분께서는 건축 다자인하는분일까낭! 뒤에도 새로운 건물  멋지게 짓고 있는듯 이건물은 예전 가정집 이용 카페도 임대준듯 가구임대도 들어와 있는듯 건물빌려준듯..ㅋ 아들 이 산미있는걸로 선택 맛 괜춘 푸딩 좋아해서 푸딩 추가 구매 방방,예술적인 감각으로 꾸며진 쇼룸이 갖춰져 있어서 구경하는 내내 굉장히 만족도가 높았어요 ! 여느 지점들보다도 모 든 직원들이 가장 친절하게 대해주셔서 더욱 따뜻한 공간처럼 느껴지곤 했어요 💛💚 로우키에선 가급적이면 꼭 브 루잉 커피 주문해서 마시는데 이번에 주문한 예멘 알 라마디 아나로빅 내추럴도 성공적이였어요 ! 로우키 좋...,직원분께서 아는척 해주셔서 머쓱 .. 커피 맛있어용,망고에이드가 달콤하니 너무맛있었어요🥰 여름에 또 먹고싶을맛💛 시간때를 잘 맞추면 조용히 노트북하기도 좋고 소파구경하기도 좋고 쾌적하고 예쁜 카페인것같아요💕,추천합니다~ 로우키 연희점이 생기고 한번 가보리라~생각만하다가 첨으로 갔는데 역시 맛있네요!! 다양한 공간을 즐기기에도 좋구 드립커피도 맛있구!!,로우키 커피는 믿고 마십니다 성수랑 광진구 너무 멀어서 자주 못갔는데 연희동에 생겼네요! 가구 쇼룸이라 양옥집과 감각적인 가구 들로 눈호강까지 가능합니다,에티오피아 물루게타 문탸사 내추럴. 아주 맛있게 마셨습니다~~,가구쇼룸이 함께 있어 구경하기 좋았던 카페 로우키. 큰 주택형태의 복합문화공간으로 공간이 크고 다양한 가구들 을 둘러볼 수 있어 좋았고 성수동 유명 카페 로우키를 연희동에서도 만나볼 수 있어 맛있는 커피도 마실 수 있었어요  연희동 투어할 때 꼭 방문해야 하는 코스로 추천할게요😄,매장이 예쁘네요. 바로 붙어있는 쇼룸 구경하기 좋아여!! 주차는 불가! ㅠ 카페여성직원분 불친절 합니다 ㅎㅎ 주문  잘 못 받아놓고 본인이 맞다고 좀 우겨서 당황했습니다 ㅎㅎㅎ 걍 먹었어여 ㅎㅎ,인테리어가 기가 막혀요,공간 이쁘고 좋은데 계산대에 계시는 남자직원분 너무 불친절합니다 메뉴 궁금한거 물어보면 귀찮은 표정으로 대답 도 단답형으로 말하고 딱딱하고 기분이 좋지 않았습니다 여자직원분들은 착하시구 좋았습니다,로우키의 카푸치노 참 좋아하는데 새로생긴 연희점 카푸치노도 맛있네요,좋아요,분위기도 커피맛도 최고네요,라떼 맛있어요. 공간이 멋지네요. 가구전시장구경도 재미있어요.,잭슨 쇼룸까지 있어서 구경하기 좋음 커피 맛은 뭐 유명하니까ㅋ,연희점 직원분들도 친절하고 공간도 깔끔 음료도 맛있네요,커피가 맛있어서 하루에 두 번 방문했어요! 직원분께서 친절하게 주말 잘 보내라고 해주셔서 기분이 좋았어요🐥  슬쩍 본 인테리어도 멋졌고요 !  다른 지점보다 여기가 더 좋네욤,커피맛있구 공간이 너무 좋았어요!,매장에 좌석이 별로 없어요.,인테리어도 예쁘고 쇼룸 구경하는 재미가 있어요. 오랜 주택을 리모델링한 까페예요. 무엇보다도 커피가 맛있어요.,커피가 묵직하고 진해요~ 카페 공간도 편안해서 맘에 들어요,"라테가 정말 맛있는 로우키☕️🥛 라테 고르는 입맛이 매우 까다롭고 예민한 편인데, 만족해요!",매장이 깨끗하고 인테리어가 멋져요 조용하고 대화하기 좋아요 커피는 소소,야외테이블이 조금 아쉬워요,👍🏻,분위기 커피 다 너무 좋아요!,좌석도 아늑하고 커피도 맛있고 분위기 좋아요!,내부 자리 자체는 몇석 없다. 위 아래로 쇼룸 구경하는 재미는 쏠쏠,친절한 설명 감사합니다,로우키 커미 명성 답게 커피는 좋으나 쇼룸같은 장소고 오픈한지 얼마 안되서인지 조금 어수선한 느낌이었습니다.,미니멀한 공간과 맛있는 커피 :),예멘 잘 마시고 갑니다👍,❤️,제가 진짜 좋아하는 곳,가구쇼룸이 함께 있으니 갤러리에 온 기분으로 커피를 마실 수 있어 좋아요,,,,,,,,,,,,,,,,,,,,,,,,,,,,,,,,,,,,,,,,,,,,,,,,,,,,,,,,,
파츄코 파라다이스,1704067550.0,새로생긴 동반브런치카페 디저트도 있고 간당한 파스타종류도있어요 사장님 완젼 펫프랜들리라서 더더욱 잔상이  좋았던곳 인테리어도 이쁘고 음식 맛도 좋습니다!,분위기 좋고 사장님 센스 넘치시고 음식도 맛있어요 그리고 다른곳에서는 먹지 못하는 아이템들이 너무 좋네요,샌드위치도 너무 맛있구 귀여운 강아지가있어요 인테리어도 너어무 좋고 커피도 맛있어요 연희동 오시면 꼭 오시는 거 추천 드려요🙃,음악도 좋고 느낌있는 사장님도 좋고  저녁에 술한잔하고 싶네요,사장님이 친절하시고 커피가 맛있었어요! 다음에 또 가고싶은곳이에용!!,"복숭아에이드와 히든메뉴인 나폴리탄스파게티 먹었는데, 음료와 음식 다 너무 맛있어서 소스까지 다 먹었습니다.. 매장 분위기도 좋고 음악도 완전 제 취향이라 다음엔 커피 마시러 책 한권 들고 오겠습니다!ㅎㅎ",커피를 좋아하고 강아지를 좋아하고 음악을 좋아한다면 반드시 와야할 곳.,초코라떼랑 푸딩 맛있더라구요,맛은 그냥 그래요…,🍮🥃🍑🍝🐶,,,,,,,,,,,,,,,,,,,,,,,,,,,,,,,,,,,,,,,,,,,,,,,,,,,,,,,,,,,,,,,,,,,,,,,,,,,,,,,,,,,,,,,,,,,,,,,,,,,,
콜드레시피,32581553.0,연희동 주민이 강추하는 수제 아이스크림 맛집🌱 특히 바질 추천해요! 완전 바질 그 자체... 복숭아 소르베도 생복숭 아 먹는 느낌이구요. 온라인 주문도 가능해서 지방에서도 사먹을 수 있어요😳 진짜 내돈내산으로 동네방네 소문내 고 있는 집이요..🍦👍🏻,연희동 간김에 들렀어요 !! 딸기소르베랑 후르츠 모나카맛으로 먹었는데 상큼하고 맛있어요 맛이 깔끔하고 군더더 기없는 맛이에요 !! 너무 달지도 시지도 않아요 간혹 텁텁하거나 입에 찐득한맛이 날수도 있는데 전혀 없고 좋아요,아이스크림들이 다 진하고 맛있었음👍🏻🍨👍🏻🍨,복숭아 아이스크림 너무 새롭고 좋았네요 ㅎㅎ  더운날 살짝 식혀주며 먹고 가기 좋아요 ~ 귀욤귀욤 ㅎㅎ,유명한 곳이라 맛은 뭐👍🏻 작은 컵에 두 가지 맛을 수직으로 쌓아주셔 먹는데 좀 불안함을 느끼며 조심조심 떠먹었네요. 넘 맛있어서 근처가면 또 사먹을 것 같아요:),복숭아 소르베와 얼그레이 더블(5.5). 둘 다 맛있었어요!,그녀가 생각날때 마다 가는 곳인데요~맛이 너무 좋아요~매일먀일 가고 싶은 손꼽는 아이스크림집~개운한 끝맛이 더운 여름날 더 좋아요. 시원하게 먹고 남는 끈적함이 없는 아이스크림 입니다,재료의 맛이 느껴져서 좋아요,서울에서 이탈리아 본토 젤라또 맛을 느낄수있는곳,맛있어요! 백도복숭아맛 먹었는데 진짜 복숭아를 샤베트로 먹는 맛! 엄청 달아요 🍑,맛도 있고 제겐 추억의 장소 입니다. 오늘도 역싶맛나고 생각나는 사람도 있네요 ㅎㅎㅎ,넘 맛있어요~^^,친절,밥먹구 여기서 후식 사 먹으면 최고!,젤라또 짱!,맛있는 아이스크림! 다 맛있음,더블 컵으로 시켰다가 아이가 본인이 먹겠다고 컵을 흔들어대서 위에 스쿱이 떨어질뻔했어요 순간적으로 수저통 옆에 컵이 쌓여있길래 얼른 하나 빼다가 아이스크림 받쳐서 아이한테 건냈는데 그걸보고 ㄱ정색하면서 하… 한숨 을 쉬더니 ㅋㅋ 컵 쓰면안되는건데 그렇게하시면 안되요하면서 짜증을 내시더라구요? 써도 되는건줄 알았다...,딸기소르베와 바닐라 맛 먹었는데요!! 여기 말모말모  세지 않고 은은하게 맛있어요,패션프룻 레몬 상큼한 맛이 좋아요,연희동에서 밥 먹은 뒤 디저트로 먹기 좋은 젤라또💕,레몬크림이 최애인데  초콜릿도 진짜 맛있어요  생초콜릿 같아용,행복💓 싱글🍦 🌼4.5,친절,굿굿,연희동에서 꼭 들르는 디저트 집.,쫀득하고 크리미해요 🫶,패션후르츠맛 진짜 야미! 샤베트와 아이스크림이 믹스된 맛?! 콘은 엄청 바삭하고 센베이과자맛? ㅎㅎ 단골하고싶 어요~,엄마 아빠도 맛있다고 하셨어요 고급진 아이스크림맛 >_<,넘넘 맛있어요!!,쫀득하고 맛있어요 !,친절,좋아요,쫄깃하고 맛있어요~,친절,맛있는 아이스크림,넘 맛있고 더위가 식혀집니다^^,좋아요,굿굿 잘먹었어요,얼구레이 진짜 두번말안해요 꼭 드세여,버터밀크 맛있어요,친절,"여름 메뉴인 백도복숭아소르베는 은은한 달콤함과 복숭아의 향긋함이 입 안에 머물어요. 소르베라고 얼음의 아삭한 식감이 아니라 쫀득함이 살아있어 좋았어요! 시그니처인 프렌치 바닐라는.. 말그대로 바닐라빈이 가득 들어가 풍미도, 달콤함도 완벽했습니다🍦🤍",깔끔한 맛의 젤라토입니다. 적당히 달아요,또 방문할게요,좋아요,아이스크림치고 덜 단건 좋은데 재료의 맛이 좀 약한 것 같아요.. 바나나랑 망고가 궁금했는데 없었어서 아쉬워요ㅜ,알바가 친절해요 ^^,아이스크림 쫀득쫀득 맛있어요!!!,아이스크림이 쫀득쫀득 진하고 맛있어요,시즈널 메뉴 좋아좋아~,쪼끄맣고 긔여운 아이스크림집 제가 좋아하는 상콤한 과일맛이 많아서 조아욤 맛있어유👍,패션후르츠 소르베 맛있어요,블랙올리브 맛나용❣️,굿,건강하고 깔끔한 맛집,맛집,딸기랑 패션후르츠는 첫입은 와 찐하다 느껴지는데 바로 사라지고 그렇게 달지 않아요. 얼그레이는 은은하고 초코는 제입엔 안진했는데 남친 입에는 진하다네여! 가격대비 갠춘한거같아요 종종 먹을듯,"오! 몇 년 전에 먹었을 때 보다 맛이 훨 있어요. 바닐라 빈, 얼그레이 맛있게 먹었습니다. ^^",굿,굿,초콜릿 진짜 맛있어요!,수제아이스크림 가게 연희동 들르면 꼭 방문하는 맛집입니다~ 시즌별 메뉴는 한번씩 꼭 드셔보시길~,굳,외국 여행할때 생각나서~ 들린 젤라또~~ 역시!! 넘 맛있고~ 외관도 이국적인 느낌 좋아요^^~,패션후르츠맛 너모맛있다 🤍 연희동 필수코스,얼그레이 맛있어요,위치가 좋음 카페 음식점 사이에 디저트로 딱. 딸기맛추천 레몬크림은 애들입맛엔 안 맞음 별 3.5,좋아요,넘 맛있어요 ㅠㅠ 인터넷 주문도 돼서 좋아요.,굿~~,연희동 오면 먹어줘야 하는 패션후르츠 아슈크림 ~!~!~!!~!!!!!,굿굿,굿,개인적으로 청자몽은 덜 달고 상큼했으면 좋겠어요 초콜렛은 맛있어요,짱맛,맛있어요,굿,아이스크림 쫀득하고 맛있어요 레몬크림이 시지도않고 의외로 맛있어서 깜놀!,얼그레이 젤라또 맛있어요! 최애:) 추천,맛있어요~,맛남,엄청 맛있진 않고 보통인거 같아요~,찐하고 맛있어요,ㄴ,다 너무 먹고싶어서 고민하다가 4가지 맛 구입했어요 ㅎㅎㅎ 사장님 엄청 친절하시고 젤라또 맛있오요🥺,레몬크림 아이스크림 너무 맛있음...,친철해요~,맛있어요!,굿,사진을 못 찍어서 이전에 찍은 사진을 올리네요. 바닐라와 콘의 조합은 정말로 맛있어요. 패션후르츠도 정말 최애입니다.,맛난 소르베 포장으로 주문해버려서 매장에서 먹고 갈 수 없어 아쉬웠음ㅜ,맛나요~ 연희동 동네맛집❤️👍👏,맛있어요 ㅍ,굿,아이스크림 늘 맛있는곳!!,맛나요!,굿,다 맛있어용ㅎㅎ 새콤한거 좋아해서.. 자몽샤베트 레몬소르베 건강한맛 ㅎㅎ  바닐라아이스크림에 바닐라빈이 엄청 많이들어있네요,수제젤라토를 만나는곳,레몬크림은 상큼하면서 부드럽고 초콜릿은 진하고 맛있어요! 쫀득쫀득!,아이스크림 맛있어요.,건강한 아이스크림맛! 맛있고 친절하세요,연남동 아이스크림 맛집이죠~ 2015년부터 잘 먹고 있움,코코넛 아이스크림 먹었어요 은은하니 맛있네요. 코코넛 향이 진하지 않아 약간 우유 아이스크림 같기도 해요. 꾸덕하지 않고 소르베처럼 상큼한 질감에 가까워요.,굿,,,,,
모와림,1072773246.0,"연희동 맛있는 디저트를 곁들인 감성카페, 잔잔하게 즐기고 싶어서 오픈런 했어요. 계절 디저트도 있어서 초당옥수 수로 먹었는데 너무 맛있었어요. 현미크루스티앙? 때문에 바삭바삭한 식감이 너무 좋았어요💛 초당옥수수크림브 륄레라 포장은 불가능했어요! 다음에는 다른 디저트 먹으러 올 것 같아요😋",매우 따뜻한 분위기의 카페입니다. 인테리어가 취향 저격이었어요. 디저트는 조큼 비쌌지만 예뻤습니다!! 또 방문하고 싶은 카페예요ㅎㅎ,진짜 맛있는 요리인 디저트 먹는 기분! 한쪽에 치우쳐지지 않고 전반적인 조화가 맛있었습니다-,좀 비싼거 빼면 조용하고 좋아요..,입에서 사르르르르 녹아버리네요. 어케했누;,로즈리치 호지무화과 왕맛도리😋 호무는 호지차 첨 먹는 사람도 맛나게 먹기 좋을듯 로즈리치는 워낙 갠적으로 취 향저격이라 해피- 갬성 넘치는 연희동 카페 대화하기도 편함,4시쯤 갔는데 피스타치오타르트만 남아있었어요 오프런 추천해요 피스타치오 타르트는 초코맛 안나는 고급 아몬드빼빼로 맛이었어요,연희동 디저트 맛집이에용 몽블랑시즌에는 꼭 와서 몽블랑 먹어줘야합니당..🥹 시즌별로 디저트가 조금씩 달라서 맛보는 재미가 있어용 ㅎㅎ 카페 분위기도 차분하고 사진도 잘나와용❣️,차분한 분위기에 디저트 즐기기 좋아요 피스타치오타르트 맛있게 먹었어요,따뜻한 우드톤 인테리어와 분위기가 좋아요! 시즌디저트로 나온 초당옥수수타르트 먹었는데 엄청 달콤하고 맛있었어요. 가게가 작지만 좀 여유로워서 좋아요,이번에 새로나온 호지 무화과 너무 맛있습니다!,디저트 맛있었어요!,피스타치오 타르트도 맛있지만 초당옥수수타르트 정말 맛있어요!,나무나무한 인테리어가 너무 예쁜 곳입니다. 갈 때마다 너무 늦게 간건지 먹을 수 있는 디저트가 많이 없어서 슬프긴 하지만.. 기꺼이 또 방문하고 싶은 공간입니다.,커피맛이 좋아요,주말인데도 웨이팅없이 방문해서 너무 좋고 카페도 분위기있고 조용하니 너무 좋았던 카페!!! 다음엔 피스타치오 먹으러 또 방문하고 싶네요~,"재료의 특징을 살려 진한 맛의 무스와 타르트가 완벽합니다.  특히 피스타치오 타르트는 말돈소금을 썼다는데, 짠맛이 정말.. 감동적이에요.",조용하고 아늑해요. 잠시 쉬어가기 좋은 느낌? 다들 조용하게 계셔서 속삭이다 왔어요.   다저트도 괜찮은 편이라. 차와 곁들이기 괜찮은듯해요.,분위기가 좋아요! 저희 테이블밖에 안 앉아서 편했는데 매장이 협소한 편이라 붐비면 많이 시끄러울 것 같아요🥲 아메리카노는 산미가 적당한 편이에요 디저트류는 조금 비쌉니다.. !,계절마다 준비되는 디저트가 달라서 자주 오게 돼요! 분위기도 조용해서 좋아요.,디저트들이 맛있어요,공간이 아늑하고 따뜻해요!! 금귤 디저트 맛있었습니당,연희동 따뜻한 감성의 디저트 맛집. 주말은 오픈하자마자 10분 안에 웨이팅이 생겨서 평일에 추천하고픈 연희동 핫 플이에요🥹 매장이 크지 않고 4석정도 밖에 없어 어쩔수 없지만 공간은 아늑하니 좋았고 차와 디저트도 맛있었어 요,👍👍,공간이 조용하고 너무 아늑하게 예쁜 곳이었습니다. 배가 불러서 디저트 못먹은 것이 아쉬워요. 딸기녹차티 맛있었습니다.,멋진 카페!,디저트 맛있고 차도 맛있고 주인분도 친절하시고 좋았는데 여러 가게가 동시에 쓰는지 화장실이 너무 더러웠어요ㅠㅠ,💞💞💞💞💖💖💘💘💘❤️‍🔥,굳,초당옥수수타르트 너무 맛있어요. 평일에 방문하니 여유롭고 좋았어요.,디저트 맛지고 공간도 이뻐요,좋아요,따뜻한 느낌이 좋았어요 ! 디저트도 너무 맛있고 커피랑도 잘 어울려서 너무 좋았습니다 :),저번에오고 좋아서 또 방문함....감성..ㅎ 커피도 부드럽게 맛있고 케익도 여전히 존나 맛있음ㅎ 여기는 디자트 맛집인가봐요,분위기가 너무 좋고 바닐라빈라떼 진짜 맛있어요!!!! 원하던 디저트가 소진돼서 못 먹어봤는데ㅠㅠㅠ 다음에 또 먹으러 갈게요,디저트 디자인도 너무 이쁘고 맛있었음 로제랑 체리피스타치오타르트 이렇게 두개 먹었는데 특히 로제는 상큼하고 부드러워서 진짜 개존맛이였어요 ㅋ,몽블랑 맛있어요~! 귀엽고 가게도 차분한 분위기라 좋았어요,디저트도 맛있고 책 읽기 좋았어요,체리통카 먹으러 갔는데 없어서 아쉬웠어요. 그래도 딸기바질 타르트 맛있어서 만족! 인디음악 들으면서 조용히 책 읽기 좋네요.,디저트 다 너무 예뿌고 맛있어요. 몽블랑 최고!,좋아요,친절하세요 디저트가 맛있어보여요..,디저트 모두 맛있어요. 가격이 조금 비싼게 단점,디저트가 이뻐요,조용하고 멋진 공간,딸기바질타르트 너무 맛있어요..🤍  마지막 사진은 귀여운 댕손님.,ㅓ국,디저트줜맛이거 분위기가개미쳐씀,...,찜..,,,,,,,,,,,,,,,,,,,,,,,,,,,,,,,,,,,,,,,,,,,,,,,,,,,,,,,,,,,,
객기,1697518534.0,특별한 인테리어가 돋보여 지나가다 방문해봤어요 ! 드립커피도 맛있고 디저트도 너무 달지 않고 담백하게 적당히  달달구리해서 너무 맘에 드네요 😊 !!! 메뉴도 너무 많지 않고 딱 깔끔한게 매우 만족합니다! ㅎㅎ 사장님께서 신경 써서 시그니처만 판매하시는 것 같아요. 👍🏻 주문제작 케이크도 받으신다고 하니 담엔 케이크를 주문하겠습...,"며칠 전에 집가는 길에 새로 오픈 했길래 방문 후 너무 맛있어서 오늘은 친구들 꼬셔서 재방문 했습니다 :) 커피는 원 두 핸드드립 두 종류로 골라 마실 수 있고 디저트는 에그타르트, 크림페스츄리, 치즈케이크 이렇게 세 가지 있는데 제 원픽은 크림페스츄리…••… 가격은 말도안되게 저렴해서 제가 다 사장님이 걱정 됩니다 ,,, 번창하세요 사...",디저트가 너무 맛있어서 가오픈 하실때부터 벌써 세번째 방문했는데 커피도 핸드드립으로 하시는데 정말 맛있네요 가게가 크지는 않지만 테라스가 있어서 날 좋을때 밖에서 앉아서 시간 보내기 좋아요 또 주문 제작 케이크가 정말 예쁜곳이네요,디저트가 정말 맛있어요!!! 카페에서 먹고 맛있어서 잔뜩 포장해왔어요ㅠㅠ 치즈케이크 에그타르트 머랭쿠키 다 대 존맛인데 크레페가 특히 더 잊지못할맛ㅠㅠ 여태 먹은 디저트중에 젤 맛있는거 같아욤🫢 커피도 향긋하고 좋았어 요.,객기. 매장이 아기자기하고 귀엽다 아메리카노 한잔과 디저트를 조금 먹었는데 사장님이 정성스레 내려주신 핸드 드립 커피와 하나만 먹어도 배가 부를것같은 부드러운 에그타르트를 눈 깜짝할새에 전부먹어버렸다 입이 너무 즐 거웠다 집이 조금만더 가까웠다면 퇴근길에 한두개씩 담아갔을것 같다 아쉬워서 연희동에 오게되면 다시한...,"매장에서 바라보는 정겨운 풍경이 인상적이였어요. 비싼 원두에 핸드드립 커피가 맛있고, 다양한 디자인 케이크와 디저트도 좋습니다. 선물추천으로 좋은 곳","별점 : ⭐️⭐️⭐️⭐️⭐️ , 5/5 , 기가맥힙니다. 핸드드립커피에 생크림 페스츄리 조합이 진짜 맛있다. 주문할때에 싼  케이크 가격을 보고 양이 적을거라 생각했다. 근데 커피와 케잌을 받아보니 잘못된 생각이었다. 이 가격에 이 퀄리티 면 사장님 3개월 내로 망할수도 있을것 같다. 가게 유지해드리려면 자주와서 먹어야겠다.",들어가자마자 냄새가 달콤하고 너무 좋아서 디저트 종류별로 시켜봤는데 다 너무 맛있어요…! 보관되어 있던 케이크도 너무 이쁘던데 담에 주문제작 케이크도 시도해봐야겠어요!,먹어본 에그타르트중에 가장 맛있습니다.,,,,,,,,,,,,,,,,,,,,,,,,,,,,,,,,,,,,,,,,,,,,,,,,,,,,,,,,,,,,,,,,,,,,,,,,,,,,,,,,,,,,,,,,,,,,,,,,,,,,,
뺑드에떼,1449936639.0,오일 너무 귀엽고 맛있었어요🤍 가격도 착하고 맛있어서 늘 선물하기 좋아요,빵 냄새가 좋아요~,크로와상 종류별로 구매하고 페스츄리랑 다른 빵도 후에 추가로 구매해봄 솔직히 다른 빵들은 실망 가격이 나가서  더 그런 것 같음 크로와상은 추천 매장간판에 크로아상이 있는만큼 크로와상은 괜찮다,빵이 맛있어요,그릭요거트랑 같이 먹기 너무 좋았어요  원래 자극적인 빵들을 좋아하는편인데  뺑드에떼 빠져서 식사빵도 맛있다는걸 알아버렸어여!!!ㅎㅎ (계속 들어가요),어우 라우겐맛집! 라우겐이 쫄깃하기보단 부드러운편! 종류도 많고 맛있더라구용~!! 소금빵은 조금 아쉬운편! 고구마 크림치즈도 굿! 라우겐이 특히 맛있었어용~~ 쫄깃하거나 단단한 식감을 원하시면 실망하길지도! 근데 맛은 있었어용~~,굿,요즘 여기에 빠져서 2-3일에 한번은 꼭 먹어줘야합니다 ㅎㅎㅎㅎ  특히 프레즐 사가서 크림파스타랑 같이 먹으면 너무 맛있어요,소금빵 완전 버터맛 가득하고 맛있습니다. 뺑오쇼콜라도 추천합니다! 매장이 깔끔하며 직원분도 친절하십니다. 다음에 빵 먹고 싶을 때 또 방문하겠습니다.,여름 샌드위치 너무 맛있어요 ~ ㅎㅎ,저렴하게 맛있는 빵들을 많이 팔아주셔서  너무 좋아요 !!  치즈프레첼 아아랑 너무 잘 어울렸어요 😍,빵 괜춘괜춘. 비범할 정도는 아닙니다.,처음이라 긴가민가해서 크루와상이랑 소금빵 하나씩 샀는데 버터향이랑 풍미에 너무 맛있네요. 지나갈때 종종 사가야겠어요. 맛있게 잘먹었습니다.,겉이 부드러우면서도 씹는 맛이 있는 프레첼. 속이 정말 쫀득해서 딱딱한 느낌이 없어요. 소금빵의 겉 껍질은 얇고 바삭바삭한 식감이에요. 짠 맛보다는 부드러운 버터의 향이 은은하게 돌아 밀크티와 마시기에 딱 좋았습니다☺️ 사워도우 빵까지 사서 방문하기엔 손에 짐이 많았기에ㅠㅜ 다른 빵은 아쉽지만 다음 방문을 기약해봅니다.,보통 외관이 예쁜 곳은 빵도 맛있는데 음... 여긴 그냥 평범해요...,맨빵이 맛있어서 종종 갑니다 가격도 합리적이에요 밋밋한 기본빵 좋아하는 분들 가보셔요 제 추천은 사워도우랑 바게트예요,"크로아상, 식사빵들 정말 맛있어요. 이 집 애플파이도 애정하구요. 프레즐 식감도 좋아요. 이번에 잠봉뵈르 먹어봤는데 이것도 너무 맛있네요! 🙂",퇴근길에 작은행복을 사가는 느낌입니다 !  슈톨렌도 판매하시고 느낌이 크리스마스랑 잘 어울려서 더 기분이 좋았어요,빵 맛있었습니당,😀,식사빵종류굿,사장님 너무 친절하시고 식빵이 넘 촉촉하고 맛있어요,종류도 다양하고 정성이 들어간 빵이네요! 참참참 맛있어요🥐,맛있는 빵집. 특히 소금빵과 브리오슈식빵이 제일,바게트가 빠작빠작하고 구수해서 맛있었어요~,집근처에 사워도우빵 파는 곳 생겨서 행복합니다~,굳,너무너무 맛있었어요 😍,좋아요,맛있어요~맛있는 프랑스빵!!,빵이 맛있네요. 가끔 들르게 될 것 같아요.,빵이 맛있는지는 잘모르겠어요 소금빵먹고 실망했어요,빵이 부드럽고 맛있어요🍞,좋아여,굿,굿,"좋은 재료, 담백한 빵",굿,굿,맛있어요^^,굳,긋,긋,빵이 진짜 다 맛있어요. 식빵마저도 이집은 정말 달라요,빵이 참 맛있어요. 대부분빵 다 기본이상이고 식빵도 다른곳대비 좀 비싼편이지만.. 먹어보면 달라요,기대보단 그냥 그랫어요 ㅎ비싼편 ㅠ,프랑스산 밀가루로 사용하는 방부제 없이 맛있고 건강한 빵 굿!,좋아요,#크로아상 맛집 #허니치즈 크로아상 #아몬드 크로아상 #시나몬 페스츄리 #사워도우 샌드위치 이젠 그냥 매일 먹는 주식이 되었어요...평일엔 커피에 크로아상..시나몬 페스츄리 등 먹고요~주말엔 샤워도우에 토핑 올려서 오픈 샌드 위치 해먹고...그냥 월화수목금토일...뺑드에떼로 한끼 해결 중 입니다! 사장님 오래오래 장사해 주세요~,"배민으로 주문해 먹다가 직접 가서 잡곡식빵, 사워도우, 베이컨치즈페스츄리를 샀는데 다 맛있어요. 그런데 가격이 좀 비싼 편이에요.",좋아요,좋아요,정말 맛있어요! 그냥 무조건 사드세요. 후회하지 않습니다. 빵 까다롭게 먹기로 유명한데...진짜 너무 맛있어요. 사워도우에 올리브랑 브리치즈올려 먹으면 쓰러져요. 크로와상도 진짜 맛있는데 먹어버려서 사진도 못 찍었네요. 미친맛 입니다. 그냥 먹어보면 후기가 왜 이런지 아실거에요. JMT 강추 입니다.,바게트 사워도우 짱짱,#크로아상 #시나몬페스츄리 #아몬드크로아상 #허니치즈크로아상 크로아상과 페스츄리류~마니아인데...동네 맛집 인증 후 또 사먹었네요. 그동안 퇴근하고 밤에 지나다녀서 종류별로 빵을 다 못먹어 봤는데 여기 정말 찐 맛집 이네 요. 종종 시나몬 페스츄리와 크로아상 사먹으러 갈거같아요. 앗 그리고 커피도 맛집이에요. 후기에 맛있다길...,크로아상 종류 다 맛있어요. 개인적으로 아몬드 크로아상 강추! 매일 아침 직접 다 만드신다고 하니 더 믿음이 갑니다~,맛있어요.,분위기 맛 다 좋아요,쫌 비싸요~,동네빵집 커피맛집,커피 맛이 일품입니다 가성비 좋고 특히 빵이 아주 맛있어요 밀가루가 부담인 분도 소화 걱정 없음 매장이 좁아 테 이크아웃만 된다는게 단점,빵이 하나하나 다 맛있어요!,,,,,,,,,,,,,,,,,,,,,,,,,,,,,,,,,,,,,,,,,,,,,,,,
시도 플레이스,1783008026.0,올해 가본 카페/복합 문화 공간 중에서 젤루 좋아요💖💖💖 커피랑 디저트도 너무 맛있었고 커피원두를 직접 고를 수 있어서 좋았어요! 크로와상 올려진 라떼는 비주얼도 그렇고 맛도 그렇고 최고였습니다 달달~ 이층에서는 쇼핑도 할 수 있었고 크리스마스 분위기로 정말 예쁘게 매장 꾸며놓으셨더라구요🎄🎄🎄 CD 플레이어로 헤드셋 노...,"하루종일 놀고가기 너무 좋은 카페에요. 책뿐만 아니라 음악도 들을 수 있구요, 쇼핑도 할 수 있는 복합문화공간이에요. 특히 여기 디저트랑 커피가 너무 맛있어요. 휘낭시에랑 브라우니가 함께 나오는 맛동산 디저트가 비주얼도 좋고 맛도 정말 좋으니 꼭 시켜서 드셔보세요 :)","디저트 진짜 예쁘게 주시네요. 맛있어요❤️ 체리모히토 시켰는데 이것도 맛있어요😍 맨날 지나가기만 하다가 와봤 는데 진짜 마음에 드네요...! 집중하기좋고 씨디랑 씨디플레이어가 준비되어있어 매장에있는 씨디도 들어도되고 본 인 씨디가져와서 준비되어있는 헤드폰 쓰고 음악들으면서 집중해서 뭔가하기좋고, 책도 많아서 책읽기도좋...",쇼핑도 할 수 있고 맛있는 음료랑 디저트도 먹을 수 있으니 너무 좋아요♡♡♡ 정말 맛나는 모든 메뉴에 행복해지고 트리도 너무 이쁘고 크리스마스 노래도 틀어줘서 기분이 좋아져요♡,"공간도 예쁘고 다 맛있어요. 꼬깔라떼 진짜 신기하구 달달해요! 디저트도 너뮤 마싯서요.. 다들 디저트배는 남겨두고 가세요+_+ 복합문화공간이라 그런지 볼거리도 진짜 많았구 있는동안 지루할 틈이 없었어요. 꽤 넓고 테이블이 많 아서 작업하시는분들, 수다떠시는분들, 단체로 오신 분들까지 다양한데 그게 불편하지가 않아요. 오히려 더 ...","복합문화공간으로 되게 힙한 느낌이라 신선했던 곳! 바닐라말차슈페너, 자몽허니블랙티 꼭 드시길🫶 자몽 펄프?가 이 정도로 많이 들어간 자허블은 처음 봐요ㅋㅋㅋㅋㅋ 과육이 신선하게 톡톡 터지고, 달달하니 jmt🧡 바닐라 말차 슈페너는 안에 아이스크림이 크게 한 스쿱 들어있어서 예상보다도 달콤하고 맛있게 먹었네욤ㅎㅎ 혼자서도 ...","연희동카페 중 커피, 옷, 음악, 사진 모든 문화를 한 공간에서 경험할 수 있는 연희맛집입니다🖤 우선, 사진이 너무 잘나오고 감각적인 공간이라 책, 옷 구경하기도 좋아요!! 디저트도 특이하고, 의미를 담은 CD플레이어나 곳곳에 남 겨진 구절이 생각할 수 있는 기회를 만들어줘서 편안하게 머물 수 있었어요👍 노트북도 하기 좋은 작업공간...",자리에서 음악 들을 수 있어서 너무 좋아요 ❤️ 우리 동동이도 한곡 들려주려고 했더니 머리가 작아서 안되겠네요  🤣 직원분들도 너무 친절하시구 동동이도 너무 예뻐해주시네요! 가볍게 동네 마실 나왔다가 이런 예쁜 공간을 알게  되어서 너무 좋아요❤️,홍대에서는 합정 상수만 다녀봤는데 이렇게 예쁜 곳이 있을 줄이야..! 복합 문화공간이란 매력이 잘 드러나는 분위기 가 너무 좋았어요🫧 인테리어도 너무 깔끔하고 특히 음악 플레이리스트.. 공유받고싶을 정도로 좋아요 ㅠㅠ 대화하 기 불편하지 않으면서 여유롭게 즐기기 좋은 분위기 너무 좋아요👍🩷 카페 음료랑 디저트도 진짜 맛있어요! ...,음악을 감상할수 있는 카페가 국내에는 유일무이한것 같은데 정말 힙하고 편안하고 모든것이 좋은 카페입니다. 조명의 조도까지도 너무 편안하네요! 자주올게여!,평일 저녁에 방문했는데 조용히 책읽기 좋았어요! 공간도 넓고 좌석도 많았습니당~ 직원분들도 너무 친절하시고 씨디 청음할 수 있어서 빌에반스 노래 들으면서 좋은 시간 보내다 갑니다!,공간이 너무좋아요 노래도 들을수있고 음료 디저트 다맛있습니다,"분위기 너무나 힙하고 직원분 친절하세요. 디저트야 당연히 맛있고, 체리 모히또 시켜봤는데 넘나 고퀄이네요!","쉬어 갈 수 있는 문화 공간, 시도 플레이스 연희맛로 안쪽 골목 연희동 골목에 위치한 시도 플레이스는 문화공간을 지향한다. 전시, 공연 등의 프로젝트도 진행한다고 하니, 근처 있는 분들에게 부러움이 따른다. 1층은 카페 공간으로 중앙 홀과 입구 쪽 창가는 책을 읽거나 랩탑 등으로 간단한 업무도 가능해보인다. 전면 도로측 창은 낮은 티 ...",분위기도 최고고 음료 디저트 모두 맛있어요♥️♥️,"아인슈페너도 맛있고,디저트도 신기한 메뉴들이 많아요. 디카페인 콜드브루 시켰는데 침전물이 너무 많은게 아쉽습니다.. 아무래도 많이 자주나가는 메뉴가 아니라서 그런지 오픈한 지 오래된 느낌이 나더라구요.. 그래도 맛있게 잘 먹었습니다.",디저트 크루아상이랑 꼬깔라떼 넘 맛있어용 어둡고 조용한 분위기라 대화하기도 좋아요,연희동카페 연남동카페 시도플레이스! 자몽허니블랙티완전 추천해요! 당보충 크로와상이랑 즐긴 라떼도 카페 분위기와 너무 잘 어울려요. 음악선곡까지도 맘에 쏙 들어요.,"꼬깔라떼 진짜 너무 맛있네요,,,,,🤍 분위기도 너무 좋고 또 방문하려구요",헤이무님 ㅇ유튜브 보고 간건데 와 여긴 혼자 한번 더 가야겠어요 헤드셋으로 음악 듣는거 너무 좋은거 같아요!! 당충전 디저트 완전 맛있음,종종 생각날 때 마다 오고 작업하기에도 편해오 🫶 커피랑 음료수도 다 맛나요☕️ 돌고돌아 생각나서 계속 오게 되는 시도 플레이스 🤎,커피와 디저트가 맛있어요😄,"우왕 쓰던거 날아갔지만 다시 쓸만큼의 추천하는 카페입니당! 처음 생길 때부터 인테리어와 카페 메뉴에 공을 많이 들이신 게 느껴져 종종 방문했는데 올 때마다 만족스러웠습니다ㅎㅎ 연희동에 감성 카페들이 적지 않은데, 그중에 서도 손에 꼽을 정도예요! 인테리어도 컨셉만 특이하거나 모던하게 잡고, 마감이 허술하거나 디테일이 떨어지...",1층은 카페 2층은 쇼룸으로 이루어진 독특한 공간입니다. 크루아상이 크림커피에 반신욕하고있는 시그니처 음료 '꼬깔라떼'가 귀엽고 맛있습니다.,커피도 맛있고 힙한 분위기에요! 다음번엔 댕댕이 데꾸갈래요🐶,커피가 너무 맛있어요  성공적인 후식 !! 공간도 멋있고  잘 쉬다 갑니다,체리 음료도 맛있구 친절하십니다! 추천해요🙋‍♀️,꼬깔라떼 먹으러 왔는데 비주얼 뿐만 안아 크림 죤맛이고 쫀쫀해요🥰 커피도 맛있고 분위기 맛집입니다!,분위기 좋고 음악좋고 커피너무 맛있어요. 사진찍고 놀다 ㅋ ㅋ 크로와상이 뜨거운커피에 점점 녹아 가라앉은거 빼고요😁😁😁 너무 맛있고 좋아용👍👍👍👍👍,집에가서 계속 생각나서 오늘 또 왔어요~ 중독성 있는 맛에 음악도 너무 좋아요~ 단점은 밖에서 안이 잘 안보여서...영업중인지 잘 살펴봐야해요~,"아아(꼬숩)이랑 당보충 크루아상 맛있어요 :> 산미 없는 커피 좋아하는데 꼬숩 아아 바디감 있고 고소한 편, 크루아상 겉바속쫀🥐 평일 낮에 오면 조용해서 공부하기 좋고, 플레이리스트 너무 좋아서 멍하니 노래 듣다 가도 좋아요",맛있어서 또 왔어용 ㅎㅎ  직장인들 위해서 타임 할인도 있어요!!!,연희동 올 때마다 들리는 곳이에요!! 분위기도 너무 좋고 음악도 좋아요. 사장님도 친절하셔서 여기 오면 늘 기분이 좋네요!! 디저트와 커피도 맛있습니다:),감각적이고 멋진 카페였어요 ! 혼자 가기도 좋을 것 같아요 :) 다만 동선이 조금 불편했습니다 ..🥲,커피짱👍👍👍,항상 분위기가 좋고 커피와 디저트도 항상 맛있어요 게다가 바리스타 분들도 친절해 올 때마다 기분이 좋은 곳입니다!,이런 특별한 공간 알게 되어서 넘 좋아요!!!  자주 오고 싶어요~,매장에서 나오는 음악도 너무 좋고 직원분들도 정말 다 친절하셔요. 크로플 먹으러는 항상 이곳으로 와요!! 커피 산 미 없는걸 좋아하시면 꼬숩 아아 완전 추천 드립니다!!,가게 인테리어도 예쁘고 자리도 편하고 메뉴도 신기하고 예쁜데 맛있어요 거울셀카 맛집이에요,"카페에 설명 되어있는 대로 문화, 음악, 책으류 할수있는 것들이 많아서 좋았어요🌈 라떼 넘 맛있네용 친절하시구😍 또 올게요!!",분위기가 맛있구 커피가 좋아요 ! 🥺 거기에 친절하신 직원분까지 .. 💙,연세대 다니는아들 추천^^ 시도옷 좋아하는 아들 추천❤️ 그런데 시도플레이스 커피랑 크로와상디져튼 제가 더더  좋아해요. 직원분들 친절함에 기분도 좋구요,분위기에 취해서 사진도 못 찍고 음료 다 마셨습니다. 원래 옷 브랜드로만 알았는데 카페 인테리어나 분위기가 다 이쁘네요. 커피 원두 선택도 가능하고 맛있습니다. 1층에서 커피 마시고 쉬다가 윗층에 옷도 구경하고 아주 좋아연🙏,라이카시네마에 자주 방문하는데 올때마다 시도 휴무날이라 못왔었어요ㅠㅠ 드디어 첫방문! 주말이지만 조조영화  보고왔더니 첫손님이라 스피커 바로옆자리에 앉아 좋은노래 듣고 호강합니당😄 꼬깔라떼 비주얼 미쳤는데 크로와 상 짱맛있어요.. 크림도.. 너무조와요 왜 이런카페는 우리집 근처에 없는지? 분발해라 우리동네!,독특한 분위기와 메뉴가 있는 곳. 다소 비싸지만 재방문의사 있어요,인스타에서 처음 보고 와봤는데 너무 좋아요~~ 인테리어도 너무 감성있고 볼거리가 다양해요. 음료랑 디저트도 맛있고 직원 분들이 친절해요^^,"매장 분위기도 좋고 음료, 디저트 모두 맛이 최고예요!!",컵이 너무 예쁘고 체리모히또랑 아인슈페너 너무 맛있어용😊 매장도 분위기있고 사장님이 너무 친절하세요!! :),"평소에 와보고 싶었던 시도 플레이스🖤 연희동에 많은 카페가 있지만 그 중에서도 감성 제대로 취저,, 음료도 커피도 둘 다 완전 맛있! 노래도 들어볼 수 있고 책도 있어서 문화공간이라는 말이 잘 어울렸어요",매장이 크고 청결하고 2층에서 옷도 볼 수 있어요. 직원분들이 정말 친절하시고 커피도 맛있습니다.,디저트랑 커피 둘다 너무 맛있어용!! 또 방문할꺼예용,"걷다가 꼬깔라떼가 맛있어보여서 들어갔는데 여기 .. 커피는 물론 디저트까지 찐맛집이에요 !! 빵종류는 바삭해서 맛 있고 특히 라떼가 아쥬 .. 🤤 가게 분위기도 감각적이에요 책, 방명록, 씨디 플레이어까지 즐길 거리가 많은 카페입 니당 ! 매장에서 흐르는 음악도 다 취향이었고 사장님이 친절하셔서 더 좋았네요 💿 감성과 맛 모두 충족하는...",밥 먹고 유튜브 에서 보고 카페 찾아서 왔는데 생각보다 분위기가 너무 좋고 다음에도 또 올듯 합니다~~~,조용하고 커피 특히 디저트가 맛있어요! 당충전!,인테리어 감성 너무 좋아요:) 아날로그와 디지털이 함께 하는 공간이에요,친구 추천으로 와본 카페인데 진짜 너무 좋아요 카공하기도 그렇고 사진도 예쁘게 찍히고 완전 감성 만땅으로 채운 시간이었어요🫶🏻,음악도 들을 수 있고 너무 친절하세요..!! 글구 안에 인테리어만 예쁜 줄 알았는데 음료 맛도 넘 좋아요... 나만 알고 싶지만 이런 장소가 있다고 자랑하고 싶은데 나만 알고 싶은데 자랑허고 싶어요,분위기좋은 시도플레이스 멋져요,일단 음료가 넘넘 맛잇구 분위기도 좋아요!! 2층에 쇼룸있는데 옷도 이뻐서 구경하기 조아욧,꼬깔라떼 너무 귀엽고 맛있어용 !!!,커피도 디저트도 너무 맛있어요!  나중에 카페에서 운영하는 게더링모임도 참여하고싶어요!^^,기대 안하고 갔는데 커피도 너무 맛있고 높은 가격대에 맞는 음료량이여서 만족했어요 분위기도 좋아요,아주 고즈넉하고 편하한 공간입니다. 메뉴도 특별하고 맛있습니당~ 편히 쉬기 좋은 곳입니다 ^^,커알못이긴 하지만 먹었던 커피중에 손에 꼽을 정도로 진짜 맛있었어요ㅠㅠ디저트도 최고!!! 카페 분위기며 친절함이며 너무 좋네요ㅠㅠ최애 카페 등극♥️,시도 플레이스 온 내 시도는 좋은 시도였다🫶🏻 친절한 직원들 .. 잘생긴 대표님 …🤍🤍🤍 또 오고싶은 카페 !!!!!!,바닐라 말차 슈페너 맛있어요  카페 분위기도 좋아요~  추천합니다🤍🍀,공간이 쾌적하고 시원하고 좋아요! 커피도 맛있고 근처라 자주 들릴거 같습니다 🙃,매장이 엄청 예뻐요. 헤드셋으로 음악을 들을 수있어요. 아직 리뉴얼중인 얼그레이 스콘은 먹을 수있었어요.나눠주 시는 스티커도 너무 예뻐요. 음료도 예쁘고 사진찍기 좋은데 먹기 조금 불편해요.,"쇼핑,음악감상,커피,술,독서 이 모든 걸 여기서 다 할 수 있어여..말이됩미까?😍 무엇보다도 카우클럽 감상문과 방 문객들이 남겨 놓고 간 소소한 방명록을 읽고 기록할 수 있는게 재밌네여 꼬깔라떼는 절.대.시.켜🤭",연희동에 시도 감성 한스푼!,동네 근처라 카페투어할겸 갔는데 매장분위기도좋고 사진찍을것도많구 직원분들도 친절해서 시간되면 자쥬갈거같아요~번창하세요😄🙌🏻,꼬깔라떼 너무 맛있어요. 매장도 모던하고 깔끔합니다. 음악도 들을 수 있어 좋아요.,"넘 친절하세요, 사진찍을수 있는 공간이 따로 있어요. 여자분들 감성 제대로 충전합니다",직원분들 너무 친절하셔요🥹 그리고 에이드랑 크로플 둘다 맛있었어요!! 근데 의자가 조금 불편했어요 ㅠ,공간도 맛도 훌륭해요 맛집 발견해서 기분 좋습니당,완전 분위기 좋고 커피가 상당히 맛있습니다ㅎㅎ 자주 오는 카페에요!!,귯,말차아인슈페너가 진짜 맛있어용!! 조용해서 공부하기도 좋을것 같네요!,매장이 시원해요! 커피도 맛나고 사장님도 친절하세요,친절하고 베스트 메뉴는 단연 아바라!,분위기 좋고 맛있어요,사장님이 친절하시고 구경할만한 요소들이 많아서 넘 좋아요 분위기도 편안해서 혼자 오기도 좋을 것 같아요ㅜㅠ 추천합니당,우선 산미 없는 커피 진짜 산미 없고 맛있고 매장도 혼잡하지 않고 의자도 편하고 깨끗합니다! 사진 찍을것도 많고 직원분들도 다 친절하셔서 기분좋게 쉬다 왔습니다!,🇰🇷연희동 카페 시도플레이스 ▫️그날의 기분을 직원분이 조심스레 물어 보고 기분에 어울리는 음원 CD를 추천해주면 내 자리에 있는 헤드셋으로 음악 감상이 가능하다 ▫️음료나 디저트들도 맛있고 같이간 동생은 거꾸로호떡크라아상 이 너무 이색적이고 맛있다고 하더라구요 ▫️고깔라떼 신메뉴로 아몬드라떼를 베이스로해 고깔 모양의 크라아...,커피 맛있어요!,진짜 좋아요 분위기도 너무 좋았고 귀여운 포인트들이 있어서 뭔가 몽글해졌어요...🫶 방명록도 있어서 구경하는 재미가 있었어요.ᐟ 히히 또 가고 싶어요💗,분위기가 엄청 힙하네요! 음악도 좋고 중간중단 cd플레이어가 있는것도 특색있어요! 2층엔 편집샵도 있네용! 커피도 맛있고 좌석도 편해서 카공하기도 좋아요,"너무 예쁘고 깔끔한 공간입니다! 커피 맛있고, 업무나 공부하기 좋은 공간인듯 합니다.",맛뿐만 아니라 공부하거나 친구와 수다떨기든 데이트장소든 다 최적화 되어있는 카페.,맛있어여,매장도 깔끔하고 직원분들도 다 친절하시고 커피도 진짜 맛있어요🤤디저트도 너무 맛있고 분위기 최고🫶🏻,인테리어가 독특해요,사장님 진짜 너무 친절하고 음료도 맛있어서 놀랬어요🥺🥺,너무멋진장소에요🤟,"음료가 달달하고, 생레몬 슬라이스가 들어가서 상큼했어요!",분위기도 좋고 맛도 좋았어요~ㅎㅎ,아아도 맛있고 꼬깔라떼 넘맛있어요 •_* 두잔ssap가능입니다🔥,인테리어가 너무이쁨!!곳곳에 음악을 들을 수 있는 헤드셋이 있는것 같고 2층에는 쇼룸으로 되어 있어 옷도 살 수 있음! 음료 가격이 조금 비싸지만 다른 카페와 차별화 되어있고 맛있어서 괜찮은듯!! 평일 저녁쯤 가면 사람이 많이 없어서 한적하게 즐길 수 있어요~,음료 맛잇고 분위기 좋아요!,꼬깔라떼 대박이예요!! 크루아상과 커피의 환상의 조합!! 그리고 맛도 너무 좋고 직원분도 너무 친절해서 앞으로 연희동에서는 시도플레이스!!만 갈듯해요~,우연히 들어왔는데 음악들을 수 있어서 좋아요 ㅎㅎ 커피도 맛있고~ 점원 분들도 친절하십니다 !,"분위기 좋고 맛도 좋고 단, 당 충전을 하고 싶다면 추천! 친절하시고 잘 수다 떨다 옴",Cd플레이어랑 헤드셋 배치되어있는거 너무좋음! 독특한 음료가 많은데 맛까지 있어서 연희동 최애 카페입니다>^< 저만 알고싶은 카페ㅇㅔ여🥰❤️,음악이 너무 좋아요! 커피 맛도 좋네요,노래듣고 맛있는 음료먹으면서 책읽고싶을 때 딱이에요! 직원분들도 친절하시고 집중도 잘되고 분위기도 좋고 힐링하기 좋아요!,두 번 온 곳 입니다! 역시나 다시 와도 맛있네요! 분위기 좋고 커피도 맜있고 다음에도 또 올 것 같네요,"조용하고 책이 많아 혼자 종종 가고싶은곳이에요 커피 큰 기대 안했는데 맛있었습니다 취향은 달달한 꼬깔라떼보다 는 아아 (산미♡)였는데 산미 싫어하는 동생도 맛있어서 놀랐다고 했고 사실 꼬깔라떼도 미숫가루?맛, 커피 크림 전 부 밸런스가 잘 맞았던거 같아요 나중에 시킨 얼그레이 스콘 접시가 너무 탐났어요😍","옛날부터 와보고 싶었던 카펜데 와보니 역시는 역시네요,, 너무 맛있고 분위기 미쳤습니다 다들 당충전크로아상 하나씩 꼭 드셔보세요",,
까사드선주,1077129581.0,이제 다른데서 크로와상 못 사먹겠어요.. 이렇게 맛있는 빵들 처음임 풍미가 진짜 대박👏🏻 집에서 가까웠으면 매일 갔을텐데 아쉬워요ㅜㅜ 씹을수록 맛있어지는 빵..🩷,좋은 가게는 혼자만 알고있는게 원칙인 나에게 23년도 중반에 다짐. 좋은 가게는 모두 알아야 한다. 그래서 끄적끄 적. (혼자만 알고 지내다 없어진 그 어떤 흉악한!! 좋은 맛을 내는 가게가 사라짐) 선주님의 공간에 우리가 있어야 한 다!!,작년에 첨 와봤는에 페스츄리 장인이 계세요. 그 뒤로 오픈런도 해보고 주문포장도 해봤네요.  유명해지지마.........(나만알고싶은 빵집 1위),오우~~~굿! 빵겉면이 완전바삭! 페스츄리?? 종류들... 첨가봤는데...완전반함~~ 시나몬도 맛나고 소세지빵도 굿~~~  적극 추천합니당,커피 진해요 빵도 맛있어요,페스츄리 종류 진쩌 맛있어요. 소금빵 원래 하드한거 좋아하는데 여긴 말랑한데도 버터향이 엄청 진해서 맛있더라구요. 사장님도 친절하고 빵에 진심인게 느껴져요.,좋은버터 좋은 재료를 사용해 모든 빵들이 다 맛있었어요!! 특히 전 소금빵이랑 뺑오 쇼콜라 그리고 크로아상이 너무너무 맛있었어요.. 뺑오쇼콜라는 이즈니버터에 바로나 초콜릿을 사용해서 맛이 엄청 고급집니다!!👍🏻,연희동 걷다가 빵 냄새가 너무 좋아서 홀린듯이 들어간 조그만 카페에요 ㅋㅋㅋㅋ 소금빵 좋아하는데 궁금해서 사 봤어요 보니밤도 궁금했는데 아쉽게 품절이었고 아쉬운데로 하나 남아있던 뺑오쇼콜라를 샀는데 초코칩 많이 들어 있고 고소한 버터 풍미 크로와상에 적당히 단 초코칩까지 완벽했어요 ㅜㅜ 휴 다음에도 연희동에 가게되면 들...,식빵 존맛. 어쩜 촉촉하고 쫄깃한가요. .,예쁜 가게 예쁜 빵.. 맛있어요!,부천에서 연남동까지 찾아가는 맛집♡ 다음번에는 고기파이. 꼭 성공하겠어요!,계산대 앞에 오븐/에어프라이기에 데워먹는 온도랑 시간 안내해주는 카드가 있어서 좋았어요!! 소금버터롤이랑 체 리데니쉬도 괜찮긴 했지만 뺑오쇼콜라가 찐입니다.... 실온에 몇 시간 뒀더니 눅눅해져서 오븐에 다시 데워먹으니까  달달한 겉껍질이 빠사삭 부서지는 식감이 아주 그냥ㅠㅠㅠ 아메리카노랑 같이 먹으니까 너무 행복하더라구...,"까사드선주를 알게된건 지도 어플을 보다가 몇달전에 알게 되었어요! 가봐야지 하다가 오늘 드디어 가봤는데, 너무 맛있어 보이는 빵들이 많아서 고민했네요 ㅠㅠ 그전에 들린 빵집에는 먹을 게 없어서 고민했는데 여기서는 하나만 골라야 한다는게 아쉬울정도로 .. 고민을 오래하다가 사장님께 여쭤보니 크루아상을 꼭 드셔보셨으면 좋겠다...",가보고싶던곳이에요 빵 하나하나 정성가득한곳^^,인스타보고 넘 맛있게 생겨서 충동적으로 출발했어요 ㅋㅋ1시간거리라서 가는길에 소진될까바 미리 전화 드렸는데 친절하게 다 설명해주시고 포장도 미리해주셔서 넘 감사했어요! 집가까우면 매일 가고싶을정도로 ..입맛까다로운 어머니도 독특하다며 좋아하셨어요 덕분에 가족들이랑 맛있게 먹었어요 !! 다들 살만 안찌면 매일 먹고싶대요,페스츄리가 시그니처,맛있어요,크라상 먹고싶어갔는데 방금나온 소금빵이 있어 구입 갓나온소금빵은 진짜 맛있어서 순삭! 가격대가 좀있어서 아쉽...,"항상 맛있는 까사드선주 💙 오픈하셨을 때부터 최애 단골집이 되었어요,, 제 최애는 클래식 크로아상, 시나몬롤, 애 플 데니쉬입니다 헤헤 요즘 신기한 메뉴도 많이 나와서 좋아요 ㅋㅋ 사장님 화이팅 💕",시나몬롤 맛있어요 크로와상은 그냥 그랬어요,빵먹고싶을때마다 늘 들리는곳 아이도 너무좋아해서 일부러 아이올시간맞춰 간식으로 준비해놓아요~~커피도 넘 넘맛 있어요~~,안사랑할수 없는 내 사랑 빵집!! 크로와상이랑 치아바타도 너무 맛있는데 요즘 빠진건 소금빵ㅜㅜㅜ정말 맛있어요!! 항상 감사합니당🍀,평일이나 주말 모두 아침 일찍 오픈해주셔서 너무 좋아요. 종종 주말 아침에 따뜻한 뺑오쇼콜라와 크로와상 먹으러 갑니다. 재료도 좋은 거 쓰시고 여러 번 가도 맛도 한결같이 좋아요-연희동의 보석 같은 빵집이예요.^^ 오래오래 있어주세요.,결이 얇게 잘 살아있는 크로와상이네요! 감동의 맛 그리고 공주밤몽블랑은 달달하고 밤이 가득이라 디저트로 좋아요,여기 빵맛은 너무 유명해서 말안해도 알거에여~!,연희동 빵찐맛집👍🏻🧡 페스츄리에 진심인 빵순이빵돌이 분들은 여기 꼭 와보시는 걸로...🤭👍🏻 선주파티쉐님 너무 친절 그잡채🙆‍♀️💜😛,언제나 친절하시고 빵이 맛있어요 뷔프브르기뇽 든든해요!,빵도 정말 맛있고 사장님도 친절하셔서 좋습니다!,버터가득한 소금빵  담에 또 갈께여,크로와상 존마탱 아몬드 많이 내주세요ㅠ,빵이 정말 맛있어요!!! 사장님도 친절하시구요~,😋,오렌지크라상 최고의 빵,시나몬💩,좀 오버쿡된듯 탄 부분이 있지만 맛은 괜찮아요. 단 계산대에 에코백 가져가면 5%할인된다고 씌여있었는데.. 영수증보니 할인 안되었네요. 차라리 할인 해준다는 안내문을 떼어내시길...,고급스러운 맛 넘 맛있어요,아 진짜 너무 좋아요ㅜㅠ 왜 우리집 근처가 아닌건가요...안산둘레길 온김에 우연히 들렀다가 빵쓸이 하고 가는즁 ㅜㅠ 사장님도 친절하고 넘나맛나고ㅜㅠ 자주들르겠습니다,정말 맛있어요!!!,맛있어요~,너무 맛있어요!!빨리 먹고 싶어서 사진 잘 안 나왔지만 여기까지만 찍고 다 먹었어요!! 크루아상 맛집❤️❤️❤️❤️,연희동 걷다가 빵이 맛있다는 소문을 들은터라 들어간 곳! 갓 나온 잠봉뵈르 홀그레인과 치즈 햄 그리고 잼까지 조화가 훌륭했고 빵이랑 정말 잘 어울려 만족스러운 한 끼를 채웠네요! 재방문 의지 100프로입니당💙💙💙,치아바타가 생겨서 너무 좋아요. 진짜 미친맛입니다. 미친 중독성……... 매일 먹어도 안질릴 맛.….. 잠봉뵈르도 같 은 치아바타 베이스라서 당연히 맛있었습니다. 금귤이 이렇게 맛있는거였나요? 저도 흉내내 금귤 잼이나 청따위를 만들어보고 싶어졌습니다…하지만 난 힘들고 귀찮다고 안하겠지… 언제나 뭘 먹어도 실패 없고 기대 이상ㅠ...,오랜만에 왔는데도 변함없는 빵맛!최고예용👍👍👍,빵을 진심으로 좋아하는데.. 매번 프렌차이즈만 먹어 봤어요. 근데 여기는 확실히 맛이랑 향이 깊어요. 달라요. 드 셔보세요 올때마다 선물용도 같이 사요ㅋ와이프가 빵 살때는 돈 안 아낀다고 뭐라 하지만 여기 빵은 맛있대요.,"본인의 취향은, 빵중에 최상은 크루와상이다. 셀수없이 많은 페이스트리샾을 다녀봤는데, 까사드선주는 상당한 수 준. 한국에서는 거의 베스트. 크루와상은 바삭한 layer 뿐만아니라 넉넉한 크기와 모양도 상당히 중요. 주인 파티시 에가 많은 노력과 고민을 한 흔적이 드러난다. 슬쩍슬쩍 물어본 재료는 최상급. 작은 집이지만 센스있는 인테...",항상 친절하시고 빵맛이 넘 좋아요,초당옥수수크라상 크리미 넘 맛있고 솔티 바닐라 스틱 달달 바삭 쫜득 맛있습니다! 길빵 완료 순삭이에요..,바닐라스틱이랑 뺑오쇼콜라 맛집이네요. 재방문 각입니다. 사장님도 친절하시고 매장도 깔끔해요,"다양한 크로아상 종류 고르는 재미가 있고, 친절하십니다!","🍊오렌지크라상 이거 하나 궁금해서 찾아갔는데, 대충 무슨 맛일지 상상이 갔지만서도 진짜 상큼하고 맛있었어요. 연희동 가면 일부러라도 찾아갈 것 같아요. 갔을 때 딱 하나 남아있었는데ㅜㅜ 정말 행운이었어요🧡 🌰밤크림 크 러핀 있는지 모르고 갔다가 밤 좋아해서 주문했어요. 밤 향이 은은하게 솔솔 나서 좋아요! 사장님 친절하시구...",굿,잠봉뵈르 ! 가격이 약간 있다고 생각했으나 오래 먹고 싶을 정도로 알차게 구성이 되어 있었던 샌드위치 였습니다. 새로운 경험은 기꺼이 만나고 싶은 빵이었어요. 연희동 들르면 하나씩 다른 빵들도 구매하고 싶을 정도로 정감 갔던 빵집입니다. :),오 깔끔하게 맛있어요! 라떼나 음료랑 먹으면 더 맛있겠어요,뺑오쇼콜라 너무 맛있어요,정말 맛있어요..... 너무고소해요...,뺑오쇼콜라랑 시나몬롤 맛있어요❣️ 🍫🥐,오렌지크라상 진짜 미친맛...크라상치고 가격대가 꽤나 높은 편이라 망설였는데 후회되진 않네요,너무 맛있어요 박스포장 잘 해주셔서 감사합니다 빵이 건강한 느낌이고 너무 달지도않고 적당히 달콤하고 페스츄 리 종류도 다양해서 좋아요 빵하나에도 정성이 가득담긴 느낌이에요 가족들 다 맛있대요 ㅎㅎ,라떼도 고소하고 빵도 맛있어요,"크라상 찐맛집 여기있어요!! 빵덕후인 제가 보증합니다 너무 맛있어요 진짜 ㅜㅜ 겉바속촉 클래식 크라상은 기본이고 오렌지크라상 안에 커스터드크림 살살녹고 미쳤어요~! 크림치즈 시나몬롤, 사과데니쉬도 넘나 상큼한 것..사장님도 친절하시구요 ^^ 매일 오고싶은 까사드선주~!!스릉합니다..❤️","새로생긴것 같아 들어가봤는데 존맛빵집발견! 원래 빵집이 문여는 순간 냄새에 일단지고 들어가긴하지만, 재료가 좋은건지 입에 착착 감기는 맛이여요- 뺑오쇼콜라 특히 맛있고, 크로와상종류 다 괜찮은듯합니다 ㅎㅎ",맛있어보여서 앉아서 먹고왔다는. 티 마시면서 같이먹는데 넘 맛있메요 이 동네빵집중에 젤맛있다고 추천한 글 보고 왔는데 진짜 맛있어요!,크로아상 진짜 너무 맛았고 사장님도 완전 친절하세요,"그때 그때 꽂히는 메뉴가 다른데 오늘은 아몬드크라상과 사과데니쉬로 행복하게 일요일 아침을 열었어요. 사장님도 너무 친절하셔서 갈때마다 기분이 좋아지고, 어떤 종류를 고르든 한입 베어물면 행복해지는 맛입니다!😍😋✨",친철하고 빵이 맛있어요,초코 좋아하시면 제발 이 촉촉 꾸덕 달달한 브라우니를 드세요… 묵직한 브라우니속에 마구 투척된 헤이즐넛과 진하게 발린 가나슈는 사랑💖,바삭바삭 식감부터 즐겁고 풍미도 좋았습니다.  식사빵도 다 맛있고 소세지도 실하고 뺑오쇼콜라도 좋은 초콜릿 쓰신거 같고. 하나같이 정성껏 좋은 재료로 만드신 것 같은 티가 나서 좋아요.,최고의 빵집… 완전 중독됨ㅠㅠㅠ 고소한 아몬드가 잔뜩 올라간 아몬드 크라상 완전 추천합니다. 햄과 그뤼에르 크라상도 짭짤하니 진짜 맛있고요👍👍👍,밤크림… 이것은 빵이 아니다… 종합예술이다…,커스터드크림에 새콤달콤한 오렌지쨈? 이 크로와상이랑 잘어울립니다. 포장하려다 맛있어보여서 앉아서 먹고왔네요. 이거랑 같이 산 네모난 큐브빵도 맛있어요.,진짜 너무 맛있어요 ㅠㅠ 먹어본 크루아상 중에서 가장 맛있는 곳 이에요!! 아몬드 크루아상 제발 드세요 존맛,늦은시간에 가서 종류가 많이없었지만 밤크림크러핀이 진짜 맛있었어요ㅠㅠㅠ 크림도 가득하고 너무 맛있네요 사장님도 너무너무 친절해요☺,완전 차원이 다르게 맛있는 매일매일 먹고 싶은 빵. 하나하나 다 맛있어서 매번 뭘 사야할지 고르는게 너무 힘들고 진짜 맛있습니다…,친구네 놀러가는길에 빵냄ㅅㅐ에 홀리듯 들어가 여러개 구매했는데여 진짜 너무 맛있음!!!! 그냥 동네빵집이랑 맛이 달라요 ㅠ 왜 우리집앞이 아니냐며!!! ㅠㅠ 사과 데니쉬 취저에여 !! 다음에 또 올게여ㅠㅠ,크로와상이 정말 담백하고 풍미가 미쳤어요! 처음 방문해서 사먹고 계속 생각나서 눈 뜨자마자 달려왔네요:) 앞으로 단골될것 같아요!! 그만큼 빵맛 굿굿굿! 사장님도 너무 친절하게 맞이해 주셔서 아침부터 기분이 좋습니다!,맛있었던 기억으로 재방문 했어옄ㅋㅋ 갈때마다 새로운 빵이 자꾸 나오는데 너무 좋아옄ㅋㅋ 밤 뭐시기 이거 진짜 존맛탱 ㅠㅠ,갈때마다 친절하신 사장님 덕분에 기분이 너무 좋아요:) 빵도 너무 맛있고 맨날 아침 일찍가서 구매합니당! 늦게 가 면 ㅠㅠㅠㅠ 금방 품절 ㅠㅠ 너무 맛있어서ㅠㅠ 어떡해요😭👍🏻✨ 연희동 최고의 빵집입니다!!!,맛있어요~,크루아상이랑 사과데니쉬 다 너무 맛있었어요ㅠㅠ 여기여기 조만간 또 갈게용!!👏,신상으로 오렌지 크라상이 나와서 먹어봤는데 필링이 아낌없이 들어있었고 맛있었습니다,더티쇼콜라 제 손바닥만해요 안에 초코두 많구 바사삭 진짜 맛있었어요 회사근처라니 넘 좋아요,계산대앞에있는 이름모를 무화과와넛츠절임.. 작은조각먹고 존맛이라 큰걸로 샀음. 열흘정도 더있어야 숙성되서 더 맛있다고하니 기다려보겠지만 와인안주로 없어질듯. 기다리면서 쵸코빵 뜯어먹을예정,와 인생빵..... 연희동에 이런곳이 생기더니 너무 행복해요 맨날 묵어야지요,애플이 정말 맛잇었다!,진짜진짜맛있어요.장난아님.인생빵집,아직 맛 보진 않았지만 기대하면서 샀어요^^,검색하다가 방문했는데 빵이 너무 맛있어서 놀랐어요.사장님도 너무 친절하셨어요.다른곳이랑은 퀄리티가 다르더라구요!자주 방문해야겠어요!!!,너무 맛있어요ㅠㅠㅠ 진짜 ㅠㅠㅠ 제가 점점 살이 찌는 이유에요ㅠㅠㅠㅠㅠㅠㅠㅠㅠㅠ,선물용으로 샀어요 !,소시지패스츄리먹었어요 다음엔 크로아상 먹어볼거에요,좋아요,,,,,,,,,,,,,,,,,,,
스타벅스 연희동점,881841799.0,크림치즈펌킨케이크 너무 맛있요~~^^,마침내 다이어리에 동봉된 쿠폰을 썼습니다. 10월까지니까 다들 얼른 쓰세요~ 스벅은 매번 신박한 이름의 음료를 내서 음료 이름이 기억나질 않아요. 오늘 먹은 음료 이름도 모르겠네요~ 하지만 맛있었음!,블론드 아메리카노 깔끔하고 맛있어요!,연희동 산책 중 가족들과 마음 편하게 쉬다가 갑니다. 남녀노소 어우러져 같은 공간에 있는 게 좋네요. 좌석 수도 많고 직원분들도 친절하십니다. 역시 대기업이 좋네요.,텀블러 준비해 갔는데 직원분께서 너무 친절하게 설명해주시고 응대해 주셔서 감동했어요~~ 일요일 사람도 많았는 데 감사합니다~,간단하게 식사 해결하기 좋았어요,"연희 디티점 자주 가다가 오랜만에 방문했네요. 분위기는 그대로더라고요ㅎㅎ 일층만 있지만 넓직하고 조명은 다 소 어두운 느낌입니다. 남자 화장실은 밖에 있고 여자 화장실은 안에 있어요. 주차는 두대 가능하고, 바로 옆가게는  버거킹입니다. ㅎㅎ",굿,사과주스 은근 많이 사먹게 되네요 ㅎ,굿굿,굿,굿,충전~~~말이 필요없죠!! 좋아요🫶,굿,굿,굿,가기 편해요,동내라 자주 이용해요,.,맛있어요,굿,자몽허니블랙티 맛있어요,대화하기좋아요를 누른 건 진짜진짜 너무도 크게 오래 대화하는 옆테이블 때문이네요🤪 운도 없지 자리를 옮기고 싶어도 딱히 빈자리가 없어요;;;,.,good,좋아요~^^,친절,말차 맛있어요!,:),커피는 스타벅스죠 피곤이 화악 풀린답니다 ~~~~,커피 잘 먹고 가용!,굿,항상 바글바글한 스타벅스 직원분들 친절하고 음료제공이 빨라서 좋아요,자주 이용하고 있습니다,라떼랑 같이 먹으면 많이 달지도 않고 바삭한게 넘 잘어울려요 굳굳!,굿,좋아요,자주 이용하고 있습니다,매장이 복잡하지만 커피는 맛나요,친절해요 근데 와이파이가 너무 불안정해요ㅠ,"자몽허니블랙티 맛있어요! 주말에는 조금 사람이 많지만, 집중하기 좋아요.",말차라떼 맛있어요,좋아요,스벅 좋아요 자주와요,스벅 맛있어요오오오,시원하고 좋아요,엄청빨리 나왔어요~,굿,뭔가 특별한 것이 있다는 분 친절하십니다,👍,언제나 대기줄있는 스타벅스,굿,맛있어요.,굿,굿,친절,👍,맛있어요~~~,좋아요,굿,굿,디카페인 있어 좋아요^^,굿,만족합니다~~,쿠폰이 있어서 들렸어요,자주 이용하고 있습니다,엄청 친절하고 깨끗해요~ 음료도 굿~!!,분위기가 좋아요,맛나요,커피맛 좋음,연희동 스벅 좋아요 자주옵니다,옴뇸뇸,별 적립쿠폰 잘 썼어요^^ 스텔라라는 직원분이 반갑게 인사해주셔서 오전에 상쾌하게 시작했습니다~~,카공하러 자주 가는데 갈 때마다 친절하신 것 같아요 감사합니다🫶,아침엔 한산하고 좋아요,Gs 25,"연희점은 처음이였는에, 좌석이 많은데 만석이였는데 운좋게 바로 자리잡고 시원하 아아 들이키고왔네요~굿",ㅇㅅㅇ))끄덕끄덕,좋아요,브런치하기 좋아요,굿,좋아여,친절,친절하시고 좋아요~  커티스 카라멜 선물용으로 샀는데 예쁘네요. 다회용백도 은근 튼튼하고 좋아요,좋아요,자주 방문하고 있습니다,가성비,편안해요,굿,매장 넓고 업무하기 좋음,조아요,굿,편하고좋아요,신메뉴를 마셔봤는데 약간 캐모마일 릴렉서 느낌같아요 맛있습니다!,새로나온 신메뉴맛있어용!,디피 상품 종류가 적어요,굿,,,,,,,,,,,,,
미크 커피,1726138744.0,안에 테이블 적어요 그래도 오래 머물기 좋았어요 커피도 맛있고 휘낭시에도 맛있어요 큰 강아지가 있는데 엄청 순딩이에요,강추합니다. 다른 곳보다 저렴한데 커피도 더 맛있어요. 꼭 가 보세요!,커피도 맛있고 간단히 먹을 구움이들도 맛져요! 귀여운 댕댕이까지 있어 힐링되요,시그니처 메뉴인 미크크림 너무맛있네요! 크림이 엄청 쫀득해요. 카페가 작은데 분위기가 너무 좋아서 다음번엔 카페에서 먹고가려구요. 다른메뉴들도 너무 궁금합니다!!,미크크림! 최애에요~ 드립백도 자주 삽니당 사장님 친절하시구 넘 좋아요~~,"아이슈페너 생각보다 평범했어요 요새 잘하는집이 많아서, 테이크아웃 할인 되는메뉴 안되는 메뉴 정해져있네요","볕이 드는 게 예뻐 보여서 들른 카페 보기에도 예쁘고 바닐라빈크림이 진해서 맛있으니 한 번 드셔보세요! 미크크림  (바닐라빈크림 아인슈페너) 6,000원 아메리카노 4,000원",좋아요,커피 맛있고 너무 친절하세요!,굿,시그니처 메뉴 완전 강추에요. 자주 와서 먹어야겠어요^^ 너무 맛있어요.. 쿠키도 너무 맛있구요,아메리카노가 너무 맛있어서 집에서 마시려고 블랜딩한 것도 샀어요^^,커피맛있어요 추천해요,라떼가 맛있어요! 공간이 작아서 개인적으로는 테이크아웃 추천!,맛있어요! 저녁에 오니 분위기가 또 다르고 좋네요,진짜 커피 맛집☕,카페라떼 시켰는데 괜찮네요 내부 공간이 조금 작아서 그렇긴한데 테이크아웃가격이 저렴하기때문에 테이크아웃을 추천드려요,사장님들도 친절하시고 무엇보다 미크크림 대존맛 재방문의사 10000%,음료 다 맛있네요! 미크크림은 꼭 추천드려요 주인분들도 친절하고 분위기도 편안해서 좋았어요!:)같이 주신 스티커도 이쁘네요,맛있고 친절하셔요,작은 공간인데 깔끔해서 좋았어요! 아메리카노 맛은 쏘쏘이나 미크 크림은 꾸덕꾸덕하니 괜춘했어요!!,너무 아늑한 카페가 생겨 들어왔는데 앉아서 마실수 있는공간도 너무 잘돼있어서 좋아요 !!  커피도 너무맛있고 사장님 두분이 너무 친절하셔서 기분좋게 마시고 가는거 같아요,맛잇엉 ☕️,맛있어여! 👏,초코쿠키 과자 서비스랑 브루잉 커피 시음해보라고 서비스 주셨는데 엄청 맛있었습니다!!!,고소한 맛이 좋아요!,,,,,,,,,,,,,,,,,,,,,,,,,,,,,,,,,,,,,,,,,,,,,,,,,,,,,,,,,,,,,,,,,,,,,,,,,,,,,,,,,,,,
곳간,195827937.0,여긴 술만 먹으면 꼭꼭 들러서 통식빵 하나씩 사들고 가는 곳이에요! 자른식빵도 맛있는데 통식빵이 결대로 찢아지고 맛있어여!! 선물하니 다들 좋아하더라구요!,식빵이 확실히 다르고 맛있네요,오븐이나 에프 돌려서 먹으면 러스크 됨👍 무인결제라 첨에 초콤 당황했음ㅋㅋ,"퇴근길에 한번씩 눈길이 가던 빵집, 드뎌 식빵 사기! 큼지막한, 한눈에도 결결이 맛있어보이는 식빵이 겨우..5천원이 라니 ㅠㅠ 너무 싸다 너무 싸 ㅠ 통식빵을 사와서 내맘대로 두껍게 썰어 아침용 토스트로! 부드럽고 고소하고 넘 맛 나요~ 또 구매할께요 ♡",가성비 좋고 맛남  식빵도 맛나지만 단팥빵도 맛남 호두가 들어가 있는데 천원임!!!,빵 맛있어요👍👍👍,무인빵집인데 식빵사이즈가 어메리칸이네요 넘좋아요 토스트해먹어야지!룰루 담엔 코코넛쿠키 먹어보고싶어요,굿굿 진짜 가성비 굿 쿠키와 키스테라 최애!! 여기 가면 항상 사러 가요!! 특히 식빵도 맛있어요!*^^*,원래 좋아하던 카스테라가 통으로! 소분한 낱개 카스테라도 있더라구요. 먹어보니 부드럽고 달달한게 우유랑 찰떡😋 식빵도 있던데 다음에 사러가야겠어요:),코코넛쿠키 카스테라 식빵 모다 맛있어요! 특히 코코넛쿠키와 카스테라는 선물하기도 좋구 간식으로 먹기 딱이예요 ! 예전엔 잼도 파셨는데 ㅠㅠ 이제는 판매안하신다고 하더라구요 아쉬워요 흑흑,맛있어용,가끔 주인 없고 무인시스템으로 운영할때 있습니다.  카스테라 진짜 맛있고 저는 개인적으로 코코넛쿠키 맛있어요!,빵 냄새가 기가막혀요~~^^,음료 분위기 서비스 너무 좋아요,"코코넛쿠키는 한봉지에 3개 들어있고 천원인데 고소하고 정말 맛이 좋습니다. 카스테라, 팥빵, 브리오슈 식빵도 맛있습니다.",추천,선물하려고 브라우니랑 카스테라 사왔어요.식빵도 사오고 싶었는데 10분 넘게 기다리라하셔서 포기하고 왔네요. 다음을 기대합니다.,좋아요,무인점포! 저렴해요~,지금까지 먹어본 식빵 중 제 입에 제일 맛있었어요! 24시간 무인가게라 아무때나 편하게 원하는 제품 딱 골라서 가져나오면되서 너무 좋아요!,무인매장입니다..계산하고 영수증은 통에 넣어야함.,식빵식빵~ 정말 가성비굿 과 맛까지 굿 진짜 추찬합니다요~ 팥빵도 더불어 맛있어요~,최고의 빵집,식빵 맛집,최고의 단팥빵! 진짜 맛있어요!!,지나갈때마다 빵냄새가 너무 좋아서 들렸어요 예전에 사먹고 오랜만에 먹었는데 빵 맛있어요~,단골집♡,굿,ㆍ,무인빵집,가격도 저렴하고 좋아요~!!,"단골 단팥빵, 브라우니 맛집이에요~^^",친정오는 길에 있는 곳간... 내일 아침 프렌치토스트 해먹으려고 사왔어요. 다들 가격이 올랐는데 여기만 유지하시고 계시네요. 무인판매했었는데 간만에 사장님뵈서 반가웠어요.,ㆍ,브리오슈 여기가 진짜다,😋,시그니처 식빵 맛있어요 손이 계속 가네요,굿구,식빵이 주 메뉴인데 진짜 맛있어요 여기 식빵 먹다가 다른데 못 먹어요. ㅎㅎ 참고로 사장님이 빵 만들 때 빼고 안 계 세요. 대부분 무인으로 운영하세요. 사이드로 쿠키랑 빵 몇가지도 있는데 그것도 맛있어요,자주가요 무인판매 늘 잘먹어요 사장님 최고,카스테라 맛있음,항상 맛있는 연희동 맛집 곳간❤️👍,식빵이 맛있다고 소문나서...ㅎㅎ,식빵이 아주 맛있어요~~~^^,무인이고 키오스크가 아니라서 헤멨지만 식빵은 괜찮았다,굿굿,굿,24시간 맛있는 식빵을 구입할수 있는 곳!,식빵이 정말 맛나요,식빵이 맛있어요,좋아요,식빵냄새가 가득해서 홀리는곳 엄청부드럽고 폭신촉촉하다 무인가게라 사장님께서 계셔도 직접 계산하는게 신선하 다 🌸,싸고 좋아요,출근길에 항상 궁금했던 그곳 곳간. 무인이라 부담없었고 안내 잘 되있어 어렵지 않았고 개별포장 되있어 청결해  보였습니다. 나눠먹으려 브라우니 6개샀는데 제입엔 안맞았습니다. 건포도때문인지 약간 시큼한 끝맛에 살짝 당황 스러웠어요. 리뷰보니 식빵이 맛나나보네요. 다음에 혹 기회되면 식빵한번 구매해볼게요,식빵을 잘 식히지 않고 봉지를 닫아서인지 물기가 상당한 게 눈에 띄였음,맛있는 식빵집,여덟시 좀 넘어서 가니 쿠키는 없드라구요! 아쉬운 마음에 빵과 단팥빵 사왔는데 너무 맛있어요 포실포실.. 연희동  주민이 아니라서 자주 못 오겠지만 연희동 올 때마다 오려구요,무인 시스템으로 판매해요 빵이 부드럽고 맛있어요,평범해요,맛나요,너무 어래기다렸어요,좋아요,😋,식빵이 맛있어요,디저트가 너무 맛있고 저렴해요,버터향 가득한 식빵 쵝오,"근처에서 빵냄새가 너무 좋아서 이끌리듯 들어갔고요. 엄청 커다란 브리오슈 식빵을 주로 파는 거 같아요. 넘 먹고  싶었는데 다 못 먹을 거 같아서 브리오슈는 패스하고 빵, 쿠키류 구매했어요.(브리오슈 식빵 반만 따로 팔면 넘 좋을  거 같아요🥰) 빵 넘 맛나요. 특히 코코넛 쿠키👍 달콤 바삭.. 사장님 친절하세요.",좋아요,좋아요,무인으로 운영되는 매장이에요. 빵이 정말 너무너무 맛있고 가격도 저렴해요. 앞으로 자주 이용할게요,무인운영,냄새에 이끌려서 들어갔어요,카스테라가맛나요,굿,맛있어요!,통식빵 최고♥,굿,브리오슈 식빵 맛있어요,통으로 받아서 집에서 식빵 찢어먹어요 ㅋㅋ 코코넛쿠키도 넘맛있음 ㅠㅠ,밤에도 빵 사먹을 수 있어요~,기본을 탄탄히 한다는 게 무엇인지 보여주는 곳,신기하게도 무인점포 였습니다,24시간 무인빵집이라 편하네요,ㆍ,지나갈때마다 빵냄새때매 미칩니다.,친절해요,친절하세요,좋아요,식빵이 크고 먹음직스럽게 보입니다. 아직 시식전 ^^,맛있어요 코코넛쿠키 짱짱!,좋아요,좋아요,굿,좋아요,빵이 맛있어요,빵 맛나요,빵이 너무 맛있어요,사장님 빵 진심인곳 정말 맛있고 가격 좋음 왕추천,빵이맛있어요~,식빵이 맛있어요,좋아요,버터향 가득한 식빵이 정말 맛있어요. 야간엔 무인판매로 늦은 시간에도 살 수 있어 좋았습니다. 자주 가게될 것 같아요~,굿,좋아요,굿,"고소한 버터향, 부드러운 식감에 빠져 매일 아침 한 끼는 이 곳 식빵입니다.",빵 맛있네요!,,,
본솔커피 연희점,35689660.0,서대문구 연희동에서 반려동물 동반 가능하규 분위기 좋은 카페 찾다가 발견한 본솔커피!! 일요일 아침 커피로 깨울 겸 왔는데 더치커피 너무 좋구요👍🏻👍🏻 밀크티도 너무 달지않고 맛있었어요👍🏻👍🏻 크로플은 바삭하고 아이스크림과 궁합 너무 좋아서 추천드립니당👍🏻 요즘 크로플 많이 팔지만 바삭함 없는 곳 많은데 디저트 맛집 답게 크로플 ...,독일 크리스마스빵 슈톨렌 맛나게 잘 먹었어요!! 직접 담구신 대추생강차 찐하고 맛있어요 인테리어도 아늑하고 버스정류장 근처라 친구 기다리며 잠시 휴식하는 느낌으로도 좋을 것 같아요 편안한 느낌의 연희동 카페 본솔에서 힐링하고 가요~ 이 글은 본 업체에서 제공받아 작성된 글입니다.,인테리어 다시하셨는지 저번에 왔을때보다 더 깔끔해졌네요. 커피는 가격대비 너무 맛있어요. 👍👍👍 근데 나이 많으신 어르신 모임이신지 6명 들어오시더니 떠들어서 사장님이 조금만 조용히 해주시라고 하니 본인들 돈내고 마 시는데 이래라 저래라 한다며 투덜거리며 계속 떠드셔서 마시는 내내 기분이 안좋아 빨리 나왔어요 분위기가...,딸기스무디 대추생강차 대만샌드위치 시켰어요 ~ 딸기스무디 대추차 둘다 너무 맛있어요~^^ 샌드위치도 맛있게 먹 었습니다 ~ 동생이랑 편안하게 수다떨고 갑니다 인테리어 분위기도 좋아서 사진맛집이기도 합니다 직원분 사장님 도 친절하세요 감사합니다,크로플 맛집이에요~ 사장님께서 초큼 시크하신데 맛에서 나오는 시크함이신듯해요~,퇴근 후에 지나가면서 매장이 고급져서 들리게됐는데 분위기가 너무 좋네요! 상냥하신 직원분이 계셔서 편하게 있다갑니당! 키위주스는 안 셔서 너무 맛있게 먹었구요 슈틀렌도 완전 맛있었어요...☺️ 혼자 가서 편하게 할일하구 갑니다!,가게가 아기자기하니 예쁘고 슈톨렌이랑 커피도 맛있어요! 동과차라는 메뉴는 처음 마셔보는데 달달한 아이스티 같습니당. 홍제역 카페 추천합니당🫶,분위기도 좋고 음료도 맛있어요!  캐럴음악 틀어주셔서 책읽고 집중하기도 좋았습니다!!,기분 좋은 카페네요 💛 친절하고 커피 디저트 다 맛있어요,연희동 조용한 디저트 맛집이예요!! 바다소금 다쿠아즈가 짭짤한데 아이스크림같이 필링이 단단해서 맛있었어요!!  가격도 전체적으로 비싸게 안느껴지니까 더 좋았어요:) 커피나 다른 음료도 맛있었어요!!,연희동에 이런 곳이 있는걸 처음 알았는데 하루를 기분 좋게 시작할 수 있어 행복합니다💙 가성비 좋아서 브런치 느낌으로 먹고 오기 좋아요! 분위기도 편안해요 강아지도 데리고 올 수 있어용 👏👏,카페 분위기가 어마무시해요!!! 채광이 좋아 산뜻하게 힐링 되는 기분🥰 음료 양도 정말 많고 가성비 짱입니다!!!! 디저트도 다양해요!,음료도 모두 맛있고 진해요! 크로플이 쫄깃하고 달달하니 맛있네요! 분위기도 좋고 조용해서 혼자와서 디저트랑 커 피 주문해서 먹는 것도 좋을 것 같습니다.,크로플 넘무 마싯어요 ! ! 아이스크림 올라와서 같이 먹음 옴뇸뇸 게다가 꿀같은 것도 같이 주셔서 찍어먹으니 더 맛있어요 ㅋㅋㅋ 떨기 스무디도 쫀쫀하니 맛있구 동생은 달고나 라떼 먹었는데 달고나 올라온거랑 같이 먹으니까 진짜 좋아하더라구요 ㅋㅋㅋㅋ 잘먹었습니다 옴뇸뇸,친구랑 연희동 놀러왔다가 들렀는데 커피가 가성비 좋고 맛있어요😋🤍 출출해서 아이스크림 크로플을 시켰는데 겉은 바삭 쫄깃하고 무엇보다 진한 바닐라 아이스크림이랑 잘 어울려요🍴바로 갓구워주셔서 더더욱 맛있었던 것 같아요! 친구랑 순삭했습니당👍🏻💞,인생수박주스❤️짱친절한 우리 사장님께서 추천해주신 크로플과 수박주스였어요! 생과일을 직접 갈아주시니 신선하고 본연의 과일맛이 짱이네요👍🏻식물이 많아 초록초록해서 식물원에서 데이트하는 기분물씬☺️비오는 풍경 바라보며 힐링하고갑니당,달고나카페라떼 두유로 바꿔서 마셨는데 엄청 고소하네요! 에어컨 너무 쐬서 조금 목이 아파서 레몬차 주문했는데 지금까지 마셔본 레몬차 중에 가장 진하고 상큼해요ㅎㅎ 근데 딸기케이크가 대박. 엄청 부드럽고 찐득해서 딸기치 즈케이크 먹는 느낌.. 다른맛도 궁금쓰.. 카페 내부가 시원하고 앉을 자리도 많아서 좋아요ㅎㅎ 사람들도 꾸...,카페가 밝고 화사하고 정말 깔끔해요👍 크로플 바삭쫀득 넘 맛있어요! 딸기 스무디도 은은하게 달달해서 취향저격입니다! 동과차 처음 먹어보는데 넘 매력있어요✨,여러분 오레오쉐이크 꼭 드세요... 오레오맛이찐하고 많이 안달아요 인기많은 이유가 있고만,배치가 또 바뀌었네요 구석구석 더깔끔해진 느낌이에요 달팽이는 더컸네요^^,언니랑 연희동에 올 일이 있어서 들른 본솔커피예요 테린느 케잌 꾸덕하니 맛있어요 샌드위치 먹고 싶었는데 품절 이라고 하네요. 샌드위치 맛집인가봐요 ㅎ 수박쥬스에 시럽 안넣고 먹었는데도 맛있었어요. 연희동 디저트 맛집이 예요 단것을 좋아하는 저는 캬라멜마키야토 주문했는데 진하고 맛있어요 연희동에 오시면 본솔커피 들려보...,크로플이 겉바속촉 너무 맛있었어용 바닐라 아이스크림도 엄청 크게 올라가있어서 좋았어요! 달고나라떼는 많이 봤 는데 달고나 카페라떼는 처음이었어요 커피 베이스라 더 맛있게 먹었어요 미숫가루라떼는 너무 달지 않아서 좋았어 요!🥰 가게 너무 예쁘고 의자도 너무 편했어용 콘센트도 곳곳에 많아서 카공하기에 딱인것 같아용 다음에두 ...,"로얄밀크티 정말 부드럽고 향긋해요. 동과차 정말 시원해요. 흑임자 인절미 더블 다쿠아즈 정말 고소해요. 따뜻한 분위기의 연희동커피, 연희동디저트 찾으신다면 본솔커피 연희점 추천이에요💛","여기 크로플 맛집,, 크로플 두개에 아이스크림올라가는데 9천원이면 미친거같음..! 아이스크림도 하겐다즈인지 엄청 쫀득하니 맛있어요..!! 음료도맛있고 분위기도 넘 좋았음",여러분!!!! 가을전에 본솔오셔서 팥빙수 꼭 드세요!! 진짜 맛있음 쫠깃한 떡 진짜 많이 들었고 콩가루솔솔 연희동카 페라기엔 남가좌동에 가깝지만 아무튼 연희동카페맛집입니다♡,연중무휴 카페라니 넘나 좋고요💘 '본솔커피' 착한가격 맛난 디저트 카페로 유명하던데 연희동 카페답게 공간도 예 뻐요. 아담하고 아늑한 카페. 대형카페는 아니지만 아기자기한 인테리어 소품의 아늑함이 마음에 들었습니다. 음악 도 아이돌이 아니라 차분한 노래구요 ˁ ˈ ᵕ ˈ ˀ♡ 음료랑 디저트를 판매하고 있는데 맛 보기 전부터 종류와 착한...,달팽이가.추워서 집에들어갔어요,너무 친절하시고 디저트 종류도 여러가지에 음료 종류도 다양해서 선택지가 넓어서 좋았어욤! 연희동 디저트집을  찾다가 발견한 카페인데 잘 찾은거 같아요 ㅎㅎ 사장님도 너무 친절하시고 디저트 음료 모두 맛있었습니다! 인테리 어도 너무 깔끔하고 모던해서 좋았어요!! 다음에 서대문구 카페를 찾는다면 여기로 올 것 같아요! 재방문의사 ...,음료도 너무 맛있고 친절하셔요 ㅎㅎ! 친구랑 대화하기 너무 좋은 분위기 있는 곳이에요 🩷💗 오레오쉐이크 정말 맛있어요 🤗🤗 차분하고 아늑한 느낌의 카페에요 ! 인근에 오실 일 있으면 꼭 들려보세요 ⭐️⭐️❤️,크로플 너무 쫀득하고 아이스크림이랑도 너무 잘 어울려요!! 동네에 디저트 잘하는 카페 찾아서 너무 좋네요!! 이야기하기 너무 좋고 홍제천 산책하고 들러서 커피마시기 좋아요💛,음료 종류가 다양해서 고르는 재미가 있었어요! 특히 노을 에이드가 색감도 예쁘지만 톡톡 씹히는 패션후르츠가 매력적인 것 같아요. 디저트 종류도 다양해서 좋았습니당👍🏻,해가 들어올때 더 예쁜 카페 같아요 테이블과 의자들도 고급스러워서 그런가 여자 손님들이 굉장히 많더라구요! 여성분들 취향 저격입니다 요즘 카페 음료 가격도 비쌈데 여긴 가격도 저렴해요 또 방문 할 것 같습니다!,홍제천 산책하다 들리기에 좋아요,근처 일 있어서 오랜만에 갔는데도 변함없이 그대로~ 좋네요. 밀크티 부드럽고 적당히 달고 맛나서 정신없이 마시는 바람에 사진을 못 찍었어요.ㅋㅋ 우산 놓고간 것도 곱게 개어 잘 챙겨놓아 주셔서 감사했습니다. :),리뷰가 너무 좋아서 찾아서 왔어요 음료랑 샌드위치 너무 맛있고 사장님도 친절하세요💖 인테리어 구석구석 다 너 무 아기자기 예뻐서 구경하는 재미가 있네요 의자도 편하구 인테리어 너무 예뻐요 근처 카페중에 여기가 제일 좋아 요 음악 플리도 잔잔해서 자주 올것같아요 다음번엔 다른메뉴도 먹어보려구요👍🏻👍🏻,연희동 방문했다가 가게 된 카페! 커피도 맛있고 케이크가 완전 꾸덕하니 맛있네요 조용해서 공부하거나 조용하게  대화나누기 정말 좋았어요 가격도 착해서 너무 만족☺️,커피 좋아하시는 엄마랑 방문한 곳이에요! 아메리키노가 아주 진하고 다크해서 맛있었고 딸기라떼도 달콤상큼해서 최고였어요 테린느 딸기케이크도 꾸덕꾸덕 진해서 맛있었습니다 치즈케이크처럼 진하고 맛있는 딸기케익은 처음이었어요 🩷 아기자기하고 식물이 많은 분위기도 좋았습니다!,음료 디저트 뭐하나 빠지는 것 없는 집 근처 주민들에게 이미 입소문나서 사랑받고 있는 곳이기도 하고 엄청붐비는  핫플 느낌보다 조용히 지나가는 사람들 구경하며 대화하기에 너무 좋은 곳!! 전체 통창이라 시원한 느낌과 요즘 같은  날씨에 광합성하기에도 딱 좋은 곳ㅎㅎㅎ 강추합니당,크로플이 넘 맛있있어요~ 동과차라는 시그니처 메뉴도 특이했어요! 맛있었습니다~ 대화하기좋은 아늑한 분윅,한여름에 슈톨렌이라니…!! 상상도 못한 디저트가 있어서 당장 시켜봤어요. 너무 맛있더라구요ㅎㅎ 키위주스도 생과일이 들어가서 상큼달달 맛있었어요. 본솔커피는 인테리어가 정말 예쁜데요 곳곳에 꽃으로 장식되어있고 테이블도 고급져서 즐거운 시간 보내고 왔습니다:),아이스라테에 아이스크림 추가 너어어어어무 맛있어요...... 근처 들르면 항상 포장해가요,디카페인이 있어서 좋고 커피가 맛있어요 매장이 이뻐요~~,"동과차 마시러 들어간 곳입니다! 동과차 자체도 맛있었어요. 진하게 우리셨는지, 타이베이에서 마셨던 것보다 달게 느껴졌는데 그게 또 마침 엄청 더운 날에 참 좋은 당도였어요. 얼음도 많이 넣어주셔서 다 마실 때까지 시원해서 좋 았습니다. 매장은 넓지는 않지만 근처 주민들의 사랑방 같은 느낌으로 오시는 분이 많은 것 같았어요. 냉방도 ...","음료 종류도 많고 맛있었어요! 일리커피는 말모, 밀크티가 많이 달지 않아 좋았어요~ 이야기 하는 분도, 조용히 자기 할 일 하는 분들도 있어서 뭘 해도 좋을 듯 하네요ㅎㅎ",연희동에 이런 카페가 있었다니!! 깨끗하고 너무 좋아요♥️ 아메리카노 가성비도 너무 좋고 디저트도 맛있었습니다..!! 모두..여기로..모여..,친절,친절,동네에 조용하게 대화할 수 있는 편안한 분위기의 카페라서 자주 방문할 것 같아요!! 커피도 정말 고소하고 맛있고 특히 디카페인이 가능해서 너무 좋았어요! 말차 테린느 케이크도 많이 달지 않아서 커피랑 잘 어울렸어요~~ 동네 아지트같은 따뜻한 느낌의 카페라서 대만족🩷 자주 올게요!!!,아메리카노도 산미 없고 고소하니 딱 내 스타일!! 흑당버블라떼도 다른 버블티 전문점에서 파는 정도로 맛있음!! 케이크는 쫀득하고 진하고 디저트 싫어하는 남자친구도 다 먹었어요 ㅋㅋ 커피랑 딱잘!!!,슈털렌이랑 밀크티가 맛있는 연희동 카페에요 인테리어 깔끔하고 시원해요! 의자도 편해서 친구 만나서 수다 떨기 좋아요,우리동네 분조카 커피숍ㅋ 인테리어도 아기자기하니 넘 큐티하고 커피도 좋은거 쓰시는지 들어가자마자 좋은 향기가 솔솔 나네요!!😆 조용하고 깨끗하니 좋고 케익도 그르코 딸기라떼가 아주 맛도리입니당🥰 친절한 사장님 또 놀러올께용>_<!!!,"카페가 너무 예뻐요! 샹들리에, 여러 식물을 비롯해서 카페 분위기가 너무 아늑해서 좋은 시간 보내고 왔습니다! 테린느는 엄청 꾸덕💓촉촉💞해서 인생 테린느였어요.. 커피도 산미없는 깔끔한 맛이어서 넘 만족스러웠어요! 다음에 또 방문할게요 사장님👍",매장이 청결하고 좋았습니다,Good,뭐야뭐야 다맛있어ㅎㅎㅎ 테린느 찐맛집!!!!!♡♡♡,착한가격 카페 너무 좋아요 💚🧡❤️🎶🎼👍🥰,친절,친절,사장님 진짜 친절하시고 이야기하기 좋은 카페입니다 쥬스랑 커피도 다 맛있는 카페예요 케이크 다쿠아즈 슈톨렌 크로플 샌드위치 등등 디저트도 다양한 카페라 더 좋아요!!,"분위기 좋은 동네카페에요! 근처에 홍제천이 있어서 산책하다가 차 마시러 가기도 좋아요. 매장도 깔끔하고 아기자 기하고 차나 디저트도 괜찮아서 편하게 이용하기 좋았어요. 아이스크림이 올라가는 크로플이랑 밀크티, 수제 대추 생강차를 시켰는데, 아이스크림도 맛있고 크로플도 맛있네요. 견과류를 뿌려줬는데 고소하니 맛나고 시럽뿌...",음료와 디저트가 진짜 맛있어요!  특히 동과차처음먹어보는데 맛있어서 못잊겠어요 ㅠㅠ  크로플도 오래안걸리고 맛있고 아이스크림도 쫀득쫀득.. 꼭 드셔보세요,친절,일단 매장 분위기랑 인테리어가 너무 예뻐요 ㅠㅠ 😍 진짜 매장 자체가 너무 예쁘고 뷰가 너무 좋아요.. 그리고 초코 라떼는 진짜 달달하고 맛있어요! (당충전) 크로플도 진짜 너무 예쁘게 생겼는데 너무 달달하고 맛있고.. 나중에 또 방 문하고 싶어요!!!! 진짜 너무 만족스러워요!!! ✨🍃,분위기 조용하고 직원분 친절하시고 수박주스 시원하고 맛있어요^^,처음 가봤는데 연희동에 있는 카페중에서 가장 마음에 드네요 카페 너무 예쁘고 크로플 진짜 맛집! 카라멜마끼야또랑 딸기스무디 주문했는데 카라멜마끼야또 너무 달지않아서 입맛에 딱 맞았고 딸기스무디도 싼맛이 전혀 안느껴지고 둘다 특별했음.. 이거 뭐라 설명이 안되네 음료 고퀄인데 먹어봐야 느낄 수 있을듯 단골카페로 지정!,연희동 카페 본솔커피에서 맛있는 디저트 먹고 왔습니다 🙂💗 크로플 찐 맛집이에요 꼭 드셔보시길 !!!,친절해요,수박주스가 너무 맛있어요 일리커피 마시러 재방문 하고 싶습니다,홍제천 걸으면서 주변에 카페 찾다가 발견했는데 당충전 제대로 했어요! 크로플 맛집이예요..💓 어떻게 구워주시는건지 바삭바삭하고 엄청커요. 사장님 이 가격에 장사하시면 남는게 있나요ㅠㅠ 햇살맛집이여서 어떻게 찍어도 사진 잘나온다는ㅋㅋㅋ 다음에 또 산책하게 되면 들를게요🤭,친절,잠깐 들러 커피마실수있는 공간이라 참 좋와요,친절,우와ㅎㅎ사장님 넘 친절하시고 커피가 일리원두를 써서 그런지 맛있어요! 디카페인 커피도 있어서 카페인 찌질이에겐 넘 감삿한 곳이에요ㅎㅎ슈톨렌도 맛나용,맛있게 잘 먹었습니다~,홍제천에서 걷다가 커피가 마시고 싶어서 엄마와 동네 카페에 왔어요~~ 따뜻한 수제 대추생강차는 쓰지 않고 약간  달달해서 맛있게 마셨어요~ 대추도 많이 들어가서 대추도 맛있게 먹었어요! 디카페인 바닐라 라떼도 부드럽고 초코  케이크가 꾸덕하고 위에 올라간 치즈도 맛있어서 너무 맛있게 먹었어요~~ 연희동커피 본솔커피 추천해용^^,연희동 주민으로 홍제천을 자주 이용해요! 본솔커피는 홍제천 바로 앞에 있어서 커피 마시거나 디저트 먹고 가기 좋아요  저번엔 아이스크림도 먹었는데 맛있었어요 ㅎㅎ,우왕 토마토주스가 있어서 넘 좋았어요! 매장도 깨끗하고 쾌적하고 사장님이 책도 구비해두셨더라구요! 크로플도 쫀득하니 맛있었습니다 ㅎㅎ,아늑한 카페에서 공부하기도 이야기하기에도 좋아요! 커피향이 가득해서 기분이 좋습니다! 디저트도 다양하고 음료도 맛있어요!! 꾸덕한 테린느 짱맛있어요!!,너무 친절하시구 디저트두 많구 맛있어요! 햇살이 따뜻해요,분위기도 좋고!!!! 음료도 디저트도 넘 맛있었어요!! 가격도 착해서 ㅠㅠ 홍제천 걷고나면 여기 꼭 올거에요!,커피 너무 맛있어요 ! 까페라떼 따뜻한거랑 아이스아메리카노 최애입니다 가끔 단거 땡길때 딸기라떼도 맛있더라구요 추천추천!!,음료에 따라 잔이 다른데 잔이 넘 예뻐요.. 음료도 맛있고 사장님도 친절하세요ㅠㅠ 인테리어가 깔끔하고 예뻐서 자주 찾을 것 같은 동네 카페!,크리스마스 분위기로 캐롤도 나오고 마음편히 공부하다가 가요ㅎㅎ 샌드위치도 내용물이 알차게 들어있어서 두쪽 다 먹으니까 엄청 든든해요! 완전 강추합니다 커피는 너무 뜨겁지도 않고 딱 좋았어요ㅎㅎ 바닐라라떼 제 입맛에 너무 달지않고 좋아요☕️☕️,조용하게 대화 나눌수있어 좋은곳 친절하셨어요,이색적인 차도 즐길수 있고 인테리어도 이뻐서 사진찍기도 좋은 카페에요.,너무친절하고 스무디도 맛있고 커피도 맛있어요!!!,직원분이 친절하세요 !! 인테리어도 예쁘고 크로플도 맛있어서 잘 먹고 갑니다 ㅎㅎ 매장도 청결했어요 !!,아이스 바닐라 라떼는 많이 달지않고 적당한 맛을 자아냈어요. 고소하면서도 진한 100% 아라비카 원두의 향기에 신선한 우유의 맛이 잘 스며든 라떼에 바닐라 향이 더해져서 맛있었어요. 아메리카노는 쓴 맛보다도 향긋한 깔끔한 맛이 인상적이었어요. 깔끔하고 산미가 적으면서 고소하고 부드러웠어요. 크로플 2개와 바닐라아이스크림이 ...,기부와 후원이 이루어지는 착하고 친절한 연희동의 본솔커피😌✨ 동네에 있어서 너무 좋아요. 가격도 저렴한 편인데다가 음료와 디저트 종류도 굉장히 많습니다!,크로플맛집❤️,연희동 데이트를 히다가 방문한 따스한 커피집 분위기 좋고 여유롭다,맛있어요,최고 가성비 카페 !!.. 크로플 겉바속쫀의 정석이고 올라간 아이스크림도 크고 쫀쫀해요☺️ 밖에서 볼땐 잘 몰랐는데..내부는 인테리어가 생각보다 완전 깔끔 모던한듯 다채롭고 독특해요 가성비 최고인 동네 카페👍😽,인테리어 진짜 너무 예쁘고 아늑하고 분위기도 너무 좋고 오붓하게 이야기 하기 좋아요! 디저트도 예쁘고 맛있고😋 노을에이드(상콤달달 패션휴루츠 에이드)는 더더 강추❣️,커피 원두가 바뀐듯..?,본솔커피 연희점 종종 이용하는데 매장이 쌔끗하고 조용해요. 사장님이 친절하시고 음료도 맛있습니다. 커피와 토 마토 쥬스를 시키는데 추천해요! 크로플도 맛있습니다.,맛있어요.,"카공하기 정말 좋아요! 분위기 있고 음료, 디저트 다 넘 맛있습니다~ 꾸우덕한 케이크 진짜 존맛탱..♡",맛있어요,맛있는 음료와 디저트를 착한 가격에 맛볼 수 있어서 넘 좋아요! 사장님도 친절하시고 아늑한 분위기가 편안하게 해줘요. 음료랑 디저트 종류가 많아서 앞으로 자주 갈 것 같아요~,여사장님 너무 친절하시고 무엇보다 커피가 너무 맛있어요. 늘 브랜드 커피숍만 갔는데 개인커피숍도 이렇게 맛있 다니 가격도 착하고 자주 들릴것같네요.,"친절해요 동네에있는 커피집인데, 아담하고 좋아요",크로플 되게 크고 맛있었어요! 아이스크림도 큼직하게 올려주고 견과류에 시나몬까지 뿌려줘서 완전 혜자인 것 같아요 음료도 맛있구 편하게 공부하거나 수다떨기 좋아용,"다쿠아즈 선물 했는데, 맛있다고 하네요~^^",가격대도 저렴하고 커피도 맛있어요~,가격 저렴한데 맛있어요 저렴한것치고 괜찮다가 아니라 정말 맛있어요 특히 까페라떼 왠만한 맛집들 만큼 맛있습 니다 사장님도 친절하시고 디저트류도 맛있네요 텀블러 이용하면 할인도 됩니다앙👍🏻,가격도 저렴한데 맛까지 너무 달달하고 맛나서 가성비 좋은 디저트 맛집이에요! 크로플 구워지는 버터향 너무 대박이고 쫄깃하고 바삭한 식감으로 아이스크림 같이먹으면 꿀맛!! 커피랑 너무 맛있게 잘먹고 갑니다:) 사진도 예쁘게 나와용,가게 분위기도 넘 좋구 무엇보다 가격이 너무 착해요.. 크로플 2개나 주시는데 8000원뿐이 안하다니요😃😃😃😃  위에 올라간 아이스크림도 찐하고 맛있었어요,포근한 연희동에 정감가는 예쁜 카페를 발견했어요! 쌀쌀해진 날씨에 수제!!레몬차를 먹으니 따스해지면서 기분이 좋아졌어요. 이름처럼 예쁜 노을에이드와 크로플도 너무 맛있어요. 착한 가격에 맛도 좋고 분위기도 좋더라구요. 너 무 아기자기 예뻐 사진찍기도 최고❤️ 그리고 사장님께서 기부도 하고 계시는 그야말로 착한 가게였어요! 이...,
휴,1146822605.0,연희동 카페 휴 브런치(브런치 주문가능시간 11:00~17:00) 👍프렌치토스트 - 브리오쉬 식빵으로 만든 프렌치토스 트인데 너무 달지 않고 촉촉함 ✌️소세지와 베이컨 - 겨자소스와 함께 먹으면 맛있음 🤟구운 야채 짭쪼름한데 건강 한 맛...버섯 브로콜리 사랑합니다 👏샐러드 잎채소 별로 안좋아하는데 정신없이 클리어 🖐️커피 고소하고 부...,"뜨근뜨끈한 그릴드치즈 단호박, 와인 안주로 너무 좋고 와인도 맛있고 여기에서 친구랑 시간보내기 완전 좋아요✨ 공간이 답답하지않고 개방감있어서 편안한 시간 보냈어요🌜",두번째 들른 ‘휴’~~ 💕 좋네요~^^ 뒤늦게 합류한 딸이 먹은 베이글~ 바질향 가득~ 또 먹고 싶을 맛~,카페 새로 생겼길래 가봤어요 브런치메뉴에 커피도 포함입니당 브라우니도 맛있었어요 꽤 넓구 인테리어가 멋져요,파스텔톤 인테리어가 돋보이는 넓은 공간의 카페 겸 바. 쾌적하고 널찍한 공간에서 커피와 와인을 즐기기에 최적이 었고 저녁 6시쯤에 오면 햇살 가득한 공간을 만날 수 있어 좋았어요😄 치아바타를 이용한 샌드위치를 판매해 점심 과 저녁을 먹으러 방문해도 좋고 가볍게 커피나 술을 마시기에도 적절해서 추천하고 싶은 곳!🍷,"음악도 잔잔하고, 아늑한 분위기에서 커피마시며 편하게 쉬다 갔네요:) 요즘 카페나 식당가면 테이블이나 의자가 너 무 작고 다닥다닥 붙어 있어서 괜히 신경쓰이고 불편한데, 여기는 마치 친구집에 놀러온 것 처럼 쾌적하고 큰 테이블 에 좌석 간 간격도 넓어 시끄럽지 않아서 너무 좋았어요! 소파 테이블 자리도 있어서 다음에는 친구들이랑 편...","여유 있는 공간에 넓직한 테이블, 편안한 의자~ 오늘 가오픈 했다고해요~ 왠지 대박 조짐!! 다음주 화요일 정식오픈 이라는데 분위기 정말 좋아요. 샌드위치도 맛있어 보이던데, 점심 먹고 커피마시러 간거라 오픈하면 먹어봐야겠어 요~ㅎ 저녁엔 와인바로 변신하다고해요~^^",괜찮네요 공간이 좋아요~,브런치 메뉴가 구성도 바뀌면서 계속 괜찮아 지는 것 같아서 사장님이 재료나 메뉴에 계속 신경쓰고 계시구나 생각이 들어요~ 파운드 케잌이랑 쿠키도 맛있어요! 견과류 듬뿍이네요!,"이른 오후부터 마감할때까지 편하게 마시고 놀았어요, 넓고 편한분위기에 사진도 이쁘게 잘나와서 앞으로 친구들이랑 자주 갈 수 있는 새로운 장소가 생겨서 좋네요:)",오늘 연남동 휴~ 가서 브런치 먹고 커피 마시고 수다떨다 왔어요. 아주편하고 잘먹고 잘 마시고 왔네 휴~^^,비오는날 버스정류장 앞에서 우연하게 들어갔는데 매장이 넓고 쾌적해요! 창가 자리에서 차마시면서 비멍했네요 :) 사장님이랑 직원분도 친절하셔서 잘 쉬다 갑니다.,인테리어도 멋지고 커피도 맛있어요◡̈,아주 좋네요,커피 테이크아웃 할인,,,,,,,,,,,,,,,,,,,,,,,,,,,,,,,,,,,,,,,,,,,,,,,,,,,,,,,,,,,,,,,,,,,,,,,,,,,,,,,,,,,,,,,,,,,,,,,
카페 브라마솔레,1223748463.0,"와 여기,, 연희동에 조용한 골목에 위치한 찐 맛집이네요:) 입맛까다롭고 커피맛에 예민한 셋이 가서 추가주문 3번 더 하고 왔어요ㅎㅎ메뉴 하나하나에 정성이 보이고 재료도 너무 좋은거만 쓰시는게 느껴졌어요. 가격도 착해서 조 금 더 받으셔도 될텐데 하는ㅎㅎㅎ 사진에 다 못 담았지만 올때 당근라페 샌드위치 2개까지 포장해서 왔는데 ...","커피로 힐링하는 곳, 브라마솔레는 사랑입니다 🤎 모든게 다 맛있어요~~ 분위기까지 존마탱😋",종종 혼술에 브런치하기 좋은 곳. 커피도 맛있어요. 특히 프렌치 토스트가 맛있었어요.,"여유 느끼기 너무 좋은 공간이에요~ 주말을 여기서 시작하면 하루가 너무 좋습니다! 커피, 음식 모두 좋아요!!",무더운 여름 날 쉬어가기 좋은 카페! 넘 맛있어서 깔끔히 비웠던 기억이 있네요 아메리카노도 괜찮았어요~ 음료가 다양했는데 다음에 먹으러 다시 방문하려고요,"모든 메뉴가 맛있어서 뭘 먹어야하는지 고민되는 곳! 카페답게 커피는 기본이고, 브런치가 많이 자극적이지 않아서 기분이 좋아지고 힐링되는 곳입니다 ^~^ 처음 이곳에서 에스프레소를 먹고 행복했던 기억이 떠오르네요. 모두 브라마솔레에서 행복하세요!!",유럽 가정식 브런치를 먹을 수 있어요. 그냥 흔한 카페에서 알바들이 만들어 주는 내가 만들어도 될거 같은 그런 브런치와는 차원이 다르네요. 사장님 음식 내공이 상당하신 듯..커피도 넘 맛있고 조용히 짱박혀 있기도 좋아요,음료랑 브런치플레이트 다 맛있어요!!,당근라페샌드 너무 맛있어요 먹어본 당근라페 샌드 중에 최고!! 엄청 친절하고 좋아요,네 맞아요 실은 두번째 아니고 네다섯온거같아요 ㅋㅋㅋ 그만큼 좋니다 친구와 좋은날에 와서 와인하기듀 좋고 집돌이 동생 끌고나와 맛있는 브런치 먹이기에도 좋아요~.~ 브라마솔레에서 행쇼~~,다양한 커피들과 음료 항상 너무 좋아요!! 갈때마다 3잔은 먹네요! 여기 커피는 진짜 진심이에요!!!,우선 인테리어가 따뜻하고 이국적이어서 너무 기분이 좋았어요 🥰커피가 고소하고 맛있어서 여쭤보니 직접 로스팅 한다고 하셔서 맛있는 이유가 있구나 싶었습니다 다른 카페들과는 비교가 안되게 향도 맛도 최고에요👍🏻브런치 메 뉴도 재료 하나하나 사장님의 정성이 느껴져서 기분 좋은 식사를 했어요 집에서 가까우면 매일 찾아 갔을거 ...,음료가 맛있어요,음식도 맛있는데 커피도 맛있고...계속 가게되는 곳. 하나씩 다 먹어보는 것이 목표🚩,집같은 아늑한 분위기. 맛난 식사와 커피가 있는 곳. 연희동 중심에서 벗어나 여유를 즐기고싶다면 바로 여기,커피가 정~~말 맛있어요 아아가 최애인데 여기는 아라를 무조건 커피 한 잔으로 부족합니다… 매번 두 잔은 먹고 가 는 곳 초코 음료 먹으려고 생각했다가 … 항상 커피에 지고 마는 ㅜ 그만큼 맛있는 곳 왜 저희 동네에 이런 곳 없죠  ㅠ 맛도 맛인데 분위기도 b 사장님도 짱 친절 b +모든 음료 디카페인 가능!,"인테리어가 너무 예뻐 찾아갔는데 음식이랑 커피 … 먹고 한번 더 반했어요! 멋스러운 공간에서 겨울이랑 너무 잘  어울리는 가정식 브런치까지 쉬어가기 좋은 곳이 연희동에 생겨서 너무 좋네요, 조만간 또 방문 해야겠어요!",비오는날 저녁에 갔는데 아늑한 분위기가 너무 좋아요 부담없이 와인 한 잔 곁들이기에도 좋고요 주문한거 다 너무맛있었어요,조용한 동네에 카페가 생겨서 가봤더니 브런치 메뉴도 팔더라고요. 딱 나오면 사이즈가 작아보일 수도 있는데 다 먹으면 배불러요. 맛있어서 싹싹 긁어먹음👍🏻 다른 메뉴들도 먹어보고 싶어요. 공간은 아담하니 귀엽습니다 좋아요!,커피의 맛은 기본이며 토스트는 사장님의 정성이 느껴질만큼 맛있어요 여자친구랑 함께 방문했은데 이탈리안 가정집 느낌의 인테리어도 너무 만족하네요! 연말에 재방문 예정이에요,썬드라이바질그릴토스트랑 버섯크림토스트가 아주 망납니다!! 카페 분위기도 따뜻하니 진짜 데이트하기 좋아요! 음식이 맛까지있다보니 연희동에 잘생긴 브런치집이에영,"올 때마다 기분 좋은 곳입니다! 사장님도 친절하시고 브런치 메뉴, 커피 다 맛있고 분위기도 너무 좋아요 :)",미팅차 서울 연희동에 와서 우연히골목안으로 들어왔는데 분위기 좋은 카페에 있어서 들어와봤어요 배가 고파서 토마토 커리 치킨 샤워도우라는 메뉴를 시켜보았어요 우선 사장님이너무 친절하셨구요 🫶 토마토커리치킨샤워도 우도 너무 맛있었었요 토마토베이스양념에 베어진 치킨자체도 너무 맛있었구 곁들여먹는 메쉬포테이토도 너...,지인과 얘기하러 근처 카페 검색하다 발견해서 들어왔는데 술을 좋아해서 와인응 시켰는데 가볍게 부담없이 즐기기  좋은 와인이었어요 조용하고 잔잔한 음악이 나와서 혼술하기에도 좋을 듯 사장님이 명랑하시고 친절해요,지나가다가 새로운 카페가 생겨서 들렸는데 카페가 아늑하고 사장님이 친절하셔서 혼자 오기도 좋은거 같아요! 아 그리고 아인슈페너랑 티라미슈 진짜 맛있네용!! 자주 올꺼 같은 카페 찾아서 좋아여👍🏻,"조용한 곳에 새로 생긴, 커피는 당연하고 브런치 맛에 더욱 놀라는 집! 내부 분위기도 너무 좋아서 날씨 좋은 날에는 와인도 꼭 한잔 하고싶어요!","라구 토스트, 크림 버섯 토스트, 프렌치 토스트 먹었는데 다 맛남 😋 연희동 주택가에 있는데 코지한 분위기가 너무 좋아서 저녁에는 와인한잔 하기도 좋을듯. 오픈키친이라서 요리 만드시는걸 보는 재미가 있어요!",분위기도 좋고~맛있어요 ㅎㅎㅎ 브런치도 있어서 맛있네요!,오늘 처음 방문했는데 음식이 너무 맛있었어요! 사장님도 엄청 친절하셔서 기분 좋았습니다! 재방문 의사 100%!!!!!,분위기가 아늑하고 따뜻해요..! 콘초콜라또 진짜 맛있어요 히히,,,,,,,,,,,,,,,,,,,,,,,,,,,,,,,,,,,,,,,,,,,,,,,,,,,,,,,,,,,,,,,,,,,,,,,,,,,,,,,,
니도 로스터리 연희,1631943127.0,저녁에 온 것이 억울합니다! 너무 예뻐요 ㅠㅡㅜ!! 내부 정말 선녀 그 잡채… 날개옷 어딨나요 다 먹어버릴거에요 짱짱예 사진 신나게 찍고 맛있게 먹고 갑니다- 바질소르베 정말 선녀,주차가되서 좋고 매장이 넓어좋아요 ;) 커피맛집!!,공간 좋고 아이스드립 커피와 무화과 케잌 강추♡,놀랍게도 먹느라 사진을 못찍었네요.. ㅎㅎ 가족끼리 갔는데 좋은 공간에서 시간 잘 보내고 갔습니다. 매장 앞에 주 차도 2대 가능한데 1자리 남아서 주차도 잘 했습니다🙏 커피 너무 맛있어서 또마셨어요! 사장님도 많이 친절하셨 습니다🤓🤓,진한커피를 원하시면 이곳 진한커피 향이 그윽한곳,인테리어 너무 좋고 친구랑 멍이랑 편안하게 머물다 갑니다 식물이 많아서 좋아요 다음에 또 오고 싶어요,수박쥬스 맛있네요~,화원에 와 있는듯 하네요ㅡ 원두도 섞어서 먹으니 독특하고 맛있어여! 분위기도 좋고~ 시그니쳐 라떼 맛있습니다!!  여름엔 아아죠^^,커피 음악 의자 쇼파가 편하다 :),커피 설명종이 신기했어요  커피도 맛있음😋,매장 입구부터 꽃향기가 가득하고 커피도 너무 맛있어요~  이런 분위기라면 다음엔 와인도 먹어보고 싶네요~~^^,"서대문자연사박물관 방향으로 안산 하산하고 가기 좋은 분위기 좋은 카페에요! 커피도 맛있고, 유자 마들렌도 맛있었어요🥰 그린그린 플렌테리어가 정말 예쁜 친절한 카페💚",굿,"저녁에 분위기 좋은 카페. 조각케잌을 못먹어 아쉬움이 조금 남지만,,,","자주 오는 곳이에요. 최고의 드립커피 집이라고 자부합니다ㅎㅎ커피에 진심인 이런 보석같은 곳이 연희동이 있어서 좋습니다. 니도로스터리, 앤트러사이트, 프로토콜 이렇게 연희동 신흥카페 삼대장으로 뽑고싶은데 그중에서도 드 립커피는 이곳이 최고라고 개인적으로 생각합니다. 농장이 다르다지만 같은 파나마 게이샤 워시드를 마셨는...","[지극히 개인적이지만 도움 되실] 맛 4/5, 청결 ?/5, 가격(가성비)4/5 인테리어나 분위기로만 승부하는 곳 보단 올바 른 혹은 좋은 재료로 맛을 얼마나 합리적인 가격과 청결함으로 만드느냐가 개인적인 평가의 관점이므로 도움이되길 ! (개인적인 감정은 최대한 배제하려고하기에 친절도는 마지막에 덧붙일게요) 원두가 다양하진 않으며 오늘...",좋아요,좋아요,실내 인테리어가 푸근하고 편하다  집에서 차 마시며 음악 듣는 듯한,식물들이 많고 햇빛도 잘 들어서 낮에 가면 특히나 좋구요 원두도 여러가지라서 골라 마시는 재미가 있어요 데이트 또는 노트북 사용 목적으로 추천드립니다,로스터리여서 커피가 맛있어요,"커피가 정말 맛있네요!! 핸드드립이랑 라떼 둘 다 너무 맛있었어요 같이 먹은 딸기 디저트도,,,❤️ 종종 자주 올 것 같은 곳입니다 인테리어도 아늑하고 감성 최고👍🏻👍🏻",친절해요 조용하고 분위기도 좋습니다,사람이 많지 않아 조용히 잘 마셨어요.  분위기도 괜찮아요,인테리어가 예쁘고 사장님도 친절하세요. 아이의 부탁을 들어주셔서 감사합니다. 커피는 원두맛이 조금 색달랐어요. 맛도 괜찮았습니다.,맛있어요,인테리어 예쁘고 커피 맛있어요,분위기 좋고 커피☕️ 맛도.좋네요~,맛도 좋고 인테리어도 예뻐요,조용하고 아늑함,조금 떨어진 곳에 커피 및 카페 상권이 있지만 이 부근에서 스페셜티 커피를 맛보기에 이곳만한 곳이 없다고 생각합 니다 매장도 넓고 커피외의 메뉴도 수준급으로 훌륭합니다 (특히 디저트) 스페셜티 커피 기준으로 같은 원두를 쓰는 다른 곳과 생각하면 잔당 가격이 싸다고 할 수는 없습니다 그렇지만 소규모 로스터리임에도 불구하고 늘 새로...,전체적으로 다 괜찮았음. 근데 모기가 많았다,분위기 좋아여,분위기도 조용하고 좋은 편인데 커피도 맛있네요!!  재방문 할 것 같아요!!,분위기도 좋고!! 커피가 맛있네요!!,"커피 맛있고 인테리어, 조명, 조도, 가구, 식물, 오디오, BGM!!!! 전부 대만족. 담엔가서 와인 마셔보려구요.",처음 왔으니까 대표 메뉴로,매장도 넘 갬성적이구 이뻐요! 트리도 있어서 크리스마스가기전에 오심 좋을듯요.벨로나초코시켰는데 넘 달지않고 진한 초코맛이 느껴져서 좋네요.디저트류도 이쁘고 맛나보여서 담에오면 먹어봐야겠어요,멋진 공간과 맛있는 커피네요,예쁜 조명과 식물이 가득한 카페. 커피맛도 좋고 잔잔한 분위기에서 머무르다 갈 수 있었어요,공간 자체에서 오는 생명력이 큰 곳 이 곳에 있으면 생동감있고 멋진 생각들이 많이 떠오를 것 같아요,분위기가 좋네요오~~ 커피 종류도 다양하고요,깔끔하고 예뻐요!,시원 초록초록해요,커피 원두도 다양하고 맛있네요! 분위기도 좋고 원두 추천해달라했는데 친절한 설명과 함께 추천해주셨어요~~굿,아메리카노 맛있어요. 음악소리 좀 크네요,편안하고 멋있는 공간이에요,깨끗해요,커피 맛있어요,커피 맛있어요! 사장님도 친절하세요,조용하고 좋아요,커피 정말 잘하는 곳👍,맛있..,좋음,커피 정말 맛있름... 집 앞이었으면…,굿,굿,굿,,,,,,,,,,,,,,,,,,,,,,,,,,,,,,,,,,,,,,,,,,,,,,,,,,,,
버드스틱,37463436.0,사장님 친절하시고 케이크 맛이 정말 좋아요 다이어트 때문에 이번 주는 참아야지 다짐해놓고 다시 주문했네요 ㅠ,아주 오래 전 안국 mmmg에서 판매하실 때부터 단골이예요! (사실 그러기엔 좀 뜸하게 방문하긴 하지만요 😂) 후기는 처음 쓰는데 늘 맛있고 재료도 신선하고 케이크 한 조각 크기도 꽤 커서 너무 좋아요! 이번에도 잘 먹었습니다-!,버드스틱 소중하고 귀여운 가게..! 인스타 예약 필수 골목에 눈치보면서 주차 가능해료,동네주민이여서 열려있길래 우연하게 들어갔는데 옴마마 블루베리치즈케이크 너무 맛있어서 기절합니다 더욱 번창하셨으면좋겠어요,좋아요,☺️,정말 맛있게 먹었어요 재료를 아끼지 않아 재료 본연의 맛을 만끽할 수 있고 너무 달지 않아 좋아요,케이크 맛있어요,예약해야 먹을 수 있는 집이라 번거롭지만 그럼에도 불구하고 꼭 예약하게 되는 곳입니다,케이크 맛집😋 늘 변함없이 맛있어요! 재료가 신선하고 맛도 고급져요,프레지에 넘 맛있더라고요,항상 만족하며 먹고 있어요 재료를 아끼지 않아 더 맛있는 것 같아요,"정말 맛있구 사장님이 친절하셔요…❤️❤️❤️ 재료를 아끼지 않으심,,,",맛있어요 늘 만족합니다,👍🏻👍🏻,생크림이 느끼하지 않고 달지 않으면서도 고소한 맛이있어서 자주 갑니다 ~ 추천합니다❤️,많이 달지 않고 맛있어요 버드스틱만의 케이크가 있어서 좋아요! 사장님도 정말 친절하세요!!,많이 안달고 고급진 맛이예요 사장님도 친절하세오,숨은 테이크아웃 예약 케이크 맛집이에용~😋 사장님 무지 친절하심😌,여기 케이크 집은 정말 찐 맛집이예요 :-) 케이크가 땡길때 종종 방문합니다 ㅎㅎ,케이크 넘 맛있구 사장님도 친절해요 ☺️,♡,이전하시기 전부터 꾸준히 방문하는 케이크 가게예요. 정말 마음의 안식처 같은.. 케이크가 맛있고 '신선'하다는 느낌을 항상 받습니다,"항상 친절하고, 케이크류가 맛있어요:)",친절해요~~,맛있어요! 크림이 달지않아요,"과일이 신선하고 맛있어서, 케이크 맛을 더 풍부하게 해주네요ㅎㅎ","픽업하러 갈 때 달달한 빵냄새가 너무 좋더라고요~ 크림이 잔뜩이라 사실 그렇게 단맛을 선호하지 않아 물리진 않을까 걱정했는데, 전혀 물리는 맛 아니었어요. 오히려 생각했던 것보다 담백해서 손이 더 가더라고요.",케익 크기도 맛도 재료도 최고에요!,이거 먹으려고 멀리서 갔어요 재료를 아끼지않고 듬뿍듬뿍 넣은 느낌이 좋습니다 케이크도 담백하고 맛있어요,매주 라인업이 조금씩 바뀌고 인스타그램으로 예약을 받으세요. 아 진짜 젤로 맛있음 매주 예약해서 갑니다,케잌 너무 맛있었어요 달지 않으면서 맛있는 고급스러운 맛 ❤️,사장님 진짜 이렇게 맛있기에요? 오늘도 일어나자 먹은 버드스틱케이크...,버드스틱 케이크 너무 죠아해요~<,프랑스에서 배우고 오신 느낌을 살려서 만드시는... 매일매일 메뉴가 틀려져서 뽑기운으로 갑니다,드디어 먹어보네요!!! >_< 인스타로 라인업 나오면 바로 예약하세요! 현장판매분량은 없습니다,인생 케이크❤️,남산 올라가는 중에 있는 예약주문 베이커리에요.,예약만 받으시는 테이크아웃 케이크 전문점이여요! 많이 안달고 사장님이 재료를 아끼지 않으셔서 맛있습니다,예약해야하는 번거로움 있지만 싸고 맛있는 케이크,,,,,,,,,,,,,,,,,,,,,,,,,,,,,,,,,,,,,,,,,,,,,,,,,,,,,,,,,,,,,,,,,,,,,,
카페 베이지크,1344278935.0,눈여겨 보던 곳인데 드뎌 왔네요. 항시 사람이 많아보임돠. 분위기가 매우 좋고 사진도 잘 나옵니다~커피만 찍었지 만 야외테이블에서 사람찍으면 분위기좋겠어요~커피는 맛있는데 양이 적긴하네요^^ 화장실 향기좋고 손세정제 너 무 좋아요~그런것들도 카페 이용할때 많이 인상에 남거든요~아마 카페에서 판매하는 상품일까 싶었어요. 암...,장안동 듀펠센터에서 선물용도로 구입했습니다. 부디 좋은 제품이길! 장안동 듀펠센터 베이지크 beigic https://m.bl og.naver.com/holedays/223270988623,밥먹으러 왔다가 바로 위에 있는 예쁜 카페 발견✨,☕️ 😋  연희동골목뷰~ 라떼맛있어요~♡,인테리어가 너무 예뻐요! 지나가다가 들어갔는데 좋아요☕️ 화장실도 깨끗해요:),메뉴가 다양하고 인테리어가 깔끔합니다. 친절하고 실내외 자리고 잘 마련되어있고 음료도 맛있어요!,"직원분들도 친절하고!! 음료들도 맛있어요~ 핸드워시, 핸드크림 등 화장품 샘플들 사용해 보고 구매할 수 있는데!  핸드워시, 핸드크림 좋더라구요!ㅎㅎ 핸드크림 발라도 손에서 겉돌아 암거나 잘 안쓰는데 금방 흡수되고 미끄덩 거 리지않아서 좋앗어요ㅋㅋ","인테리어도 예쁘고, 음료도 맛있었습니다 ㅎㅎ 그리고 무엇보다 좋은 비건제품을 살 수 있어서 좋았어요! 애용하게 될 것 같습니다 :)",좀 더 시원했음 하는 바람입니당,선물하기 좋은 비건 제품💝🎁,낭만,좋아요,굿,분위기 너무 좋아요. 야외테라스 너무 좋고 디져트 몇종류 안되지만 진짜 고급지고 맛있어요. 비싸지만,커피을 그렇게 안좋아해서 호주에서 살때 플랫화이트만 종종 마셨는데 여기 플랫화이트가 호주에서 먹던 맛을 떠올리게 하네요 맛있습니다 테라스도 있어서 기분전환하기도 좋네요 또 올게요!,:),커피맛이 제 스타일은 아닌거 같아요. 시원한 바람 과 뷰가 좋네요,조용하고 음료도 맛있었어요 :),우리동네 최애 카페입니다 오가다 자주 드나드는 아주 편안하고 모던한 분위기의 카페예요 베이지크 비건화장품도 직접 사용해보고 구입할 수 있어요,정말 예쁜 공간이에요 :) 핸드워시부터 피부관리 제품도 체험 가능하고 (향 너무 좋음) 음료도 깔끔하게 맛있어요 날씨 좋은날 또 가고 싶음!,10번 스템프찍면 화장품준댔는데 잘안가게됨. 그냥 무난한데 왜케 사람이 매번 많을까,굿입니다,은은한 베이지 인테리어가 돋보이는 카페. 비건화장품 브랜드 베이지크에서 런칭한 카페라서 쇼룸도 함께 하는 것 같았어요 원하는 제품을 체험해볼 수도 잇고 주문한 시그니처 메뉴와 에이드도 맛있어서 만족😁👍,커피랑 디저트가 맛있음. 특히 디저트가 커피랑 매우 잘 어울림.^^,"커피가 맛있어요, 혼자가도 좋아요^^",음료도 빵도 너무 맛있고 비건 화장품도 판매하고 있어요^^,우연히 들렀는데 참신하곶깨끗해요,스킨케어로 유명한 베이지크 브랜드에서 새로 오픈한 카페 ! 비건 커피와 티를 마시면서 제품도 경험하고 구입할 수 있어서 너무 좋네요 :) 최근 핸드크림 너무 잘 쓰고 있는데 타 브랜드 비교 했을때 넘사벽입니다. 한번 들려보세요 💛,카페가 너무 예뻐요. 화장품 브랜드에서 운영하는 샵인 것 같은데 매장 들어가면 뷰티 스파에 온 것 같은 느낌이 들고 화분도 많아서 초록초록하네요. 힐링되는 기분입니다. 야외 테라스가 넓어서 봄 가을에는 테라스에 앉아서 커피 마시면 너무 좋을 것 같아요,연희동 나왔다가 우연히 들어갔는데 분위기도 너무 좋고 커피도 맛있어요! 알고보니 비건 화장품 브랜드 “베이지크”에서 운영하는 거라고 하네요? 예전에 카톡선물로 베이지크 핸드크림 선물 받은 적 있어서 알게 됐는데 같은데서 운영하는 카페 발견하고 나니 괜히 반갑더라고요 ㅋㅋ 분위기도 아기자기하고 커피도 맛있어요!,깨끗 핻크림 굿,베이지 크림은 정직한 두유맛... 테라스쪽이 오픈되어있어서 개방감이 있는 곳.,산미가 있어서 아아보단 라떼 종류가 더 맛있음,더운날 시원하고 맛있는 에이드 마시고 갑니다~ 카페 분위기가 정말 좋네요.,"지나가다 인테리어가 예뻐서 들어왔는데, 커피도 맛있고 분위기 너무 좋네요. 매장에서 화장품도 판매하는데, 구경하다가 케이스가 예뻐서 구매했어요 ㅎㅎ 귀여운 커피콩 나무도 사은품으로 주네요~","카페 뷰가 너무 좋고 분위기도 좋아서 힐링하고 가는 기분이예요 :) 음료는 말할 것도 없이 맛있고, 너무 친절하셔서 즐거운 시간 보내다 갑니다. 베이지크 제품들을 써보고 구입도 할 수 있어서 너무 좋았어요!!!","지나가다가 외관보고 예뻐보여서 들어가봤는데, 커피마저 맛있어버림. 바닐라라떼 오트로 변경 추천 합니다!! 베이 지크 핸드크림 카톡 선물로 받은 적 있었는데 그 제품 브랜드 까페였더라구요?! 핸드워시도 테스트해보고 사왔어요 ㅎㅎ",바닐라라떼 맛있어용!,카페 시그니처 베이지크림 너무 맛있어요!! 2층에서 내려다보는 뷰도 멋지고 인테리어도 베이지 톤으로 편안한 느낌이네요,조용하게 대화하기 좋고 향이 좋은 화장품도 체험 및 구경 할 수 있었습니다,진한커피원하시면좋을것같아요,조좋아요,연희동 조용한 골목 분위기와 너무 잘 맞는 카페!! 비건 미니멀 스킨케어로 유명한 브랜드가 운영하는 카페라 그런지 심플하고 단아한 분위기가 좋아요!,인테리어가 이쁘고 분위기가 좋아요 음료는 비싸기만 해요 맛은 없어요,커피를 마시는 순간 아 바로여기야 했는데 음료 비주얼보고 헐!  심지어 맛도 있어여,"우와 분위기 깡패에요, 호기심에 들어갔는데 나만 알고싶은 장소 추가요! 사진도 잘나오고 커피도 완전 꼬숩고 진합니다 추천요!!",최근에 방문한 곳 중 가장 인상깊었던 곳이에요. 커피도 맛있고 베이지크 제품을 경험할 수도 있어요. 다음에는 테라스를 이용하고 싶어 또 방문할 예정이랍니다.,커피가 깊이있게 맛있어요,롱블랙커피 진한듯 아메리카와 비슷한듯 진한 맛 좋았고 뱅쇼도 맛났음,굿굿,커피 정말 맛있네요,굿,,,,,,,,,,,,,,,,,,,,,,,,,,,,,,,,,,,,,,,,,,,,,,,,,,,,,,,,,,
마이디어스윗,1236022613.0,산도맛집 마디스..💜 프토도 먹으러 가고싶어요.ᐟ,빼빼로데이 선물로 샀어요 예쁘고 맛있어요🥰🥰🥰,연희동에서 최애하는 디저트카페입니다! 예전부터 와이프랑 자주 다녔는데 최근에 다시 오픈하셔서 주말마다 방문 해요! 다양한 종류의 스콘과 케익이 기본적으로 다 맛있구 그 외에도 아포가토 등등 새로운 디저트들도 있어서 즐길  수 있어요! 주말에 연희동 데이트나 약속을 준비하시면 꼭 한번 들러보세요! 디저트에 어울리듯 커피도 당연...,추석맞이 스콘데이!!! 당근케이크가 빨리 솔드아웃되어서 못샀어요ㅠㅡㅠ 아숩지만 스콘 세종류 사왔습니당ㅎㅎ 스 콘 너무 좋아하는데 스콘 전문 디저트집이 있어서 너무 조아요🩷❤️🧡,"스콘데이에 오레오스콘 먹을 수 있어서 너무 좋아요,, 오레오스콘 맛있어요~!~!~","산도에이어 프토 맛집,, 위에 크림까지 너무 맛있어요!🤍",황치즈 산도 나왔을때 운좋게 갔는데 오.... 아주 진합니다,마디스!!! 진짜 산도랑 스콘 다 너무 맛있어요!! 음료 체리밀크스무디 진짜 괜찮았어요! 굿굿!,스콘과 산도가 정말 맛있어요! 인테리어와 분위기도 좋고 사장님도 친절하세요!,공릉동에 있던 마이디어스윗이 연남동으로 이전했대서 다녀왔어요.  고구마 무스가 듬쀽 올라간 산도 스콘 넘 이쁘고 촉촉해요.,두번째 방문이었고 맘모스스콘산도 먹었어요! 맛있어요! 완두앙금조아용,오픈시간 맞춰 왔는데 여유로워서 더 맛있게 잘 먹고 갑니다~,화이트 톤 인테리어에 창문이 넓어서 사진 찍기도 좋고 채광도 좋아요. 핸드메이드 소품도 팔음. 화장실이 너무 깨끗하고 향기도 좋고 르라보 핸드워시를 비치해두심ㅠㅠ 화장실 백만점.,새로 생긴 예쁜 디저트 카페가 많아도 마디스만한 곳은 없다  그리고 사장님은 메뉴천재임에 틀림없어 가까우면 맨날 가고싶다,역시 고급지고 맛있는 프토에요,모든 디저트가 맛있고 특히 산도와 스콘이 최고입니다!,너무 맛있어요 다음엔 식사안하고 브런치 메뉴 다 주문해서 먹어보려고 합니다 커피도 산도나 쓴맛이 과하지않아서  디저트와 너무 잘 어울립니다. 더 유명해져서 오래오래 맛집으로 남았으면 좋겠습니다.,산도종류가 많아서 결정하는데 고민 많이했는데 다 너무 맛있었어요~ 매장도 깨끗하고 다음에 또 방문할 예정입니다,"전부터 정말 좋아하던 디저트카페였는데, 돌아오셔서 너무너무 행복해요! 여전히 맛있고,,, 매장, 화장실도 청결하고 따뜻해요 :) 그리고 다정하신 사장님까지 완벽한 카페입니다 연희동 오시면 꼭 방문하시길💓💓",마이디어토스트 맛있어요! 맘모스산도도 너무 무겁지 않아서 좋았어요,맛있어요,스콘과 산도가 맛있고 분위기도 너무 좋아요!,바닐라치즈케이크+딸기 너무 맛있어요 .. ♡,"고구마산도, 맘모스산도 둘 다 달긴하지만 맛있어요! 토스트는 겉이 빠삭해서 식감 최고입니다","스콘, 케익 등 모든 디저트와 커피까지 완벽하게 맛있는 연희동 카페에요!",💜🍓💖 비쥬얼부터 맛있음이 느껴졌음 😋,너무 맛있어요...양도 많아서 거의 한끼식사로도 가능합니다!! 다른 것도 먹어보려고 또 가려구요,딸기메뉴 마지막 주간이라고 해서 다녀왔어요! 크림도 너무 맛있고 스콘 역시 최고예요 ♡,스콘 케익 최애맛집입니다!,디저트 너무 이쁘고 맛있어요 자주가요^^,드디어 공릉에서 연희로 오신 사장님 ♡ 당근 케이크 나온다는 소식에 5조각 쓸어왔는데.. 여전히 제 최애 맛집인 것처럼 너무 맛있었고 보라색 인테리어 너무 예뻤어요! 연희동에 계실 때 열심히 방문할게요 ♡,디저트 맛나구 공간 예뻐서 좋아요ㅋㅋㅋ,디저트가 너무 맛있어요!,연희동 디저트 맛집이에요!,계란후라이 반숙 터뜨려서 스콘 위에 야채랑 같이 올려 먹으면 맛나요! 보라색 인테리어 귀엽네요💜,연희동디저트맛집,언제나 맛있어요!!!,맛있어요,최애맛집입니다!,고급스럽고 맛있는 디저트네요,진짜 매일 먹고싶어요 …….🥺,"다시 돌아온 마디스, 여전히 너무 맛있어요",케익 스콘 모두 맛있어요,굳,믿고 먹는 마디스 언제 먹어도 대존맛,,,,,,,,,,,,,,,,,,,,,,,,,,,,,,,,,,,,,,,,,,,,,,,,,,,,,,,,,,,,,,,,,
비피엠 파이엔타르트,1941437395.0,연희동골목에 귀여운 파이집!🥧 작은카페인데 인테리어가 멋졌어용 ㅋㅋ 샤인머스켓타르트 이름만 샤인 아니라 ㄹ ㅇ 샤인머스켓쓰십니다. 왕 강추.이거 밑에 타르트시트도 적당히 단단하면서 바삭해서 맛있더라구요! 의자가 그냥 나무의자라 불편해서 테이크 아웃했는데 따로 포크는 안주셨습니다 ㅠ 1개 사면 안주시는걸까효..? 그래도 ...,인스타 공지보고 놀러왔는데 직접 디제잉해주시는 음악 들으면서 여유롭게 커피 한잔하니까 저에게 는 벽이 느껴졌어요.. 날씨 완벽!! 파이 완벽! 사장님도 완벽!!!!,타르트 맛있어요😌🍰 커피도 산미 없어서 좋아요!!!☕️ 자몽이랑 녹차 먹었는데 둘다 굿 크기는 작아용 ㅜㅜ 담에 는 초코 먹어볼거에요,사장님 너무 친절하시고 매장이 너무 이뻐요. 구석구석 이쁜포인트가 많은 공간인데 파이가 너무 맛있어요.. 파이종류가 너무 많아서 고민이 길어지지만 다 맛있으니까 다들 하루에 하나파이 하세요...,금호아트홀 연세로 공연을 보러 가기 전에 가볼 만한 카페를 찾다가 해당 카페를 발견하고 방문하게 되었어요✨️👀 가만히 생각해보니 카페에 가서 파이나 타르트 종류의 디저트를 주문한 기억이 거의 없더라구요🙊🙊 때문에 설렘 가득한 채로 파이와 타르트 주문을 하고 맛보게 되었습니다 :) 이제껏 자극적인 여러 디저트에 익숙해져 있었...,"아버님과 아들분께서 운영하는 아담하지만 힙한공간입니다. 파이 종류도 다양하고 1pcs당 가격도 요즘 물가대비 저렴한편입니다. 체리, 사과, 초콜릿 이렇게 세 종류를 포장해서 먹었는데 신선한 재료와 적당히 단 맛이 기분좋았습니다.","커피 맛있고 타르트도 맛나요! 타르트 가격이 저렴해서 매우 좋아요! 다른 곳은 너무 비싸서 여러 개 사 먹기가 망설여지는데, 여기는 가격이 굉장히 합리적인 것 같아요! 내부 인테리어도 아기자기하고 아주 예뻐요. 슬램덩크 전권도 비치되어 있어요! (호감 ㅎㅎ) 사장님도 친절하셔서 친구들과 좋은 시간 보내고 왔어용! 😊",많은 종류의 타르트가 있었는데 헐! 가격이 너무 저렴해서 놀랐네요. 타르트 너무 이뻐서  먹기 아까웠음.커피와 잘 먹었습니다!,바나나크럼블 샤인머스켓 사진엔 없지만 무화과.... 그리고 딸기라떼까지! 진짜 맛있어요:-) 달지않고 음료와 함께하 기에 정말 맛있는 타르트 였어요❤️ 사장님도 너무 친절하시고 편안하게 잘 머무르다갑니다🥳 맛있게 잘먹고갑니 다!,"연희동에 생긴 파이, 타르트 맛집 & 선곡 맛집이에요💗💗 거의 모든 메뉴를 먹어보고ㅋㅋ! 이제야 리뷰 올립니당 🥹 과일타르트에 있는 크림치즈가 적당히 달아서 과일맛을 잘 받춰줘요. 너무 단 디저트는 잘 못 먹는데, 비피엠 타 르트는 물리지 않아서 끝까지 맛있게 먹었어요 ㅠㅠ 피칸 파이에 있는 은은한 시나몬 향도 좋고, 사과 파이는 ...","사장님 너무 친절하고 좋으세요. 매일 선곡하시는 음악 리스트도 좋고, 파이가격도 완전 가성비 좋은 가게 인것 같아 요 고퀄은 아니지만, 이정도 가격에 신선한 재료맛을 느끼는 파이라면 완전 괜찮다고 생각합니다 ~ 동네 빵집이 다 정함이 느껴지는 좋은 곳이에요","연희동 타르트 전문 카페 비피엠 파이앤타르트. 자그마한 매장 안, 펍 느낌으로 꾸민 소품들이 돋보인 공간이었어요  비피엠에선 과일이 들어간 파이나 초코, 치즈 등의 타르트를 만나볼 수 있었는데 베이직한 맛에 깔끔한 스타일이라 서 커피와 잘 어울렸어요 그 중에서도 가장 만족스러운 건 가격! 커피나 타르트 모두 가격이 착해서 너무 좋았...","파이가 가격대비 믿기지 않을 정도로 정성스럽고 이쁘고 맛있습니다. 사장님께서도 정말 친절하시고 보관법까지 꼼 꼼이 챙겨주셔서 참 오랜만에 주문서부터 행사 후 까지도 만족 그 이상입니다. 덕분에 미팅 잘 마쳤고 모두가 좋아하 셨습니다! 다시한번 사장님께 감사인사 드리고싶고 제가 후기 정말 잘 안남기는데, 저만 알고싶지만 공유 해...",친구 추천으로 먹어보다가 드디어 와봤는데 카페가 조용하고 좋아요!! 사장님 친절하시고 무엇보다 타르트가 다 맛있다는-! 이거 다 먹어봐야하니까 또 와야할 이유가 생겼어요😆,굿 가격도 합리적이에요,"집 근처 살아서 공사할 때부터 지나다니면서 봤는데 오늘 드디어 방문했습니다! 굉장히 힙하면서도 어딘지 아늑함 이 느껴지는 인테리어였습니다. 잔잔한 음악이 상당히 취향이어서 다음에는 매장에서 먹어도 좋을 것 같아요~ 타르 트는 종류별로 다 먹어싶을 만큼 맛있어 보였는데, 저는 치즈랑 레몬 타르트 포장했습니다. 이제껏 이가 깨질...",파이가 크기도 적당하고 많이 달지 않아서 좋아요. 요즘 디저트들 처럼 화려하진 않지만 기본에 아주 충실하면서 엄청 맛은 있는 그런 파이에요. 가격대비 너무 고퀄아닌가요? 매장에서 먹고 맛있어서 몇개 더 포장해왔네요. 모든 파이를 먹어보러 가야 겠어요👍,연희동에 새로 생긴 파이집 파이집을 오랜만에 봐서 너무 기대했는데 생각한만큼 너무 맛있어요!! 사장님도 친절하 시고 가격도 저렴해서 진짜 자주먹게되는것같아요 청포도랑 호두파이 원픽! 🤩,최고의 파이&타르트^_^*,오늘은 포장해와서 집에서 먹었어요!! 갈때마다 다 맛있어보여서 고르는게 힘들지만.. 고구마랑 초코는 처음이라 픽했고 과일타르트 늘 맛있으니 헤헤 .^^. (딸기가 더 맛있오졌네용?!!) 오늘두 달달한 디저트먹으니까 기분이가 조아요😇,"레몬이랑 고구마 타르트 출시했다고 해서 잽싸게 또 왔어요! 1. 레몬 타르트 다른 곳에서는 겉만 레몬 시럽으로 칠 한 빵을 먹는 느낌이었다면, 비피엠의 레몬 타르트는 진짜 레몬을 와구와구 먹는 느낌이에요!! 끝내줘유 2. 고구마 타르트 식사를 대체할 수 있을 정도로 든든한 느낌이 들면서도 달콤함과 담백함이 잘 섞인 맛입니다. 혼자 다 ...",동네에 힙한 곳이 생겼길래 이끌리듯 들어왔어요ㅎㅎ!! 인테리어도 감성있고 힙해서 사진도 잘나오구 저희는 과일타르트 먹었는데 존맛ㅜ 아직 가오픈이라묜서 서비스도 주시고ㅜ사장님이 너무 친절보스셔요.. 다음에 또 올게요!🤍👍🏻,"눈여겨 봐 뒀다가 가오픈 하자마자 왔습니다! 음악 선곡도 너무 좋고, 무엇보다도 디저트가 진짜 미쳤어요!! 다이 어트 중인데 폭주해서 4개나 먹었습니다.. 공간도 매력적이고 사장님 맛있고 파이와 타르트가 친절해요!",연희동에 이런 힙한 파이집이 생겼다니!! 파이 종류도 많고 가성비 너무 좋은 곳이에요 : ) 파이 크기도 먹기 적당하고 너무 달지않아 커피랑 함께 먹으니 딱이었어요🤤 인테리어도 넘 감성적🌈 번창하세용!,"아니 사장님 이렇게 팔아서 남는게 있나요… 진짜 파이, 커피, 레몬에이드 다 너무 댕맛입니다 ㅠㅠ 가격이 너무 저 렴한데 맛은 또 이렇게 고퀄일 일이냐구요… 단골 예약할게요.. 🥹 적게 일하고 많이 버세요!!! 레몬에이드, 아아, 치 즈타르트, 초코타르트, 딸기타르트 강추합니다!!!! +너무 맛있어서 매장에서 먹고 테이크아웃까지,, 분위기도 ...","수제 파이 정말 너무 맛있었고 신선한 재료로 정성들여 만드신게 너무 느껴졌어요!  가게도 너무 예쁘고 사장님도 친절하시고 좋은노래, 좋은공간 모든것이 너무 좋았습니다 또 가고싶은 곳입니다!","동네에서 카페를 자주 다니는 편인데, 새로 생긴 타르트집이 있어서 첫방문 했습니당! 커피는 산미적고 깔끔하게 고소한 제가 딱! 좋아하는 맛이고 타르트는 먹고 두개 더 포장해서 갔어요 너무 달지도 않고 디저트 잘 안먹는 저도 사부작 사부작 긁어 먹었어용 음악도넘 좋고 혼자오기에도 넘 좋네용 연희 타르트 맛집 임ㄴ다 🤭💗","파이랑 커피 가격도 저렴하고 짱 맛있어요✨ 사장님도 매우 친절하셔요,, 번창하세요❤️",사장님께서 직접 만드신 정성스러운 수제 파이와 타르트. 정말 맛있습니다. 매장 분위기도 좋아요! 집 근처면 매일 갈 것 같아요👍,가게 인테리어가 너무 깔끔하게 예쁘고 음악선곡도 좋았고 사장님이 친절하세요~ 딸기타르트랑 치즈타르트 주문했 어요. 느끼하지 않게 너무 맛있어서 타르트 2개 다 먹는동안 물리지 않고 깔끔하게 먹을 수 있어요! 타르트 맛집이라  재방문하겠습니다~!,피칸 계속 생각나서 방문했을 때 한판 오롯이 사왔는데.. 천천히 먹어야하지 하는 순간 이틀내로 먹어버렸습니다;  회사에서도 간단하게 간식으로도 먹고.. 아침밥으로 먹고.. 바쁜 현대사회.. 뭐라도 챙겨먹어야지 할 때 먹으니 또 좋더라고요..,계속 생각 나는 맛!! 먹어도 먹어도 안 질리는 맛!! ❤❤,타르트 파이 종류가 많고 저렴해요,비오는 날에 가족모임으로 포장하러 방문! 비오는 날의 비피엠 분위기 너무 좋던데요.. 담번에는 비오는 날에 꼭 한번 가야겠어요!!,연희동 근본 파이집 .. 카페도 따닷하니 감성 오만점. 예뿌면서 파이맛은 걍 미쳤꼬 음료도 마싯고 .. 집만 가까우면  맨날 가고픈 카훼 .. 🥺🤍 친절한 사장님과 맛있는 디저트 최고 ;;; 🤍,파이가 느끼하지 않고 너무 맛있다❣ 과일도 신선하고 재료에 좀 신경 쓰신것같어요. 카페내부는 깔끔하고 센스있게 꾸며져있어서 분위기 짱!! 앞으로 자주 방문 할것같아요~,파이종류가 다양하고 맛있어요🤍✨ 사장님이 친절하고 분위기가 좋습니다~ 앉아서 먹는 내내 포장하러 오시는분 들도 많았어요:) 자주 방문하겠습니다🫶🏾,맛있게먹고 포장도하고 단골이에요,"타르트에 딸기가 너무 많아서 진짜 맛있었어요!!홀타르트 한판 주문했는데 친절하고 가격도 착함 ㅠㅠ 새로 생긴 가게구, 깔끔하고 포장 예쁘게 해주셨어요. 가게 앞 사진도 맛집",여러가지 먹었는데 사진은 이것뿐ㅠㅠ.. 날도 너무 좋고 파이도 맛있고 좋은 사람들이랑 맛있게 먹었습니다~~,타르트 정말 맛있어요 😍 가게 인테리어도 너무 이쁘고 사장님도 정망 너무 친절하시네요 !! 너무 맛있어서 지인 선 물용으로 홀 사이즈 하나 포장해가요 👍🏻👍🏻,🥮🍴💗,"인테리어가 너무 예쁘고 사장님 음악 선곡 센스가 좋아요,,,👍🏻 파이가 너무 맛있어서 다 먹고 맛별로 포장까지 했어요🤗",맛있는 건 기본이고... 사장님 좋으시고.. 인테리어 예뻐서 사진 잘나오고.. 멋진거 다하는 곳이었습니다..,오픈하자마자 꾸준히 방문하게 되는 파이집.. 누구든 쉽고 맛있게 먹을 수 있는 파이도 좋은데 사장님 넘 친절하십니다..,지인에게 작은 선물로 구매하였습니다! 너무 맛있었대요 ! 또 먹으러 갈게요~,한판으로 포장해서 파티하기 좋아요,맛있네요~~,크.. 역시 오늘도 맛있는게 너무 많아서 홀세판사갑니다😎👍,Bpm 타르트 정말 맛있습니다!,사장님이 친절하고 파이가 맛있어요 인테리어 죽이네요,수제파이라 그런지 너무 맛있고 인테리어도 너무 이뻐요!,혼자 연희동 카페투어 왔다가 우연히 들린곳인데  커피랑 디저트 둘다 가격도 좋았고 무엇보다 수제 파이 맛이 엄청 좋아요!!! 노래도 분위기있게 같이 즐길 수 있어서 좋았습니당☺️👍👍,언제와도 행복해지는..,엄청 친절하시고 커피랑 파이도 너무 맛있어요,골목에 이런 힙한곳이 있는줄 몰랐네요 우연히 지나가다가 들렸는데 너무 맛있고 편하게 시간 보내다 갑니다🙂,포장해서 친구들이랑 맛있게 잘먹었습니다,커피는 그닥인데 타르트 맛있어용,파이랑 커피랑 너무 맛있어요! 매장도 너무 예뻐요ㅠㅠ 🪴👍🏻👍🏻,집 주변에 맛있는 파이집이 생겨서 너무 좋아요 자주 이용할거 같아요~!,두번째방문... 단골이 되어갑니다..,엄청 힙한 사장님과 힙한 매장에서 맛도리 타르트를 팔아요💛🤍,커피는 소소이지만 파이 다 맛있고 가성비 갑갑 여러개 사서 냉장고에 넣어놓고 종류별로 다 즐겼네요. 행복했습니당 근처에 간다면 다음에 또 갈게요. 사장님 짱짱친절,말차 거의 제주도,사장님이 친절해요~,맨날 오게 되네요,새로생겼길래 가봤어요 타르트가 많이 달지 않고 딱 좋네요 👍 음악도 좋고 인테리어도 나이스 한것같아요,또피엠...,애플파이 존맛탱,연희동 최고의 파이집,주현아 너가하는 타르트집은 녹아든다. 개맛있어...,신메뉴 굿,파이 진짜 맛있습니다,,,,,,,,,,,,,,,,,,,,,,,,,,,,,,,,,,,,,
오트,1168033720.0,"베이컨 에그베네딕트, 무화과콩포트 프렌치토스트 그리고 감자스프 시켜 먹었어요🥞🥓🫕 브런치하기 좋은 곳 같 아요! 인테리어가 깔끔하고 포근했고 딱 방문했을 때 비가 오고 있어서 창문 쪽에서 맛있게 먹으면서 바깥 구경하기  좋았어요. 프렌치토스트는 무화과콩포트랑 같이 먹을 수 있어서 맛있었고, 예상 외로 감자스프가 특히 마음에...",친절하고 음식도 맛있어요 :) 생각보다 자리가 많고 신선한재료로 나와서 좋아요 커피도 맛나서 원래 식사하면 커피  다 못 마시는데 싹 비운듯해요,엔쵸비 오일 파스타랑 훈제연어 에그 베네딕트 먹어봤는데 둘 조합이 끝내줍니다!! 파스타가 많이 느끼한 편은 아니라 느끼한거 좋아하지않는 분도 맛있게 드실 것 같아요! 오일이라 느끼하다고 생각하실 수 있는데 엔쵸비가 우러난 기름맛이기 때문에 많이 안느끼해요!!,연어 에그베네딕트랑 부라타치즈샐러드 시켰는데 연어가 엄청 큼지막해서 좋았던 것 같아용 그리고 부라타치즈도 진짜 커서 풍부한 치즈맛 느낄 수 있어서 좋았던 것 같구용 재료도 다 신선하니 좋았네용 :),여기서 버섯크림파스타 진자 맛있었어요! 원래 엔쵸비 오일? 이거랑 엄청 고민했는데 크림든 파스타 먹고 싶어서 이 걸로 했네요 다음에는 오일파스타도 먹어보고 싶어요 매장이 커서 웨이팅 없이 바로 먹을 수 있어서 시간낭비 안하 고 굳이네요,이게 사장님께 들어보니까 직접 만드시는 패스츄리라고 하더라고요!! 그래서 그런지 갓 나온 것처럼 엄청 바삭바삭하고 맛있었어요!! 버터의 진한 맛도 같이 느껴지니 더 맛있게 먹은 것 같네요 플레이팅도 너무 예뻤어요!!,브런치카페 알아보다가 여기가 웨이팅이 없다고 해서 한번 가봤어요! 혹시 몰라서 기다릴거 생각하고 가긴 했는데 전혀 아니었네요 바로 들어갔어요 ㅎㅎ 가기 전에 리뷰 찾아보니까 버섯 크림 파스타 맛있다고 해서 시켜봤어요 리뷰는 거짓말 안하네요 ㅎㅎ 맛있었어요,친구 오랜만에 만나서 브런치 먹으러 갔는데 여기 근처에 브런치 카페가 꽤 많더라고요 그 중에서 여기가 제일 인테리어가 맘에 들어서 왔는데 음식까지 이렇게 맛있을 수가 없네요ㅠㅠ 너무 맛있었어요!!! 포르치니 버섯크림 파스타 존맛탱 ㅎㅎ,재료가 진짜 알차요! 뭔가 미국에서 브런치 먹는 느낌으로다가 재료가있어서 그런지 한국 아닌줄 ㅎㅋㅎㅋ 재료에도 간이 잘 되어있어서 밍숭하지 않게 먹을 수있었고 특히 여긴 계란을 진짜 잘하나봐요!! 계란이 정말 부들부들 맛있었어요 :),안이 엄청 넓어서 기다리지 않고 바로 들어갈 수 있었어용 ㅎㅎ 운이좋았나? 들어가서 자리에 앉아서 바로 먹어보고 싶었던 메뉴 시키고 기다리는데 음식도 엄청 빨리 나온 것 같았어용 포르치니 버섯 크림 파스타가 그렇게 맛있다고  해서 시켜본건데 양념이 정말 맛있어요! 버섯도 많이 들어가있어서 식감도 좋았고 면도 쫄깃하니 단단해서 좋...,제주 사는 친구가 서울 놀러 왔는데 또 가고 싶다고 해서 재 방문했어요!! 저는 가끔 가지만 지난번보다 매장이 더 이뻐진 거 같아서 사진 많이 찍고 왔습니다. 조명이 너무 이쁜 거 같아요! 음식은 말모 구요 가까우면 매일 가고 싶네요.🥲🥲💖💖,음식맛있고 매장이쁘고 직원친절하고 커피도맛있고 깨끗하고 다 좋은데 음식을 꼭 시켜야만 하는지 몰랐고(시킬생 각있긴했지만) 2시간 제한시간 있는지 몰랐고 가격이 그렇게 비싼지 몰랐고 브런치커피 세트가 없는지 몰랐고..^^;;; ; 여러모로 장단점 확실한 카페. 한번 가볼만 했으나 시간제한 있는 면에서 맘이 불안해서 재방문 힘들것같아...,남자친구랑 공부하기 전에 그냥 간단하게 먹으려고 들어갔는데 파스타에 눈이 꽃혀서 바로 시킴 엔쵸비 오일 파스타인데 오일맛이 많이 느껴져서 너무 좋았음 남자친구는 많이 먹다보면 느끼하다고는 하는데 솔직히 느끼한거 잘 먹는 나는 잘 모르겠음,선택한 메뉴들 다 맛있었어요! 앤쵸비 오일 파스타 강추!,들어가자마자 매장이 커서 놀랐어요 그래서 그런지 기다리지 않아도 바로 들어갈 수 있더라고요 브런치카페같은 경 우에는 점심시간에 손님들이 몰릴 수 있는데 여기는 손님이 많아서 좌석이 많기 때문에 금방 앉을 수 있었어요 먼저 감자스프 시켜놓고 먹고 있는데 메인으로 먹을 연어 에그 베네딕트 나오더라고요 연어도 많이 들어있고 수란...,엄마랑 오랜만에 오붓하게 점심에 브런치 먹으러 나왔어요! 근처에 브런치 가게 괜찮은 곳 있다고 친구한테 추천받 아서 갔는데 인테리어도 괜찮고 사람도 꽤 많아서 맛집이겠구나 생각했어요 ㅋㅋ 오믈렛이랑 브랙퍼스트 세트로 있 는 메뉴로 시켰는데 오믈렛 완전 부들부들하고 빵이랑 같이 먹으니까 딱 정석인 브런치 먹는 것 같았어요 야...,오랜만에 한식말구 다른게 생각나서 가봤는데 양이 몹시 많아요!!원래 대식가라서 잘 안남기는데 요번엔 조금 남겨버렸네요!!오믈렛이 맛있었고 같이 올려주신 빵도 아주 맛있었어요.엔쵸비파스타가 제입엔 조금 짜더라구요!!,"연희동 방문하여 궁금해서 들러본 브런치카페. 브런치 중심의 메뉴는 다 맛있어 보였고, 주문했던 아보카드 샌드위치는 샐러드, 빵, 아보카도의 양 모두 마음에 들었다. 근처에 산다면 애용하는 브런치 카페가 되었을 듯.",엔쵸비 향이 확 나는 파스타!! 오일파스타인데 간이 적당히 짭쪼름하고 향이 너무 좋았습니당 히히 매장도 크고 넓고 약간 카페보단 식당같은 느낌이였는데 먹기에는 너무 편하고 좋았어요(요즘 감성 카페 가면 의자도 낮고 테이블도 낮은데 여기는 분위기도 감성적이면서 편의성까지 갖춘 아주 굳굳인 카페인 것 같아요),매장이 넓다보니까 다같이 오신 손님들이 많았어요! 저희는 웨이팅 생각하고 간 곳인데 웬걸? 웨이팅 없이 바로 들어갔지요~~히히 베이컨 에그 베네딕트라는 메뉴를 먹어보았는데 베이컨과 빵이 한데 어우러져서 고소하고 짭짤한 맛을 내는데 거기다 커피 한 모금까지 마셔주면 정말 완벽했어요 ㅎㅎㅎ,간단하게만 먹으러 온 곳인데 모든 메뉴들이 다 맛있어 보였어요 ㅠㅠ 고르느라 힘들었는데 그 중에 인기 메뉴인 것 같은 트러플 치킨 애플카도 토스트 먹었어요 위에 아보카도랑 사과랑 아래는 치킨샐러드가 있었는데 세 가지 재료들이 잘 어울렸어요!! 맛있었습니다!!,찐으로 맛있어서 다시 방문 🕺🏻 저번에 꽂힌 포르치니 버섯 크림 파스타를 시키고 안먹어본 훈제연어 에그 베네딕트 랑 치즈오믈렛 블랙퍼스트를 시켰다. 치즈오믈렛~ 요아이가 간이 딱좋고 부드럽고 당근+버섯+토마토+베이컨의 조 합이 꿀이다. 훈제 연어 에그 베네딕트도 같이 나오는 소스랑 수란의 조합이 훌륭 👍🏻 여기 셰프님은 간잽이인...,여기 포르치니 버섯 크림 파스타 너무 맛있어요! 버섯 싫어하는 분들도 맛있게 먹을 수 있을 맛이에요! 그냥 양념이 진짜 맛있었어요! 버섯도 많이 들어가있고 면도 딱 적당하게 한국인이 좋아하는 면으로 익었네요 ㅎㅎ,"브런치카페! 매장 외관이 마음에 들어서 방문했는데 레스토랑이어서 신기했어요 ㅎㅎ :) 한 3시쯤 방문하니 손님이 없다가 점점 차더라고요. 레스토랑이라고 설명하시는데 그만큼 직원분도 에티튜드 갖춰서 해주시니까 납득되고 좋 았습니다. 음료만 마시러 왔었는데 대접하고 싶은 분 모시고 와도 좋을 것 같다는 생각이 드네요! 아, 음식을 ...","🍝 엔쵸비 오일 파스타 매콤한 고추맛이 나서 생각보다 느끼하지 않고 깔끔하게 뒷맛을 잡아줘서 물리지 않았어요 루꼴라도 적절한 양으로 있어서 파스타와 함께 먹기 좋았고 엔쵸비의 풍미가 살아있어 맛있었어요! 🍞무화과 콩포 트 프렌치 토스트 무화과를 워낙 좋아해서 주문한 메뉴인데, 말린 무화과가 올라가서 좀 아쉬웠어요 무화과 ...",무화가 콩포트 프렌치토스트 진짜 맛있어요! 패스츄리 빵이라 질기지 않고 엄청 바삭바삭하네요!! 제가 연희동 근처에 브런치카페 많이 가봤는데 여기가 최애 맛집이에요!! ㅎㅎ,"일요일 느지막이 여유롭고 맛있게 브런치 먹고왔습니다 ☺️ 버섯 크림 파스타 간이 조금 센 편인데, 베이컨 에그베네딕트랑 함께 먹으니 딱 좋았습니다! 👍✨",여기는 브런치카페가 아니라 양식집을 해도 잘 되었을거에요! 무슨 파스타가 일반 파스타집보다 더 맛있는 것 같아요 ㅋㅋ 포르치니 버섯 크림 파스타 먹었는데 소스가 이건 사기에요!! 버섯도 맛있고요 ㅋㅋ,포르치니 그물버섯 크림 파스타 먹었는데 버섯 맛이 은근 세서 좋았어요! 버섯 좋아하시는 분들은 드셔보셔도 괜찮을 것 같아요 다만 진한 버섯맛 싫어하시는 분들은 불호가 있을 수도 있을 것 같아요! 저는 괜찮았는데 이건 참고만 하세요!!,맛있게 잘 먹었어요~ 지인 소개로 와본 곳인데 지인한테 고맙다고 했네요 덕분에 맛있는 브런치 먹었다고요 ㅎㅎ 여기 자주 올 것 같아요 집이랑도 가깝고 매장도 넓고 좋아요,연어 에그 베네딕트 진짜 맛있어요.. 위에 올라가있는 수란도 진짜 부드럽고 연어조차도 부드러워서 거짓말 안치고 이빨 없어도 그냥 먹을 수 있어요 ㅋㅋ 그만큼 부드럽다는 뜻! 맛있게 잘 먹었어요👍🏻💛,처음에는 음식 먹을 생각 없이 아아만 시켰다가 주변에서 시키는 음식들이 너무 다 맛있어보여서 저희도 한번 시켜봤어요!! 엔쵸비 오일 파스타 시켜봤는데 완전 처음 먹어보는 파스타맛이었어요!! 엔쵸비라는 재료를 처음 먹어보는 것 같았는데 완전 제 스타일이네요,분위기 좋아요 :) 가격은 비싸요 !,주말 오전에 방문해서 붐비지 않았고 맛있는 식사를 즐길 수 있었어요. 가격대가 저렴한건 아니지만 주문한 음식 모두 균형있게 조화로운 맛이었고 인테리어도 마음에 드네요!,훈제연어 아보카도 샐러드 먹었는데 훈제 연어 진짜 부드럽고 맛있었어요! 딱 적당하게 훈제로 만드셔서 더 맛있었던 것 같네요 ㅋㅋ,기다리지 않고 바로 들어가서 다행이었어요 밖에 너무 추웠는데 웨이팅이 없는건 정말 메리트가 있어요! 역시 처음 왔을 때랑 맛이 똑같네요~ 한결같은 오트라서 좋아요~,사장님께서 플레이팅에 엄청 신경을많이 쓰시는 것 같아요 너무 이뻐서 아까워서 못 먹겠어요 ㅋㅋ 진짜 양도 딱 적당해서 브런치로 너무 딱이에요! 맛있게 먹었네요,"애인이 브런치를 참 좋아하는데 그 중에서도 여기 오트를 제일 좋아해요. 분위기가 포근하면서도 세련됐는데, 무엇보다 연어랑 수란이 맛있어서 얘네가 들어간 메뉴들을 도장깨기 하고 있어요ㅎ 쾌적하니 여유롭게 식사하기 좋아서 저도 좋아하는 곳이기도 하구요. 연희동에서 데이트나 모임하실 때 추천합니다! 건강하고 맛있는 데이트 되세요:)",근처 지나가는데 냄새에 홀려서 들어갔어요 ㅋㅋ 너무 맛있는 냄새가 나서 갔는데 메뉴들이 다 넘 맛있어 보였어요 ㅠㅠ 고르는데 한참 걸려서 겨우 주문해서 먹었는데 와.. 파스타도 꾸덕하니 맛있었고 소스도 진해서 맛있네요!!,이번에는 전에 왔을 때랑 다른 메뉴로 시켜봤어요 저번에 먹어보고싶은거 기억했다가 시킨건데 다 성공적이였네요 ㅎㅎ 포르치니 버섯 크림 파스타 제 스타일이었어요! 버섯도 부드럽고 맛있었네요,가게 분위기가 꽤 맘에 들었던 곳임 음식도 되게 많고 음료도 되게 많았음 그 중에 추천메뉴 받아서 시켜봤는데 역시  추천메뉴라 그런지 맛없는 음식이 없었음 추천,오랜만에 남편이랑 쉬는 날이라 밖에서 브런치 먹고 싶어서 나갔는데 마침 근처에 맛있는 브런치집 있다고 들어서 가본 곳이였어요!! 역시 소문난 집은 이유가 다 있어요! 인테리어도 좋고 매장도 넓어서 좋았구 그래서 웨이팅이 없 었어요!! 자리에 앉아서 메뉴 보는데 맛있어 보이는 메뉴들이 많더라고요.. 남편이랑 먹고싶은거 하나씩 골라...,트러플치킨토스트 버섯크림파스타 다 맛있어요🩷🩷 재료가 다 싱싱해서 좋아요. 파스타가 살짝 짜긴하지만 먹을만합니다! 또 방문하고싶은 곳!,우선 딱 들어갔을 때 넓은 매장이 눈에 확 띄었어요 층고도 꽤 높은 편이여서 쾌적한 느낌이 들더라고요 제가 딱 좋아하는 분위기의 카페였네요,감성적인 브런치카페 같아요!! 음식들도 다 퀄리티도 좋았고 맛도 좋았네요! 저는 특히 베이컨 에그 베네딕트가 제일 맛있었어요!!,여기가 인테리어나 뷰도 너무 이쁘고 음식까지 너무너무 맛있어서 제가 제일 좋아하는 브런치카페가 되어버렸어유 히히,파스타가 간이 살짝 쎄다고 느꼈지만 전체적으로 맛있게 잘 먹었습니당! 분위기도 너무 좋았어용 >_<,엄청 맛있었어용! 웨이팅 안해도 될 정도의 큰 매장이었고 손님도 많았어요! 맛집인걸 딱 알았죠 ㅎㅎ 계란도 엄청 부드러웠고 파스타도 너무 맛있었어용 크리미한 소스라서 꿀떡꿀떡 잘 넘어갔네용,베이컨을 워낙 좋아해서 베이컨 들어가는건 거의 다 시킨 것 같아요 ㅋㅋ 베이컨 에그베네딕트부터 나와서 먹었는데 완전 맛있었어요! 계란도 살살녹고 베이컨도 짭짤하니 맛있었네요 굳굳 ^^,진짜 맛있긴한데 먹다보면 느끼해서 피클이 너무 간절해져요!!그래도 간만에 예쁜 브런치 먹어서 좋았어요!!,연희동 갔다가 발견한 브런치 맛집!! 당장 들어가~~!! 수많은 메뉴 중에 제 눈에 먼저 띄었던 베이컨 에그 베네딕트 바로 시켜~~!! 진짜 부드럽고 맛있는 에그에 짭쪼름한 베이컨까지 진짜 환상의 궁합이었음… 여기 진심 추천!!,엔쵸비 오일 파스타 짭짤하면서 맛있어요!! 올리브오일맛도 많이 느껴졌구 엔쵸비가 짭조름한 맛을 내주어서 좋았어요💛👍🏻🧡👍🏻,통창이 있는 밝은 분위기 무엇보다 음식이 맛있어서 만족 100퍼임. 베이컨에그베네딕트와 오믈렛 주문했는데 풍성한 밋이었어요.,두 번째 갈 정도로 엄청 맛있었던게 기억이 나요 ㅎㅎ 진짜 맛있게 먹고 갔네용 내부도 깔끔했고 많이 넓어서 단체로 와도 괜찮을 것 같고 일단 웨이팅이 없었어요!!,버섯 파스타 존맛탱.. 크림에 버섯 맛이 싸악 스며들었는데 파스타면에도 소스가 가득 묻어있고 꾸덕하니 대박박 맛있어요!!! 버섯만 더 추가해서 먹고 싶을 정도였어요…,분위기도 좋고 사장님도 친절해서 좋았어욧!,연어 에그베니딕트가 시그니처 같아서 먹어봤어요! 양도 괜찮았고 연어도 신선해서 맛있게 먹었네요 계란도 고소하니 은근 연어랑 잘 어울리네요 ㅎㅎ  웨이팅 없이 바로 들어갈 수 있는 점도 괜찮았어요 ㅎㅎ,자리가 꽤 넓어서 웨이팅 없이 들어갈 수 있어용 되게 엔틱한 분위기가 나서 우아하게 브런치 먹을 수 있는 곳 같아용 재료들도 다 넘 신선했고 맛도 맛있었어용 잘 먹었습니당,연희동 브런치 최애맛집❤️ 버섯 파스타는 언제 먹어도 참 맛있어요🍝 친절하고 가게 분위기도 좋아요 🍀,맛있는 에그 베네딕트 먹고 갑니다 ~,"친구가 가자고 해서 우연치 않게 갔는데, 맨날 지나가기만 했지 매장이 이렇게 큰지 몰랐던 곳! 맛도 좋고, 분위기도  좋고, 예뻤던 브런치 카페🌟 또 와야징! 🥙",여기서 제일 유명해 보이는 베이컨 에그 베네딕트랑 포르치니 버섯크림파스타 시켰어요! 은근 둘이 잘 어울리더라고요 특히저는 버섯크림파스타 정말 맛있게 먹었어요 ㅎㅎ,혼자 간단하게 브런치 먹으러 왔는데 예약 안해도 되고 홀이 넓어서 그런지 자리가 많았어요!! 손님이 없는 편은 아니였는데 앉을 자리가 많으니까 웨이팅 안해도 되고 좋았네요~,웨이팅 필요 없는 브런치 카페!! 자리가 널널했고 분위기도 괜찮아 보이는 브런치 카페였어요! 먹기에 불편한 테이블과 의자도 없었고 브런치로 먹기에 좋은 메뉴들이 가득했어요,오일파스타 먹을까 크림 파스타 먹을까 엄청 고민했는데 결국엔 오일파스타로 먹었어요 토스트랑 같이 먹으니까 완전 잘 어울리더라고요 ><,대표 메뉴인 무화과 콩포트 토스트 냠냠~ 패스츄리가 수제로 만들어져서 그런가 완전 부들 달달 그 잡채!! 간간히 씹히는 무화과가 맛있는 음식인 것 같아용 히히,연어 에그 베네딕트 맛있었어요! 연어도 엄청 신선했고 같이 나오는 수란이랑 빵이랑 같이 먹으니까 더 맛있었네요 재료 하나하나 다 맛있어서 음미하면서 먹었어요 ㅋㅋㅋ,무화과 콩포트 프렌치토스트 시켜서 먹어봤어요!!! 패스츄리같은 식감인데 직접 만드셨대요!! 무화과도 씹히면서 되게 고소하고 맛있었어요 ㅎㅎ,한여름 수국 정원과 함께한 맛있는 브런치 💚 창밖의 연희동 멋진 풍경은 덤 🧡 친절하고 차분한 분위기는 굿 💙  산뜻하면서도 가득찬 브런치를 맛 볼수 있는 💛 사랑스러운 가게 오트 추천해요 ❤️,"브런치 급 땡겨서 싶어서 방문했는데, 직원분들도 친절하고 음식도 너무 맛있었어요.. 커피도 찐해서 제 취향이었고 요🥰 비오는 주말이라 하루종일 무기력하게 집에있다가 급 방문했는데 제대로 힐링.. 🥹 오트 밥심(?)으로 조금이 나마 월요일에 힘내서 출근할 수 있을 것 같아요 😄 리뷰를 보니 파스타도 무비 맛있다는 것 같은데 다음에는...","Best 메뉴를 다 뿌셔보았다. 🐷 우선 다 특색이 있게 맛있다. 트러플 치킨 애플카도 토스트~ 아래에 빵이 부드럽고 아보카도랑 사과랑 닭의 조합이 짱짱맨이다! 무화과 콩포트 프렌치 토스트는 같이나온 치즈 크림인가?랑 무화과, 블루베리, 견과류 등 모든 조합이 환상적이다. 꼭 먹어보시오!! 💓 커피랑 먹는데 넘 찰떡콩떡이다. 다 맘에 ...",토스트는 주로 집에서도 많이 해먹긴 했는데 브런치로 토스트를 먹은 적은 처음인 것 같아요 역시 사먹는게 제일 맛있네요 ㅋㅋ 빵도 부드러웠고 간도 딱 적당했어요 또 음식들이 하나같이 다 이뻤어요ㅋㅋ,포르치니 버섯 크림 파스타 개미쳤음.. 진심 여기 오면 먹어봐야 할 메뉴임 무조건 버섯 좋아한다? 크림 파스타 좋아한다? 이거 안 좋아할 이유가 없음 면도 딱 한국인이 좋아하는 식감 완져니 내 스타일~!!!!!,혼자 카페가서 공부하기 전에 간단하게 먹으려고 들어가봤어요! 매장이 엄청 넓고 혼자서 먹을 수 있는 공간도 충분히 있어서 더 좋았네요 눈치 안보고 먹을 수 있었어요 ㅎㅎ,"추천메뉴 선택하면 역시 후회없어요.😘 에그 베네딕트 부드럽고, 크림파스타는 느끼하지 않고 여러 종류 버섯이 들어가서 향이 너무 좋아요.",치즈오믈렛 브렉퍼스트 엄청 맛있게 먹었습니다. 치즈도 부드웠고 오믈렛도 부드러워서 부담 없이 먹을 수 있었습니다.,"재료가 정말 신선하다는 게 느껴지고, 양도 푸짐해서 기분좋게 브런치 먹기 좋은 곳이에요!",분위기가 아늑하니 좋고 너무 친절하세요! 맛있어서 2인이서 3개 먹었어요 플레이팅도 하나하나 신경쓰신 게 딱 느껴지고 다음에는 음료도 먹어보려구여!!,아늑한 주택 느낌에 창으로 정원이 보이니까 분위기가 좋았어요ㅎㅎ 브런치도 맛있어요!,진짜 맛있고 예뻐요!!! 완전 강추강추!!! 특히 연어 좋아하시는 분들은 연어 에그 베네딕트 꼭 드셔보세요 다음에 저거 먹으러 또 갈듯합니다😆😆,샐러드 파스타 샌드위치 커피까지 기대 이상으로 너무 맛있었습니다. 분위기도 아늑하니 좋고 사장님과 서버분들도 넘 친절하셨어요. 모든면에서 만족 스러운 식사이면서 좋은 시간이었습니다! 자주 갈거 같아요~ !!,연희로 이사오고 싶을 정도로 맛나요.. 오트 브런치가 세상을 구합니다🥹 포르치니 버섯크림 파스타 최애입니다. 또 먹고 싶어요 엄마도 이모도 모두 모시고 올거에요!! 평일 브런치는 보다 고요한 식사가 가능하답니다!,매장 분위기도 좋구 메뉴들도 다 맛있었어요~,친구들끼리 놀기 전에 정말 간단하게 먹을 생각으로 식당 찾다가 친구 한 명이 브런치 어떠냐고 물어봐서 검색해서 찾아갔어요!! 웨이팅 있을 줄 알았는데 없더라고요? 아주 굳~~ 바로 들어가서 각자 먹고 싶은 메뉴 시켰는데 저는 엔초비 오일 파스타 시켰거든요? 와… 정말 맛있네요 오일이라 기름질 줄 알았는데 전혀 아니였어요,여기 맛집 맞아요. 데이트나 소개팅도 좋을것같은데 비싸요 주차불편..,양이 적어보였는데 먹다보면 진짜 배블러요~ 2인이 3개먹음~ 커피는 좀 안아울려요~ 다른음료로 추천♡,음식 양도 많고 플레이팅이 너무 예뻐서 사진을 안찍을 수가 없네용 ㅎㅎ 음식도 귣~~,점심에 무거운 음식 먹기 싫어서 가볍게 먹으로 브런치카페 방문~~ 여기서 쩰 잘나가는 거 달라고 했더니 에그 베네딕트가 왔다!! 계란이랑 어우러져서 정말 맛있었다!! 파스타도 맛있는데 에그 베네딕트가 쩰 맛있었다,원래 브런치 잘 안 먹는데 여기 메뉴라면 맨날 와서 먹고 싶을 듯 근처에만 살았으면 진심 맨날 올 것 같은데 조금 멀어서 아쉬움 ㅠㅠ 생각나서 자주 올 것 같은 맛임 특히 베이컨 에그베네딕트는 맨날 먹어도 질리지 않을 맛!! *0*,친절하고 분위기도 좋고 음식맛 좋습니다.,근처는 다 웨이팅이 있어서 못갔는데 여기만 웨이팅이 없더라고요? 그래서 처음에는 맛이 없나 했는데 그냥 매장이 넓어서 그런거고 사람 안에 많았어요 자리에 앉아서 메뉴판 보는데 정말 다 하나같이 내스타일인 음식들이 가득~ 행복한 고민 끝에 포르치니 버섯크림파스타랑 아아 시켜서 간단하게 먹었어요 짱맛있어요,치즈오믈렛 브랙퍼스트 먹었어요!! 오믈렛에 치즈가 가득 들어가있어서 맛있었구 플레이팅도 넘우 예뻐서 사장님이 메뉴에 신경을 많이 쓴다는 느낌을 많이 받은 브런치카페였어요!! 사장님 감사합니다~~,브런치로 간단하게 먹으러 간 오트~ 매장이 넓고 깨끗해서 들어가자마자 기분이너무 좋았다! 햇빛이 잘 드는 곳에 앉아서 메뉴 보는데 맛있어 보이는게 너무 많아서 고르기가 조금 힘들었다 ㅠㅠ 에그 베네딕트가 베스트라서 고거 시켜서 먹었다!! 부드럽고 맛있는게 입에서 살살 녹았다,전반적으로 다 맛있네요~ 먼저 훈제 연어 에그 베네딕트 먹었는데 수란 올리신거 배우신 분.. 같이 섞어 먹으니까 너무 맛있음..ㅠㅠ 매장도 전체적으로 깔끔하고 확실히 층고가 높으니까 탁 트여 있는 느낌이 너무 좋았어요 다음에 재방문 예정입니다~,친구들이랑 다같이 점심 간단하게 먹으려고 가본 곳이에요 토스트랑 파스타랑 시키고 다먹고 음료 마시려고 했는데 친구가 원래 같이 먹는거다 해서 같이 시켰어요 은근 잘 어울리더라고요 아메리카노랑 뭐 토스트는 당연히 잘 어울렸고요,분위기도 너무 좋구 음식 플레이팅도 굉장히 고급+예쁘게 나와서 보기에도 좋은데 너무 맛있어요,공간도 이쁘고 쾌적한데 맛까지 하나하나 특별한 오트입니다. 친구들과 좋은 시간 보내서 행복했어요 특히 무화과 콩포트 & 프렌치 토스트 추천드려요!! 🫶,치즈 오믈렛 브렉퍼스트도 맛있었지만 포르치니 버섯 크림 파스타가 진짜 맛있었어요. 토요일 오후 3시 넘어서 갔 는데도 손님이 계속 들어오시더라구요. 다만 식사 가격대도 좀 있는데 음료도 조금 비싼감이 있어요ㅠㅠ,혼자 카페에서 공부하려고 나왔는데 브런치카페가 눈앞에 보이길래 배고파서 먹고 가자 하고 들어갔서용 혼자서 먹 기에도 양이 적당해보여서 트러플치킨 애플카도 토스트 먹었는데 애플카도가 사과+아보카도였다 ㅋㅋ 생소했는데  너무 잘 어울려서 한번 깜놀 이거만 먹기 조금 심심해서 아아랑 같이 먹었는데 이 또한 잘 어울려서 두번 깜놀...,브런치 좋아하시는 분들은 무조건 좋아할 음식들 뿐임.. 특히 훈제연어 바질토스트는 혁명일 정도 ㅎㅋㅎㅋ 훈제연어 잘못하면 엄청비린데 그런거 전혀 없고 바질이랑 조화가 아주 굳굳임,인테리어가 맘에 들었던 카페👍🏻💛🥰 직원분들도 친절하셨고 사장님이 메뉴에 온 정성을 다해서 나오는 것 같아용 최공🥰🥰,"<트러플치킨 애플카도토스트> 너무 맛있어요🧡 생소한 조합+토스트라고 해서 기름지거나 이상할 줄 알았는데 전 혀 아니고, 샌드위치처럼 깔끔하고 싱그러운(?) 맛이에요. 따로 먹는 것보다 모든 재료를 같이 먹는게 훨씬 좋았어요 👍 트러플 좋아해서 더 맛있게 먹었어요ㅎㅎ 조합은 낯설지만 새로운 맛의 맛있는 음식이었어요. 완전 추천! ...",간단하게 브런치 먹으러 갔는데 내부가 넓어서 그런지 웨이팅 없이 들어가서 바로 먹었어요~ 이 점 아주 좋네요 ㅎㅎ 충분히 많이 앉을 수 있는 자리가 많아서 단체로 와도 상관 없을 것 같았어요,호화로운 식사 하고 싶어서 브런치 카페 왔는데 인테리어도 딱 원하는 스타일 사진도 많이 찍고 좋았네요~~ 만족스러운 아침식사했어요,맛있음! 개맛있음! 버섯크림파스타? 진심 내 스타일 ㅠㅠ 버섯 좋아하는데 크림파스타도 좋아한다? 무조건 먹어봐야함 그래야 후회 절대 안함 ㅋㅎㅋㅎ,"공간이 넓어서인지, 웨이팅없이 입장할수 있는곳이라 너무 만족해요! 음식도 맛있고 특히 메뉴들이 빨리 나와서 재방문 의사 있어용👍🥹",엄마랑 브런치카페는 처음 가보는데 메뉴가 엄청 다양했어요! 그 중에 그리브릭스 바질 연어 오픈토스트라는 메뉴가 있었는데 이름도 생소하고 해서 엄마랑 궁금해서 시켜봤어요 바질맛도 많이 나고 생각보다 맛있었어요!!,음식도 맛있었고 친절하세요 !,부라타 치즈 샐러드랑 엔쵸비 오일 파스타는 꼭 드셔보세요!~ 부라타 치즈 몽글몽글한게 샐러드랑 넘나 잘어울리고 오일 파스타 느끼하다? 전혀 없습니다 그런거 그냥 다 맛있어요,감사히 잘 먹었습니다~! 사장님 번창하세요 음식이 너무 맛있네요 플레이팅도 하나하나 신경쓰신 게 딱 느껴지시고 음료도 정성이 가득한 것 같네요~!
커피팝,31397819.0,핫초코 맛나요 ㅎ,커피 맛있어요 진해요,자리도 편하고 넘 좋은데 히터가 너무 빵빵해서 조금 답답했습니다*.*....,진한 라떼를 좋아하는데 진한 맛은 아니지만 커피맛이 나쁘진 않아요. 테이크아웃하면 1000원 할인해주니 좋더라구요. 다음에 다른 메뉴 먹어봐야겠어요.,자주 가는 카페.. 컵 모양이 한동안 이상해서? 음료 양도 줄어든거같았는데.. 그래서 안갔다가 다시가보니 원래 컵으 로 돌아와서 너무 좋았다는!ㅎㅎ 아아 맛있어요. 원두 좋은거 사용하시는거같아요~,연희동 갈때면 들리는 곳! 오늘은 너무 더워 실내에서 마셨어요. 시원 시원~ 🧊 테이크 아웃은 할인도 된답니당~  컵이 너무 귀염뽀짝 해요! ✨,늦게까지 하는게 정말 좋아요 초코라떼 마셨는데 너무 밍밍하고 맛이없어요.. 그리고 음료가 너무 늦게나와요ㅠㅠ,히말라야 핑크솔트 커피가 젤 맛있어요,굿,너무 불친절해요 음악소리가 너무 커서 줄여달라고 했더니 “여긴 공부방이 아니라서요”라니요 누가 모르나요? 커피 몇 잔에 갑질 하려는 게 아니고 카공족 마냥 죽친 것도 아니고 음악소리 너무 귀아플 정도라 좀 줄여달라고 했는데 왜 그런 소리를 들어야 하죠? 제가 왜 빙수시키고 음료까지 시켜가며 1인 1메뉴 지켜가며 기분 상해야 하는지...,사람없이 조용히 즐길 수 있습니다,한적하고 안에 흡연실도잇고 편해유,기대이상 커피 맛이 좋아요,좋아요,여자 6명이서 간 카펜데 단체모임하기 좋아용! 사장님도 친절하세용 크로플 하나 탔다고 새걸로 두개 더 주셨어용 😊,좋아요 커피가 맛있고 대화하기 좋아요,굿,커피가 기대 이상으로 맛있음,작고 귀여운 카페입니다,맛있게 잘 먹엇어요 ^^_,맛있어요,커피가 진하고 맛있습니다,코로나이후로 늦게까지 영업하는 카페가 별로없어서 늦은 시간 자주 찾는 곳 객적으로 카라멜마끼아또는 소소 레몬티가 양도 많고 맛도 좋다~~^^,맛있는 커피 마시며 달콤한 허니브레드 추가해서 더 달달한 분위기로 즐거운 시간보냄,커피맛보다는 늦게까지 영업하는 장점으로 가끔 방문하게 됩니다.,뱅쇼먹었는데 그냥 포도에이드느낌이라 아쉽지만 부담없이 시간보내기는 좋습니다 근처에 큰 카페가 잘 안보여서 단체손님이 많아서 조금 시끄러울 수 있습니다,일하시는분이 많이 힘드신가바요 신경질적이시네요,굿,연희동에서 식사하고 꼭 들르는 곳이네요~!,대화하기 좋아요,연희동 커피,커피가 맛있어서 자주가는 카페인데 주말이랑 평일 일하시는분이 다른지 평일에 갔을때 남자직원분 응대때문에 황당했었네요…,좋아요,커피맛이 좋아요.,"인테리어 하시고 분위기가 많이 달라졌네요! 평일 이른 시간에 자주 방문하는데 한적하고 좋아요😊 직원분도 항상 묵묵하고 친절하게 맞아주시고 자세히 설명해주십니다. 커피도 사장님께서 직접 로스팅하신다는데, 적당히 로스팅되서 향긋하고 항상 만족하며 마시고 있습니다☕️ 연희동 주민분들 정착할 카페 찾으시면 딱 좋을 것 같아요!👍🏻🥰",굿,맛있어요,늦게까지 해서 좋아요,굳,다신 안가고싶어요 사장님 말고 남자 알바생 진짜 너무 불친절해서 다신 안가고싶네요 ㅎ 평일 아침에계신분. 특별 한 친절을 바라진 않지만 굳이 기분 나쁘게 대답을 할 필요가 있을까요 손님에게 ㅋㅋ 원두 무슨 종류가 있냐고 물어 봤더니 퉁명스럽게 “그냥 연한거 아니면 진한거 둘 중에 고르시면 되요 “ 이러시고 ㅋ덕분에 매장이 시베리아...,굿!,안쪽으로 넓어요,굿,진한커피 좋아하시는 분꺼 추천,좋아요 굿입니다,좋,편안하게 얘기할수 있는 공간이 많아서 좋아요,커피가 맛있어서 놀랐습니다 최고!!!,새벽 1시까지 핸드드립을 마실 수 있는,.,"솔트커피, 코코넛커피 맛있어요",밀크티 아아 다 맛있었어요 커피원두 다양해서 또 가보고싶어요.,커피가 맛있어요,굿~~~,친절한 편이에요 ~,굿,굿,매장이 쾌적하고 좋았어요,굿,늦게까지하는데라 늘감,커피 맛집,옛날 팥빙수 아주 맛있어요 ~~~ 팥이 맛있는 것 같아요~~~,연희동 핫플레이스 커피팝~분위기 편안하고 대화하기 좋아요.,커피 팥빙수 다 맛있어요~~~ 특히 갈려져 나오는 어름이 좋아요~~!,옛날팥빙수 맛있어요 ~~,깨끗하고 커피 맛있어요,,분위기 좋았어요,옛날팥빙수 맛있어요 ~~,. . . hahaha,좋아요~,굿,맛있고 친절해요,굿,굿,굿,코코넛커피 먹었어요^^ 즐거운 시간 보냈어요~,커피 맛나요 🤩,굿,굿,굿,굳,굿,굿,커피맛나요~,고구마라떼 존맛탱♡,굿,조아요,굿,맛나요,연희동갔다가 들린 커피숍 조용하고 좋았어요,굿,사람 많아용,굿,굿,굿,굿,굿,굿,커피 넘 맛나용 아메리카노 굿,오랬만에 마시는 비엔나커피가 좋네요 커피맛 좋아요,분위기 따뜻해요 ^^ 산미 있는 진한 커피 맛 좋아요~,.,굿,굿,굿,조용히 커피마시기 좋아요,,,
금양식방,1023945232.0,피칸깜빠뉴 맛있어요~ 스콘은 앙증맞네요. 가격대가 있지만 저탄수빵이라 좋네요,키토다이어트 또는 당뇨 분들이 드시기 좋은 아주 성분 좋은 빵을 팔아요! 맛은 당연히 일반 빵에 비하면 맛이 덜할지 몰라도 이렇게 성분 좋은 곳은 드물어서 너무 좋아요,넘 맛나요,굿,남편의 당뇨때문에 일부러 가서 구매합니다. 가격이 높으나 좋은 재료 믿고 삽니다.,포장해가는곳. 급히 먹을것이 떨어졌울때  친절한 직원들 거리 가까우면 좋을텐데 아쉽 키토취지의 특별한곳,친절해용,빵,굿,"버터향 너무좋고 담백한 느낌의 스콘 맛집❤️ 순탄수 믿을 수 없어,, 샐러드랑 같이 먹어도 좋아요",건강빵 좋아요,건강한 맛 차전자피 때문인지 속이 좀 질척한 느낌 생으로 먹지 않고 구워먹으면 좀 나을건지 호불호 심할듯 가격은  비싸긴 한데 재료가 좋으니 납득은 감,성분도 좋고 맛도 좋아요! 베이글이랑 식빵 구워서 딸기잼 발라먹으니까 한끼용으로 좋네요. 담백하고 고소한 맛이라 은근 중독성있어요!,예전에 갔다가 오랜만에 건강때문에 다시 가서 구매했는데 전과 다르게 냉동제품으로 판매하네요? 너무 당황했어 요!ㅠㅠ 이럴거면 차라리 인터넷 주문할걸 그랬네요. 매장에 있는 것도 너무 차갑고 얼어서 구매 후 바로 먹지도 못 하고 말이에요.. 2시간 가까이 먼 길 간건데.. 카운터 직원한테 물어봐도 자기는 직원이라 잘 모른다는 식으로 ...,정말 건강한 빵이예요,.,좋아요,좋아요,좋아유,굿,오랜 최애빵집이에요 진짜 근처로 이사오고싶어요ㅠㅠ ㅋㅋㅋㅋㅋㅋㅋ 진짜 이만큼 성분 클린한 곳이 없어서 다른 곳들 먹어봐도 결국엔 컴백... 빵마다 입맛 취향이 좀 갈리는데 저는 식빵이랑 카스테라 제일 사랑합니다 아 치케도 짱 ㅠㅠㅠ 존맛탱,"이제는 냉동으로 파네요?;; 일부러 매장 찾아갔는데 식빵이 차갑고 축축했어요..... 오픈 초기부터 다녔고 블로그, 유 튜브로 리뷰까지 남겼는데 요즘은 그냥 공장형으로 찍어내는 것 같고 예전같지 않네요... 여러개 사오려고 갔는데 해 동한거 다시 냉동시킬수도 없고...어쩔수없이 사오긴했는데 오늘은 넘 실망이었어요. 온오프 차이가없으면 굳...",주말에 종종 들렀는데 여자직원분이 정말 친절하시고 예쁘셨어요 ㅎㅎ 빵은 건강한 재료라고 하니 믿고 먹습니다,"마가렛스콘 호불호 은근 많이  갈리는 거 같던데 저한텐 ""호!!"" 입니다 ㅋ",성분은 너무 조은 제품이지만ㅠㅠ 가격이 사악해요ㅠㅠㅜ 식빵 7쪽에 7000원......,설탕 없이 글루텐 없이 어쩜 이렇게 치즈케이크를 만들었을까요??? 정말정말 깜놀깜놀 저 이집 단골될 것 같아요 사장님 감사합니다 건강하게 맛있는 음식 먹을 수 있게해주셔서요!! 다른빵도 맛있늘 것 같아요!,빵사고옴,좋아요,굿,맛있어요,아주 건강한 식빵이 있어요~,식빵이 더맛있어 졌어요,"키토빵 많이 먹어봤는데,, 너무 달고 느끼 ㅠㅠ 특히 비키빵이 실망스러웠어요 흑흑",식빵사자마자 하나 먹었는데 담백고소하니 맛있어요. 치즈케익은 내일 커피랑 먹으려고 찜..!!,어휴 가격대비 치즈케익 넘 맛이 없어요ㅠㅜ 뻑뻑하게 굳어있어서 촉촉함이 없고 믿에 쿠키도 냉장고냄새가 베어 있어요 기분전환으로 산건데 안되네요,"저탄수 다이어트 중이라 자주 애용하는데 금양식빵이 이제 나오지 않고 금양식빵 골드를 판매한다고 하더라구요 가 격은 무려 7천원(컷팅 안된건 6,500원) 기존과 어떤게 달라져서 가격이 비싸진건지 물어보니 직원분도 잘 모른다며  네이버스토어를 보라는데 쫌 어이가 없었네요 맛도 기존 빵보다 조금 더 느끼한 맛이고 조금 아쉽네요",키토인을 위한 빵집! 연희동에 갈일이 있어서 들렀는데 브라우니가 제 취향이네요 맛있어요! 마가렛스콘은.. 버터랑 계란맛이 많이 나요 꾸덕하고요,키토용 빵을 즐길수 있어서 좋아요 가격이 좀 높은게 흠이라 자주는....😅,좋아요,"위가 안좋아서 빵땡길때 종종 찾는 곳이에요 비키빵과 금양식빵은 단독으로 먹기는 좀 힘들고 우유나 쨈, 버터와 같 이 먹거나 샌드위치로 만들어먹어야 넘어가네요ㅎ 비키빵피칸은 제 입맛엔 흙맛이 좀 나서 먹기 힘들었어요~","타지역에서 직접 찾아가서 구매했어요~ 전에 키토젤리도 구매했었는데 베이커리는 이번이 처음이네요 저도 집에서 취미로 키토 베이킹을 하고 있고 다른 곳들에서도 사먹어봐서 비교해보는데 금양식방은 유난히 당도가 거의 없는 것 같아요.. 치즈케이크는 무난하고 딱 일반적인 치즈케이크 맛! 그건 맛있었는데, 브라우니랑 마가렛스콘은 ...",좋아요,스콘이랑 블론디 맛있어욤. 가격은 사악하지만 ㅋㅋ,굿,건강한 스콘 맛있어요~~,달지 않아 좋았습니다,제 입맛에는 너무 기름져요...ㅠㅠㅠ저희 어머니 입맛에는 완전 좋다하세요 특히 마가렛 스콘 향기 대박쓰...,굿,좋아용,"저탄고지 처음 식감은 조금 충격적이었지만, 먹다보니 맛있어서 재구매함. 사장님이 신경 쓰신 것 같다 가격만 조금  더 저렴하면 좋겠다",와 제입맛엔 너무 다 잘맞았어요 흑임자 블론디케이크 마가렛스콘 금양식방 다 맛있고 초코촉촉테린느는 생초코 같네요 ㅠㅠ,인터넷 배송하다가 직접 가서 샀습니다🙌🏻 인터넷주문해서 먹었을때 스콘이 너무나도 맛있어서 주문하려고 했는데 배송비땨문에 직접 방문 햇어요. 매장도 깔끔하고 마가렛스콘도 냉동했다 먹으니 쫀득 꾸덕 버터리하고 정말 맛있 어요 . 또 사고 싶을 정도네요. 비키빵은 앞에서 많이 사가는 손님이 있어서 하나 따라샀는데 맛이 궁금하네요...,사장님 빵 반이 탓어요. 뜯자마자 탄내가 쫙,다이어트 디저트로 딱!! 다만 가격을 좀 낮추거나 할인행사 했으면 좋겠네요ㅠ,맛있어요,괜찮은데 저는 식빵은 불호였어요 ㅠ,맛있는데 마가렛 스콘은 끝맛이 조금 개선되었으면 좋겠습니다,무친절,집 근처에 있는 비건빵집입니다. 빵 종류가 아주 많진 않지만 종종 갈거같아요,소박한 동네식빵 느낌이였어요. 글루텐프리 식빵이라 그런지 처음 맛본 식빵 느낌이에요. 건강한 빵이라고 생각하고 먹었어요^^,소박하지만 원하던 식빵을 얻을 수있음에 반가웠네요.,굿굿,저탄수식이나 락토오보하는 사람에게 좋아요ㅎㅎ 그런데 항상 12시맞춰서 열어주시지는 않으니 쪼오금은 여유있 게가셔요!!!,굿입니다,친절합니다,너무 맛있지만..가격은 사악하네요...,서울에 몇안되는 키토빵집이라서 가봤는데 멀리서간 보람이있어요!!!! 순탄수도 정말낮고 블론디케이크랑 식빵 정 말 맛있어요ㅜㅠㅜ 사장님도 친절하시고 식빵은특히 키토식품치고는 정말 가성비좋네요,조아요,"키토하시는 분들이 많이 가시는 빵집! 젤리는 싸르르한 싸한 단맛이 나고, 마가렛스콘은 바닐라향이 많이 나고 퍽퍽, 음료와 같이 먹으면좋고요 블론디케이크는 너무 달아서 개인적으로는 별로.. 식빵은 맛있어요 식감때문에 뜨악했 는데 뭐 발라먹거나 하면 진짜 대박!","식빵 정말 맛있어요ㅠ 매번 두개씩사서 2주면 다먹네요,,,,, 사진은 신제품인 마가렛스콘인데 음 호불호가 많이갈릴 것같아요",식빵도 블론디 케이크도 젤리도 너무맛있어요ㅠ 당에 민감한 모든사람에게 빛과 소금같은 존재예요,"슈가 프리, 글루텐 프리 빵이어서 건강관리하시는 분들께 아주 좋겠네요",최고입니다,정말 정말 맛있었어요 금양식방 특유의 단 맛을 느껴보기에 흑임자와 말차가 좋았습니다,기대기대,,,,,,,,,,,,,,,,,,,,,,,,,,,,,,,,,,,
초콜릿책방,1885163968.0,아늑하고 책방지기님의 다정한 시선이 머무르는 곳,쪼꼴렛,초콜릿 직접 만드셔서 그런지 맛이 깊네요 책방 분위기도 아늑해서 있기 좋습니다.,따스한 분위기도 너무 좋고 사장님도 친절하세요! 책 읽다 오면 진짜진짜 힐링돼요 가게 이름답게 초콜릿 음료도 찐하고 맛있어요,"초콜렛 책방이라 카페 모카 마셨는데 맛있었어요.  열람용 책들도 많지만 판매용 책도 데려오고 싶은 아이들 많았는데, 자체 출판하시는 잡지(?)도 있어요.  사장님 친절하셔서 편하게 대화도 좀 나눴네요.",분위기가좋고 쿠키가 맛있어요^^,아이스모카.. 인생 모카 탑쓰리에 들정도로 존맛이에요.. 너무 맛있어서 나오기전에 사장님한테 너무 맛있었다고 말까지 전하고 왔어요 ㅋㅋㅋㅋ,커피맛있네요~,굿,분위기 아늑한 곳이에요. 카페에서 파는 빼빼로와 함께 핫초코 마시면서 책 읽기 딱 좋은곳~,책읽기 좋은 공간이에요~ 두유초코 맛있어요,커피도 맛있고 주인도 친절하고 책도 많아요^^,조용하게 읽을 책도 많고  커피도 맛있어요 !!^^,굿,수제초콜렛퀄리티굿,솔직히 카페에서 공부 안하는데 이곳은 자주 가요. 항성 집중이 잘해서 힘든 일도 금방금방 해치웠던 좋은 기억만 가득합니다,편안한 분위기의 카페라 마음이 편해집니다.,초코라떼 엄청 진하고 맛있어요. 여자사장님도 친절해요,브라우니 아이스크림 맛있어요,진달 너무 맛있어요,가게 근처가 항상 청르결하고 좋아요,진중하시고 친절한 사장님,책도 귀엽고 커피도 맛있고 초콜렛도 맛있어용,조용하고 한적한 동네카페,작지만 알찬 공간입니다,(추가) 아이들이 읽을만한 책도 책장 한 켠에 모여있네요. 열람용 걱정이라 돈도 들지 않고요. 자녀계신 분들이라면 정말 좋을 듯!! #동네서점 #초콜릿특화 #친절합니다 #사장님서비스가 #매우좋습니다 #동네에이런서점있으면너무행복하겠습니다,"#연남동 #숨겨진보물같은곳 #연희동 #카페 #서점 #친절 #서비스 사장님이 무척 친절하시네요. 판매용 서가 열람용 서가 따로 있고, 동네 주민들 모아 독서모임도 하시고. 카페라떼가 무척 맛있었습니다. 근처 #밤의서점 버금가는 아늑한 동네서점. 이런 곳 더 잘되라고 별 다섯개 드립니다!",편안히 머물수 있는 곳!,연희동 초콜릿카페  분위기도 맛도 사장님도 너무 좋다,독립서점 동네 책방  카페와 책이 함께,추천추천합니다♡,너무 좋은 곳 초코렛 음료도 책도 분위기도 최고,책도 볼수 있는 게 있고 조용하고 분위좋아요. 저는 위치도 맘에 들고요. 진달 핫초코와 초코렛커피를 먹었는데 맛있었어요. 커피는 잘 안먹는데 초코렛커피도 맛있었어요. 동네에 이런 카페가 있는 건 축복이예요. 양에 비해 가격이 싼 건 아니지만 재방문의사 있습니다.,#연남동 #연희동 #카페 #초콜렛 조용한 공간의 초콜렛 카페 사장님이 작접 내려주신 초콜렛 음료 하나같이 다 너 무 맛있어요. 책도 열람하고 구매할 수 있어요. 매우 추천하는 곳입니다.,#초콜릿책방 #친절한 사장님 꺄아 달달한 초콜릿 ❤️ 넘 좋아요,"좀 찾아가야 하는 골목 안에 있는 곳이지만 정말 분위기 좋고, 커피도 맛있고, 맛있는 수제 초콜릿도 팔고, 새 책도 구입할 수 있어요. 다양한 행사도 많이 해서 종종 갑니다.",마음이 힐링되는 공간이에요 초콜릿도 넘 맛있구요,,,,,,,,,,,,,,,,,,,,,,,,,,,,,,,,,,,,,,,,,,,,,,,,,,,,,,,,,,,,,,,,,,,,,,,,,
1994studio,1327326465.0,제 최애 치즈케이크 맛집이에요 종류가 다양하고 자꾸자꾸 신메뉴가 나와서 너무 좋아요❣️,사장님 더현대에 매진하느라 고생많으십니다🙇🏼‍♂️ 연희본점도 기다리고 있어요👍🏻,1994표 떠먹는 크럼블과 블론디는 믿고 먹을 정도로 시그니처가 됐죠.ᐟ 가격이 높은 편이어서 부담스럽긴 해도 맛있어서 재방문하게돼요.😌,,,,,,,,,,,,,,,,,,,,,,,,,,,,,,,,,,,,,,,,,,,,,,,,,,,,,,,,,,,,,,,,,,,,,,,,,,,,,,,,,,,,,,,,,,,,,,,,,,,,,,,,,,,
빵쌤 연희점,1413562779.0,후추소금빵 신기하네요ㅎㅎ 연유파이 생긴건 바삭하게 생겼는데 세상 눅눅;; 무슬린크림빵 빵 부드러울거 같았는 데 아님 커피는 맛있었습니다!,분위기가 차분하고 커피는 묵직하니 맛있네요. 대화하기 좋고 조용해서 좋아요. 인테리어도 깔끔,버터치즈바게뜨가 진짜 맛있어요! 빵 종류도 많고 커피도 맛있고 매장도 넓어서 놀러 오기 좋을 것 같습니다^_^,문 닫은줄 알았는데 재오픈? 왜 빵이 더 맛있게 느껴지죠? ㅎㅎ 크룽지도 세블락소시지빵도 맛있네요,첫방문인데 빵이 맛있어요!,아쉽지만 맛있다하는 사람들도 있겠죠? 몇번 여러가지맛으로 골고루 먹어봤지만 전반적으로 고급진빵맛은 아니 에요 ...;,오트밀라떼 구수하니 맛있었어요. 빵은 제 입맛은 아니었어요.,빵이 많이 남아있어서  먹고싶은걸로 골랐습니다,차마시며 조용히 앉아있거나 대화하기좋음 빵은 유기농밀가루를 썼다고하고 모양은 좋은데 맛은 좀 떨어진다고 생각되요,빵은 앉자마자 순삭해서 없습니다.... 베이글 따뜻할 때 먹으니 쫄깃하구 넘 맛있어료 크림치즈도 무조건입니다. 매 장도 넓어서 먹으면서 일보기 좋았어용💗,빵이 맛있는 집. 배달 서비스 했으면 좋겠다 생각하는 집. 나 말고도 다른 손님들 많이 생겼으면 좋겠는 곳임. 이유는 한번 닫았다가 다시 문 연 곳이라서 계속 장사했으면 좋겠음,"소금빵에 생크림 찍어 먹으면 짱맛.. 빵은 당연히 맛있고, 전 커피도 큰 기대 없이 먹었는데 괜찮았네요 지나가는 길에 자주 들려야 겠어요",커피면 커피 빵이면 빵 둘다 너무 맛있어서 자주 즐겨 먹으러 오는 빵집인데 오늘 정식 오픈 이밴트 한다해서 또 들렸습니다. 다이어트 하려고 샐러드 구매했는데 맛도 상당하고 양이 엄청나게 푸짐해서 되려 폭식했어요ㅠㅠ,빵이 다양합니다,카페가 넓어요,새로 오픈한 유기농 베이커리,리뉴얼 하구 처음 왔는데 대표님 바뀌셨네용! 빵 너무 맛있구 매장이 넓어서 좋아요 ㅎㅎ 기분 좋게 놀다 갑니당😊,빵이 전부 다 맛있었어요 크룽지 처음 먹어봤는데 식감이 너무 좋고 맛있었습니다 :),없어져서 아쉬웟는데 재오픈해서 좋아요ㅜㅜ 베이글이랑 소세지빵 맛잇어요!! 알바분들 친절하시고 앉아잇기 좋아용,"피터팬 상권에 베이커리 카페 ..?!? 가오픈 첫날에 지나가다 들렸는데 ,, 왜 고객이 앞에 있는데 알바생 교육을 시키는지 ,,, ㅜ 소금빵 맛은 뭔가 버터 가득 촉촉 맛보다는 은흔한 바삭함 느낌이었습니다 무난 ~",편하게 커피 마시기 좋아요,소금빵이랑 매쉬포테이토가 잘 어울려서 너무 맛있어요ㅠㅠ 매장 재오픈 한 이후로 직원분들도 친절하셔서 기분 좋았습니다! 짱짱! 😆🍞,매장이 좁은 줄알았는데 세로로 길게 엄청 넓고 인테리어도 예뻐요. 아침 채광이 통유리로 들어올때갔는데 넘나 좋 더라고요. 유기농 밀가루라 그런지 빵도 더 맛있구요. 아이와 함께 오거나 누군가에게 선물하기에도 넘 좋은 거 같아 요.식자재들은 믿을만한 유기농이지만 가격도 무지 착해요. 거기에 주차 무료까지!! 재방문의사 300프로입니다!!,재오픈해서 좋아요 !!!  소금빵이 진짜 크고 맛있어요,크룽지:) 너무 신기하고 달콤해요!!! 레몬 에이드도 너무 맛있고 빵맛집이네요,너무 맛있어요 :),"사장이바뀌면서 전에 쌓였던 포인트는 날려버렸지만, 맛있어요. 같은 빵쌤이지만 빵 맛이 약간 달라졌다고 느껴지네요.!!!","연희동에 있는 프리미엄 베이커리 카페인데 빵도 맛있고 자리도 많아서 이용하기 좋았어요! 매장에 100% 우유버터 와 유기농 밀을 사용해 천연발효종빵을 만든다고 써있는데 그래서 그런런지 빵이 맛있는 거 같아요! 셀프바에 전자 레인지가 있어 매장이용시 빵을 따뜻하게 데워먹을 수 있어 좋았는데, 감자 샐러드가 들어간 빵이라 한 번 데...",자주 가던곳인데 새로 오픈하고 방문해봤습니다. 예전에 소금빵이 맛있어서 종종 사먹었는데 주인분이 바뀌신건지...예전 그맛이 안나네요ㅟ,"빵쌤 연희점 방문하고 빵순이 눈 휘둥그레졌어요! 케익, 음료, 쿠키등 빵 종류 많고 선물용 제품들도 있어서 휘뚜루마뚜루 이용하기 좋아요:> 안쪽에 넓게 테이블 공간 있어서 간단한 식사나 티타임 가지면 무척 좋아요",빵이 맛있어요!! 샌드위치에 야채도 신선하고 좋았어요 ^^ 조용한 분위기여서 카공족들도 많이 오더라구요~,빵도 맛있고 음료도 괜찮아요  자리도 넉넉하고 대화하기가 좋아요  좀더 친절했음 좋을것같네요,맛있어요 :),청포도에이드 맛은 모르겟지만 색은 이쁘네요ㅎㅎ  세가지 중에 소금빵이 제일 맛있었어요 버터프레첼은 단맛이 좀 강하고 포크로 누르니 버터가 줄줄 흘렀어요ㅠㅎㅎ 호두롤은 촉촉한 빵이네요,04/14금요일 13시40분정도에 방문해서 빵을 폭풍같이 담고 결제하러 갔는데 해당시간 알바생이 너무 일하기 싫어 하는 티를 팍팍 내더라구요. 이렇게 일해도 되나 싶을 정도로 손님에게 섭섭하게 대하니 빵이 맛있어서 여러번 구매했는데 알바생이 근무하는 해당시간은 피해서 갈께요 ㅎㅎ,공주밤빵 밤은 많이 들어있는데 밤이 썩은맛이 좀 많이 나네요 모카찰빵 찰지고 안에 쨈처럼 들어있어 달달하고 맛있어요,맛있는 빵과 음료가 가득한 곳이예요! 들어가자마자 먹음직스러운 빵들이 반겨줘서 저절로 기분이 좋아져요 ㅋㅋ  자리도 넉넉하고 인테리어도 세련되서 데이트나 모임하기에 딱 좋아요! 빵 종류가 정말 많아서 고르는데 한참 고민 했네요.. 행복한 고민쓰 ㅋㅋㅋㅋ,굿,고구마빵 쫀득하고 너무너무 맛있습니다.,빵샘이 연희동에 생겼네요. 계산하시는 분이 카운터에서 빵을 먹고 있네요 ㅋㅋㅋ 아 들어서는 순간 기분이..,들어오자마자 눈이 휘둥그레 해질정도로 다양한빵들이 가득차있어요! 고구마빵과 밤파이는 꼭드세요 진짜 맛있어요!! 🤤,포장했는데 종류도 다양하고 차 마시기 좋을것 같더라구요~,알바여도 젊은사장이여도 손님을 상대할때의 매너를 모르는 남녀. 웃음기없는 무표정한 노매너 직원은 다시 가고  싶지 않은 까페로 지정하게 되었습니다.,매장이 커서 자리도 많고 빵종류도 엄청 많아요ㅎㅎ 소금빵이 다른가게 두배크기에요ㅎㅎ 밤파이도 넘 맛있구 커피맛도 좋아요~~!👍🏻,지난번 맛있었다고 해서 지인에게서 부탁받은 빵을 사보았는데요… 밤파이 고구마파이는 따로따로 6개가 아니면 같은 상자에 포장이 안된다고해서 결국 같은 걸로 6개를 골랐네요. 파이의 외형도 같고 가격도 같은데 왜 같은 상자 안에 6개가 포장이 안된단 건지 이해가 안되요. 포장상자값을 따로 받는 게 낫지 이게 무슨 논리일까요😂 직...,매장이 깨끗하고 빵이 맛있어요.,"분위기도 너무 좋고 따뜻한 인테리어에서 조용하게 책읽거나 공부하기 너무 좋아요 ! 그런데 여기에 다양한 빵, 핫한빵을 모두 곁들인..!! 크 ..빵 다 맛있어요 ㅠ 빵쌤 안가본사람 없게 해주세요","금요일 오후 1-2시경 카운터보시는 키큰 여자 알바님 화가 많으시네요 집게, 진동밸 집어던지시고 빵, 커피 먹으러 온게 화가 나시나요? 괜히 빵먹으러 온 사람한테 화내시지 말고 일을 안하시는게 맞는거같아요 여기 주인분은 알바 바꾸시는게 좋을거같아요",빵 베이커리 샾인데 이도저도 아닌거 같아요. 리필커피가 안되고 빵도 셀프데우기라서 대접받는 기분이 안들어요.,좋아요,빵이 맛있어요! 매장의 환기만 시켜주시면 너무 좋을거같아요,친절하고 매장이 조용해요,직원분들이 너무...불친절하셔서 당황햇어요 빵은 다양하고 종류도 많아요,의외로 빵은 그냥그래따....커피가 그나마 갠찮응편 디카페인굿,빵 맛있어요! 내부에 좌석이 많아서 놀랐어요 넓고 이야기하기 좋은 분위기라 좋더라구요 숨겨진 빵맛집 빵순이들  여기 모여랏~~! 이야기하기도 좋은 분위기고 카공하기도 넘나리 좋음,예전 오픈했을 때 갔을땐 안그랬는데 최근 리뷰를 먼저 봤다면 방문하지 않았을텐데요....토요일낮에 케익하나 사러 갔다가 짧은 시간에 기분이 굉장히 나빴습니다. 다른 리뷰에서도 그렇듯이 키큰여자 알바생인지 직원인지 일하기 싫고 손님응대 그렇게 하실거면 일하지 마세요. 왜 본인 나쁜기분을 손님에게 느껴지게 하시나요. 가게에 구...,빵샘 감자빵을 좋아해서 친구들과 차를 마시러 12시쯤 방문. 직원둘다.남녀 너무 불친절합니다 커피3잔이랑 배가불 러 감자빵을 시켰는데 넓직한 쟁반에 감자빵하나만있어서 작은접시에 담아달라고 했더니 여직원이 무시하는표정 과 눈빛으로 그냥갖고가란식이였던거죠 거기다 라떼3잔을 시켰는데 2잔은 라떼아트를 해서 나왔는데 한잔은...,연희동에 빵과함께 커피도 마시고 무료주차하기도 할수있는곳 빵쌤 연희점 알게 되서 너무 좋았어요.분위기도 좋고 메뉴도 여러가지라 골라먹는 재미도 있어서 좋았어요^^,보틀케이크?는 크림이 대부분이라 호불호 있을듯! 근데 느끼한 크림 아니라 순삭 쿠키는 바삭하고 넘 맛있음 또 사 먹으러 갈거 같아욘,디저트 종류 많고 안쪽으로 테이블 따로 있어서 편하게 머무를 수 있어요,인테리어도 너무 세련됐고 빵 종류가 저어엉말 많아서 좋았어요. 디자인도 예뻐서 선물용으로도 좋을 것 같아요! 커피맛도 좋았습니다ㅎㅎ,빵은 맛있는데 알바생인지 직원이 불친절해요 주말에 방문했는데 키큰 직원분 틱틱대듯 응대하고 손님있는데 앞치마도 보이는곳에 벗어두면서 한숨 크게쉬고 키 작으신분은 친절했는데 키큰분 때문에 결제하는 동안 먹고가는 동안 매우 불편했네요 알바던 직원이던 서비스업인데 직업 정신은 갖추시길,굿!,커피맛도 쏘쏘. 아침에 있던 직원분 기분도 상당히 언짢아보이심.,빵샘 연희점 처음인데 친절하시고 빵도 맛있어요  분위기도 밝고 좋았어요!,다 먹고 싶은 거 참느라 혼났어요 😅,빵은 너무 맛있어요!! 근데 계산하는 직원은 무표정. 귀찬은듯한말투. 오늘하루 안좋은일이 잇는건지.. 참으로 돈주 고 빵사믄서 기분이 찝찝하네요 ㅡㅡ,구황작물 맛집입니다!! 구황작물 들어간 빵 좋아하시는 분들은 여기 들려보시면 후회안할듯요 ㅎㅎ 식사빵/간식빵 뭐 하나 맛없는게 없어요 ~~,빵이 종류도 많아요. 커피도 나쁘지 않아요 주차만 해결되면 더 좋은데 ㅋㅋ,"빵도맛있고, 청결하고, 노트북들고 와서 작업하기도 좋은것같아요. 공간도 넓습니다!",빵도 음료도 맛있고 잠시 앉아서 일하기도 좋아요~ —————————- 음료받고나서 45분정도 정도 지났는데 리 뷰 수정할께요- 음악을 뚫고 정치얘기 목청 터져라 하시는 어르신들 때문에 힘드네요. 아이팟끼고 일하고있는데  주변음소거기능도 아무 소용없어요. 결국 제가 나갑니다 ㅠㅗㅠ,커피값 괜찮고 대화하기 좋아요,매장이 깔끔 하네요.,먹어본 밤 파이 중에는 최고~🤗👍,빵이 맛있어서 방문하지만 알바생들 불친절해서 갈 때마다 묘하게 기분 나쁨...,좋아요,빵이 맛있네요^^,요즘 느낌의 빵집 겸 카페예요. 커피 맛도 나쁘지 않고 매장도 안쪽에 넓게 있어서 수다떨러 가기 좋아요.,특이한 빵이 많고 맛도 좋아요,빵 종류도 많고 넘 맛있어요!!! 강추~~?,빵도 너무 맛있고 조용해서 좋았어요!!,굿,굳,"빵은 맛있습니다. 내부 자리도 넓고 저녁에 가도 빵 종류 다양해서 참 좋은데, 직원분이 불친절합니다. 과한 친절을 보여줄 필요는 없다 생각하지만 서비스가 썩 좋다고는 못느끼겠습니다.",알바생 불친절 다신가고싶지않음,여자 알바인지 말투에 영혼이 하나도 없이 불친절하네요. 2만원짜리 빵값이 아깝네요. 다시는 안갑니다,클쑤마쑤 잼 음따 아들 반찬 몇가지 가져다 주고 연희동 나온길 또 커피나..훗 앗 오픈 얼마안된듯 가끔 나오지만 동 네 뚜벅이 한바퀴 순회로 좋아하는 커피 마시러..ㅋ 춥기도 하고 따습게 커피로 사르르 하고 갈판 고구마파이랑 소금 빵 핫아메로 혼힐링 화이트벽에 바닥은 바닷굵은 모래처럼 참깨알 같은게 예쁘게 깔린듯 편안한 느낌 받아...,지난번 함께 먹었던 친구들이 맛있다고 사다달라고 부탁해서 다시 왔어요~,좋습니다~~,"빵이 맛있어서 자주 방문하는데요. 원래 리뷰 잘 안쓰는데 방문하실때마다 직원이 너무 불친절하네요. 기분안좋다 는듯이 무뚝뚝한 말투와 손님한테 소리치듯이 말하시고, 맛있는 빵 먹으로 갔다가 불쾌함도 같이 얻고 가네요 이부 분만 개선되면 자주 찾을꺼같아요 개선안되면 기분나빠서라도 안갈려고요 기분좋게 먹으러 갔다가 기분 나...",감자빵이 맛나요^^,소금빵이랑 코요타 맛있어요,맛있어요,넓고 깨끗하고 좋아요!! 커피도 맛있고,빵맛잇어요,올 때마다 매번 품절이어서 못 먹어보았던 슈크림빵 오늘 드디어!,새로 생겨서 가봤어요. 가격이 비싸네요;;,오 마싯아요,크로와상 샌드위치 너무 맛나요,쏘쏘,빵은 맛있는데.. 음 ㅋㅋ,파리바게트 롤치즈식빵 좋아하셨던 분들 여기로 오세요  롤치즈 브레드 정말 맛있더라구요! 드디어 연희동에서 피터팬말고도 또 갈곳을 찾았습니다,빵은 언제나 맛있는 듯 ㅠ 또 배고파지네요,신기한 빵 많고 전체적으로 맛이 있어요.,알바분이 너무 무뚝뚝하고 빵을 비닐에담는데 던지듯이 담아서 기분이 안좋았네요..근데 빵은 워낙 빵쌤걸 좋아해서 맛있었어요. 제최애 밤파이 역시나 맛있너,"커피도 맛있고, 너무 특별한 빵들 맛있어요.",굿,밤 만쥬 좋아해서 연희동갈때 종종 방문하는 집인데 오늘은… 직원이 너무 불친절했어요… 4/14 오후 1:40에 방문했 는데 빵을 많이 사서 기분이 나빴던건지 적립금 쓰려고 핸드폰 번호 누르고 있었는데 빨리눌러서 싫었던건지…… 손님이 민망할 정도로 짜증?성질?내는데 정말 오랜만에 화가 나더라구요…… 직원이 이런식이면 단골도 진...,"밤파이가 맛있고 선물포장도 4,610구로 다양하게 가능해서 자주 이용합니다. 맛있어요-;",
커피팜,1354328088.0,집애서 키우고 싶은 식물이 다 있어요~ 음악도 너무 좋습니다. 커피도 크로플도 정말 맛나게 먹었네요~ 카공족이라... 2시간 안에 마무리하고 나오느라 아쉬웠어요 ㅎㅎ (2시간 제한은 없어요~ 다만 양심상~) 다음엔 지인과 함께 다시 올 거예요~,친절하시고 매장이 청결해요,good,"저는 와플이랑 차마시러오고, 남편은 하이볼 마셨는데 둘다 대만족이요~와플도 가성비 갑이지만, 과일이 냉동도 아 니고 너무 신선한데 듬뿍 올려주셨어요. 땀뻘뻘흘리고 매운아귀찜먹고 심신이 지쳤는데 너무힐링됐어요. 인테리어 도 너무멋진데 공기정화 식물들이 엄청많거든요. 이걸 어떻게 다 관리하신데요~대단하세요. 카페에 별 관심...",플랜테리어가 멋진 카페! 맥주와 안주세트도 있어요. 비오고 흐린 오늘 잘 쉬었다가 갑니다~,커피 잘 하시네요! 맛있어요 ㅎㅎ,와~ 분위기 깡패. 끝.,자연속으로 들어온 느낌 좋아요! 실내인테리어가 멋있어요! 아이슈페너가 맛있어요 와플은 따뜻할줄 알았는데 차갑네요....ㅎ,"연희동 카공 카페로 완전 추천이용😋 자리마다 콘센트 있어서 노트북 사용하기 딱이고, 의자도 편안하고, 내부도 좁지 않고, 커피도 맛있고 가격도 괜찮아요! 잔잔한 음악은 덤 ㅎㅎ 또 올래용",굿,내부가 넓고 초록초록 편안하게 대화하기 좋아요,식물테리어가 잘되어 있어 사진이 잘 나오고 커피가 맛있어요,커피도 맛나고 식물이 느므 좋네요^^ 사장님도 친절하셔요~~,친절해요,크로플 미쳤움,커피 맛 좋구요 예쁜 식물들이 많아서 실내 공기가 너무 좋습니다 사장님 친절하시고 카페 조용하고 번창하시길요,좋네요,맛있어요,친절해요,인테리어 너무 너무 이이쁘구 커피랑 황치즈 와플 너무 마시써요♥️❤,굿,좋아요,맛있오요 :)  인테리어 다시 하시고 재오픈 하신거라 반갑고용 맛있는 와플집이라서 더 좋아용 🥰,굿,친절하고 좋아요^^,"와플을 직접 만드신다고 하는데 진짜 맛있어서 완전 흡입했어요 🧇 커피도 완전 풍미 좋고, 인테리어도 감각적이라  굿굿!",굿굿,맛있음,플레인 와플도 맛있고 브라운치즈 아이스크림 와플도 완전 맛있네요~  플레인 와플 저렴함 무슨일~~~  조용하고 야외테라스도 좋네요,좋아요,친절해요^^,매번 와플 정말 맛있게 먹고 있습니다. 감사합니다~~,굿,여기는 와플이 찐으로 맛있어요!  생크림 가득한 바나나 루텔라 와플 먹었는데 겉바속촉 눅눅하지않고 딱 제스타일 입니다 아 그리고 녹차라떼도 선택하기 정말 잘한 메뉴였어요^^ 첫방문이었지만 또 갈게요~,😄,와플 너무 맛있어요~!!!!! 커피도 좋구요~ 깜짝 놀랐네요^^ 옆에 공방도 있어서 볼꺼리도 있고 동네에 있어 행복합니 다~^^,:),굿,달달한게 땡겨서 전화드려서 캔디라떼로 바꿔달라 부탁했는데 요청사항 잘 들어주시고 너무 친절했어요. ^^ 많이  달지않고 살짝 버터캔디 향이 있어서 맛있었어요. 쌀쌀할 날씨엔 캔디라떼로 자주 먹을 것 같아요.,커피를 끊은 제가 커피를 찾게 만드는 마약같은 와플이에요 ㅠ_ㅠ 일주일에 한두번 행복한 시간을 이 와플 덕에 보내는 것 같아요. 와플을 너무 좋아해서 기계도 사봤는데 집에선 역시 무리에요 ㅋㅋㅋ기계팔고 여기서만 사먹습니다,그간 커피를 주로 먹었는데 와플 너무 맛있어요~!!! 겉바 속촉에 달콤하고... 토핑 별로 먹어보고 싶은 맛이에요. 잘  먹었습니다!!,당이 떨어져서 사킨 아이스라 흑당라떼. 얼음까지 통으로 저어야 잘 저어지더라고요. 흔하지 않은 향있는 달달한 흑 당라떼라 맛있어요. 원두는 늘 너무 맛있습니다~ ^^,크림치즈와플 정말 부드럽고 맛있어요!!! 감사합니다 다음에 또 포장하러 갈게요!,맛나고 친절해용 굿쟙,사장님 라떼 아트 하트가 조금 작아서 귀여웠어요. ㅋㅋㅋㅋㅋ 우유 거품 곱고 에스프레소가 진하게 느껴져서 맛있네요. ^^,맛있다ㅏ 너무 맛있다,오늘 연희동 가는길에 와플을 또 주문해서 왔네요~~살구치즈크림이 개인적으로 좋아해요~~아이들도 잘먹어요😊😊😊,사장님이 와플에 대한 설명도 잘해주시고. 자부심도 있으셔서 믿고 togo했는데 식어도 쫀득하니 맛있네요~ 미국에서 먹던 그맛 이상이에요~ 아침에 회사에 몇개 사들고 가서 나누어 먹어 볼게요~ 맛있게 잘 먹었습니다👍🏻,요앞을 지날때 와플 굽는 냄새나면 그냥 못지나가요ㅠㅠ겉은 바삭하고 속은 쫄깃한 벨지안와플이랑 쌉싸름한 커피  한잔으로 하루를 시작해요 오늘도 맛나네요 콜드브루도 맛있네요~ 네이버로 미리 주문하고 찾아와도 된단걸 오늘  알았네요ㅋㅋㅋ 넘 좋아요~~♡~~,집에서 마시는 고급진 커피~ 나만의 레시피로 즐길수 있어 너무 좋아요~ 자주 주문 할께요~,맛있음. 이제 배달도 돼서 배달주문할 예정,와플 진짜 쫄깃하고 맛있어요~,#연희동 #커피 #와플 지금까지 먹었던 와플 중 가장 맛있었요!! 커피도 수준급!!,와플 더할나위없이 맛있음. 평이 필요없는 수준,동네 커피중에 퀄리티 있는 집,내부 분위기는 괜찮으나 얼핏보면 카페가 있는지 모를정도의 외관이 아쉬움,"플레인와플도 담백하고 맛있지만 베리크림치즈와플과 살구크림치즈와플은 한수위다.크림치즈로만 먹는것보다,베리와살구쨈의 상큼하고 달콤함을 더해 함께 먹으니 더 맛있어요~~~",살구 크림치즈 정말 맛있어요 😭 최고최고,#반죽다되서 #포장 #냄새작살,매주 맛있게 먹고있습니다 500ml도 나오면 좋을꺼같아여!,와플 진~~~짜 맛있어요!!! 제가 먹어본 와플중에 최고의 맛이네요👍 커피랑 같이 먹으니까 너무 깔끔하네요^^ 계속 생각날거같아요~ 또 방문할께요^^,고소하기만한 아메리카노가 아니라 다양한 맛이 섞인 아메리카노라 맛있었어요.  연희동 근처에선 맛있는 커피인것 같아요~~  자주 올것 같아요.,서울 원탑 벨기에 와플 맛집,#연희동맛집 #레이지나인 #와플맛집 #가성비커피인데맛도좋음 #욤욤욤,만족합니다,가성비 굿굿  인생 와플+커피,#와플반죽중 #못먹어서아쉽,시원했어요,"깔끔. 고급진 맛 가격대비 풍미가 좋음 캬라멜로, 싱글오리진 둘다 타 카페보다 산미가 있음",#리에쥬와플,와플 맛집,ㄱ,굿,,,,,,,,,,,,,,,,,,,,,,,,,,,,,,,,,,,,,
아텐데르,1649668565.0,근처에서 식사후 연희동 골목길 탐색하듯 걷다가 조용히 아늑한 장소인듯하여 들어갔습니다. 그리 넓지않은 실내였지만 조용히 책읽는분도 계셨구요.가족들과 함께였던 우리가 방해가 되었을까요?생레몬티의 상큼함도 좋았고 적당한 진하기의 라떼도 맘에 들었습니다.,쌉싸름한 아이스아메리카노 맛이 꽤 괜찮습니다. 매장이 아담해서 조용히 사색에 잠기기에 좋고 둘이서 대화하면 담소를 나누기에도 좋습니다. 직원분도 꽤 친절하십니다.,아이스크림 브라우니 맛있고 사장님이 친절하세요 ㅎ 조용하고 혼자가기 좋은거같아요,커피가 너무 맛있어요! 한입 먹고 깜짝 놀라서 리뷰써요 ㅎㅎ,작지만 조용하고 좋았습니다 :),아덴테르 시그니처 카페 맛있어요~~ 쿠키도 맛있고 친절하게 가져다 주셔서 좋았어요!!,여기 딸기라떼 드셔야해요 진짜만든 딸기청인듯 딸기가 씹혀요 그냥 우연히 들어갔는데 조용하고 맛집까페 발견 ㅎㅎ  와플도 많이 주문하던데 담에 먹으러가겟슴니당,좋아요,👏,맛있어요,굿,굿,조용하고 분위기있는좋은차집이었어요,음료가 너무 맛있구 조용히 대화하기 좋은 편안한 곳이었습니다:),비가 너무 많이 와서 가까운데 간건데 좋은 선택이었다. 통창이라서 밖에 비로 고생하는 사람들 보면서 멍때리기 좋았다. 커피는 무난한데 이상하게 이날 이 커피 마시고 잠이 잘 안와서 좀 고생했다.,굿,좋아요,사장님 너무 친절하고 커피랑 와플이 정말 맛있어서 놀랐어요~! 다음에 또 올게요 ^^,👍,딸기라떼 시원하고 달지 않고 맛있어요!,ㆍ,아늑하고 조용히 얘기하기 좋아요,굿,시그니처 짱맛,굿,"매장도 꽤 넓고 커피,와플 다 맛있어용⭐️",라때아트이뻐요,브라우니 굿,맛있어요,시그니처 플랫화이트+크림 메뉴 맛있네요! 아메리카노보다 플랫화이트가 잘 어울릴 맛의 커피였어요 딸기주스도 딸기맛 잘 나고 부드러워 훌딱 금새 마셨습니다~,와 진짜 커피도 맛있고 와플도 너무 맛있어요!!!! 강추!,별로 친절하지 않으심 아메 맛은 평범해요 산미 보통,와플 맛있어요,늘 맛있어요👍🏻👍🏻👍🏻,좋아요,분위기 좋고 괜찮아요:),정성스럽게 좋은재료로 만든 음료 디저트들이 너무 맛나요~ 매일매일 가고 싶은곳,친절하시고 커피 맛있습니다.,친절하고 맛있어요~~,따뜻해요,좋아요~ 편안한 분위기에서 여유롭게 한잔 즐길 수 있는 곳입니다…^^,카페 분위기가 아기자기하고 이쁜데 거기에 커피랑아이스크림 와플이 맛있어요👍👍 와플맛집!!! 다음이 또 놀러갈게요 ㅎㅎ,아몬나주스 진짜 맛있어요!!!!! 든든해요,.,편안함을 주는 공간이여서 좋아요~^^,진짜 너무너무너무 맛있어요!!!!♥︎ 여기저기 다 소문내고싶은 커피맛 ㅜㅜ,조용해서 좋아요~~,생크림이 아주 맛있었어요 많이 주셔서 감사해요. 근데 빵은 좀 더 부드러웠으면 좋겠어요,날씨도 덥고 배도 고파서 좀 짜증났었는데 여기 딸기주스가 맛있다해서 주문했는데 와~~~ 여태 먹던 딸기주스하고 틀려요 ㅎ 너무 맛있어서 자꾸 생각나요ㅜ,👍🏻👍🏻👍🏻,🥰☺️👍🏻👍🏻👍🏻,👍🏻👍🏻👍🏻🥰😍,너무너무 맛있고 사장님이 친절하셔서 자주 가게 되는 거 같아요~,연희동에서 제일 맛있는 와플집이에요!! 매번 매장에서 먹다가 코로나 때문에 포장해왔는데 맛과 바삭함이 그대로 라서 행복했어요~ 포장도 정갈하고 예뻐요😊 감사합니다👍🏻,"원래도 맛있었는데, 요즘 유독  커피가 더더 맛있어여👍🏻👍🏻 넘나 행복♥",👍,딸기와플이 대박,ㅠㅠ이쁘고 친절하고 마싯어요,궁동산에서 내려오먼서 커피생각이나서 그냥 들어갔는데 실내는 넓지않은데 우드테이블에 아기자기 노랑소품이 화사한 느낌이고요 비엔나커피 맛있어요. 요며칠 맛없는 커피마셨는데 오늘은 제대로~,음료 맛있고 친절하세요,💚젤 맛있어요,"라떼, 와플 모두 좋았어요..^^ 무엇보다 공간이 주는 편안함이 있어서 좋아요~💕",조아요,처음 마셔본 아텐테르 시그니처 커피…^^ 다 좋았으나 코로나로 인해 테이크아웃해서 밖에서 마셨더니 추웠다는…ㅜㅜ 요건 아이스로만 제공되니 참고하시길~,커피 맛있고 분위기 좋아요,연희동에서 나즈막하고 아늑한 카페 찾으신다면 여기 추천드려요 깔끔하고 조용한 대화나누기 좋은 데이트장소였어요.,궁동산 산책후. 또 들림 비엔나커피 맛있어요,"아이스로 마셔도 커피가 진해서 좋았어요. 그리고, 애플시나몬와플 좋아요~😍",분위기 좋고 예뻐요!,늘 픽업해서 먹어요~맛있어요~,친절하시구 맛있어용,딸 데리고 궁뜰놀이터 이맛에 와요~^^,커피 정말 맛있어요!!👍,"커피도 맛있고 쉐이크도 맛있고 와플도 맛있고, 최애 카페💙 늘 감사합니다!",선곡이 좋아용,늘 맛잇습니다,최애 커피집~,사장님이 너무 친절하세여 커피맛도 좋고 굳,픽업 주문 하면 기다리지 않아도 되고  너무 간편하군요.  오늘도 역시 맛있었습니다💚💚💚💚,커피도 맛있고 너무 친절하세요 :) 아텐데르는 사랑입니다💙💙,조용한 카페. 커피도 괜찮고 좋았어요~,커피맛집,존맛탱 ㅜㅜㅜㅜㅜㅜㅜ 칼로리 폭탄이어도 매일 먹고 싶은 쉐이크 ㅠㅠㅠㅠㅠ 사랑합니다 아텐데르 💜,좋아요~ 편안한 느낌을 주는 공간이예요. 다시 방문하고 싶어요~^^,오늘도 역시나 너무나 맛있었지뭡니까 하트백개,친절하고 커피맛도 좋아요,이동네에서 커피 제일 맛있어요,서비스도 좋고 맛도좋음,아메리카노 굿굿굿,커피향이 너무 좋아요,잠깐 들렸는데 생자몽이 너무 연하고 금방 식어서 너무 아쉬웠어요,커피향이 좋아요,내 최애 커피집❤️,,,,,,,,,,,,,,,,,
다파올로,1020870727.0,"매장이 작지만 아늑하고 브리오쉬빵에 젤라또 넣어먹는 디저트는 처음인데 넘 맛있네요🥰 젤라또 2가지 선택가능 한데 바닐라, 헤이즐넛 꿀조합이었어요! 커피는 라바짜인데 세상에!! 넘 제취향이있었고요 저녁에는 커피 잘안먹는 데 향도 좋고 넘 맛있더라구요! 이탈리아젤라또라 그런지 쫀쫀하니 빵이랑도 잘어울리고 다른맛도 궁금하네...","찐 이탈리아 동네 가게 느낌의 노란 인테리어와 편안한 목재 테이블, 의자가 인상적인 젤라또 카페😍 유명 이탈리아 레스토랑에 딸린 가게라 브리오슈며 빵, 피자가 정말 맛있음. 수제 젤라또는 달지 않으면서 각각의 맛이 선명하게 느껴짐.. 이런 가게 울 동네에도 있으면 매일 갈 듯... 강추하는 연희동 카페","젤라또 진짜 좋아하는데 여기 수제젤라또 정말 맛있네요.. 커피도 맛있고… 진짜 전문점 느낌 모든걸 직접 만드신대 요. 2층에 이탈리안식당도 하시고, 쿠킹클래스도 운영하시던데 식당도 가보고싶어요💕 수제젤라또 맛집 꼭 가보시 길👍👍👍👍",브뤼오쉬+젤라또 너무 맛있어요❤️ 브뤼오쉬는 넘 바삭하고 젤라또는 수제라서 그런지 너무 쫀득하구 부드러웠습니다 ㅎㅎ 가게도 깔끔하고 분위기도 좋구 창가 쪽으로는 산 뷰라서 너무 좋아요🩷 다음에 또 방문하려구요!!,"커피, 브리오쉬젤라또까지 완벽!! 커피도 맛있고 빵이 담백해서 젤라또랑 찰떡이에요:) 피스타치오 젤라또는 여태 알던맛과 차원이다른 고급진 찐 피스타치오를 맛볼수있었어요!!! 잘먹고가요~",헤이즐넛이랑 바닐라 젤라또 먹었어용ㅎㅎ 아이스크림 향이 너무 좋아요! 헤이즐넛에서는 약간 카카오 향도 나서  맛있어요ㅎㅎ 바닐라에서는 꽃향기 같은 맛이 났어요! 둘다 고소하고 맛있습니다ㅎㅎ 그리구 꼭 아메리카노랑 페어 링해서 드세요! 혀끝에 남아있는 우유맛을 아메가 잡아줘서 엄청 깔끔해요 ㅎㅎ 강추입니다~!!,무아지경으로 먹다보니 다 먹었네요.. 젤라또가 너무 맛있어요 솔티카라멜과 헤이즐넛 초코조합 추천합니다. 연희동에 숨겨진 보물같은곳,맛있어요오오오!! 다파올로 젤라또도 직접 만들고 빵도 맛있구 커피는 진짜 너어어어어무 맛있어요👍 커피 맛집입 니당!!,"(분위기) 주황주황 상큼한 분위기의 매장내부와 고즈넉한 연희동을 느낄 수 있는 창밖풍경 (메뉴와 맛) 브리오쉬 젤 라또 : 100% 이탈리아 식재료를 사용해 만든 폭신한 빵과 부드러운 젤라또의 아주 완벽한 만남, 라바짜커피 : 커피 가 다른 카페와 달리 아주 부드럽고 향긋해서 커피까지 맛집!",다파올로 브리오쉬 젤라또 넘 맛있어요. 진한젤라또와 브리오쉬번이 잘어울렸그ㅡ 부드럽고 맛있었어요. 사장님이 천연 발효종 밀가루를 사용해서 부드럽고 소화가 잘된다고 설명해주셨어요:) 수제젤라또도 정말 맛있었고 브리오쉬번도 다른 어디에서도 먹을 수 없는 디저트라 특별했어요. 커피맛도 훌륭했어요!!,겉바속촉 브리오쉬번이랑 찐한 젤라또 아이스크림이 넘 찰떡이었어요~~ 커피도 고소하고 쓰지 않아서 좋더라구여:),맛있고 분위기도 좋아서 비오니까 더 운치있네요 창가에서 먹었는데 사장님도 친절하시고 만족스러웠어요!,여기가 이탈리아🇮🇹 암거나 주문해도 다 맛있네요🥳 시칠리아식 아침식사 먹으러 갔다가 완전 반했어요👍 이동네 로 이사가고 싶어요😭 브리오슈 빵이 씹을수록 고소하고 젤라또 피스타치오 추천해주셨는데 인공향 아니고 진짜 견과류 피스타치오맛 나요💚 스키아치아테 샌드위치도 따끈할 때 먹으면 천국의 맛!!!! 홈메이드 소고기햄이 ...,젤라또가 정말 쫀뜩하고 쫀쫀해요. 매장에서 직접 만드는거라 확실히 다르네요,처음 맛보는 이탈리아 디저트! 아이스크림 버거같은 수제 브리오쉬번에 젤라또가 들어가 있어요~ 이탈리아 식재료를 사용해서 그런지 젤라또도 맛있고 수제류 만든 빵도 맛있어요ㅋㅋㅋ특별한 디저트네요~~,커피는 기본으로 맛있고요. 브리오쉬젤라또라는 걸 처음 먹어봤는데 빵의 고소함과 쫀득하고 시원한 젤라또가 환상의짝꿍이라 신기했어요!!! 근데 젤라또 진짜 인생젤라또예요... 쫀쫀하고 달달하고 시원하고 완벽!,연희동의 보석같은 맛집! 정통 이태리 라바짜 커피와 디저트를 맛볼 수 있어요. 수제 젤라또 맛이 훌륭하고 브리오슈 번 자체가 퀄리티 높아서 시칠리아의 아침식사를 즐길 수 있답니다 :),제가 젤라또 정말 좋아해서 많이 먹는데 로마 트레비 분수 앞에서 파는 젤라또 보다 여기가 훨씬 맛이 부드럽고 고급 지네요:) 얼마전에 시칠리아 다녀왔는데 한국에서 또 이렇게 너무나 맛있는 시칠리아 아침을 먹다니♡♡ 커피도 쓴맛  강한 커피 아니구 정말 부드럽고 향이 좋은 커피에요♡ 완전 만족쓰..♡ 여길 왜 이제 알았담..🤭,와..브리오쉬 젤라또 진짜 맛있네요!~젤라또를 부드러운데 빵에 버거처럼 한입 베어 먹으니! 너무 달지도 않고 딱 좋아요!☺️ 날씨가 너무 더워서 아이스커피도 마셨는데 너무 맛있어서 앞으로도 자주 가려구요🤍,"조용한 동네에 어울리는 분위기 좋은 카페였고, 젤라또 넘 부드럽고 맛있더라구요! 요거트랑 커피맛으로 했는데 바 로 순삭 ㅎㅎ 사장님께서 바닐라 맛도 맛보여주셨는데… 바닐라가 찐이더라구요…😍 이탈리아 커피랑 어울리는  존맛 디저트였슴다🥹",주변 검색을 하다 우연히 찾은 곳 입니다. 2층의 이탈리아 레스토랑에서 디저트로 판매하는 젤라또 와 샌드위치를  판매하네요. ^^ 젤라또도 샌드위치도 맛있었습니다. 2층의 레스토랑도 가봐야겠어요.,젤라또들어있는빵은 처음먹어보는데 맛있네용 자리도 세자리만 있어서 나름?조용하고 대화하기도 좋네요,다 맛있어요!,젤라또버거 맛있게 먹었습니다~~!커피도 고소하니 맛나요~ㅎ,피스타치오 젤라또 진하고 맛있더라구요!! 브리오쉬랑 찰떡궁합입니다. 찐으로 발효된 브리오쉬였습니다. 발효빵  좋아하시는 분들께 추천드려요! 매장은 아담하고 편안한 분위기 였습니다. 동네에 있음 자주 갈 것 같아요:),브리오쉬 젤라또랑 커피 모두 맛있어요. 이탈리아 해변에서 먹던 그리운 그맛... 커피도 너무 좋아요. 사장님 친절해서 더 좋았어요!,빵도 맛나고 아이스크림은 어어엄청 맛나요! 이탈리아 커피도 매력적이에요!,조용한 분위기 맛있는 브리오쉬 젤라또 추천해주시는 맛으로 골랐는데 너무 잘어울렸어요,젤라또 맛나요,맛있어요!!!!! 커피도 맛있고 젤라또도 존맛탱!!!,여름에는 아이스크림 샌드 ㅎㅎㅎ  자구 생각나네요 :),다양한 맛의 젤라또가 맛이 있었습니다!,럼주로 만든 디저트가 맛있네요!,,,,,,,,,,,,,,,,,,,,,,,,,,,,,,,,,,,,,,,,,,,,,,,,,,,,,,,,,,,,,,,,,,,,,,,,,,,,,
하이파이,1567614341.0,연희동 38년 토박이가 인정한 동네 맛집! 강추입니다 먹고 반해서 동생도 데리고 가고 가족들도 드리고 입맛 고급이 신 고모도 인정하셨어요 좋아하는 곳 대표님이랑 직원분들드리려고 선물로 포장도 했는데 패키지도 이쁘구요 애정 하는 곳입니다 초당옥수수 아이스크림도 맛난데 사진을 못찾았어요 먹으면 행복해지는 맛난 파이랑 아이스...,"하이파이 파이는 다 맛있어요! 여름철 초당옥수수아스크림도 시원하고 맛있어요. 작년 아이스크림이 조금 더 달달던 거 같은데 올해 아이스크림은 옥수수맛, 단맛 모두 옅어진 것 같네요",역시나 ! 하이파이 최고네요. 찐찐찐 옥수수 먹는 느낌이에요 :) 아직 못드셔보신 분들 꼭 드세요!!,밤파이가 맛있어요!,초당옥수수 너무 맛있어요 :),작년에 초당옥수수 하실때부터 오고 싶었는데 ! 진짜 레전드네요 .. 조온나 맛있어요. 눈물나게 맛있네요 ㅋㅋㅋㅋㅋ 또 먹고싶습니다 ..,뽐므 맛있어요♡ 바삭한 파이지에 적당한 단맛의 사과조림... 아는 맛이 무섭네요,맛있어요!!,사실... 생각보다 비싸서 헉 했는데 먹자마자 기절했어요 너무 진하고 맛있는 옥수수...ㅠㅠㅠ 옥수수 좋아하시는 분들 꼭 가시길 바랄게여...♡ 옥수수도 큰 걸로 올려주셔서 감사함니다...🍦🌽,맛있어요  또 가고싶은곳,초당옥수수 아이스크림 달달하고 정말 맛있습니다,쇼숑오뽐므 아주 좋아하는데.. 앗🙈 정말 바삭하고 버터리한 맛과 식이 깜짝 놀랐어요 뭔지 모르지만 완전 다른 식감에 맛이 너무 좋았습니다!👍립파이도 역시.,여름이 가기전 꼭 맛봐야하는 아이스크림,:),요즘 소시지파이 완전 홀릭중입니다♥️ 주변에 선물한 것도 다 호평이었어요. 한정메뉴가 아니라 너무 다행입니다,새로운 메뉴가 나와서 총총총~ 초당옥수수의 진한 맛을 기대했는데 제입에는 그냥 옥수수맛이었어요.달달한 초당옥수수맛이었다면 좋았을텐데 뭔가 아쉬운 맛이어서 슬펐습니당.,비싸기만하고 맛은 별로ㅠ,애플파이 맛있어요,새로운메뉴가 출시되었다고해서 오픈런했어요:) 모닝커피와 함께하는 따뜻한 소세지파이는 감동그자체입니다 하 이파이는 사랑입니다🫶🏻🫶🏻 최고로 번창하세요🫰🏻,소시지 파이 맛있당! 살짝 매콤한 소스와 옥수수 조합 좋고 빵의 풍미 역시 좋음!  벚꽃 파이는 체리맛이 진해서 특별했는데 나머지 앙금들의 맛은 약해서 무슨 앙금인지도 잘 모르겠음,샤베트같은 식감!옥수수 많이 들어있당! 옥수수가 얼어있음,쇼숑 오 뽐므 드디어 먹었습니당! 동봉해주신 안내대로 에어프라이어에 데워먹으니 바삭하고 맛있었어요!,좋아요 좋아요,밤파이 사러갔다가 계절이 이니라 가을부터한다네요 애플파이랑 쏘시지빵만 시왔습니다 맛은 있지만 문닫는날이  많아 잘 보고 가야 헛탕 안칩니다,디저트맛집 굿굿 !,맛있다는 말이 왜 나오는지 알겠는 곳👍🏻 바삭한 파이지에 버터향이 정말 좋구요. 적당한 달달한 파이 속이 더 좋았 네요! 그리고 냉침한다는 아이스티도 사왔는데 은은하니 깔끔해서 맛있네요!,"하이파이 이곳은 정말 파이가 짱인곳. 애플파이 너무 맛있고, 밤파이도 완전 짱이었다.  이번에 나온 빨미카레 도 좋았는데 이건 나름의 기호가 있을 것 같다. 파이지가 빵집마다 달라서 어느 빨미카레의 파이지를 좋아하는지에 따라서. 여튼 시즌메뉴나올 때 마나 맛있게 먹고 있는 곳",좋아요,적당해요..,연희동 하이파이 마론파이 맛있어요 밤이 실하게 들어있고 많이 달지도 않고 겉바속밤 너무 맛있습니다 가격도 비싸지 않아 가성비도 아주 좋은거 같아요,파이 원래 많이 못먹는데 여기는 바싹하고 고소해서 여러개 먹을 수 있어요 쇼숑오폼므에 아이스크림 올려먹음 최고에요,밤파이 정말 맛있당! 버터풍미 너무 좋고 밤도 엄청 많이 들어있고 달지 않고 딱 맛있음,왜 리뷰가 좋은지알겠네요. 너무 달지 않고 고급스러운 맛이라 좋았어요. 애플파이랑 마론파이 먹었는데 특히 마론파이 안에 밤이 한가득이라 좋아요.,마롱파이 & 애플파이 & 립파이 (포장) 마롱파이가 최고!!,진한 버터향 가득한 파이류 정말 최고예요👏🏻👍🏻❤️,뭘 고르더라도 진짜 사과파이나 밤파이는 꼭 포함해서 사는걸 추천합니다 너무 맛있고 선물용으로도 좋아요 맛있 게 잘 먹었습니다,초당옥수수파이😍👍🏻🤭,먹어본 빨미까레 중 최고!,파이류는 말할것도 없이 너무 맛있어요 그런데 제가 생각하는 여기 히든 메뉴는 아이스티 같아요! 진짜 은은한 잔향이 너무 좋아서 3주 연속 사러 갔네요ㅠㅠ,직원분이 참 친절했어요,아니 대박 진짜로 너무 맛있어요 미치겠네 맨날 먹고싶어,파이가 맛있구 아이스티도 패키지며 맛이 좋아요~,"요거 1개에 6400원이지만, 음청 맛있었다.  안에 밤이 달지않고, 밤의 맛 그대로 였고, 중간에 퓨레가 있어서 파이의 맛과 밸런스를 잘 맞쳐 주어서 다시 먹고 싶은 맛이다.",결이 살아있는 파이가 맛있어요,"진한 버터 풍미... 사아각 씹히는 사과 겹겹이 바삭한 페스츄리 감동적인 맛이에요 흑흑 6,200원이 순식간에 사라지 는 매직",친절한 사장님의 사랑스러운 파이♥ 얼마나 수고스럽게 만드실지 느껴져용 감사한 마음으로 먹는답니다 그치만 1 초컷 ㅠㅠ 너무맛나요 ㅎㅎ,"하이파이는,사랑입니다🤎 시즌별로나오는쿠키도,감동 #인생쿠키#쇼숑오뽐므#진짜최고",밤파이 너무 맛있어요,굿,밤파이와 사과파이 강추예요!,립파이 맛있네용:),마론파이.쇼숑 사과파이 정말정말  맛있어요~다음에 또 사러 가야겠어요!,여태 먹어본 빨미까레 중 최고였어요 .. ♡,옥수수아이스크림 먹으러 갔는데 옥수수 가득하고 맛있었어요 :-) 예전에 파이도 먹었는데 하이파이껀줄 몰랐어요.. 결론은 빵도 맛있다!,너무맛있어요!!,"밤파이, 사과파이 둘 다 맛있어요!",정말 맛있어요… 선물하기도 좋습니다!,마롱파이 애플파이 너무 맛있어요! :),"애플파이 맛있어요!! 사과조림이 엄청 맛있,, 가게 조그맣고 귀여워요. 테이크아웃 매장이에요.",처음 갔는데 너무 맛있었습니다! 연희동가면 꼭 갈게요!!!😄,초당옥수수 아이스크림과 파이가 유명한 곳. 아이스크림은 우유맛이 진해서 취향은 아니었는데 한 번 쯤 사먹기 좋아요 빵 가격은 살짝 비싼 감이 있어요🥹,포장만 가능한 프랑스파이집이에요:> 구매할때 하나하나 정성껏 설명해주셔서 좋았고 파이 맛도 너무 훌륭해요! 개인적으로 초당옥수수파이 추천합니당,맛있어요!,"파이도 초당옥수수아이스크림도 너무 맛있어요. 쇼숑오뽐므(애플파이), 초당옥수수파이, 밤파이 다다 맛있어요. 계절마다 찾아가야하는 곳!",맛있어요,평소에 사과파이 좋아해서 검색해보고 매장에 찾아가봤어요. 맛있게 잘 먹었어서 남은 금요일 오후가 한결 쉬웠어요.,애플파이 맛집,사과파이 맛집입니당,매장은 정말 협소해서 포장만 가능하지만 나쁘지 않아요,"맛있긴 했지만 가격이 너무 비싸다고 느껴졌다. 인스타에서 보고 궁굼해서 방문한거지만 두번 방문할 만큼의 메리트는 없음. 앉아서 먹고 갈 수 있는 공간이 있다면 이 가격 합당하다고 생각이 들텐데, 포장만 할 수 있는데 파이 하나가 6800원 한다는게 이해가 안감. 그 정도 맛도 아니었음.",아이스크림 진짜 맛있어요 눈 번쩍 뜨이는 맛💛💛,마롱파이 더 오래 먹고싶어요ㅠㅠ,메이플립파이 바삭바삭완전맛있어요-ㅎ 근데 옥수수아이스크림은 시즌아웃이라 그점은 아쉽ㅠ 다음번에시즌아웃되기전에 마롱파이털러갈께요-ㅎ,자그마한 매장인데 분위기가 좋고 친절하세요 다만 아이스크림은 호불호가 있는 맛입니다,"동백꽃 아이스티, 검은깨스틱, 초당옥수수파이, 초당옥수수 아이스크림 🌽 다다다 맛있어요 ! 근데 결제금액 보면  🥲🥲 제 기분 쪼끔 비싸다는 느낌적이 느낌","초당옥수수파이, 초당옥수수아이스크림 맛있어요!! 쇼숑 오뽐므로 유명하지만 다른 메뉴도 맛있는 곳이에요. 테이크아웃 전문점이라 아쉽지만...",초당옥수수 4계절 내내 나오면 좋겠다🌽 조금 많이 달콤한편! 검은깨스틱이 요물이니 꼭 꼭 사야됨🥖 담백 바삭 계속 먹을수 있어🦫,포장만 가능하지만 파이와 음료 둘 다 맛있습니다.,"초당옥수수파이 넘모 맛이짜나요 ㅠ__ㅠ 더살걸그랬어,,, 쇼숑 오 뽐므(?) 요거 솔드아웃으로 못사서 너무 아쉽네요🥲",많이 달지 않고 고소해요! 🫶🏻,초당 아스크림 맛있어요,와 쇼숑오뽐므......이거....정말 물건.... 엄청 복합적인 맛이 나요!!!! 무조건 또 가야딩,검은 깨스틱 맛있어요,아이스크림 나왔길래 먹어봤는데 넘나 맛있어요🌽🖤,꼬소해요~,옥수수 아이스크림과 옥수수파이라니 맛없없 조합이죠ㅎㅎ,진짜 맛있어요,맛있구 친절하세용,파이가 아주 바삭하고 플랑이 달콤하게 맛있어요,지나가다가 발견해서 사과파이 하나 사봤는데 무난무난한 사과파이였어요! 다음번엔 다른 파이도 먹어보고 싶어요,최고에요,굿,벚꽃봄파이 구매하려고 방문했어요~ 파이가 맛있어요~ 매장은 작은편입니다,좋아요,콘파이 짱이예요 사장님도 너무너무 친절하셔요!!,파이도 맛있고 포장도 너무이뻐서 선물하기 좋아요!!,좋아요,굿,사과파이 너무 맛있었어요❤️❤️사과조림 진짜 듬뿍 들고 파이지는 바삭해서 맛있더라고요.,근래 먹은 파이 중에 최고입니다!!,굿,키슈 바삭바삭하니 너무 맛있었어요,굿,맛있어요,너무 맛있어요!!!!!,택배로 립파이 맛있게 먹었고 봄파이랑 플랑바니유도 너무 맛있어요🥺,믿고먹는 애플파이인데 다른파이도 너나할것없이 다 맛있음 ㅠㅠ 가까우면 반드시 매일 갈 파이집 ㅠㅠ 연희동 가 면 꼭 가야함 이건 마치 인생파이! 파이 한입에 가득한 속재료와 버터의 풍미로 행복해짐,,,
베리굳베이글 연희점,1487649314.0,할라피뇨와 시금치 베이글을 시켰는데 진짜 쫄깃하고 맛있었어요!! 강추강추 ㅜ ㅜ 테이크아웃으로도 엄청 사왔어요. 씹는거도 부드러우면서 쫄깃한 맛이 정말 좋아요🤤🤤,포장만 하다가 처음으로 매장에서 먹어봐요! 연희동 최애 베이글 가게예요! 베이글을 원래 좋아하는데 넘 좋은 반죽의 식감에 다양한 맛이 준비되어 있어서 좋아용 전 메뉴 거의 다 섭렵해갑니다ㅋㅋㅋ 매일 먹고 싶은 맛이에요…,눈여겨 보았던 덴데 드디어 가보았네요. 화덕에 굽는 쫄깃한 베이글이였어요. 크림치즈는 엄청 진하네요👍🏻 식어도 맛있었어요.😋,맛있는데.... 너무 품절이 빨라서 먹기가 힘듦...ㅠㅠ,"계단 아래에 위치한 베이글집이에요. 카야버터베이글 진짜 맛있구 냉장고에 하루 뒀다먹었는데도 맛있었어요. 계속 생각나네요ㅠ 바질을 좋아해서 바질크림치즈도 구매해보았는데 사장님의 친절함에 감동했어요. 베이글 자체는 쫀 쫀, 쫄깃해요 제가 좋아하는 식감이라 좋았습니다. 바질크림치즈 발라먹으니 행복한 식사가 되었어요. 베리굳...","밀도가 높은 베이글은 아닌데, 또 나름쫄깃함이 있어요. 버터솔트는 버터가 중간에 들어가 있는데 크리미하게 크림 화 되어있는 맛, 할라피뇨 맛은 살짝 매콤, 개운한 맛. 이에요. 카야 쨈 들어긴 건, 엄청 단 느낌은 아니고 나름 맛있 어요. 다음엔 다른맛 먹어봐야 겠어요",햄치즈샌드위치 내용물 알차고 맛있어요! 시금치치즈랑 올리브베이글도 쫀득하니 맛있더라구요. 앞으로 종종 가야 겠어요!! 바빠서 포장해서 갔는데 매장에서 취식하면 따뜻하게 데워주시는 건지도 궁금하네요.,연희동 베이글 맛집으로 입소문난 베리굳베이글. 정통베이글과 요즘 유행하는 쫄깃한 베이글이 잘 융화된 느낌의  식감이었어요 카야버터 베이글 먹었는데 맛 괜찮았어요! 손님도 많고 베이글도 많이 팔리는 것 같던데 연희동 놀러 오면 포장해가는 것도 좋을 것 같아요😁,갓 나온 빵은 진짜 대체불가입니다..! 🔥,바삭하고 쫀득한 식감이 나는 시금치 베이글~ 개인적으로 베이글에 플레인 크림치즈 발라 먹는게 젤 맛있어요! !  요긴 더치커피 밖에 없는게 아쉽네요ㅠㅠ,베이글 거기서 거기라고 생각했는데 베이글 진짜 쫀득가리고 맛있네요,발효가 잘되어 화덕에 구워진 쫀득한 베이글이예요~ 정말 맛있구요! 다만 크림치즈 베이글은 크림이 좀 역한느낌 이라 우유크림이면 더 좋을 것 같아요…크림치즈향이 좀 많이 강해요… 크림 양도 좀 줄여도 될듯요! 그래도 꼭꼭 재 방문하고 싶은 맛있는 베이글이예요!👍🏻,베이글 맛있어요 빵이 부드럽고 쫄깃해요 개인적으로는 햄치즈보다 하몽루꼴라가 더 맛있었어요,외관이 눈에 잘 띄진 않지만 오히려 진짜 미국 베이글집스러워서 뭔가 싶어 들어가봤다. 들어가니 아늑한 인테리어에 배가 고프지 않아도 하나 꼭 사올 수밖에 없는 베이글의 미친 비주얼.. 먹어보니 엄청 쫀득한 식감은 아니고 오히려 밀도 높은 일반 빵처럼 퍽퍽에 가까운 편인데 흠 왜케 맛있는데. 또 갈 것임,연희동 산책하다가 발견한 베이글 가게예요 참나무 작장이 있고 큰 화덕이 있어요 화덕에 구워내는 베이글이에요  갓 나왔을때 먹어보고싶어요,생각보다 더 쫄깃하고 포근하고 맛있어요. 카야버터베이글 저렴하고 좋아요,VGB,베이글에 촉촉하네요,오랫만에 갔는데 맛있어요👍,"코끼리베이글처럼 쫄깃한 맛이에요. 좀더 큰 대신 속재료는 좀 적은 느낌? 그래도 접근성도 좋고 맛있어서 자주 갈 것 같아요! 시금치, 플레인, 솔티초코, 선드라이 이렇게 사봤는데 오늘은 시금치가 제일 맛났어요!",진짜 찐맛탱.. 너무 맛있어서 두번째 방문! 카야버터베이글 진심 최애베이글입니다.. 진짜 진짜 달달함 고소함 쫀득함. 플레인베이글은 코끼리 베이글이랑 비슷해요 ㄴㅓ무너무 맛있어요!!!,베이글 맛나요,루꼴라 들어간 하몽 베이글샌드위치 맛있어요 빵쫄깃 사과쨈이 들어있어 좀 달달..브라우니가 꾸덕꾸덕 멋있어요,베이글이 맛있어요,일단 베이글이 존맛입니다… 진짜 어떻게 이렇게 맛있죠….? 매장도 예쁘고 사장님도 친절하신데 걍 베이글이….. 존맛… 진짜.. 먹고 쓰는데 또 먹고싶어요……,베이글 너무 쫀득하고 맛있어요,"🚨인생 베이글집입니다.🚨 이 베이글집 모르는 사람 없었으면 해요🤤 베이글 찾으러 런던베이글뮤지엄, 니커버커 베이글 등등 서울에 유명하다는 베이글집 다 다녀봣는데 결국 이곳으로 정착했네요. 화덕에 구워 빵의 결이 살아있 고, 그냥 기본 베이글이 맛있으니 뭘 넣어도 다 맛있네요. 매장에 들어가면 보이는 화덕이랑 고소한 빵냄새가 ...",베이글이 너무 맛있습니다 !! 일산점만 이용해봤는데 가까운 연희동에도 베리굳베이글이 생겨서 좋네요 직원이분이 너무 친절하시고 오픈 초반이라서 그런지 서비스도 챙겨주셔서 너무 감사합니다 또 가고싶은 기분좋아지는 그런 곳이네요!!,베이글 쫄깃하고 저 하몽루꼴라베이글 특히 넘 맛있었구 사장님 넘 친절하세용 안에 자리가 쪼그만게 있어서 앉아서 먹고 갔는데 서비스로 사과주스 주셔서 기분 좋았음😀,카야버터 강추우우우~,베이글집 생겼다해서 다녀왔지~ 너무 맛있어서 깜짝놀랐고 계속 먹고싶은 생각 연어샌드위치에 소스 많이 발라주 세요~ 넘 맛있었어요 에브리띵베이글이랑은 다른맛,"플레인, 버터, 카야버터 세가지 주문 플레인은 이미 먹어서 배속에~ 옆집에 새로 생긴 베이글집이에요. 일단 식감이 쫄깃해서 츄잉이라는 단어가 잘 어울립니다. 쫄깃을 넘어서 좀 질긴 느낌도 드는데 두툼하면서 맛이 좋습니다. 보 통 차갑고 딱딱한 버터를 넣어서 이질감이 드는데 여기 베이글에는 적당히 부드러운 버터가 들어있어 좋구요....",강아지들과 아침산책길에 방문하는 맛집입니다 :-) 자다가도 아침이 기다려지는 베이글맛!!!! 사장님 너무 맛있어요!! ! 연희동 주민의 특권!!!!! 맛있는베이글 감사합니당!!!!,"매장 넘 예쁘고 어제 구입한 베이글 모두 넘 맛있었어요~겉은 살짝 바싹, 속은 촉촉, 담백한 맛 까지 모두 넘 만족스러웠어요~ 담에 또 들릴게요👍",진짜 맛있습니다... 꼭 먹어보세요..!,베이글 쫄깃하고 맛있어요,쫄깃 말랑 맛있어요,베이글가게 생긴거알고 진즉 가보고싶었는데 간혹 일찍 문이닫히는걸알고 배부른데 지나가다 얼른들어가서 테이크아웃 했습니다 유명한 베이글가게를 다 다녀본 저로써는 매우 만족스런맛이였습니다 바질치즈도 너무 맛있었고 베이글도 정말 고소하고 맛있었어요 단골 예약입니다,보통,베이글 맛 좋아요,자꾸 생각나게하는 베이글 맛집이예요,새로오픈한곳이라 가봤어요 특별한베이글들 맛있어쇼,베이글 맛집..최고예요ㅠㅠ 넘나리 맛닜어요,버터쏠트에 쏠트없는ㅠㅠ,오픈하고 벌써 두번째 방문입니다 👍🏻 일산에 있을때 넘 멀어 자주 못갔는데 집 근처에 생겨서 너무 행복해요오 💓 베이글 진짜 쫀득하고… 너무 맛있습니다. 사장님도 넘 친절하세요!,커피 마시려고 들어갔는데. 자리가 협소해서 베이글 사서 나왔는데 너무 맛있네요 베이글사서 스프에 찍어 잘 먹었어요,얏호 베이글도 엄청커요,와 여기 브라우나 수제로 만드신다는데 정말 맛있네요~ 베이글집인데 브라우니도 맛집 인정!,맛있어요~,쫠깃쫠깃 너무 맛있어요!,맛있어요 진짜,평범스,그냥 별다를것없는 베이글~,맛있엉ᆢㄷ,나만 알고 싶은 동네 맛집,맛있어요!!!,맛있어요,맛있어요❤️❤️❤️❤️❤️,좋아요,굿,,,,,,,,,,,,,,,,,,,,,,,,,,,,,,,,,,,,,,,,,,,,,,,,,,
벨르아티,1173068712.0,"짜이 밀크티, 우롱 밀크티 마셨는데 제가 마셔본 밀크티 중 가장 맛있었어요!!! 😋 짜이 밀크티도 향이 인위적으로 강한 게 아니라서 호불호도 없을 것 같아용 밀크티 좋아하는 분들이라면 꼭 방문해보세요!!🧋🧋🧋🧋 그리고 매장 도 깔끔하고 아늑합니당 깨끗한 화장실도 내부에 있어서 좋았어요 그리고 무엇보다 사장님이 넘 친절하십니...",사장님 너무 친절하시고 귀여우세요~ 보이 밀크티 마셨는데 너무 맛있어서 보틀로도 하나 구매함요 🥹 다음에 또 갈게요🤍🤎,3번째 방문! 보이밀크티는 단연 최고의 선택!,가게 열자마자 왔다가 여기 밀크티가 계속 생각나서 밀크티 좋아하시는 친구 데리고 와서 검증 받았어여..  직원분이 진짜 차에 진심이세요 이것저것 물어봐도 다 친절하게 답해주세요!🫶🏻🫶🏻 단골각 재고 있는 아끼는 카페입니다😻♥️,"요즘 같은날씨에는 따뜻한밀크티 한잔 연희동에 오면 자연스럽게 필수코스가 된 벨르아티 밀크티 초짜여도 취향에  맞게 준비해주는 섬세함, 다음에 또 올게요! 힐링하고 갑니다!",인생 밀크티 맛보고 왔어요!! 주문 즉시 밀크티 만들어 주시는데 과정을 보고 있으니 눈으로 마시고 코로 마시다 마지막에 입으로 맛볼 수 있어요..❤️친절하고 밀크티 전공하신 것 같은 사장님까지 계셔요ㅎㅎ찐맛집으로 추천해요!!,,,,,,,,,,,,,,,,,,,,,,,,,,,,,,,,,,,,,,,,,,,,,,,,,,,,,,,,,,,,,,,,,,,,,,,,,,,,,,,,,,,,,,,,,,,,,,,,,,,,,,,,
에스페란자 로스터즈 연희점,1162955947.0,귀여운 강아지가 있어서 좋았어요,클로징이 5시30분. 너무 빨리닫아서 아쉬운 홍연길 최애카페. 어쩐일 6시가 다 되어가는데 열려있는걸 보고 또 저녁식전인데 식구들 커피까지 테이크아웃. 에스페란자 로스터즈 닫으면 정말 불안할정도거든요. 조금만 더 늦게까지 열어주신다면 흑흑,커피에 진심인 곳 다양한 커피가 있어서 좋아요,맛있어용,원두사러 항상 가는 곳이에요 여기 원두 정말 좋아해요 최애입니다  자전거 타고 가야해서 부탁드렸는데 테이핑 정성스레 해주셔서 잘 싣고 갔어요 감사해요!,커피가 맛있는 곳..!,굿,굿,좋아요,굿굿,너무맛있어요,굿,후기보고 갔는데... 제 입맛엔 원두가 너무 별로였어요.,드립커피 샀어요~ 좋아요~~^^,아직 여기만한 원두맛집을 보지 못했어요! 늘 맛있는 커피와 따뜻한 응대 감사해요🥰,홍은동에 위치한 분위기 좋은 아늑한 카페,두유라떼도 맛있지만 디카페인이 맛있는 카페,동네에서 괜찮은 카페 찾기 힘들었는데 공간도 좋고 특히 카푸치노나 수제청귤차 맛있어요,^^,"원두를 직접 볶아 판매하는 카페입니다. 동네에서 커피맛에만 집중하는 몇 안되는 카페입니다. 좌석이 적어 테이크 아웃 추천하고 원두는 홍제천을 사이이 두고 건너편 ""에스페란자 로스터즈""라는 카페에서 볶아요. 이알커피하고 에 스페란자로스터즈하고 아마 관계가 있는 듯요!",커피를 정말 좋아하고 취향도 뚜렷한편인데.. 홍제천 근처 카페중 가장 맛있다고 생각해요 아메리카노도 원두를 고를수 있어서 좋구요 테잌아웃하기에 사알짝 망설여지는 가격인데 입맛에 맞아서 자주가요 스탬프제도라도 있으면 좋지않을까 싶습니다ㅎ 원두를 사면 커피한잔을 주시네요 맛있습니다 !,고소한맛이 정말 맛있어요 사장님이 너무 친절하세요~,좋아요,맛있어요,에스프레소 맛집,신선한원두를 그때그때 갈아주시고 아메리카노도 주십니다 최고에욤!,두번째 구매입니다 원래좋아하던 시다마로 내려보려고요 원두향이 어마어마하네요 친절하시고 원두도좋고 커피도맛있어요!,"여기 커피 너무 맛있습니다. 근방에서 최고 커피 맛집이에요! 일부러 찾아가게 되네요. 다만 테이크 아웃하면 할인해주시면 좋을텐데, 매장 내에서 먹을 때랑 가격이 같아서 그게 조금 아쉬워요ㅜ",동네커피 넘 맛이썽요 라떼맛집,커피를 좋아하는데 디카페인으로 마셔봤어요 좋네요,맛있는 커피 친절한 사장님~,비싸고 양적고 주인여성 찡그린얼굴로 응대. 다신 안가고 싶은 곳,홍연길 강자,분위기도 좋고 커피 향도 좋아요,커피도 맛있고 친절하심! 원두 구입하면 커피 한잔 서비스!,친절하고 느낌 좋은 커피향 가득한 집이예요,분위기좋고 커피도 맛좋아요,커피맛 좋아요.,.,좋아요.만족합니다.,달고나라떼 먹어본것중에 최고,커피도 맛나고 사장님도 친절하심👍,,,,,,,,,,,,,,,,,,,,,,,,,,,,,,,,,,,,,,,,,,,,,,,,,,,,,,,,,,,,,,,,,,,,
그레인서울,1413655852.0,특별히 특별하네요. 신선한 재료에 건강한 식단이 저에게는 너무 좋았습니다. 손님 대부분이 외국인이구요. 분위기도 좋지만 그림 작품이 전시되어 있고 거래도 가능한 특이한 카폐여서 가까우면 자주 가고 싶어요. 음료와 스무디도 과일 채소를 그대로 갈아서 건강한 식사 시간이었습니다. 연희동가면 꼭 또 가야겠어요.^^,건강식인데도 이렇게 맛있다니~~! 오트밀팬케익과 버섯오픈샌드위치 진짜 맛있었고 노슈가 오렌지 주스도 좋았어요 직원분들도 친절하셔서 기분 좋은 식사했습니다,뭔가 한국에서 외국 브런치나 조식을 먹는 듯한 느낌이에여. 완전 건강식이에요. 재료도 신선하고 신경을 많이 쓴 느낌이에여.,메뉴4가지 시켰는데 다 너무 예쁘고 맛있어요!!!,이사하기 전 그레인에도 자주 갔던 사람입니다! 음식을 자기 취향에 맞춰 주문할 수 있어서 좋아요. 이제 겨울인데 매장이 좀 춥네요. 음식도 빨리 식고 공기가 쌀쌀해서 손끝이 시렸어요ㅠ,평범했지만 따듯했습니다 !,몸이 건강해지는 브런치예요.^^ 아이가 토마토슾을 너무 잘먹었어요. 직원분이 너무 친절하시고 만족스러운 브런치  입니다. 잘 먹고 갑니다~~,호텔 조식 먹는 듯한 느낌이었어요! 팬케이크도 맛있었어용😁,건강식으로 아이 데리고 오기 좋은 곳이네요. 사장님도 직원분들도 엄청 친절하시고 빵도 맛있어서 다음에 꼭 다시 오려고요!,외국 손님들이 많아요! 단 1인 1음료라ㅠ 두명이서 브런치 두개 시키고 음료 두잔까지 시키면 전셋값 나와요. 양도 적지만.. 맛 자체는 슴슴하니 괜찮습니다,ㅋㅋㅋ 두번째 방문. 시키다보면 6개를 선택하게 되네요 ㅋㅋㅋ,골라먹는 재미가 있는 그레인서울! 맛있어요.^^ 브런치로 최고예요^^,연희동 구석에 위치해 있는 그레인 서울 서양식 건강밥상? 느낌이에요 ㅎㅎ 시그니처는 종이에 먹고싶은 메뉴 체크 를 하면 됩니다. 네개 다섯개 여섯개 체크 할수 있고 물론 단품 메뉴들도 있습니다. 주차는 건물 뒤에 하면 되는데 초보자들은 어려울수 있습니다. 차 못 빼서 낑낑 거리는시는 분 봤어요. ㅎㅎ 외국인들 손님분들이 꽤 많고 젊...,좋아요. 강아지동반가능하구요. 친절하시고 골라서 시킬수 있어서 좋습니다.,음식도 맛있고 넓고 쾌적해요,좌석의 불만이 있음에도 제대로 된 클레임을 걸지 않으니 변경해주지 않음. 음식 자체는 괜찮으나 음식만 시킬수 없고 음료까지 시켜야 하는데 그럼 가격이 2인 5만원 정도 나옴. 이럴 바에 그냥 더 괜찮은데 많다 생각함,아침 일찍 오픈하는 브런치카페. 주택을 개조해 층고가 높아 공간이 시원하고 브런치를 원하는 대로 주문할 수 있다. 오트밀 팬케잌은 부드럽고 건강한 맛. 뒷 편에 주차도 가능하다.,"모처럼 친구들이랑 모였는데 직원분들이 너무 친절하시구, 음식도 맛났어요!🤍",메뉴 골라서 먹을 수 있어서 너무너무 좋았어요. 외국인분들 정말 많이 오시더라구요. 재방문 의사 100%입니다. 다만 1인 1음료를 시켜야 하는 부분이 아쉬웠어요. 1인1메뉴였음 좋았을텐데..ㅎㅎ,건강식인데 너무 맛있어요!!,"원래 연남동에 있던 곳인데 연희동으로 옮겨서 새로 가오픈했다는 소식을 듣고 방문했어요! 새로 생겨서 깔끔하고, 원하는 조합으로 브런치메뉴뉴를 만들 수 있어서 좋아요! 4개 선택은 12000원, 5개는 15000원, 6개는 18000원으로 나뉘어있어 가볍게 드시고 싶으신 분들도 부담없는 것 같아요!! 미리 연락을 해보니 소형견은 케이지나 댕카...",별로요,음료도 브런치도 신선하고 맛있었어요. 가격대는좀 있지만 또 갈 거 같아요,그레인 JMT❤️ 집에서도 이렇게 좀 챙겨먹어야겠다는 생각도 들게하는 든든함☺️,🫶🏼🫶🏼🫶🏼,커피 맛집이네요 넘 쓰고 진하지 않고 적당하면서도 깔끔해요. 외국인이 진짜 많아요. 90%가 외국인 유학생느낌.. 생각보다 음식도 엄청 빨리 나오고 친절합니다.토마토보리스프와 구운 빵 맛있어요,굿,예전에 연남동에 갔었는데 여기로 옮겼뷰봐요~ 선택할수 있어서 좋고 맛있어요^^,만족스러운 브런치를 경험했어요~,"나만의 브런치로 요리를 4~6개 골라서 먹는 메뉴가 있어서 좋았어요:) 저는 사워도우, 홈메이드 요거트, 소시지, 스크램블로 주문했는데 진짜 다 맛있었어요✨",너무 맛있어요!,미국 가정식이랄까~ 과장되지 않은 맛이 좋아요. 동행의 표현에 의하면 가격 빼고는 다 만족스러운 식사였답니다. ^^,역시..그레인..,굿,ㄱㄱ,브런치 먹기 좋아용 ㅎㅎ 그리고 다들 친절하세요 ☺️,브런치 맛집,,,,,,,,,,,,,,,,,,,,,,,,,,,,,,,,,,,,,,,,,,,,,,,,,,,,,,,,,,,,,,,,,,,,,,,,,
퍼스트바이쓰리,1437596761.0,커피가 너무 맛있어요! 바로 앞이 홍제천이라 밖을 봐도 예쁘고 탁 트였고 인테리어도 너무 예뻐서 안을 봐도 눈이 즐겁습니다🙂 좋은 노래들이 끊임 없이 나오고 친절하신 사장님과 직원분들 덕에 오래 오래 편하게 있을 수 있어 자주 오게 됩니다. 리뷰는 처음이지만 저에겐 여기만큼 편안한 카페가 없는 것 같아요👍🏻 그리고 여기의 최대 ...,"창가 앞 홍제천 뷰가 멋진 감각적인 카페. 공간지훈이 인테리어를 담당해 수직이 돋보이는 공간에 귀여운 댕댕이도 있어 눈이 행복했어요! 커피나 음료, 디저트 퀄리티도 좋은 편이라 갈만한 가치가 충분히 있는 것 같아요👍",분위기도 좋고 커피맛도 좋았어요,홍제천에 분위기 조은 커피클럽이 생긴거 같아서…지나다가 들렸는데 분위기는 역시 좋았구 커피도 맛있었어요!!,카페 마스코트 흰우 보러 가는 곳이에요! 점심시간 되면 쪼로로 와서 꼬리콥터 발사하구 모든 손님들에게 한바퀴 돌며 애교 부려요!!ㅎㅎ 그래소 흰우도 볼겸 커피두 맛있어서 자꼬 가게 됩니다.,감각적인 인테리어가 돋보이는 새로 오픈한 퍼스트바이쓰리✨ 고소하고 시원하게 마실 수 있는 커피도 맛있고 레몬마들렌도 촉촉한 식감에 은은하게 퍼져오는 상큼한 레몬🍋향도 느낄 수 있어서 맛있어요! 깜찍 발랄한 히사원도 상주하고 있는 퍼스트바이쓰리💛,"공간도 좋고, 커피도 좋고, 친절하게 맞아주셔서 감사합니다:",분위기 좋은 카페를 발견하게 되어 너무 기뻐요!!!😫🔥💗 커피도 맛있고 달콤상콤한 디저트도 너무 좋았습니다!! 아.. 그리고 히누라는 멍뭉이스텝도 있어서 심쿵.. 힐링…🤦🏻‍♀️❤️‍🔥❤️‍🔥❤️‍🔥❤️‍🔥 다음에 또 방문하겠습니다~~,음악도 좋은곳 :♡,"복숭아 판나코타 진짜 맛있구, 배자두에이드도 맛있어요🤭 라떼에 커피향이 진해서 딱 좋았어요! 댕댕이도 넘 상냥하고 귀여워서 집에 가기 아쉬웠어요🤍",음료도 디저트도 다 맛있었어요🥹 카페 곳곳 인테리어도 너무 예뻐서 둘러보는 재미가 있었네요. 무엇보다 뽀쨕큐티한 댕댕이가 반겨주니 최고의 서비스🤭,커피가 맛있어요 판나코타도 상큼하고 맛있어요 강아지도 너무 귀여워요 ㅜㅜ,귀여운 강아지와 맛있는 음료가 있어요,산미맛 커피 맛나요,인싸 댕댕이 히누가 있어요!! 여기 댕댕이 천국이예요 ㅠㅠ 댕댕이 손님들 너무 귀엽구.. 순하구.. 착하고 마음의 평 화가 옵니다 음료도 마싯고 예쁘고 댕좋아여:-),아인슈패너도 배자두에이드도 맛있었음. 주차도 1-2대는 되는거같았음.,맛있어요,,,,,,,,,,,,,,,,,,,,,,,,,,,,,,,,,,,,,,,,,,,,,,,,,,,,,,,,,,,,,,,,,,,,,,,,,,,,,,,,,,,,,,,,,,,,,
디싸이시브모먼트,1556698158.0,핸드드립 커퍼 맛있어요~ 핸드드립 커피를 마시면 드립백도 선물로 주시고 예쁜 스탬프도 찍어줍니다^^ 테라스에서 커피 마시기 좋은 계절~~,햇살 예쁘게 들고 편하게 쉬어가기 좋은 카페였어요 드립 커피도 추천 받은 걸로 먹었는데 너무 맛났어요! 종류가 다양해서 취향에 맞게 골라먹을 수 있는 점도 너무 좋았습니당,조용하고 예쁜카페 생각없이 들렸다 힐링하고 가요 커피와 치즈케이크 맛있는곳,"공간도 넓고, 커피도 맛있고, 친절하고, 좋았아요! 🍨","동네 산책하면서 눈독드리던 곳입니다!!😎 드디어 가봤네요~  인테리어도 너무 멋지지만, 커피 본연의맛과 향을 잘 나타내주는 드립이ㅜ진짜 최고였습니다🥰",자주 가게 될것같아요^^ 커피 넘 맛나고 말차쿠키도 맛있어요~ 싱글오리진 스탬프 넘 귀여요! 스탬프 6개 받으면 1 잔 또는 드립백 1상자가 무료래요! 와..!! 빨리 받고 싶어요ㅎㅎ,커피 맛있네요~ 디저트는 미리 해동 부탁드려요!,테라스자리 좋아요,"오며가며 볼때마다 사람이 많길래 왜이렇게 많을까, 궁금했는데 여기서 커피 먹어본 이후에 알겠더라구요 커피가  너무 너무 맛있어요 그리고 밖에서 보는 분위기랑 내부 분위기는 정말 달랐구요 생각보다 더 환하고 넓고 쾌적해서  좋았어요",오픈한지 1년되었다는데 동네 삶면서 몰랐네요  사장님도 친절하시고 커피도 맛나요~,재방문했어요! ✌🏻 커피도 정말 맛있고 새로 나왔다는 선셋레몬티도 맛있네요 선셋레몬티는 시나몬 스틱? 같은 게  들어가던데 취향 맞게 빼먹을 수 있도록 안내해주셔서 좋았어요! 밖도 공원이라 탁 트여서 기분이 좋아져요 꼭 와보 시길 ㅠㅠㅠ❤️❤️❤️,연희동 워낙 카페 많지만 이만큼 커피에 진심인 카페는 오랜만인 듯 드립을 시켜볼 걸 아쉬운 마음😭😭 다음엔 꼭  드립(싱글 오리진) 따로 시켜 먹어봐야겠어요 ㅎㅎ 채광이 좋아서 전체적인 색감이나 분위기도 좋아요👍👍,인테리어가 정말 예뻐요 전시회 온 느낌ㅎㅎ 인테리어가 이뻐서 커피맛 기대 안했는데 진짜 맛있더라고요. 커알못 이였는데 원두차이가 이렇게 크다니..첨 알았습니다. 남친이 완전 극찬했어용 뿌듯 레드벨벳이 매진되서 단호박쿠 키가 특이하길래 시켰는데 쿠키라 부르기 아까울 정도의 맛 케익아닌지? 겉바속촉에 재료아낌없이 때려넣은 ...,커피도 괜찮고 대화하기 편해요,편해요~~~~,카페가 너무 예뻐요,이틀 연속 이곳에서 커피마시면서 힐링했습니다 >< 커피도 맛있고 분위기도 좋고 조용해서 너무 좋아요,연희동쪽에 맛있다고 하는 커피집 중에 하나가 될지도 모르겠네용~ 분위기도 깔끔하고 직원분도 친절 커피맛은 더  멋있고~~ 자주 갈듯하네요~~^^,통창이라서 뷰가 너무 좋구 사장님도 친절하세요!! 커피도 물론 너무 맛있네요!,쾌적하구 라떼 디저트 모두 제스타일🩵,분위기 깔쌈쓰요,"매장이 밝고 넓어요, 좌석 간격도 적당히 있어 좋네요. 커피는 좀 진한편이고 산미 거의 안 느껴져 마음에 듭니다. 스 콘은 바삭한데 잼을 따로 주면 좋겠어요. 화장실은 좀 깨끗했으면 하네요.",갤러리 온 것 같아요! 전시회 조명..  카페는 깔끔하고 음악도 좋았습니다,커피도 맛있고 공간도 넓어서 좋아요 사장님도 친절하심,커피가 진짜 맛있어요!!! 싱글오리진 원두 시향도 할 수 있어서 재밌는데 원두마다 특색있고 맛있네요 커피도 맛있는데 감각적인 인테리어랑 트인뷰까지 왕만족!!👍👍,"음료 정말 맛있어요! 마르코폴로블루가 수색이 파란색인게 넘 특이,,💙 커피도 최고예요 드립도 내려주시던데 담엔 그걸 먹을겁니다. 공간 자체가 감각적이고 예쁜 것 같아요 조용해서 공부하기도 좋을 듯합니다 사장님이 친절해요  기분 좋아지는 하루였습니다 재방문 의사 왕왕 있어요!✌🏻",진심 힐링하고 왔습니다 ㅠㅠ 커피 원두가 맛나니까 아포가토도 자동으로 맛나네요…. 찐이에요.. 인생사진 건지고 갑니다 👍 분위기 짱,노트북 들고 잠깐 일할 곳을 찾다가 눈에 띄어서 들어오게 됐어요. 앞에 공원이 있어서 그런지 뷰가 완전 한적해서 더 좋더라구요ㅎㅎㅎ 햇살도 따사롭게 들어와서 광합성 하는 느낌까지!🥰 그리고 무엇보다 🌟커피가 대존맛!!! 🌟 크렘브륄레를 시켰는데 어디서도 먹어보질 못했던 맛의 커피였어요. 사장님이 커피쪽 전문가셔서 그런...,좋아요,분위기도 좋고 커피도 너무 맛있어요!,사진이 잘나와용 ㅠㅠㅠ 날도 좋아서 뷰도 좋고 너무 행복해요,디카페인 드립커피랑 말차쿠키 잘 어울렸어요! 원두랑 차 시향해볼 수 있어 좋았습니다,친구들하고 오랜만에 수다수다 하기 좋았어요 ㅠㅠㅠ 지난번에 갔었는데 야외 테이블이 너무좋아서 다시 갔네요 ㅋㅋㅋ 사진맛집 진심 ㅎ 다음에 또올께요!!,커피맛도 괜찮긴 한데 화장실 물때가 너무 더러워보입니다ㅠ,아..인슈페너  진짜 맛있엉ㅅ,작업하기에도 좋고 이름만 봤을때 모르는 음료 질문하니 친절하게 설명해주셨습니다ㅎㅎㅎ 담소나누기도 좋고 작업하기에도 좋은 곳 같아요,조용하고 커피맛이 좋아요,채광이 좋아요,디싸이시브모먼트 두번째 방문!! 여전히 밝은 분위기에 사진도 잘나오네요 ㅎㅎ 근처 세미나 있어서 들렸다가 커피 를 못먹어서 들렸는데 저번에 왔었는데 사장님께서 알아봐주시더라구요!! 뭐먹을지 고민하다가 케냐 싱글오리진 추 천해주셔서 바로 주문해서 먹어봤는데 약간 오렌지 풍미의 산미가 느껴져서 맛있다했는데 블랙베리와 오렌...,대학교 친구들이랑 밥먹고 지나가다가 분위기가 좋을 것 같아서 방문했는데 기대 이상으로 너무 좋아서 전부 만족 했어요 뷰도 좋고 특히 조명이 좋아서 친구들하구 사진 엄청 찍었네요~ 커피 및 디져트 종류도 많고 무슨 커피먹을 까 하다가 사장님?이 추천해주신 과테말라 싱글오리진이라는 커피를 주문해서 먹어봤는데 카라멜 맛이 나서 ...,여기 진짜 찐맛집... 친구가 먹은 차 수색 넘 예뻐서 반했어요 저는 딥초코 티라미수 먹었는데 크림도 너무 맛있고 !!  크렘브륄레도 맛있어요 쿠키도 완전 쬰득쫀득 🤤ㅠㅠㅠㅠㅠㅜㅜ매장도 넓직햐서 눈이 시원해요,저는 평소 산미가 있는 커피를 자주 먹는데 엘살바도르 핸드드립 커피가 설명해주신대로 제가 좋아하는 맛이였어요 ㅎ.ㅎ 꽃향기도 났고 먹는내내 기분이 좋아졌습니다 ㅠㅠ 커피를 먹는데 힐링이 됬던건 또 오랜만이에요 ㅎ.ㅎ 사장 님 설명도 친절하게 해주시고 무엇보다 가게분위기가 좋았어요,네이버 블로그보고 왔는데 거짓없이 완벽한 곳이네요 ㅎㅎ 맨날 과장글만 있는거 같았는데 편견이 깨졌어요 !! 음료 도 맛있고 특히 아포카토 !! 제가 자주먹고 가끔 집에서도 만들어 먹는데 여긴 너무 맛있어요 😊👍 친구들 중에도 저랑 같은 커피 취향있는데 다음주에 한번더 갈게요 ㅎㅎ 친절하시고 매장도 청결해서 또 오고싶단 생각이 2...,부산에서 학교때문에 이번에 이사왔는데 근처 카페 중 이곳이 제일 눈에 들어왔어요 ㅎㅎ 분위기도 좋고 공부하기 딱 좋은 곳이어서 노트북들고 방문했는데 역시나 너무 맘에들었어요 😊 밀크티 시켜서 먹었는데 제가 먹어본 밀크티 중 최고의 맛👍👍👍 자주 올게요 번창하셨으면 합니다 !!!,친구 기다리는 시간을 틈타서 시간 때울 겸 방문한 카페! 정말 뷰도 좋고 사진도 잘나오네요 ㅎㅎ 여성들에게취향저 격 카페라고 말씀드리고 싶어요!! 음료 데코도 정말 예쁘지 않나요? 자몽블랙티인데 살구랑 복숭아 향도 나면서 정 말 맛있더라구요 꼭 한번 먹어보시길 바랍니다 후회안해요👍👍,인테리어를 이쁘게 잘해놓으셨네요. 커피도 너무맛있었습니다.,대학 친구들하고 근처에서 모임있어서 다같이 방문 디싸이시브 모먼트 !! 정말 처음 들어갔는데 분위기에 놀라고 뷰 에 놀라고 맛에도 놀랐던 그 날이었어요 ㅎㅎ 연희동에 이런 카페가 있었구나 했을 정도로 저의 최애 카페에 손꼽히 는 곳이에요☺️👍👍 친구들도 마음에 들어하고 무엇보다 제가 먹은 딥초코티라미슈에 집와서도 또 먹고 싶...,혼자 시간 때울랴고 근처 카페 찾다가 감성사진 맛집 카페 발견 !! 뷰도 좋고 카페 내부 디자인도 마음에 들어서 다음 주 친구들하고 가기로 했어요 ㅎㅎ 아메리카노를 자주먹는데 오늘은 분위기에 취했나.. 마르코폴로 블루라는 우룽 차를 시켰는데 이게 왠일..ㅎㅎ 너무 맛있던거 있죠? 사장님이 맛있다고해서 믿고 먹었는데 역시 사장님 추천...,친구들과 놀다가 근처 카페를 검색했는데 리뷰도 좋고 분위기도 좋다길래 방문했어요 커피를 못먹어서 볼레로라는 홍차를 주문했는데 맛도 좋고 가성비도 좋아서 정말 저랑 잘 맞더라구요 ! 분위기도 좋고 친구와 진지한 이야기하기 도 좋은 곳이라 추천드려요~ 연희동 카페는 디싸이시브모먼트가 최고라는 걸 알게 된 날이었어요 디져트도 ...,서울 연희동 카페 검색하다가 분위기 좋다고해서 바로 방문했는데 처음 들어갈 때 분위기 바로 합격...!! 의자도 편안 하고 앉아서 다른 일에 집중이 되는 분위기였어요~ 커피는 무엇을 고를까 고민하다가 피에노라는 에스프레소 종류 를 추천해주셔서 주문해서 먹어봤는데 커피향도 괜찮고 엄청 맛있더라구요 ㅎㅎ 연희동에 일하는 곳이 있어...,맛있고 사장님도 친절하세요! 작업하기 좋아요👍🏻,우연히 들어갔는데 분위기도 이야기 나누기 좋고 깨끗하고 깔끔해서 좋았어요~ 커피도 맛있고~ 친절하셔서 기분 좋게 즐거운 시간 보냈네요. ^^,디자인도 예쁘고 누네띠네 맛있어요,좌석도 넓찍하고 단호박쿠키가 너무 맛있어요. 차가워서 다시 한번 데워달라고 말씀드렸는데도 쿠키가 차가웠지만.. 그래도 카페도 예쁘고 디저트도 맛있어서 좋았어요,에스프레소 맛집이에요‼️‼️ 인생 에스프레소‼️,여기 진짜 너무 맛있어요! 뷰도 확 트여있어서 너무 좋습니다ㅠㅠ집이랑 가까우면 맨날와서 커피 마시고싶어요,커피 엄청 맛있어요!! 커피 종류가 많아서 고민했는데 사장님 친절한 설명 덕에 다양한 커피 중 취향에 맞는 커피를 찾아서 좋았어요 담엔 원두 사러 올 것 같아요,맛있어요,조용히 커피한잔 하기 좋았어요.,커피가 너무 맛있어요👍🏻👍🏻 매장도 깨끗하고 넓어서 좋아요!!,1,커피가 맛있네용ㅎㅎㅎ👍 전에 원두도 사서 먹어봤는데 맛있었던 기억에 간판보고 반갑게 들어왔습니다ㅎㅎ 앞에 공원뷰라 탁 트인 뷰도 좋고 조용하게 시간 잘 보내다 갑니다!!! 피스타치오 마들렌 맛있어용!!,분위기 좋고 커피가 넘 맛있어요🙂 사장님이 친절해요☕️,커피가 맛있어요,자리도 넓고 사장님도 친절하세요! 원두 종류도 고를 수 있어서 좋아요~,커피가 맛있어요! 인테리어도 깔끔하고 좋아요~ 화장실도 깨끗해요,분위기도 좋아요,커피도 스콘도 맛있어요~,커피가 진짜 맛나요~~^^,분위기도 좋고 싱글 오리진이 너무 맛있어요 :),라떼 고소하고 맛있어요 창가 앞에 연희동 공원이 있어  푸릇푸릇한 뷰를 볼 수 있고 혼잡하지 않아 좋았어요,깨끗하고 인테리어도 너무 귀여워요! 음료도 맛있어요😊,우롱차 맛나요 💗,지나가다 간판이 예뻐 들어갔는데 알고보니 커피맛집,편함,단골,데이비드 호크니 느낌의 내부 인테리어 음료는 쏘쏘 괜찮았어요 의자는 불편,청결하고 산뜻한 분위기가 좋아요,커피 맛도 너무 좋고 분위기도 너무 좋네요 무엇보다 사장님이 엄청 친절함,장소 굿,음료도 맛있구 사장님도 친절하신데 특히 그림이 참 멋있어요 !,맛있네요!,카페 분위기 좋아요,.,굳,^^,굿,좋아요,커피맛 굿,굿,,,,,,,,,,,,,,,,,,,,
반지하1호,1214076153.0,친절하고 가성비 좋아요,자몽에이드 중독성 있어요 커피도 괜찮았다고 하네요,커피한잔사들고 홍제천산책하기좋아요~~,좋아요,홍제천에 있는 커피맛집입니다 산책하면서한잔먹기좋아요,좋아요,홍제천옆 작은 카페 자세히 물어보진 않았지만 일반 자택 반지하에다 카페를 꾸미시고 직접 영업하시는 건물주로  보이는 친절한 사장님의 아이스초코를 주문해서 마셨다. 좁아보여도 아늑함이 솔로들에겐 혼자와서 차마시는것도  부담없을 듯 하고 홍제천 주변을 돌아다니다가 목이 탈때 잠시 음료를 마시며 쉴수있는 공간으로 딱 어울리는...,"사장님 친절하시고, 커피도 맛있어요~",미소반발 중년의 사장님이 항상 반갑게 맞아주셔서 들어서는 순간부터 기분이 좋아요. 맛이요^^ 맛은 펑타이상은  해요. 제가 개인적으로 빵과 커피 중독자인 저에게는 가성비 좋은 집입니다. 분위기 또한 혼자 방문하기 좋아요^^ 오 늘은 지인과 ㅎㅎ,홍제천 걷기 홍제인공폭포 근처카페에서 휴식 친절하고 분위기 좋아요,어머니 같은 사장님! 정말 상냥하십니다,1. 아이스라떼 진하게 먹고 싶을땐 말씀드리면 얼음+에스프레소얼음 섞어주세요 (센스 짱👍🏻) 2. 크로플도 맛나네 요 3. 아낌없이 주시는 사장님이에요.. 식물 선물 주셨어요 4. 야외에 앉을 수 있어서 홍제천 산책 하다가 강아지랑  종종 오는 곳인데 좋아요 이런 곳은 대박 나야 해요,사장님 너무 친절하시고 웃는 얼굴로 맞이하시고 차도 다 맛있어요,굿,커피 맛있고 야외에 앉을 수 있어서 좋어요  편해요,공원 주변 맛있는 커피집,여기 진짜 맛았어요,고맙습니다  감사합니다,커피가 맛있고 가격도 좋네요~친절하세요. 분위기가 좋았어요.,,,,,,,,,,,,,,,,,,,,,,,,,,,,,,,,,,,,,,,,,,,,,,,,,,,,,,,,,,,,,,,,,,,,,,,,,,,,,,,,,,,,,,,,,,,
컨시어지커피,590072955.0,큰길가에 있는 로스터리카페로 인테리어가 깔끔하고 예쁩니다. 커피도 뒷맛이 깔끔하고 편하게 마시기에 맛이 좋아요.,"연희동에 매력적인 카페 참 많지만, 제가 가장 좋아하는 카페는 컨시어지입니다. 연희동에서 가장 일찍 오픈하는 카 페이며, 커피의 퀄리티가 매우 높습니다. 단 한 번도 실망한적이 없어요. 이정도로 꾸준히 높은 수준으로 품질관리되 는 카페는 이제껏 본적이 없습니다. 사장님도 매우 친절하셔서 컨시어지에서 커피 한 잔 마시고나면 하루가 ...",커피 정말 맛있어요.,"지나칠뻔 했는데, 어떻게 인연이 되어 맛있는 커피를 맛보게 되었네요. 인생 플랫화이트 ᆢ아이스 아메리카노입니 다^^ 개인적으로는 이근처 커피집중 맛은 쵝오에요. 연희동 들를실일 있으믄 꼭 테이크 아웃이라도 해서 드셔보시 길 강추드려요~~^^♡","연희동 조금 살았는데, 항상 지나가면서 보기에 사장님이 항상 단정한 모습으로 하고 계서서 궁금해서 들어가보았 는데, 인테리어도 너무 이뿌고 포토존도 있구, 무엇보다 음료들이 전체적으로 너무 괜찮았습니다 ! 매장에 있는데 근처에 초등학생 아이들이 하굣길에 사장님께 먼저 인사 건네면 사장님과 인사 주고 받는 모습도 보았는데 , ...",사장님 커피 맛의 본질을 알 수 있는 곳입니다. 정말 맛있고 기분 좋은 곳 입니다. 밀크티도 맛있으니 자주 방문해주세요! 연희동 컨시어지 짱,자리는 몇석 안되지만 공간이 편안하고 분위기가 좋습니다. 라떼(4500원)는 근거리의 메뉴펙트 커피도 유명하지만 여기도 정말 맛있습니다. 주인분은 매우 친절하십니다. 강아지는 다른 손님의 강아지입니다.,좋아요,감성을 ‘흉내냄‘이 없는 사장님 고유의 분위기가 인테리어와 원두 포장까지 곳곳에 스며있어 매장의 전체적인 아이덴티티를 완성합니다다. 추천해 주신 원두 맛있네요!,"인근 파티스리의 디저트를 사서 맛있는 커피와 함께할 수 있는 소중한 곳. 사장님의 친절함까지,, 감동입미다 ♥︎",직접 로스팅하셔서 그런지 커피 진짜 맛있어요 ㅎㅎ 산미있는 커피 진짜 복숭아 주스같아요! 사장님께서도 너무 친절하셔서 다음에 또 올 것 같아요 ㅎㅎ,커피에 진심과 정성이 느껴집니다!  귀여운 라떼 받고 기분 좋아지고 부드러운 커피 마시며 한번 더 기분 좋아져요^^,우울한 하루 보내고 따뜻한 라떼로 기분전환하고 싶어 우연히 들어간 곳이었는데 너무나도 따뜻하고 귀여운 라떼아트 덕분에 기분이 좋아졌어요.ㅎㅎ 커피 맛도 참 좋았습니다.,산미있는 커피 추천,좋아요,아늑한분위기,Good cafe latte!,Good cafe~,우연히 지나가다 들렸는데 인테리어도 멋지고 음료도 맛있었고 밀크티가 최고!!!! 사장님도 친절하시고 오랜만에 기 분 좋은 시간 보냈어요☕️ 근처 들릴 일 있으면 또 방문하겠습니다 :),아인슈페너 역대급으로 최고! 재방문으로 사온 라떼도 짱! 검색해서 갔는데 대만족요~사장님도 매우 친절하시고 강추!,조용하고 느낌있던 곳,커피가 산미가 강하지않고 특색있는 맛이에요 밀크티도 너무 맛있어서 깜짝놀랬습니다 맛이 엄청 특이하고 향이 있어서 좋았습니다 사장님이 엄청 친절하고 설명도 잘해주세요!,밀크티도 커피도 너무 맛있어요,좋아요^^,좋아요,굿,여기 커피 진짜 맛있어요!,👍,좋아요,좋아요,커피맛 굿,커피 굿,커피도 맛있고 분위기도 좋고 사장님도 친절하세요,좋아요.,친절하시고 커피향이 좋네요~^^,사장님 젠틀하시고 매장 분위기 좋고,커피맛은 물론 선곡까지 완벽해요,"많은 카페가 위치한 연희동에서, 작지만 기본을 놓치지 않고 수준급 음료와 서비스를 제공해주는 곳 입니다.",커피와 밀크티 맛집,좋습니다,자주 가는 집앞 카페 소중한 공간이예요 오래오래 연희동에 남아주시길!,서대문구 최고의 라떼커피 맛집이네요,아인슈패너 너무 맛있고 라떼도 고소하니 맛있어용,분위기도 좋고 맛도 좋아요,#연희동커피 #컨시어지커피,너무좋어용 ㅎㅎ 또 가고싶습니다,좋아요,친절하세용~!!,커피도 맛있고 사장님도 친절하세요,좋아요옹♡,친절한 사장님과 맛있는 커피와 밀크티,바닐라라떼 사이즈업 메뉴 만들어주세요ㅜㅜㅜㅜ,바닐라라떼꿀맛!!❤,깔끔하고 좋아요!!,좋아요 맛있어요,바닐라라떼가 정말 맛있고 친절한 곳!,맛있어요,,,,,,,,,,,,,,,,,,,,,,,,,,,,,,,,,,,,,,,,,,,,,,,,,,,,,
제니스커피하우스,18256466.0,"친구들과 망년회 하는데, 늦게까지 여는 카페가 없어서 찾다가 우연히 들어가게 되었어요. 사장님도 친절하시고 디저트도 맛있고 커피듀 맛있었습니다!! 아늑해서 수다떨기 좋아요 !",'주변 카페가 마땅한 곳이 없네. 어 여긴 좀 이쁘네' 라는 생각에 들어간 카페. 연남 연희 카페다운 가격. 뭐 특별할게  있나 싶은 나쁘지 않은 맛과 양. 층고가 정말 낮아 아늑한건지 갑갑한건지 분간이 잘 안가지만 따스한 느낌이 드는  인테리어. 지나고보니 생각보다 기억에 선명히 남는다.,날씨가 너무 좋아서 테라스카페를 찾다가 가본곳이에요.너무 이쁘고 좋네요,조용한 길목에 위치하고 있어서 야외에서 커피 마시기 좋아요. 화장실도 잘 되어있어요. 커피맛은 다소 아쉬워요.,좀 비싸요 ㅋㅋ,굿굿,그ㅅ,굿,굿,좋아요,포도 나무 있는 뷰가 이뿐 카페,날씨가 좋은날 바깥에서 커피마시기 딱 좋은 곳이에요,조용하게 야외테이블에서 커피를 마실수 있어요.,잘 다녀왔어요,분위기는 정말 좋아요. 다만 음료는 별로 맛없어요.,분위기도 좋고 음악도 잔잔하고 사진 찍을 스팟도 있고 데이트 하기 좋은 카페에요,분위기 좋았어요 ^^,연희동 카페중에 최고..,야외테이블도 분위기있고 좋으네요. 커피도 직접갖다주시고요 커피맛도 좋아요. 잠깐 앉아있으니 사람들이 많이 몰려오기에 후다닥 나올 수 뿐이없어서 조금 아쉽.때가 때인지라...,양은 좀 적지만 맛난곳,감사합니다,맛도있고 장소도 좋고 사진찍기도 좋다!!,시원하고 맛있고 좋아요,외관내관 다 이뻐요 스콘은 바삭보단 쫀득이에요 맛있어요~,연희동 거리에 오면 기분이 좋네요 :) 테라스가 예뻐요,정말맛있어용 고양이도읶네용,햇살 맛집,연희동에 오래된 카페. 커피가 맛있는 곳.,하얗고 살짝 어둡지만 아늑해요,녹차라떼 맛있어요~~^^,맛있어요! 공간도 아늑,커피 맛있어요,문앞고양이 킬포💓,,,,,,,,,,,,,,,,,,,,,,,,,,,,,,,,,,,,,,,,,,,,,,,,,,,,,,,,,,,,,,,,,,,,,,,,,,,,,
카페서문,1808916379.0,가게 분위기가 너무 좋아서 좀 더 있다가 가고 싶었는데 시간 문제로 테이크아웃 하고 나왔습니다 ㅜㅜ 가성비도 좋고 맛도 있습니다 추천합니다~!!,동물성 생크림 ✨ 가격은 다른 후기에서 본거와 다르게 오르긴 했지만 맛이 괜찮아서 만족한다 음료도 저렴해서 서 문쪽 사람들이 많이 방문하는 것 같았다 다음에 생크림 다른 과일과 데코될 때 방문해봐야겠다!,서문 최고! 갓성비 :),커피가 맛있어요^^,원두 항상 구입합니다 믿고 구입,콜드브루가 맛있는 곳입니다! 연대 서문하고 가깝고 좌석도 넓은 편이라 노트북 쓰시는 분들도 많이 보였어요! 특히 개인카페인데 메뉴들이 다 저렴한 편이라 좋았습니다,연희동 자취하는 연대생인데 매일 와서 공부하기 좋아요! 사장님도 너무 친절하시고 따수운 분이신데 디저트도 맛 나요ㅎㅎㅎ 가격은 학교 카페보다 싼데 맛은 이제껏 먹어본 커피 중 가장 맛있움… 서문에 이런 카페가 있다는 걸 알 게 되고 이런 카페가 있어서 행운이에요!! 특히 구운치즈 타르트랑 직접 만드신 생크림 딸기 케이크랑 라떼 조...,연대서문에 이런 갬성 카페가 있는지 몰랐네요… 직원분도 너무 친절하시고 커피랑 디저트 둘 다 너무 맛있어서 자주 올거같습니닿ㅎㅎㅎ,분위기가 너무 좋아요,"커피가 고소하고 맛있어요!! 가성비 짱 ,, ㅠ 매장도 아늑하고 좋아요🫶🏼",테이크아웃으로 이용했는데 만족합니다. 나중에는 앉아서 이용해보고 싶어요.,딸기생크림케이크가 친절해요. 사장밈이 예뻐요 또 오고싶어영ㅎ,키즈룸이 있어서 아이들과 함께 오기 좋아요,친절하시구 …. 음악 나오는것도 그렇고 크리스마스 나는 분위기너무 좋아요…,맛있어요,티랑 쿠키 맛있었어요 👍 리트리버 강쥐도 있는데 넘 기여워요 🥹,맛있져요,커피가 맛있어요~,,좋아요,굿,맛있어요.,디저트 맛있고 분위기 좋아요 !!!,,,,,,,,,,,,,,,,,,,,,,,,,,,,,,,,,,,,,,,,,,,,,,,,,,,,,,,,,,,,,,,,,,,,,,,,,,,,,,,,,,,,,,,
잘루,1249134136.0,연희동 카페 찾다가 새로 오픈했다고 해서 왔는데 매장 분위기도 인스타 갬성으로 되어 있고 노래 선곡도 넘 좋아요! 매장도 넓고 음료도 맛있어요!! 특히 바나나 푸딩👍🏻 달달하면서 부드러운 식감이 좋네요ㅎㅎ 점심에 비싸고 양도 적은거 먹어서 돈 날린것 같아 기분 별로였는데 바나나푸딩이 위로해주네요ㅋㅋㅋ 꼭 먹어보시는거 추천추천ㅎ,프랑스 파리 카페리차드의 원두를 사용해서 깜놀 달라코르테 xt 머신과 안핌 sp2 그라인더로 만드는 카페라떼는 진 하고 너트와 초콜릿의 농밀한 맛이 좋네요 분위기가 조용하고 어두운데 조명 조도는 밝아서 더 몽환적인 느낌 하만 카돈 오닉스 스피커로 흘러나오는 선곡 리스트가 자리를 뜨지 못하게 합니다 재방문 안 할 수 없겠어요 부드...,연희동 카페 검색하다가 사장님께서 리뷰 답글에 하나님의 사랑을 전하는(?) 잘루 카페라고 하신 걸 보고 인상깊어 서 오게 됐어요! Jalu라는 이름도 jesus always loves you 라는 뜻이더라구요 ㅎㅎ 바푸도 그냥 바나나맛 그 자체예 요 바나나나 바나나푸딩 좋아하시는 분들은 꼭 드셔보세요! 커피를 다른 데서 마시고 와서 논커피 종류로 찾...,모던블랙컨셉? 이번에 새로 생긴 신상카페! 분위기 좋고 사진은 당연히 감성샷🖤 바나나푸딩 먹어봤는데 그저 맛도리ㅠㅠ 아메리카노랑 먹으면 더더 맛있을 너무 달지도 그렇다고 안 달지도 않은 그런 맛💛 사장님도 정말 친절.. 질문드렸더니 하시던 일 멈추고 친절하게 다 알려주셨다💛 솔직히 안 갈 이유가 없는 카페💛,"일단 분위기와 인테리어, 음악 세박자가 다 너무 내스타일인곳을 정말 우연찮게 발견했어요~~😌 저는 고소한 맛과 산미가 살짝 들어간 커피도 맛있지만 와…바나나푸딩..와 대박..👍🏻추천하신 이유가 있었군.. 수제 푸딩이구 어디서 도 먹어보지못한 푸딩맛이예요 안에 빵도 적절히 같이 믹스되어서 생각한 비주얼과 맛이 아니라는것에 더 놀...",숨겨진 연희동 분위기 좋은 카페예요!!!!!💓 지나오다가 발견한카페인데 추천합니다!! 우롱티는 깔끔하고 라떼는 구 수하면서 커피맛이 많이 나요♥️ 분위기만 좋은카페가 있는반면에 여기는 둘다 만족할수있어요:),새로 생긴 카페라고 해서 남자친구와 한번 방문해봤는데 분위기가 너무 좋아서 이야기하기 좋았어요🥰 사장님이  매우 친절하셨고 직접 핸드드립으로 내려주신 커피도 맛있었어용~ 디저트도 맛있어서 다음에 연희동 올 때 또 방문 할 거 같아요! 곧 크리스마스 분위기로 꾸며주실거라고 하셔서 연희동 데이트 장소로 추천합니다❤️,새로 생긴 곳이라 연희동 온 김에 방문했어요~~ 인테리어가 멋지고 블랙 톤이라 분위기가 좋아요! 시끄럽지 않고 잔잔한 노래가 나와서 편하게 있기 좋더라고요~~ 사장님도 친절하십니다👍🏻👍🏻 친구는 원래 밀크티 별로 안 좋아하 는데 맛있다고 계속 마시더라고요ㅎㅎ 특히 루이보스 아몬드 밀크티가 짱 맛있어요😋 말차라떼도 진하고 부...,"연희동 골목에 새로 오픈한 카페라서 들어왔는데 한적하고 여유로운 연희동에 너무 잘어울리더라구요! 블랙톤의 인 테리어라 자칫하면 시야가 너무 어두컴컴할 수 있는데 여긴 블랙의 시크함과 단정함을 챙기면서 머물기 좋은 밝기 여서 좋았습니다🖤 커피는 카페라떼 시켰는데 산미도 거의 없고, 고소하고 맛있었어요😊 얼그레이밀크티...","연희동에 생긴 차분하고 감각적인 #분위기좋은카페 🖤 일단 음료가 맛있어요..😋 (루이보스 아몬드 밀크티 강추!)  테이블 마다 콘센트도 있고, 좌석도 많고, 카페 안에 화장실도 깨끗해요! 😶‍🌫️ 연희동에 생겨서 너무 좋네요!! 😘 앞으 로 자주 방문할듯🤍",개업한지 얼마 안되서 매장이 엄청 깨끗하고 카공하기 좋아여  그리고 바나나 푸딩…안먹으면 바보 진짜 맛있어요,연희동 신상카페 방문했는데 커피 맛있고 어두운 분위기라서 좋습니다!! 사장님 친절하시고 컨셉 독특합니다~!,"여자친구랑 방문했습니다. 분위기가 차분하고 조용해서 편히 쉬다 갈 수 있었어요. 간혹 지인들 소개팅 주선자리로 추천하기도 좋은거 같아요. 커피도 맛있고, 분위기도 너무 좋고 추천합니다~~",블랙블랙하고 예쁨. 카페인에 민감해서 밀크티는 좀 조심스러운데 여긴 루이보스 밀크티도 있어서 좋았음 가오픈인데 사람많았음 재방문의사있음!,식사후 밖을 거닐다 발견한 카페입니다 :) 블랙앤 그레이톤으로 색다른 느낌을 주는곳이에요! 다만 의자 구성상 최대 2인이 적합할것같습니다 :) 생각에 잠기거나 조용히 커피맛을 느끼고 싶을때 이용하면 좋을것같습니다!,연희동에서 분위기 최고인 카페에요!! 커피랑 디저트 진짜 다 맛있고ㅜㅜ바나나푸딩 최고에요👍🏻 녹차케이크 찐하고 맛있어요!!,호지차랑 말차라떼 너무너무 진하고 맛있어요!! 바나나푸딩도 부드럽고 달달하니 넘 좋았어용!! 무엇보다 사장님이 진짜 친절하심!! 인테리어도 굿굿!! 완전 추천합니당!!!,우선 진짜 사장님이 친절하세요..! 분위기도 집중하기도 좋고 대화하기도 좋아요! 시끄럽지 않으면서도 따뜻한 느낌! 음료도 맛있어요! 아아랑 현미라떼 둘 다 맛있었습니다 ㅎㅎ,말차라떼 엄청 맛있어요! 강추합니다!!!!! 가게 너무 깔끔하고 사장님이 친절해서 이 근처에선 여기만 올겁니다,분위기가 너무 좋구 음료도 맛있었어요! 사장님이 친절해서 더욱 좋았습니다! 다음에 또 방문하고 싶어요!,들어가기 전에는 자리가 많이 없어보였는데 안으로 들어오니 꽤 넓습니다. 커피도 맛있고 푸딩도 맛있어요~,"친구와 함께 연희에 갔다가 우연히 발견한 분위기 맛집. 나는 말차라떼, 친구는 롱블랙 마셨는데 둘 다 맛있었고 무엇보다 롱블랙에서 와인맛이 나는 색다른 느낌.",걷다가 우연히 들어왔는데 카페 너무 아늑하고 커피 맛이 너무 좋아요!!! 자리도 많고 넓어서 이용하기 좋아요!! 추천합니다💓,분위기에 반하고 맛에 반한❤️ 앞으로 자주 이용할거 같아요 사장님 번창하세여🎉,인테리어가 깔끔한 블랙이고 조명이랑 너무 잘 어울려서 젊은 사람들이 좋아할 스타일이예요! 홍대입구역갔다가 연 희동 온김에 우연히 왔는데 분위기가 좋고 사진을 못찍긴했는데 음료는 맛있어요! 사장님도 친절하셔서 다음에 또  올 의향 있습니다~,새로생긴것같아요 분위기가 좋아요,커피가 너무 부드럽고 맛있어요. 인테리어랑 분위기가 멋있어요!! 동네면 매일오고싶어요!!! 바나나푸딩 강추💛❤️ 밀크티도 너무 맛있어용!!!!,매장 분위기가 깔끔하고 좋아요! 그냥 지나가다 들어온건데 넘 만족 ㅎㅎㅎㅎㅎㅎ❤️,가게가 너무 이뻐요!!분위기도 좋고 감성폭발 음료도 맛있고 이제 내 지정카페임,커피를 불편한 잔에 안 주시고 큰 잔에 쥬셔서 넘 조아요 바나나푸딩도 완전 맛있어요 . ㅠㅠ 깔끔하구 트리 장식도 옙버요 🎄,매장이 아늑해요 사운드가 좋네요 분위기가 있어서 데이트로 좋아요 조용히 대화를 나눌 수 있는 곳이에요,음료가 친절하고 사장님이 맛있어요,가게가 깔끔하고 커피도 맛있습니다,올블랙 인테리어가 예쁘고 커피가 맛있어요!,신상카페❣️ 깨끗하고 분위기 좋아요,애완견 출입 가능이라 편하게 다녀왔어요!  커피 산미있는거 싫어한다고 하니 좀 다크하게 내려주셔서 맛있게 마시고 왔어요 굿,카페 분위기가 좋아서 카공하기 좋아요!! 가오픈기간이라 사장님이 이것저것 서비스도 많이주시고 음료마셔보라고도 해주셔서 더 좋았어요>< 그리고 사장님 잘생겼어요!! 최고👍,너무 맛있는 음료와 디저트가 가성비도 좋네요. 혼자 공부하기 좋고 데이트하기도 좋은 곳. 추천해요 :),인테리어 깔끔 그자체네요~~^^ 집중 잘 되요 또 오고 싶은 공간입니다,커피가 맛나요😌,조용한 카페 찾다가 왔는데 분위기 너무 좋아요! 재방문의사 있어요!,커피도 분위기도 맛있네요 시끄럽지않아 좋아요,음악이 좋습니다,자주 올 것 같아요!,,,,,,,,,,,,,,,,,,,,,,,,,,,,,,,,,,,,,,,,,,,,,,,,,,,,,,,,,,,,,,,,,,
산스,1089981837.0,넘 맛있게 잘 먹었어용 옛날부터 가보려고 저장해뒀던 곳인데 만족 만족 ღ 한가지 아쉬운건 시금치파스타에 시금치 를 먹기 좋게 해주시면 좋을 것 같아요 너므 크고 덩어리로 있어서 일일히 잘라 먹느라 번거로웠움ㅠㅠ 그거말곤 다  조아쏘요 ღ,"🍎 애플 프레쉬 샌드위치 치아바타 빵 사이에 햄이랑 사과, 치즈 등이 샌드돼있는데 사과가 원래 샌드위치에 잘 어 울리는 과일이라 깔끔하고 맛있었어요 ! 🍝 핫 토마토 스파게티 매콤해서 느끼하지 않았어요. 🍞 무화과 크림치즈 토스트 과일이 일단 신선했어요. 크림치즈도 기존의 느끼하기만 한 크림치즈가 아니라 적당히 달콤한 맛도 가...",예쁘고. 친절하고. 음식도 정갈하고. 무엇보다 맛있고!! 뭐하나 흠이 없는!! 완벽한곳이어요👍🏼,"무화과 에이드 진짜 두고두고 생각날 정도로 맛있었어요 ! 그리고 스프, 팬케이크, 파스타 모두 ㅜㅜ 그 앞에 사는 푸르지오 주민들이 부러워지는 맛...🤍","유기농 제철 식재료로 만든 음식이 하나같이 예쁘고 맛있었어요. 오디 음료도 인공적인 단맛이 느껴지지 않아 너무 좋더라구요. 오믈렛, 팬케이크, 샌드위치 모두 제 입엔 조금 짭쪼름해서 다음 방문시에는 조금 싱겁게 조리 요청해서 먹을 것 같아요.(개인차 있을 수 있음) 매장 내부도 깔끔하고 플레이팅이 예뻐서 사진찍기 좋고 이야기 나누기...",음식이 깔끔하고 플레이팅이 예쁩니다 내부 인테리어도 모던해서 좋아요,재료 본연의 맛을 살린 깔끔하고 상큼한 맛의 브런치🍊 주말 브런치로 가면 기분 좋아지는 곳이에요,맛있으면서 건강함 신선함과 깔끔함. 왕추천입니다,너무너무 좋았던 곳! 홍제천 산책하다가 가면 딱 좋을 위치에 있어요. 주위가 조용한데 매장은 넓고 쾌적해서 분위기 도 좋구요♥ 계절과일토스트와 숲스프 모두 맛있게 잘 먹었습니다 :) 원래 해조류를 그리 좋아하지 않는 편이라 ㅠ.ㅠ 감태가 입에 맞을지 걱정했는데! 비리지 않고 좋았어요. 다음에 또 올 것 같습니다 :D 봄의 계절과일토스트와 ...,음식이 너무 예쁘게 나오네요. 에그베네딕트가 젤 맛났어요! 강아지랑 갈 수 있어 좋아요,분위기가 좋아요,커피도 맛있어요! 정말 맛있는 곳!! 다만 양이 좀 적어요 친절하시고 분위기도 좋아서 데이트하기 괜찮아요,"샌드위치, 후무스, 스프 다 너무 맛있어요!!! 직원분들 응대도 너무나 친절하시고 정갈하게 나와서 기분 좋게 먹었습 니다:-) 토요일 2시 조금 넘어서 방문했는데 앞에 3팀이 있어서 30분 정도? 기다린거 같아요!","펫프렌들리에 가게앞 주차도 가능한 귀한 곳. 갈 때마다 친절하시고, 메뉴도 건강하게 맛있어요! 금방 만석이 되어서 눈치게임도 조금 필요하지만 부지런히 움직이면 어렵지 않게 바로 먹을 수 있어요 : )",오랜만에 정말 맛있는 스프와 후무스를 먹어 행복한 시간이 되었어요 :),동네여서 늘 궁금했는데..기대에 넘 못미치는 곳이였네요... 무화과 순잎차는 잎하나가 들어있는데 완전 맹물 맛이예 요... 숲 스프는 짜고 토핑과 전체적으로 발란스가 안맞고.. 에그베네딕트도 아래 감자가 기름에 넘 절었어요..균형이  안맞는 맛이고요... 직원들은 친절하세요..,메뉴 잰부 맛있는거같음. 단백건강입맛파들취저 너무 단백하고 달근하고 자극적이지않고 부드럽고 맛있다.,"브런치 까페 모임 했습니다. 통 창으로 탁트인 뷰가 좋았습니다. 5명이 같이 앉았는데 좁지 않고 괜찮았어요. 수프 도 맛있고 에그베네딕트의 수란이 신선하고 맛있었어요. 핫치킨 샌드위치는 맵지않고 토마토, 빵과 잘 어우러져서 담백하고 맛있었습니다. 사진을 못찍어서 아쉽네요. 겨울이라 뱅쇼를 마셨는데 재료가 정말 많이 들어가있고 ...","웨이팅이 있지만, 음식은 맛있었습니다:) 의자옆에 짐 놓을 수 있는 작은 바구니가 있으면 좋을거 같아요!",통창이 아주 맘에 든 브런치카페. 샌드위치가 자극적이지 않고 아주 건강한 맛이었어요. 채소도 신선하고 빵도 맛있구요. 감자스프와 감태의 조합은 굿이였어요. 젊은 사장님이 친절하게 설명해주시고 친구들과 기분좋은 시간 가졌습니다. 또 갈께요~~^^,분위기 밝고 깔끔 독특한음식 친절,일년이 지나서 방문해도 여전히 맛있고 예쁜 공간➰✨ 남편과 서울여행오면서 꼭 오고싶었는데 추석휴무 끝나고 달려왔지요☺️ 크림치즈가 너무 맛있구 스프도 존맛이였어요🙏🏻,위치 분위기 맛 다 너무 만족스러웠어요! 직원 분들도 너무 친절하셨습니다. 토요일 점심 쯤 갔는데 웨이팅 아주 조금 있었어요. 메뉴 조금 늦어진다고 서비스도 주셨어요 감사했습니다😊 다음에 재방문할게요!,헐 ~ 너무맛있다 .. 🥹  애플프레쉬샌드위치 상큼하니 너무너무맛있어요 또먹고싶어요..  숲스프도 좋았고 다른 메뉴들도 다 만족했습니다!,뷰맛집입니다,"🐰 산스 애플프레쉬 샌드위치 12,800 드립커피 5,500 오미베리에이드 6,000 에그베네딕트 12,500 = 36,800 ♥♥♥♥♥  샌드위치 맛있고 시그니처 에그베네딕트는 저는 그닥이었어요! 분위기 넘 조음","다 처음먹어보는 맛이었어요 다른곳은 대충 예상이 가는 맛있데, 진짜 정말 신선하고 처음먹어보는 맛들이라 새로웠어요 ㅎㅎ",기념일에 방문했는데 분위기도 좋고 메뉴 구성이 건강식 느낌?이지만 매일 자극적인 음식들 위주의 식단에서 맛과 건강을 모두 챙길 수 있었던 아침이었네요ㅎㅎ,"매장 굉장히 쾌적하고 인테리어, 식기류도 멋지고 직원분들도 엄청 친절하십니다! 다만 브런치 메뉴치고는 음식 나오는 시간이 너무 오래 걸려서 주문 시에 미리 말씀을 해주시거나 개선돼야 할 것 같아요.. 그리고 그린 파스타.. 맛 없진 않은데 잘 모르겠는 맛이었어요😞",맛있어요! 공간도 예쁘구 통창이라 그런지 탁 트인 느낌이라 좋았어요! 조리하는 시간이 조금 길긴 한데 뭐 금방 나오더라구요,숲프는 꼭꼭 드셔야하는 메뉴. 모든 음식이 맛있었지만 특히 숲프랑 에그베네딕트가 제일 좋았어요. 통창이라 쾌적하고 분위기 좋고 다들 친절하셨답니다. 위치가 애매한건 커버가능!,사람이 많을 줄 알고 걱정했는데 2시쯤 갔더니 한적했어요.ᐟ 자연광이 없어서 아쉬웠지만 창가 자리에서 사진이 정말 예쁘게 찍혔어요 시즌이 바뀌면 크림치즈 토스트 먹으러 재방문 하고 싶어요!,동네 브런치카페로 저장해두고 추석 당일에도 오픈햇길래 그냥 가봣는데 .. 제 인생 샌디치를 만낫어요 ㅠㅠ ... 빵도 부드럽고 재료도 신선하고 소스도 완전 맛잇엇어요 !!! 다음엔 슾도 먹으러 가보려구요 🤍 그리고 직원분들이 왕왕 친절 ♥️♥️,맛: 사장님이 메뉴고민을 많이 하신 태가 난다. 비쥬얼부터 시작해서 무슨 메뉴를 먹어도 흔한 음식 맛이 아니라 뭔 가 산스만의 신선한 맛이 있다. 먹으면 먹을수록 질리고 더부룩한 맛이 아니라 깔끔하게 마무리 된다. 샌드위치존맛 분위기: 통창이 마음에 든다. 다음엔 창가에 앉아야지ㅠ 화장실: 조말론 핸드워시냄새가 너무 좋아서 나와서 ...,토스트 주문했는데 맛있었어요 다음에는 브런치 먹으러 가고싶음,"프루티 소다,, 메론맛 소다에 과일 넣은 화채같아요,, 그치만 맛있었어요 여름에 먹기 좋은 것 같아요!!  감태감자수프랑 애플샌드위치 둘 다 재료가 신선한게 느껴졌어요👍 독특한 메뉴가 있어서 좋았어용","친절하시고, 음식도 모두 맛있어요!",깔끔한 공간의 예쁜 브런치,그린(시금치) 파스타가 좀 짜긴했는데 괜츈했어용 토스트는 크림치즈 토스트였고 사진 찍기 예뻣어요,우와 시금치파스타 맛있어요!,너무 너무 맛있고 공간도 멋지구 친절하셨어요 ♥,건강한 맛이지만.. 조금 비싸다고 느껴짐..,맛나요,맛있어요,너무 친절합니다 그리고 차가 너무 향기로워요 입 안이 꽃밭이 된 것 같았어요 스프도 맛있었어요,맛있어요,ㅇ,예쁘고 맛있고 예쁜 곳,카페에 앉아서 보는 풍경이 너무 예뻤어요. 메뉴가 다양하고 사용하는 재료들이 신선하고 사장님의 정성이 느껴져서 감동이었어요. 특히 에그베네딕트는 비쥬얼 맛 모두 합격♥ 직원들분들도 모두 친절해서 다음에 또 방문하고 시프네용~😆,"그린파스타와 에그베네딕트 시켰습니다! 그린파스타는 바질맛은 아니였고 시금치? 파스타 같은 맛이였고, 에그베네딕트는 아래에 해쉬브라운이라 맛있었어요!",사진찍고 먹기시작했는데 먹기 아까운 비주얼 ^^ 재료가 신선하고 음식이 맛있고 담백하네요. 정성이 느껴졌어요~ *^^* 더운날씨에 찾아가서 시원하게 잘 먹었네요.♡♡♡ 참 좋았습니다.,재료들이 신선하고 메뉴가 독특해요. 비건메뉴도 있어서 선택지가 넓어 좋은 듯 합니당. 대기인원 빠지고 안내받은거나 음식 나오는 건 조금 느린 것 같아요. 느긋하고 여유로울 때 가세요,음식이 깔끔해요 그린파스타가 특히 맛있네요,굿굿,공간이 너무 예쁘고 토스트랑 커피도 맛있었어요 🫶🏻,좋아요,굿,통창으로 된 공간이라서 탁 트인 뷰가 좋고 친절한 직원분들 덕분에 분위기 좋은 식사할수있는 곳이에요. 식사도 맛있고 음식이 깔끔하게 나와서 좋았어요. 후무스랑 치폴레소스가 매력적인 샌드위치도 맛있고 크림치즈토스트도 부드럽고 달달한 디저트처럼 먹을수있어서 맛있었어요. 그리고 금귤청포도에이드! 상큼하고 시원해서 맛있어요.,가격대는 좀 있는편이고 통창이라서 창가에 앉으면 산뜻하고 좋을거같아요 평일인데도 창가자리는 차있어서 다른자리에 앉았어요! 여유롭게 잘먹고왔습니다,메뉴 전부 맛있었어요! 통창이라 뷰도 좋아요 ㅎㅎ,굿,스프가 맛있어요,와 너무 맛있네요ㅠㅠㅠㅠ 다음에는 감채슾 먹으러올게오,매장도 깔끔 디저트 메뉴 너무 맛있었어요,"맛있어용 근데 시금치 파스타 제외,,, 음 특이하고 신기해서 시켜봤느덷,, 한국인 입맛에는 그닥 ,, 다른건 존맛탱","매장도 음식도 다 예쁘고 정갈해요, 친절하셔서 기분 좋게 식사했어요",진심으로 맛이 ..ㅠㅠ 아쉬웠어요 분위기 땜에 또는 인스타용으로 가는거 같아요 정말 아쉽고 비싸고 .. 샌드위치 너무 자극적이고 소다는 그냥 탄산수에 과일 들어간 맛 ..ㅠ,"분위기 좋고 에그베네딕트, 샌드위치 최고예요!!",정말 맛있고 직원 분들이 친절하셨어요 🤤,맛있어용,여러모로 압도적인 곳 !,낫굳,가격대비 양은 작지만 맛있었어요,매장 깔끔하고 음식 맛도 좋아요:),뷰도 멋지고 인테리어도 멋져요,메뉴가 특별해요. 연희동 새로운 핫플레이스 맞네요. 만족만족!,분위기좋아요,굿,산뜻한 브런치 넘 맛있었어요💗,이거 엄청 맛나요,굿,맛도 분위기도 기분 좋아지는 곳,맛있어요,굿,,,,,,,,,,,,,,,,,,,,,,,,,,
투어스비긴,1091772138.0,"여기가 스터기 카페라니!!!!😊 분위기 좋지만 차분한곳, 여러 공간들을 선택해서 집중할 수 있는 공간을 내어주는 투 어스비긴. 커피 리브레 원두를 소진 시 까지 커피도 무제한으로 제공되고 간단함 간식들이 진열되어 있다. 깔끔하고 차분하지만 카페 곳곳 작은부분까지 신경을써 불편한게 없었던 스터디 카페. 노트북카페를 찾는다면 색다른 ...","스터디카페 처음 방문해보는건데, 분위기가 너무 편해서 답답하지도 않고 조용한 분위기에 집중 너무 잘되서 금방 끝낼 수 있었습니다~ 의자가 너무 편해서 허리도 안아프고 오랫동안 앉아있을 수 있을것 같아용 재방문의사 있습니다~!","요즘 학원에서 과제가 너무 많아서 마땅히 할 곳이 없다고 강사님께 말했는데 여기를 추천해주더라구요~ 스터디카페는 특성상 분위위기가 너무 무거워서 오히려 집중이 안되는데, 이곳은 분위기도 무겁지 않고 편안했어요! 그래서 집중이 더 잘 되는 것 같았습니당 의자도 너무 편해서 재방문 예정입니다~ ^^","제가 과제가 많아서 스터디카페를 많이 다녀봤는데, 이곳처럼 편안한 분위기 느껴본 적 처음이에용 ㅜ 집중도 너무 잘되고 공기가 너무 무겁지 않고 무엇보다 의자가 편해서 허리도 아프지 않구요!! 또 방문하겠습니당","저번에 방문하고 계속 생각나서 한 번 더 갔습니다!!! 역시나 집중이 너무 잘 되고 분위기 최고입니다🤭 고급진 원두 향이 나는 커피, 마음이 차분해지면서 공부에 더 집중하게 해주는 음악, 개방적인 스카여서 다른 사람들을 조금은 의식하며 공부에 더 집중할 수 있는 분위기, 이 모든 것이 너무 완벽하고 공부하기에 가장 적합한 환경인 거 ...",이번에 친동생이 수능을 보는데 모르는 부분 도와주려고 방문하게 되었습니다! 매장도 넓고 깨끗하고 너무 무겁지 않은 분위기여서 집중이 훨씬 잘 되었던 거 같아용 ㅎㅎ 커피도 맛있구요~ 다음주에 또 방문할 예정입니다~,동생이 시험준비로 여기 이용 후 좋다고 하길래 방문하게 되었습니다! 학원 과제로 노트북 사용할 일이 있었는데 노트북소리때문에 눈치도 안보이고 분위기가 너무 편한 분위기라 좋았습니다~ 앞으로 여기만 방문할 것 같아용 ㅎㅎ,학교에서 과제가 많은데 근처 노트북 사용가능한 곳 찾아보다가 후기가 너무 다 좋아서 방문하게 되었습니다~ 동기랑 같이 방문했는데 내부도 너무 청결하고 무엇보다 의자가 편해서 집중도 잘되고 허리도 아프지 않았습니당 재방문의사 있습니다 ^^,대학동기랑 팀플과제로 방문하게 되었습니다~ 학교가 이 근처에 있어서 친구 추천으로 방문하게 되었는데 분위기가 너무 답답하고 조용하지 않아서 편하게 노트북사용으로 과제 끝냈습니다~ 커피도 맛있어용 ㅎㅎ,아는 언니 추천으로 방문하게 되었는데 분위기도 너무 무겁지 않고 편하게 이용 할 수 있었습니다! 무엇보다 의자가 편해서 오랫동안 앉아있어도 허리 안아파용 ㅎㅎ 재방문 의사 있습니다 ^^,노트북을 사용해야 하는 업무가 많아서 좋은 후기들 찾아보다가 방문하게 되었습니다~ 의자가 너무 편해서 오랜시간 일해도 아프지 않은 의자였어용 ㅎㅎ 분위기도 너무 답답하지 않아서 집중이 더 잘된 것 같았습니당 재방문 의사 있습니다!,의자 끄는 소리조차 안들리는 사소한 디테일부터 공부나 업무의 분위기를 좌우하는 인테리어와 조명까지 너무 완벽했습니다. 저녁으로 돈까스 땡기고 후식으로 여기 있는 커피까지 먹었는데 너무 맛있어서 식곤증이 없어졌습니다. 별 5개 드려요 ㅎㅎ,이번에 취업준비로 학원에서 같이 강의듣는 분 추천으로 방문하게 되었습니다~ 매장도 넓고 공간분리가 잘 되어 있어서 큰 소리도 나지 않고 분위기도 너무 무겁지 않아 집중이 더 잘되었습니다~!,학교 과제로 노트북 사용할 일이 많아 친구랑 같이 방문하게 되었는데 노트북사용도 가능하고 무엇보다 의자가 편해서 허리가 안아파서 집중이 더 잘 된 것 같습니다~ 요즘 친한동생도 스터디카페 알아보고 있길래 추천해줬습니당 ㅎㅎ,우연히 알게 되었는데 여긴 정말 최고의 스터디 카페예요🫢 분위기도 좋고 무엇보다 주변 환경이 너무 깔끔했어요~ 정말 1시간이 10분 같이 집중이 너무 잘 되었어요!!!!!,대학 선배가 추천해주어서 방문하게 되었는데 분위가 너무 답답하지 않고 조명이 많이 밝지 않아서 집중이 너무 잘되었어요~! 다음 방문에는 노트북 들고와서 업무할 예정입니다 ㅎㅎ,친구랑 같이 공부하러 갈 곳 찾아보다가 후기가 좋아서 그냥 다 비슷한 스터티 카페라고 생각하고 방문했는데 진짜 지금까지 방문했던 곳 중에 집중 제일 잘 된 것 같아요! 분위기도 무겁지 않고 편안하고 의자도 불편하지 않고 등을 받쳐줘서 허리도 안아팠습니당 ㅎㅎ 친구도 만족해해서 앞으로 여기서만 공부 할 것 같습니다^^,제가 업무하느라 노트북을 써야해서 수능준비하는 동생이 있는데이곳 추천해주더라구요~ 분위기도 편안하고 너무  무겁지 않아서 집중도 잘되고 너무 좋았습니다! 무엇보다 좌석이 편해서 허리도 안아프고 오래 일할 수 있었어요~  공부할때도 여기서만 작업 예정입니다 ㅎㅎ,노트북으로 작업해야 해서 주변 스터디카페를 찾아보다가 우연히 방문했는데 진짜 분위기도 너무 편하고 방석도 있어서 오래 앉아있어도 불편함이 없었습니다~ 앞으로 여기서만 작업할 것 같습니당 ㅎㅎ,"조용하고, 차분한 분위기라서 좋네요. 친절하시고, 간식이나 음료도 👍🏻👍🏻 다른 곳보다 저렴하고! 가격대비 만족도가 좋았네여🙌🏻🙌🏻🙌🏻","일정 사이에 시간이 떠서 왔는데 딱히 작업할 게 없더라도 앉아서 책 읽으면서 시간 보낼 수 있는 장소가 있다는 게  참 좋아요. 심지어 맛있는 커피와 좋은 노래, 쾌적한 공기까지 정말 최고입니당👍🏻",조용하고 아늑해서 노트북 들고 편하게 작업하러 자주 오는 곳이예요! 화장실에 손세정제가 없어서 아쉽습니다🥹🥹,좋아요,"공부하기 넘 좋은 분위기입니다! 잔잔한 음악도 좋고 좌석도 단단한 의자 + 푹신한 등받이 쿠션으로 바른자세로 집중하기 넘 좋아요 ㅋㅋ 커피, 과자도 맛있는걸로 준비해주셔서 집중 안될때 챙겨먹었어요:)",집에서 집중이 안되서 마음편하게 노트북을 쓸수 있는 스터디 카페를 찾다가 우연히 찾아서 방문했는데..진짜 분위기도 좋고 방석도 있어서 오랜시간 앉아있어도 불편함없이 집중할 수 있는곳이였음 다음에도 노트북으로 오래 작업해야할때 무조건 방문할꺼!!!!,"💖최애스터디카페 등극🍀 가봤던 스카중에 제일 힐링되고, 요금 가성비가 너무 좋습니다😊 사장님도친절하시고,  무엇보다 여기 커피맛집이에요… ☕️그냥 완벽한 곳이라 정액권바로 끊었습니다! 근처사시면 여기 한 번 꼭 방문해 보세요! 마음도 차분해지고, 기분도 좋아져요❤️🍀❤️🍀",커피 리브레 원두가 다른 카페에서는 6-7천원인데 여기서는 그냥 소진 시까지 먹을 수 있다는 게 이곳의 가장 큰 장점인 것 같아요 ... 😲,스터디카페인데 커피맛집이기도한곳!! 인테리어도 예술의 느낌가득 한 힙한 곳 주변에 소품이랑 간식거리들도 있어 서 집중하다가 입이 심심하면 먹을 수 있어서 좋았습니다~! 시험기간때 또 방문할꺼에요 굿굿,분위기 좋고 집중이 잘돼요 맛있는 차들도 많구요 쉴 때는 편하게 쉴 수 있는 공간이 있어서 더욱 좋아요 다만 제가 스터디카페를 많이 안 가 봐서 모르는 걸 수도 있는데 가격대가 다소 비싸게 형성되어 있는 느낌이에요,"집근처라 가보고 싶기도 했고, 포셋에 사람도 많아서 짧게 이용해봤습니다! 들어가자마자 오감을 자극했는데, 노래  잔잔하죠. 인테리어 이쁘죠. 원목 느낌이라 그런지 비염도 덜했고, 찍진 않았지만 간식도 다양했어요. 저 시가 마치 처음 온 저에게 하는 것 같았고 그 아래엔 월레스&그로밋 인형이 귀여웠어요 ㅎㅎ 다음엔 포셋 안 가도 또 들...",가격이 꽤 합리적이였고 인테리어가포근하고 차분한 분위기에다 의자도 편안해서더 집중해서 스터디 할 수 있었어요! 종종 스터디 할때 방문해야겠어요~~,"추운 날 약속 시간이 애매해서 공부보다는 잠깐 시간 보내려고 들어왔지만 다음에 다시 방문할 거 같아요 ☺ 약간 제가 예민한 편임에도 불구하고 실내 온도, 음량, 조명 밝기 전부 과하지 않아서 좋았어요. 되게 전체적으로 조율이 잘 된 느낌입니다. 커피도 근처 카페 못지 않았던 거 같아요😊",차분한 분위기에서 편하게 공부나 작업할 수있어서 좋았습니다! 조명도 적당하고 음악도 집중하기 좋은 종류의 음악들로 선정되어있어요. 커피도 무료로 마실 수 있어요!! 밀크티는 다른 곳에서 먹어본 적 없는 종류 였는데 지금 까지 먹어본 것 중에 젤 맛있는 듯 해요~ 쉬고 싶을때는 푹신한 소파에 앉아서 쉴 수 있어요!,시험기간이라 방문했어요! 여기 플레이리스트가 너무 조아효..🎶🎧 공부할때 매번 헤드셋끼고 하는데 여기는 공부 하러와서도 플리 들을려고 헤드셋 안낍니다..노래맛집 아닌가요? 분위기가 조용하면서도 노래가 깔리고 조명부터 사장님 손길이 안닿은 곳이 없어보여서 하나하나가 감동입니다🥹.. 정성가득한 분위기에서 공부하니 공부도...,"공간도 넓고 분위기가 넘 좋은 스터디 카페에요~ 집중할 수 있는 공간, 잠시 쉬어갈 수 있는 공간 둘 다 있어서 너무 좋았어요!!   커피머신도 따로 있어서 무료로 자유롭게 이용할 수 있내요~ 가격도 착해서 자주 이용할 것 같아요 ㅠㅠ",연희동에서 친구랑 스카 찾아서 왔는데 분위기가 넘 좋네요...!! 스카 말고 그냥 카페 해도 좋을만큼 너무 멋진 분위기였습니다. 브금 센스도 넘 좋아요,이런곳이 있다니....우연히 발견했는데 분위기 너무좋아요 조명이나 인테리어가 집중하기에 좋아요 커피도 맛있고 무엇보다 음악이 너무 좋아요 중간중간에 제가 좋아하는 밴드음악 나올때마다 힐링되요,집 근처에 가까운 스카가 없었는데 이렇게 맘에 드는 스카 생겨서 행복..💕 나무문 열고 들어갈 때 약간 다른 공간으 로 가는 느낌.. 소품들 넘 아기자기하고 예뻐서 사진 마니 찍고 싶었는데 다른 분들 방해될까봐 대충 한 두장만 찍었 어요🥲 젤 맘에 드는 건 책상이 벽에 붙어 있어서 고개 들었을 때 딴 사람이랑 눈마주치지 않는다는 거ㅋㅋㅋ...,"매장 분위기가 너무 좋아요! 음악도 선별해서 고르시는 것 같은데 소리가 듣기 편안해서 작업하는데 집중이 잘되더라구요 😌 카공도 질리고, 조용한 스터디카페는 싫었는데 딱이예요👍","집 근처에 마음에 드는 스터디 카페가 없어서 신촌이나 홍대로 갔었는데,,, 일반 스터디카페와 다르게 잔잔한 음악이 흐르는 카페의 분위기에 가까워서 더더욱 마음에 들었어요. 앞으로 여기 애용하게 될 것 같습니다 :3","네이버에서 연희동 스터디카페 찾다가 우연히 발견했는데 플레이리스트가 너무 좋고, 조명이 가본 스터디카페 중에  제일 예뻐서 아주 만족함 나만 알고싶은 스터디카페…🥲 다음번에는 무조건 정액권 구매각","포셋 들렸다가 시간이 좀 떠서 들어가봤는데 넘 맘에드는 공간을 발견해버렸습니다,,, 너무 조용하지 않아서 오히려 집중이 더 잘되는 느낌!!",분위기 아늑하고 넘 편안해요 집중도 잘 돼서 집 밖으로 나온 보람이 있네요ㅠㅠ 아지트 삼고 싶은 공간...!,두번째 방문인데 역시나 편안하고 따뜻한 분위기로 좋은 시간 보내다 갑니다 :) 특히 밀크티는 정말 너무 맛있었어요 !!! 🤤,공부하기 너무 좋아요 자리도 굉장히 쾌적하고 온도도 딱 좋았어요!! 분위기도 조용하고 근처에 이런 좋은 스터기카페가 있는줄 몰랐네여ㅜㅜ 다음에 또 올게요~,2번째 방문인데 역시 조명 너무 예쁘고 음료도 너무 맛있었어요!!😘,집 근처라 들려봤는데 넘넘 좋아요!! 자주 이용할 예정입니다~~,두번째 방문! 여전히 따뜻한 분위기와 향기가 느껴지는 곳이었어요ㅎㅎ 아늑해서 겨울하고 잘 어울리고 너무 좋았습니당,자격증 공부하려고 스터디카페 알아보다가 들어왔는데 분위기도 좋고 음악도 딱 집중이 잘 될 정도로 나와서 공부 잘하다 갑니다! 또올게요~,고급 원두를 쓰시는지 커피 맛이 최고입니다 흘러나오는 노래도 정말 좋고 시설이 깔끔해요! 조용히 앉아서 노트북 으로 작업하기에 최적인 장소입니다 :) 집이랑 가까워서 자주 오게 될 것 같아요,고3이어서 왔는데 집중이 너무 잘되는 것 같다,집근처에 스터디카페가 새로 생겨서 왔는데 정액권을 질러버렸다…너무 좋아,고3인데 집중이 너무 잘 되서 좋다 다른곳 못 갈 거 같음,포셋왔다가 잠깐들럿는데 다음에 노트북들고 또 와야겟습니다:),좋아요,,,,,,,,,,,,,,,,,,,,,,,,,,,,,,,,,,,,,,,,,,,,,,,,,,,,,,,
앙코케이크,1808987461.0,조아용~^^굿,굿~^^조아ㅛ,,,,,,,,,,,,,,,,,,,,,,,,,,,,,,,,,,,,,,,,,,,,,,,,,,,,,,,,,,,,,,,,,,,,,,,,,,,,,,,,,,,,,,,,,,,,,,,,,,,,,,,,,,,,
래핑폭스,33078255.0,"맛있는 커피와 샌드위치와 스프, 디저트 등 한 곳에서 다양하게 즐길 수 있는 곳 _ 래핑폭스 🦊 간단하지만 건강한 한끼를 즐길 수도, 커피와 함께 여유를 즐길 수도 있는 곳. 옷가게도 함께하고 있어서 구경할 것들도 많았어요. 까망 베르 크로와상 샌드위치는 바삭한 크로와상과 신선한 야채와 사과, 치즈 등의 조화가 좋아 맛있으면서 건강한...",골목에 있어서 주차가 쉽진 않았는데 가게 바로 앞이나 옆 골목에 주차 할 수 있긴 해요! 근데 주말에는 조금 어려울것 같으니 근처 공영주차장 이용하심 될것 같아요!! 매장이 알록달록 아기자기하게 인테리어도 넘 예쁘고 음식이 맛있어서 진짜 허겁지겁 먹었어요ㅎㅎ 강아지랑 같이 갈 수 있어서 너무 좋네용 :),연희동에 일이 있을 때마다 들리는 곳! 비비드한 색감이며 소품들이며 너무 맘에 드는 곳이에요👍🏻 김볶이랑 샌드위치도 사랑이고 리태랑 바비도 사랑인 이 곳♥️ 오늘 강아지 생파하던데 이벤트마져 사랑스러운 곳이야 여긴🥹,알록달록 매장이 넘 귀엽고 깨끗했고요^^주문한 음식이 맘에 쏙 들었어요~~맛최고^^생자몽쥬스♡상큼하고~떡볶이 국물이 요상하게ㅋㅋ해장이되는듯 먼가 시원하니~떠먹게 되더니 곰새 떡볶이 없어지는맛ㅋㅋㅋ맛있네용~크로와상 까망베르 굿굿~그냥 맛있네요그냥!!!잘먹었습니다~~,샌디치랑 치아바따 어쩜이리 맛있나요 프레쉬한 재료들에 맛까지 있다니요 매장도 커서 좌석두 많구요 음악이 너무  좋아요 비오는날 맛있는거 먹으며 힐링하니 너무 좋네요! 아인슈페너도 맛있어요 크리무✨️ 달달하니 맛있어요,홈메이드 브런치처럼 재료들이 신선하고 깔끔해요. 소불고기 파니니와 토마토비프스튜는 진짜 꼭 드세요!! 음료 도 어지간한 체인 커피전문점보다 저렴한데 커피맛도 좋고!! 단곤손님들이 많은곳은 다 이유가 있는듯해요. ㅎㅎ 매장의 마스코트같은 강아지도 너무 귀엽고 펫 프렌들리한 래핑폭스! 오랜만에 기분좋은 카페방문이었어요. ...,"일단 엄청 맛있고 퀄리티짱이에요 강아지 동반가능하구 가격도 적당하고 인테리어도 비비드 + 힙하고 사장님도 친 절하셔서 편안히 자주 올 수 있을 것 같아요 카페에 귀여운 푸들 ' 리태,바비 '가 상주해있어요 완전 졸귀탱ㅎㅎㅎ 카 페 주변도 조용해서 넘 좋았고 찾아오기도 쉽고 10년 이상 된 곳이라니 재방문율 높은 것 같더라고요 그럴만...",바질페스토 오픈샌드위치 루꼴라 썬드라이 올려져잇는데 맛있었어요!! 여기에 따뜻한 트러플오일버섯스프랑 같이 먹으니까 조합 존맛탱이네요 주말 브런치 먹기에 너무 좋았어요~~,사장님이 엄청 친절하며 샌드위치와 커피를 한 잔 먹으며 힐링하기 너무 좋은 곳입니다~^^,"래핑폭스 모르는 사람 없게 해주세요!! 사장님도 친절하시고 음료, 브런치 메뉴도 다양해서 좋아요 쿠키도 포슬포슬한게 완전 취향저격!! 건강한 재료들이 많이 들어간 스프도 정성가득 맛있습니다",커픽랑 음식들이 다 맛있습니다. 강아지들 두 마리가 있는데 정말 귀엽고 순하고 래핑폭스의 마스코트예요!,까망베르 크로와상 샌드위치 아이스 아메리카노 아이스 플랫화이트 예전에 왔었는데 너무 맛있게 먹었던 기억이 있 어서 재방문 했어요 토마토 스튜도 맛있음 다양한 브런치 메뉴 많아서 좋아요,믿고 먹는 스프맛집 래핑폭스입니다. 가족들이 하도 좋아해서 이번에는 토마토비프스튜와 파니니를 포장했어요. 스프에 고기와 야채가 얼마나 많이 들어있는지 성인 둘이 라지 사이즈 나눠먹음 딱이였어요. 파니니도 불고기 향 가 득에 포장해와도 치즈가 쭈아악 늘어나 담에 다른 샌드위치도 맛봐야겠다 생각했네요. 여긴 커피와 음식도 맛...,댕댕이들 있는 힐링그잡채 브런치카페 샌드위치 치아바타 너무 맛있었던곳 연희동카페 핫플이네요 진짜,연희동 나만 알고싶은 아지트 같은 곳! 나만 아는줄 알았더니 원래 유명한 브런치 맛집이더라고욬ㅋㅋㅋ 강아지도 있구 넓직한 창도 있어서 테라스 아닌데 테라스에서 밥먹는 기분이었어요🤎,부모님이랑 연희동 구경 갔다가 인테리어가 힙해서 들어왔는데 너무 좋았어요!! 귀여운 서리태랑 바비가 있은 카페 라니!! 당연히 커피랑 디저트도 존맛! 흑임자라떼는 부모님도 너무 좋아하시고 폭스피치는 복숭아 알갱이가 씹혀서  맛나요ㅋㅋㅋ 크로플의 아이스크림은 쫀득하교 달달하고 맛있어요ㅋㅋ 집앞에 있으면 맨날맨날 갈듯ㅜㅜ,"연희동 놀러갔다가 간 브런치 카페 래핑폭스 분위기도 너무 좋고 알록달록한 색감이 사진찍어도 너무 잘 나와요. 폭 스피치는 라떼에 복숭아 잼같은게 들어있는데 맛있어서 자꾸 생각나네요🦊 소불고기 파니니, 까망베르 샌드위치도  맛나용! 아 그리고 여기 엄청 귀여운 강아지도 있어요🐶",맛나고 기분좋은 곳 너무 예쁜 강아지는 덤 🐾,퇴근하고 저녁식사겸 들렀는데 너무 프레쉬하고 맛있게 먹었어요 자몽주스도 시럽도 안넣으시구 과일로만 해주시 고 샌드위치 야채도 겁나 신선그자체에요 클램차우더 스프 원래좋아하는데 스프 파는곳이 있어서 좋네욥 브라우니  진짜 꾸덕하고 맛나서 기분좋아지는맛 힐링하고 왔습니다,"입소문난 연희동 디저트맛집이라고 하더니 너무 맛있었어요. 분위기도 좋고 매장안 인테리어도 너무 귀엽더라고요. 알록달록 귀여운 감성소품들도 있었어요. 귀여운 강아지들도 있구💕 크로플도 진짜 맛있구 자몽빙수 자몽양 실화??ㅋㅋㅋㅋ 수제청, 쿠키, 샌드위치, 스콘, 크로플 등 메뉴도 다양해서 진짜 추천해요.",크로와상 샌드위치 맛있어요!!! 간도 적당하고 치즈향이 퐁퐁퐁 나는게 완전 취향저격!! 스프도 다 직접 만드신거라 고! 후추덕분에 살짝 매콤한게 맛있었어요!(맵찔이 인증) 피치폭스도 복숭아도 같이 먹을 수 있는 라떼인데 맛있었 어요! 커피향도 너무 좋고. 다음에 또 가고팡. 멍멍이도 졸귀 ㅋㅋㅋㅋ,연희동 감성 가득한 래핑폭스💗에서 맛있는 브런치 즐기고 왔습니다! 인테리어도 예쁘고 맛도 좋아서 너무 행복한 시간 보냈어요 ㅎㅎ,발레학원 근처 상주하는 마스코트있는 멋진카페라니♡ 브라우니 쿠기 수제에 코코아까지 맛나요 자랑합니다♡,연희동에 있는 예쁜 카페 “래핑폭스” 스프 넘 맛있어요! 브런치로 즐기기 좋은 스프랑 샌드위치류 메뉴가 있는 카페! 달달한 디저트도 직접 만드는 거라 더 특별하고 맛있네요:-) 격하게 반겨주는 강아지 두마리가 있는 곳이라 반려견이랑 함께해도 좋은 곳이에요!,근처에서 매운 음식 먹고 빙수먹고싶어서 찾아보다 발견한 래핑폭스! 자몽빙수가 넘 맛있었어요. 자몽빙수는 머리털나고 처음 먹어보는데 쌉싸름한 자몽에 달달한 연유가 뿌려져 나오니 그 조합이 기가막힙니다! 우유얼음빙수도 한몫...♡ 담에 또 갈래욧,"주말 오전에 다녀올만한 연희동 브런치카페에요!! 여름 시즌 맞이 수박주스가 있어 주문해봤는데 밍밍한 수박맛 전혀 없고 살얼음 씹히는 짱맛..,, 역대급 수박주스 입니다.💗🤤 까망베르 크로와상 샌드위치랑 스프종류에 깜빠뉴 추가 완전 추천해요💗",래핑폭스에 들어가면 스페셜한 기분 좋은 에너지가 느껴져요 . 컬러플한 느낌과 담백하고 마음이 느껴지는 브런치 덕분에 하루의 시작을 너무너무 기분 좋게 시작했어요. 친절한 사장님의 맛있는 음식으로 연희동의 특별한 브런치 타임을 가져보세용 .,자몽빙수 맛있어요~~ 귀엽고 넘 얌전한 서리태가 있습니다:-),매장이 우선 넘 이뻐요~ 아기자기한 소품들부터 가게를 든든히 지키고있는 리태와 바비까지♡♡♡ 눈이 즐겁고 입도  즐겁답니다^^ 스프 너무 맛있고 음료도 완벽! 연희동의 분위기와 딱맞는 멋진 곳~ 또갈거에요!,다양한 소품 굿즈가 있는 연희동 브런치카페입니다. 파니니도 프렌차이즈 파니니 보다 맛있고 가격도 합리적이에요. 사진 찍을 포토스팟도많은 래핑폭스 연희동 방문하실때 추천드려요!,매장이 귀여워요.펫프렌들리라 좋았어요 오후에 출출할때 파니니랑 아아먹으니 딱 좋아요,"까망베르 치즈 샌드위치랑 비프 스프 흑임자 크림라떼를 먹었는데 모든 메뉴를 매장에서 직접 만드셔서 신선하고 맛있었구요, 매장 내부가 넓고 쾌적해서 오랫동안 있어도 편안한 카페였습니다! 다음에도 브런치 먹으러 가려구요~~",아기자기한 분위기와 멋스러운 인테리어가 빛나던 카페였어용🧡 사장님께서 키우시는 귀여운 강아지 두마리도 있더라구요😆 분위기도 너무 좋지만...! 음식도 정말 맛있더라구용 ㅎㅎ 디저트맛집이에요 ㅎㅎㅎ 옷가게도 같이 운영하시던뎅~! 이것저것 구경 많이 하다가 왔습니당~! 사장님도 너무 친절하셔서 또 가게 될 것 같아요!!,연희동브런치카페로 유명해서 왔는데 스프가찐맛집이드라규요!! 토스트비프스튜랑 조개스프 너무 찐하게 맛잇게  먹었어요~! 그리구 피치폭스 라떼아이스는 먹어보진 커피였는데 복숭아가 알날이 씹혀서 너무 맛잇엇네욯 ㅎㅎ,귀여운 강아지 바비가 있는 브런치 카페였어요! 아메리카노가 맛있었고 제가 주문한 크로와상 샌드위치도 넘넘 맛있었어요~ 세상 친절하신 사장님이 화룡점정이었습니다^^,굿굿,샌드위치랑 크로플 다 맛있어요! 커피도 맛있어서 메뉴 도장깨기하고싶은 곳입니다😘,가게 인테리어도 이쁘고 음료와 디저트 모두 맛있었어요. 폭스피치 두려움을 가지고 시켰는데 넘 맛있었어요. 커피 계의 모구모구.. 라떼계의 모구모구 그리고 바비랑 리태가 너무귀여워서 다음에는 스프랑 브런치 즐기러 한번 더 가 야할거 같아요!ㅜㅠ 애견동반으로 갈 카페 찾으면 찐 추천합니다,카페 음료들도 맛있구 간단한 식사류도 있어서 좋아요ㅎㅎ 특히 강아지들이 많아서 너무 행복했습니다🩷🩷 힐링할 수 있었어요,래핑폭스 인테리어도 이쁘고 커피 맛도 좋아요 ㅎㅎ,"가게 분위기도 좋고, 인테리어도 너무 예뻐요ㅎㅎ 토마토 바질 스프도 아아메도 너무 맛있었습니다. 사장님도 친절 하셔서 기분 좋게 이용할 수 있었어요. 다만 좀 아쉬웠던 점이 있었습니다. 제가 이용한 날만 그랬던 건지는 모르겠 지만, 가게에 있던 강아지 두 마리가 굉장히 자주 짖더라구요. 사람이 들어오거나 유리문 밖으로 누가 지나가...",토마토 비프스튜 정말 맛있어요ㅠ 사진을 올릴순 없지만 뚝배기처럼 들고 마셨습니다! 주문 받자마자 사장님이 직 접 요리해서 만드는데 레토르트의 자극적인 맛이 아니라 건강한 맛이라 더 기억에 남았어요! 그리고 파니니... 보이 세요? 치즈가 미쳤어요 ㅠ 파니니 한입에 스튜 넣으면 진심 사르르 녹습니다... 추운 겨울에 따뜻한 브런치로 ...,사장님 너무 친절하시고 음식 너무 맛있어여! 그냥 가벼운 까페라고 생각 했는데 왠걸 너무 맛집이에요!!!! 겨울에도 놓칠수 없는 내사랑 자몽연유빙수❤️ 그리고 파니니도 사장님이 주문과 동시에 만들어 주시는데 너무 맛있어요!! 소 고기파니니 지금까지 먹어본 파니니중에 원탑 입니당👍 그리고 12월 부터 떡볶이 신메뉴 나온다고 미리 조...,애견 동반 가능한 브런치 카페에요☕️ 브런치 메뉴들도 맛있고 라떼가 고소했어요! 폭스피치가 너무 신기했는데 도전해보길 잘했어요ㅎㅎㅎ 사장님도 친절하셨고 시그니처 메뉴들이 맛있었습니다!,"카페 분위기도 너무 좋구 예쁜 강쥐들이 함께 해 기분이 너무 좋았어요 🥺 디저트는 사장님께서 직접 만드신다던데 그래서인지 더 퀄리티가 좋더라구요 그리고 무엇보다 청결에 신경을 많이 쓰시는 것 같았던 게, 제가 비염이 있는데도 전혀 코가 간지럽지 않았어요 😖",까페가 알록달록 엄청 예뻐요! 연희동에서 예쁜 카페 찾는다면 추천드립니다. 예쁜 거울셀카 포토존은 덤도 있어요 ^__^ 스프와 파니니 등 메뉴가 많아서 가벼웅 브런치도 딱!! 😛 디저트 메뉴도 많고~ 귀여운 강아지도 있어요.,자몽빙수 처음 먹어보는데 정말 맛있네용 상상했던것보다 맛있고 가격도 다른곳에 비해서 매우 합리적이라 좋아요 ㅎㅎ,친구랑 급히 들어간 곳인데 직원 분들이 친절하셔서 좋았어요 - 크로플도 맛있고 인테리어도 색감 독특하니 예쁩니다✨,추운 겨울날 따뜻한 수프를 먹으니 마음까지 따뜻해지네요! 조미료를 넣지 않은 재료 본연의 맛이에요!,클램차우더랑 파니니 시켰는데 맛있음! 스프 양도 많고 속재료도 든든하다~~ 샐러리향 향긋한 게 내 스탈 ㅎ 파니니 는 아는맛인 불고기가 푸짐하게 들어서 따끈한 치즈랑 같이 먹는 게 좋았음 매장 분위기도 좋고 추천할 만함,사장님도 너무 친절하시고 무엇보다 커피와 샌드위치가 너무 맛있었어요👍 크로아상 샌드위치와 크로플 정말 강추합니다! 애견동반도 가능하고 가게 밖으로 화장실도 있는데 깨끗하고 좋아요. 다음에 또 방문할래요😆,맛있어요! 빠니니랑 토마토바질스프 최고! 흑임자크림라떼도 맛있네요 분위기넘좋고 강아지도 넘 귀여워요~~,"트러플오일버섯스프는 트러플오일 듬뿍 담긴 버섯 스프였어요! 에그타르타르오픈 샌드위치 이름대로 재료에 충실 한 생드위치 양은 적지만 맛있네요 ;) 소불고기파니니 조금 짭조름하지만 맛있게 먹었던 파니니에요! 강추^^ 흑임자 라떼, 아이스아메리카노 음료 맛잇어요ㅜ",원두 좋았어요 강아지 2마리가 있어 주문할때마다 짖더라고요 ㅎㅎ 강아지 이뻐하는 다른 손님도 있었네요 ㅋ,단골집입니다 ^^ 다녀오면 기분이 좋아지는 곳입니다 !,테이크아웃하면 잔당 할인도 해주셔서 좋아요,매장에 강아지가 두마리 있는데 처음에는 짖어도 친해지면 귀엽습니다 ㅎㅎ,거의 매일매일 가는 곳 입니다 코피 맛있어요,한적하고 강쥐들도 잇어서 좋아요,"키치한 카페, 색감 맛집이에여 화장실까지 인테리어가 넘 이쁘구 깔끔~ 편집샵두 있어서 시간 보내기 좋았어요 사장님두 친절하시고 귀여운 댕댕이들이 반겨주는 곳!! 메뉴도 다양, 재료도 신선해서 만족스럽고 넘 맛있었어요 폭스피치 인생라떼~~♡",파니니 두종류 시켰는데 브런치겸 먹기 너무 좋았어요 매장도 귀엽고 다음에 또 방문할거 같아요,달콤한 빙수에 쌉쌀한 생자몽이 너무 잘 어울려요! 자몽청이 아닌 생자몽이라 쌉쌀함도 살아있어서 달달하기만 한 게 아니라 자몽맛을 살린 빙수라 너무 좋네요 크로플은 아이스크림이 거의 다 녹을때까도 아이스크림 바로 아래 부 분까지 바삭함이 살아있어 놀랐어요 눅눅해지지 않은 크로플이 신의 한수네요!! 죄다 너무 달까 싶어 함께 주...,알록달록 비비드감성 브런치카페여서 곳곳이 포토존이에요 !!🤩 인테리어는물론 캐쥬얼편집샵 보엘이라는옷가게까지 있는곳이라 볼거리가 많았어요 시그니처메뉴인 까망베르크로아상샌드위치 넘 맛나구 이날 출출한 제속을 든든히채워준 최고의브런치메뉴👍,"애견동반카페로, 카페에 상주중인 댕댕이 두마리가 있어요! 카페와 옷가게를 함께하시는데 평소 제가 좋아하는 도매처 옷이 많아서 구매욕 장난아녔습니다~ 브런치메뉴는 트러플 스프 추천하구요 음료는 시그니처인 폭스피치 꼭 드시길!",매장에 넓고 쾌적해요,사장님이 친절해요~!,"반려견 동반 되는 연희동 브런치 까페에요 :)  피치폭스 라는 커피도 맛있고, 샌드위치도 양도 크고 다 맛있어요. 인테리어도 감각적이에요💜","분위기 좋은 카페였어요 ~~~! 불고기 파니니랑 샌드위치 진짜 맛있네요,,,,, 카페에서 이렇게 맛있을일~~~~~~~? 재방문의사 200%","강아쥐있어요 😃😆 애견동반 가능해서 동물 좋아하는 저에겐 개이득인 카페였습니다,, 브런치도 맛있고 수프도 맛있고 커피맛도 좋았어요(산미없는거 좋아하는편) 옷도 구경할 수 있고 사장님도 친절하세용~!!",인테리어가 너무 귀엽고 연희동 골목에서 찾아가기도 쉬웠어요ㅎㅎㅎ사장님도 친절하셨고 메뉴 기다리는동안 옆 옷 가게 편집샵에서 구경할 수있어서 좋았어요!! 바질스프랑 에그타르타르샌드위치 진짜 맛있습니당~~푸실리 꼭 추가해서 드세요,"연희동 브런치 맛집 :) 뭐 먹을지 옴총 고민햇눈디, 까망베르 크로와상 샌드위치로 결정! 역시 좋은선택이였슴미댜!!  ㅋㅋ 다양한 종류의 스콘, 쿠키도 있었어요 스콘도 넘 맛있어요 :) 맛도 좋고 인테리어도 이뿌고 다 내 취향인 래핑폭 스 ! 최고에유 :)",래핑폭스 컨셉에 맞게 귀여운 여우 그림들이랑 예쁜 색감이 너무 좋았어요.  음료랑 디저트도 맛있어요! 재료가 신선하고 바로 만들어주시니깐 더더욱 맛있어요!,아기자기한 연희동의 맛있는 디저트 래핑폭스 카페 !_! 바질페스토 오픈 샌드위치랑 크로플 왕 추천 💛💚💛💛,좋아요,연희동 좋아해서 걸어다니다 우연히 발견해서 들어갓는데 커피랑 베이커리 맛도 좋고 인테리어가 취저라 넘 좋았어요❤️ 원래 리뷰 잘 안남기는데 번창하시라고 남깁니다 키키 🤎🤎,굿,음료랑 디저트 다 너무 맛있었어요 !!! ♥️ 흑임자라떼 강력 추천합니다 ! 사장님도 너무 친절하셔서 친구랑 대만족스러운 방문하였습니당 강아지도 너무 귀여웠어요 !! 또 갈게용,재료도 실하고 맛도 좋아요 !! 주문하면 그 자리에서 바로 만들어줘서 냄새도 정말 좋고 맛있습니다 👍🏻 예전부터 유명하던 자몽빙수도 짱맛나요 😍,매장이 너무 귀여워요💗❤️ 그리고 파니니랑 수박주스 꼭 드세요 재료들이 다 신선하고 사장님 완전 친절하셔요,브런치 먹으러 방문했는데 비비드한 색감의 분위기의 가게라 기분이 좋아지더라구요! 맛도 좋고 사장님도 너무 친절해요 ㅎㅎ 단골들 많으신거보니 찐 맛집인듯해요,좋아요,맛있고 분위기 좋아요,브런치 맛있어요!!!💗💗💗,"수박주스 맛있었고, 토마토비프스튜와 에그타르타르 샌드위치 괜찮았어요. 인테리어가 감각적이었습니다.","커피맛은 무난 합니다 , 인테리어도 좋아요 , 다만 애견동반가능 카페임을 입구에 잘보이게 써붙여주세요 동물 털 알 레르기가 있는데 주문하고 보니 부엌쪽에 털 복실한 강아지가 있더라구요 , 주방에서 요리도 하시던데 털 많은 강아 지가 그곳에 있는건 좀 비위생적이라는 생각이 들었습니다. 중간중간 나와서 털도 털어서 불편했네요ㅜㅜ 알...",완전 맛나요,옷가게랑 연결되어 있습니다,굿,굿,굿,스콘 맛있어요!,굿,극,굿굿,샌드위치 맛있어요!!,좋아요,굿,굿,유럽의 어느 골목에 있을것 같은 감성. 스콘과 쿠키 너무 맛있네요. 커피와도 잘 어울려요.^^,좋아요,굿,좋아요,사람이 많지 않고 커피도 맛있어요!! 귀여운 강아지도 있습니다 :),친절해요,쏘쏘해요~,감사합니다,분위기 좋아요.,"연희동에서 제일 좋아하는 카페예요!물가 쎈 연희동에서 가격도 합리적인데다가 커피, 디저트류 다 괜찮아용ㅎㅎ인테리어도 되게 감각적이고 노래 선곡도 좋아서 자주 가는 곳입니다",,
리버럴커피스탠드,1489062146.0,"커피가게의 커피가게인가봐요...커피가 엄청 신선하고 엄청 맛있어요 ...분위기 좋은 카페는 아니지만, 커피맛 하나는 끝내주네요.",너무 멋진 공간입니다. 연희동 골목 한켠에 자리한 커피 강자랄까요. 부드럽고 마시면 행복해지는 커피를 내려주십니다. 좌석이 많진 않지만 너무나 아늑하고 어딜 앉는 행복합니다. 거기에 맛있는 커피가 더해지니 더할 나위가 있을까요. 오래오래 계셔주시면 좋겠어요. 감사합니다.,코야 먹었는데 부드럽고 맛있습니다!,친구 생일이라 가볍게 축하해주기도 좋고 분위기 좋고 디저트 음료 맛집이에요~~!,좌석은 별로지만 커피는 정말 좋았어요. 오랜만에 만족스러운 향이었음.,달달한 라떼 넘 맛있어요^^ 디카페인으로 변경도 가능하고 아메와 드립커피도 훌륭합니다~ 드립백도 포장도 예쁘고 선물용으로 너무 좋아요! 무엇보다 사장님 넘넘 친절하세요!,산책하다가 힐링함.,연희동에서는 나름 유명한곳 이라고합니다. 커피 맛있습니다.,저 인생 커피를 만났어요! 에티오피아 시다모 카라모로 주문했어요. 정말 신선하고 산뜻하네요.,정말 바닐라라테 먹으러 맨날맨날 가고 있어요~ 다른 곳은 시럽을 적게 넣어달라고 하면 거의 우유에 얼음이 다 녹 은 맛이 나는데 여기는 정말 깔끔하고 시럽 넣은 커피지만 커피의 맛이 아주아쥬 좋아요~ 남자친구도 여기 아메리카 노를 아주 좋아한답니다~ 다들 꼭 가보세요 연희동 주민이라면 산책 겸 나와도 금방이니 접근성도 아주 좋아...,유튜브에 나온 커피 맛집!!! 대표님이 로스팅도 엄청 잘하시고 바리스타분이 내려주시는 커피도 너무 맛있습니다. 요즘은 참외 에이디도 인기라던데 아직 먹어보질 못했네요 흑. 원두도 팔고 소량 구매도 가능해서 좋아요!! 지금까지 다섯 번은 온듯 ㅋㅋㅋㅋ 잘 먹었습니다!,"휼륭한 동네 카페 유행처럼 가볍지 않은, 균형 잡힌 맛",사장님도 너무 친절하시고^^ 분위기도 좋고 맛도 좋아요,오마이!! 첫입 마셨을때 감탄이 절로 나왔어요!  너무 맛있는거 아닙니까!,"커피맛이 너무 좋아서 종종 갔었는데 멀리 살다보니 늦게 갈때가 있습니다. 마감시간 가서 테이크아웃 해가는데 싫 은 내색없이 주셨는데, 최근에 죄송해서 좀 더 일찍가서 앉아서 커피 마셔야겠다 했는데 일찍 마감을 하셨더라고요..  영업시간과 달리 운영을 하시는 것 같습니다. 멀리서도 찾아가는데 잦으니깐 좀 그러네요..",기본적으로 달달한커피 좋아하는 1인 입니다 그런데 여기커피는 아메리카노가 참~ 맛있 습니다 태우지 않은 커피에  적당한 진하기 가격도 부담없어서 이근방 커피집 많은데 굳이 여기만 갑니다 흠이라면 여러명은 못가요~^^,연희동의 수많은 카페 중에서도 찐 맛있는 커피집♡,깔끔하고 좋아요,지나가다 발견했는데 커피원두도 맛있고 시그니처인 옐로스톤도 맛있네요~  담엔 아메리카노로 마셔보려구요!,디카페인 맛집을 발견해서 좋아요!!  콜롬비아 -맛있는 산미!!,산미원두로 라떼마시면 정말 맛있어요!,커피도 맛있구 친절한 바리스타님 덕분에 기분좋게 한 잔 하고왔습니다:) 다음에 또 올게요!,원두는 일부러 시간을 내서 여기서 구입합니다. 연희동 최고 커피 맛집!,동네에서 제일 좋아하는 카페입니다. 커피 맛 잘 모르는 제가 먹어도 너무 맛있어서 항상 와요. 너무 맛있어요~~~,안친절한데...커피가 맛있어요!,커피가 맛있ㅇ니요. 깨끗하고 산뜻한 맛이예요. 아아 최고예요~^^,라떼가 부드럽고 맛있어서 드립백도 추가로 구매했어요 재방문 하고싶어요!!,사장님이 친절하시구 바닐라라떼가 맛있어요!,커피랑 썸머에이드 너무 맛있어요,커피맛좋네요! 시즌음료도 먹고싶어요~ 또가야겠어요!,커피가 맛있고 매장이 조용해서 좋아요!,바리스타님의 설명을 듣고 에티오피아랑 파나마게이샤 마셨는데 각각의 풍미가 있네요. 연희동가면 또 들려야 겠네요,커피 맛집이에요!!! 아메리카노 브루잉 골라먹는 재미가 있어요!!,연희동 커피 맛집입니다ㅠㅠㅠㅠ 다음에 또 방문할게용❤️,굿,good,,,,,,,,,,,,,,,,,,,,,,,,,,,,,,,,,,,,,,,,,,,,,,,,,,,,,,,,,,,,,,,,,,,,,,,,,,
배스킨라빈스 연희사러가점,30824576.0,사러가마트안에 있어서 주차도 편하고 직원들도 친절하세요. 베스킨라빈스 아이스크림 맛있는건 누구나 아는 사실이죠.,안 녹게 잘 받아서 맛있게 먹었어요,헬로키티 케이크 샀어요. 친구 너무 좋대요^♥,"이 작은데서 직원들은 바쁘고, 키오스크는 한개인데 사람른 많고, 밖은 30도인데 에어컨도 안나와서 밖보다 덥네요 점장님 관리좀 해주세요",굿,매장은 조금 어수선 하지만 좋아요,집에 가까운곳이라 포장 하고 집에서 확인하니 드라이아이스 도 없고 스픈도 없고… 근데 직원분 한분만 있어서 ….   이해되겠더라고요,해피오더 예약했어여 시나모롤 가방 짱예쁨,없음,친절하고 좋아요~~,베라 오랜만에 먹으러 갔어요 뚝딱 다먹었습니다  여자 직원분이 너무 불친절하세요,베스킨라빈스는 어딜가나 동일한 퀄리티,너무 맛있어요,맛있는 아이스크림과 커피,"여성점원분 혼자계셨는데 마스크를 뚫고나오는 짜증가득한얼굴과 말투, 정말 한마디 해주려다 참았네요. 사장님! 점장님! 저직원 교육좀 제대로 시켜야겠네요!!",매장은 작지만 아쉬운대로,"해피오더로 해피 버스데이 구입. 직접피업함. 여기 직원 진짜 불친절하네요. 인사해도 나몰라, 주문 픽업이래도 고개 도 안들고 휙~ 냉동고 물열어 케이크 주면서 성함여~ 고마워요 하며 받는데도 병어리. 진짜 최악of최악이다. 👎👎 👎",자리좁고 매장에서 먹긴 별로네요,아이스크림 맛있어요,연희사러가점,아이스크림은 베스킨라빈스,오늘 레디팩1+1이라 사러갔어여~ 종류가 많이빠져서 아쉬웠어여~,초코 모찌 강추,사러가 닫아도 베스킨라빈스는 하고 있더라구요!! 굿,깨끗하고 친절해서 좋아요,역시나 배라 .. 맛있어요 …🥹🔥,"매장이 깨끗하고 아이스크림이 맛있어요, 친절해요~",자주 이용하고 있습니다,직원 모두 친절해서 기분 좋은 디저트 타임이 됐어요!!,맛있어요,파인트,^,매장도 청결하고 친절하시고 좋아요 !ㅎㅎ,알바생 너무 불친절해요,자주 이용하고 있습니다,뻣뻣,오랜만에 먹으니 참 맛있네요,맛있어요,스마트로프 7천원에 살수있었어서 너무 좋아요ㅎㅎㅎ,친절친절,좋아요,맛잇쥬 뉴욕케이크,매장 깨끗해요,친절해요,자주 이용하고 있습니다,작지만 알찬 연희 사러가점,굿,좋아요,좋아용,키오스크 1대.. 아쉽 ㅜ  키오스크 안내에 포인트 쓸려면 어떻게 해야하는지도 있으면 좋겠어요,양 많이 담아줘서 좋아요! 늦게 갔는데도 메뉴 많이 보유하고 있어서 좋았어요:),"금요일 오후 직원분 예쁘게 아이스크림 담아주시고, 손도 빠르고 친절하세요",굿,굿,친절,아이스크림은 31!,친절하세요 :),아주 친절합니다,아몬드봉봉 맛나요,굿,맛있어요👍,굿,좋아요,키오스크가 좀 어려워요 ㅋ친절해요,자주 이용하고 있습니다,직원 정말 불친절하네요. 블라스트 시켰는데 재료 없는게 제 탓은 아니잖아요? 근데 짜증짜증을 다 내고… 기분 좋게 밥 먹고 후식 먹으러 갔다가 기분만 상해서 왔네요 보통 귀찮아서 후기 안남기는데 그 직원의 신경질적인 태도에 영수증까지 챙겨와서 후기를 쓰게 만드네요,아이스크림종류가 많고 맛있어서 좋아요,좋아요,알바생이 불친절해서 기분이 상했네요 알바생 교육 필요할거 같습니다,맛있어요,맛있어요,친절하시고 좋아요,뉴욕치즈케잌은 진짜 맛있긴하네요,맛있고친절해요,오랜만에 먹고싶어서 갔는데 사람이 엄청 많더라구요 🫢 쿠팡이츠 포장 할인해줄 때 가서 좋아요 👍,좋아요,👍,31일에는 베라아아,맛있어욤….,또 먹어버렸다,좋아요,감사합니다,굿,굿,굿,어느순간 배라 가격이 올라서 정가로는 못먹겠어요  할인판매 하거나 프로모션 할때만 가는데 이젠 그것도 줄여야겠어요,좋아요,역시 베스킨 맛나요,피카츄 맛나요,좋아요,포인트로 야무지게 사먹었어요. 친절하게 응대해주셨어요.,맛있었습니다!,베스킨라빈스 요즘 맛있는게 많타,아몬드봉봉 깔끔하고 이쁘게 담아주셨어요. 컵이 몬스터볼이라 넘 귀여워요 ^^,친절하고 좋아요,요즘 맛있는게 많은 31~,아포가토 만들어 먹었어요,👍,조아요,굿,깨끗하고 조아요,친절하게 잘 담아주세요,찬바람 불때 먹어주는 아이스크림이란.. ㅋ 올만에 피스타치오 먹고감 ~,역시 아이스크림은 베라~,굿,친절하시고 좋아요,조아용,좋아요,좋아요,
올드프렌드,1508991936.0,점심먹고 지나가다가 우연히 보고 들어갔어요. 우연히 발견한 커피 맛집이에요☕️ 커피 좋아하시는 분들은 꼭 가보세요🙂,라떼 맛있는 곳. 아늑한 우리 동네 카페🤎,여러가지 구매했어요~,라떼 맛집~😍 늘 정성스럽게 내려주시니 좋아요~^^아침일찍열어서도 좋구요,좋아요,상품이다양해요,말해뭐해 올드프렌드 화이트커피 .... 라떼 최 고 !,굿,분위기도 좋고 친절하고 커피맛있는 올프~,커피가 맛있어요,플랫화이트와 라떼아이스 주문~ 플랫화이트가 특히 더 진하고 맛있네요^^,굿,라테맛집이에여. 오래 앉아 있기엔 의자가 딱딱해요.,라떼 맛집이라더니 진짜 맛있어요☺️ 사장님 친절하시구 까페 분위기도 굳👍,넘 맛있어요!,라떼맛집👍,"커피맛에 늘 감탄합니다. 추운 날 몸이 꽁꽁 얼어있는 채로 들어가도, 복잡한 생각이 가득 찬 날에도... 올드프렌드 커피를 마시면 저절로 입꼬리가 올라가고 웃음이 지어집니다. 소품과 공간이 주는 느낌, 맑은 전망, 음악 선곡도 참 좋아요. 꼭 드셔보셔요😍",친절하시고 매장도 따뜻한 느낌입니다 커피 맛도 좋았어요,"배전이 약간 있는 커피였는데,  배전이 높으면 너무 쓰고 떫더름한곳도 있는데, 여기는 밸런스도 좋고, 적당히 고소하면서 라떼 꽤 맛있었어요.",커피 맛있어요 공간도 특이하고 쾌적해요,"커피가, 특히 라떼가 아주 맛있는 곳입니다. 공간이 정갈하고 사장님의 커피에 대한 집중도가 느껴지는 곳이에요. 맛 있는 커피 하고 싶다면 들르는 것이 좋습니다. 다만 사장님이 가끔 문을 일찍 닫기 때문에 늦은 오후라면 방문 전 전 화가 필수입니다. 저도 처음에 헛걸음했었습니다.",라떼 너무 맛있네요🤍 다음에 또 갈게요!,예쁜 카페였습니다 :),굳,밀크 커피 아이스 먹었는데 맛있어요! 친절하고 내부 환경도 좋은것 같아요. 동네가 주택가이고 2층 매장이다보니 차분하며 조용해요. 다른 메뉴도 먹어보려구요!,넘 귀여워요..❤️,굿,플랫화이트 최고! ❤️‍🔥,Good,플랫화이트 자꾸 생각나서 또 먹으러왔어요ㅠㅠ 진짜 최고.. 🤎 연희동 커피맛집 ..!,연희동 플랫화이트 맛집 ㅠㅠㅠㅠ🤎,정성들여 내려주신 커피 다 맛있어요. 공간도 편안하고 사장님도 친절하시고! ㅊ ㅔ고!!!,바닐라라떼 너무 맛있어서 처음으로 원두 구입했어요👍🏻,커피향도 너무 좋습니다 커피를 정성을 다해서 내려주심 우드톤의 인테리어와 넓은 창으로 보이는 뷰가 편안한 느낌을 줘서 좋습니다 사장님이 잘생기시고 친절하세요  #연희동 #연희동커피 #분위기좋은카페 #커피맛집,커피도 맛있고 이 공간이 주는 분위기가 너무 좋아요! 취저ෆ,카페 분위기도 너무 좋고 사장님 너무 친절하세요~ 커피향 나는 카페 너무 좋아요 !̆̈ 커피맛은 향보다 100배 더 맛있네요~ 커피 좋아하시는 분들 올드프렌드 카페 강추요‼️❤️,커피 넘 맛있어요 ~,에스프레소가 참 맛있어요. 즐기는 법을 잘 설명 해주셔서 커피 마시는 재미가 늘어났습니다.,너무맛있어서 원두사왔어요! 단골되었습니다:),분위기가 밝고 좋네요 커피 맛있어요 ☕☕☕☕☕,우선 커피가 너무 맛있구 카페 정말 예쁘네요:),커피맛이 너무좋네요 소문듣고갔는데 듣던대로군요 리뷰까지 남기게 되네요!,플랫화이트 깔끔하고 청량감이 느껴지는 맛이예요. 2층에 있어서 찾기 어렵지만 한 번 가면 또 찾게 되는 곳입니다.,커피맛이 너무 좋아서 리뷰 남겨요. 사장님도 친절하시고 인테리어도 깔끔해요.,사장님 진짜 친절하시고 커피 진짜 맛있음,까페로 예술하십니다.  추천드려요,라떼 맛있고 사장님 친절하세여,먹어본 커피중에 제일 맛있었고 특별했어요..! 카페분위기가 참 따뜻하고 사장님도 좋으시네요 원래리뷰안남기는데 남겨요!,여자친구랑 길가다 들려봤는데  맛있네요 밀크커피 부드럽게 넘어가는게  너무 좋아용!!,커피가 맛있고 카페 뷰가 정말 좋아요. 거리두기 시행으로 좌석에 앉지 못하는게 아쉬웠습니다.,커피가 맛있고 사장님이 잘생겼어요🤓,,,,,,,,,,,,,,,,,,,,,,,,,,,,,,,,,,,,,,,,,,,,,,,,,,,,,,,,,,,
투썸플레이스 서대문연희점,1669885936.0,분위기~~~~~^*^ 귀요미와 ㅎ ㅎ 따뜻한 라떼 타임 ㅎ 사랑해 쪼꼬미~~~^*^ 그대 있음에 삶이 행복해지미 ㅎ 우롱  임페리얼 멈에 쏙쏙!!!!!! 나안 ㅇ ㅇ ~~~~~^*^ 바람이 내 안에 사랑으루다~~,투썸이 프랜차이즈 카페 중에서는 음료 디저트가 제일 맛있는 것 같아요. 오트한모 진짜 맛있음.... 근데 저는 오히려 꿀 안 뿌려먹는 게 더 맛있었어요. 달달하고 고소한 맛이 너무 좋았음. 새 건물 냄새가 좀 나긴 하지만 그래도 깔끔 해서 좋아요. 앉을 수 있는 자리도 많고. 창가 자리도 너무 마음에 들어요! 다음에 연희동에서 카페갈 일 있으...,가족들과 와서 이것저것 많이 시켰는데 매장 깨끗하고 음료랑 디저트도 맛있었습니다! 자주 방문하겠습니다:),오트 한 모를 먹고 싶었지만 없었습니다.... 대신 딸기우유생크림 케이스를 시켰는데 딸기 대신 샤인머스캣이 올라가 있었어요.... 철이 아니라서 그런가봐요.... 그래도 맛있었습니다. 역시 케이크는 투썸. 그리고 다시 와도 인테리어 너무너무너무 맘에 들어요. 연희동에 이 투썸이 들어와서 너무 행복해요. 와! 나도 투세권 산다!,"혼잡하지 않아서 좋았고, 직원들 매우 친절:)",공부하기 좋아요,딸내미랑 뱅쇼 마시러 왔다감,커피마시러갔다 텀블러 색감에 반해 집까지 데리고왔어요 : ) 뚜껑이랑 손잡이랑 사무실용으로 딱!!,너무친절하고 케이크 예약못했는데 바로만들어주셔서 원하는케익살수있어서 좋았어요  담에는 예약하고 방문할께요^^,친절하시고 매장이 넓어서 좋아요,가게가 시원하고 쾌적해요. 더운날 넓은 창문가에 앉아 마시는 청귤스파클링과 망고프라페 강추입니다!! #연희동카 페 #연희투썸 #투썸연희 #연희동핫플,커피가 신선하고 맛있어요 쿠키랑도 잘 어울리네요~ 새로 생겨서 그런지 무척 깨끗하고 좋았습니다! 재방문 의사 있습니다~^^,좋았어요,"집 앞에 투썸이 생겨서 좋아했었는데, 직접 방문해보니 너무 깔끔하고 쾌적해서 더 마음에 들어요! 자주 방문할 것 같습니다!","직원분들이 너무 친절하셔서 기분이 좋아져요  특히 **경 님 , 너무 너무 잘 응대해주셔서 감사했습니다 매장도 깔끔하고 넓어요",좋아요,새로 생겨서 넓고 깨끗하고 나름 앞에 주차도 가능하네요,새로 생겨서 너무 좋아요 !! 좌석 넓고 깨끗해서 매일 매일 오려구요 🤍 같이 온 친구도 너뮤 마음에 들어해요,좋아요,자몽티 맛있어요~~~,새로 생겼는데 좋아요,디저트 커피 맛나요,매장 넓고 깨끗해서 좋은데 와이파이 연결이 안되네요🥲,연희동 투썸 오픈~! 미스테리박스 처음 사봤는데 구성이 정말 좋더라구요...🙊,연희동에 투썸이 생겼네요~! 케이크도 맛있고 음료도 다양해서 좋아요~!,새로생겼는데 넓고좋아요,TWG블랙티MD구매 했습니다,굿,오트한모 짱맛!,좋아요,👍,👍,굿,😀,좋아요,👍,👍,👍,,,,,,,,,,,,,,,,,,,,,,,,,,,,,,,,,,,,,,,,,,,,,,,,,,,,,,,,,,,,,,,,,,,,,,,,
더니커피,113381429.0,항상 단정한 모습의 더니커피🫶🏻 편안하게 있을 수 있고 커피 언제나 맛있구요 고곰이도 언제나 귀엽구요  오랜만에 쑥갸또 ㅜㅜ 쑥갸또는 더니가 짱이죠... 더니 갸또 짱인 거 혹시 모르시는 분은 꼭 먹어보기로 해요...,사장님 시크하신듯 친절하세요 커피 산미와 꼬수움 밸런스가 좋아서 원두 추가구매요 까망댕댕쓰가 귀엽네요 얼음  모양마저 이쁜,노트에 적힌 멜론과 장미에 꽂혀서 에티오피아 타미루 무산소로 주문했어요. 향이 좋고 산뜻한 커피였습니다. 자두가 아니라 자두사탕이라고 써놓으셔서 어떤 느낌일지 궁금했는데 과일에서 나오는 과즙보단 사탕 단물처럼 더 농축된 것 같은 맛이 나더라고요. 간만에 원두로도 구매하고 싶은 커피를 만난 것 같아요!,커피가 맛있어요!! 조용한 분위기도 좋아요~,더니 커피맛은 뭐 당연하고🫶🏻 최근 신메뉴? 요 샤베트도 너무 맛있네요 상큼 달달 개운,추천 받아서 간 곳이었는데 라떼 주문하고 마셨습니다. 풍미도 넘 좋고 스티밍도 부드럽게 잘 나와서 맛있게 잘 마셨어요.,순둥순둥 귀요미 강아지가 있어요^^ 자리가 많지않아 조용히 음악듣고 이야기하기 좋네요~,질좋은 커피를 마실수있는곳!! 귀염둥이 꼬맹이도 함께해서 더욱 기분이 좋았어요 진짜 맛있는 커피집🍰☕️ 케익도 👍👍👍,아포가토 시켜봤는데 쌀아이스크림이랑 커피가 잘 어울렸어요!,다양한 필터커피를 접할 수 있는 곳! 그리고 고양이 같은 귀여운 고곰이도 있어요 :),"연희동에서 드립커피는 더니만한곳이 없는것같아요 , 오랜만에 와도 변함없네요 ! 고곰이 애교에 힐링합니다 :)","맛있는 커피와 친절한 사장님 조용하고 정갈한 분위기, 귀여운 강아지 주말 오후같은 카페",귀여운 고곰이와 맛있는 커피 ~~,커피 맛있어요 연남동에 매장 있을 때부터 다녔어요,"이곳에 마스코트 고곰이가 맞이해 주는 드립커피 짱맛있는 곳. 작지만, 사장님이 좋은 원두를 가져오시고, 드립으로 내려주시는 커피가 많이 맛있어요. 드립커피 좋아신다면 여기도 추천!! 앉아 계시면 멍멍이가 쓰다듬어 달라고 올 꺼에요~","디저트 담긴 접시가 깨져있어서 말씀 드렸는데 “아 네~” 가 끝인 곧이에요,, 다른건 좋았어요",케잌도 커피도 맛있었어요! 귀여운 포메도 사랑스러운곳,가은님 디저트팝업으로 알게 된 더니커피 ㅎㅎ 예전에 라떼도 맛있게 먹었는데 아아도 취향 따라 원두 골라주셔서 맛나게 잘 먹엇어요 🤎 사진엔 없지만 갱얼쥐도 왕왕 기여어요 🖤,"기억안나여,,",드립커피 비싸지만 맛있어요.,아주아주 귀여운 고곰이와 맛있는 커피가 있는 곳. 사장님 친절하세요. ☕️,굿,검둥이 강아지가 반기는 곳,항상 맛있고 공간도 아늑하니 너무 좋아요,"연희동 스페셜티 커피의 성지, 더니커피는 역시 최고입니다! 수제디저트와 함께 힐링하세요😍😍",강아지 귀엽. 편안한 분위기,맛있어요,필터커피 라인업이 모두 제 취향이여서 너무 좋았어요~ 맛있게 잘 마셨습니다~ 고곰이를 못 봐 너무 아쉽지만 다음에 가서 보는 걸로~~~!,"공간도, 맛도, 직원분들의 친절함도 너무 좋았던 곳. (+강아지도!) 원두랑 메뉴때문에 이것저것 물어봤는데 여자직원 분이 친절하게 답해주셔서 감사했다. (귀찮았을 법도 한데 ㅋㅋ 급 죄송 ㅜ) 라떼가 진짜 고소하고 맛있어서 재방문  의사 있움🙋‍♀️🙋‍♀️ #더니커피 #연희동","커피에 녹고, 고곰이에 녹고갑니다 ☺️💕",커피 맛있고~ 잔잔한 분위기가 좋았네요^^ 강아지도 귀여운데 낯가리나봐요ㅠㅠ,드립커피 존맛이라서 이번에 원두만 따로 구매함 ㅋㅋㅋ 원두 패키지도 예쁨 ㅋㅋㅋㅋㅋㅋ,더니 마스코트 고곰이 커피와 디저트 갸또 아주 맛도리 합니당,귀찮은듯한 여자 직원의 불친절이 정말 기분 나쁜 곳이예요. 커피맛은 좋으나 재방문 의사 없어요.,"케이크, 커피 다 맛있고 재방문 의사 있음",좋아요,좋아요.,,,,,,,,,,,,,,,,,,,,,,,,,,,,,,,,,,,,,,,,,,,,,,,,,,,,,,,,,,,,,,,,,,,,,,,,,
피카니피카노,1737261143.0,오렌지 갈레트가 너무 맛있는 피카니피카노! 에그파이랑 호두파이 사먹다가 오렌지 갈레트 사먹어봤는데 와 갈레 트가 이렇게 촉촉할 수가 있나😳 버터 풍미도 가득가득하고 여기 빵이랑 쿠키 맛은 다 아주 고퀄임-,"오픈하셨을때부터 방문한 가게인데 이제야 후기 남기네요 ㅠ 여기 사장님 두분 다 너무너무 친절하시고 디저트류도 다 진짜 맛있어요! 새로운거 먹어봐도 실패한적이 없는.. 특히 여기 시그니쳐 에그파이랑 피칸파이 둘다 촉촉하고  버터맛 장난 아니고, 대파 스콘도 큼지막하고 전혀 퍽퍽하지 않고 대파맛도 꽤 나서 존맛탱이에용! 연희동 들...",아니 사고보니 정말 가성비 맛집이네요!! 먹어보면 부드럽고 우와 소리 나요~~또또 갈래요!!,대파스콘 맛집 다른 디저트도 맛있어요~~^^ 가끔 땡기면 찾는곳! 연희동 디저트 맛집입니다.,"대파스콘 넘모 맛있다ㅠㅠ 피칸파이 5개짜리는 선물로 사서 다 같이 먹었어요(6,500원) 사장님도 친절하심!!🫶",디저트 거의 모든종류가 다 맛있어요. 친절하시고 계속 생각나는 맛이에요.,맛있어요🥰 선물하기도 좋아요!,굿,대파스콘 너무 맛있어요. 항상 친절하시고 특별한 디저트가 많아서 넘 좋아요.,피칸 파이 에그타르트 맛있어요 테파스콘 인상적이네요.,대파스콘이 없어서 아쉽네요. 다음에 다시 도전!,대파스콘이 유명하다는 피카니피카노 하지만 난 요즘 스콘을 잘 먹지않아 평소 먹고싶엇던 테린느를 주문! 사장님  추천에 따라 고구마 쿠키샌드도 샀습니당! 테린느는 진짜 깜찍 뽀짝 꾸덕이었고 말차도 기대됩니다. 여긴 빵들이 대 체적으로 앙징맞아요! 사장님도 넘 친절해서 다시 오면 또 들를거에요!,에그타르트 🥚🧡,가끔 들리지만 맛 만큼은 연희동에서 최고네요^^ 늦게 가면 대파스콘이나 피칸파이가 매진되긴 하지만요. 사장님이  친절하셔서 오기전에 전화하면 만들어 놓으시겠다네요 다음엔 전화하고 가겠습니다 ~~,진짜 하나하나 모둔 메뉴가 다 맛있어요. 친절하시고 가성비는 별로긴하지만 특별한 메뉴가 많아 가끔씩 들러서 디저트 사옵니다  특히 피칸파이 대파스콘 초코넛츠사브레 클레오르 꼭 드세요. 제일 맛있어요!!,여기보다 맛있는 다쿠아즈를 먹어본 적이 없음.,"사장님 두분이 고수^^ 맛은 서울에서 세손가락에 들어가는 넘사벽의 실력인데....힘들어서 그러신지 양을 많이 만들 지는 않으시는 둣....퇴근 길에 가면 스콘 , 파이, 도너츠 모두 없어요 그래서 오늘은 저장을 위해 대량? 구입!",대파스콘 겉바속촉 맛있어요!,지나다 독특해 찾아봤더니 맛집이라 들렀어요..ㅎㅎ 사장님이 친절하세요~,저번에 따뜻해 진짜 맛있었는데 살짝 아쉽다 ㅋ,미니피칸파이 많이 달지않고 파삭해서 정  말 좋아하고요. 대파스콘도 맛있게 먹었습니다,맛있어요,에그타르트 촉촉하고 맛있어요!,"대파스콘 맛집인데 품절되서 에크타르트와 피칸 타르트, 오렌지 파운드 데려왔어요~ 피카니만의 맛이 느껴져서 연희동 가면 항상 들르게 됩니다",미니미 너무 맛있어요,"오랜만에 에그 타르트 먹고싶어서 방문했는데 너무 맛있어요! 필링이 너무 맛있고 타르트 부분도 너무 바삭 쫀득 잘  먹었어요 근데 5개에 6,500원은 좀 비싼것같아요… 😖 사이즈는 미니 타르트 느낌이에요!!","파이, 타르트 맛있고 포장도 잘 해주세요~",굳,피칸파이 귀엽고 맛있어요,엄마가 만들어주는 건강한 디져트같은 가게~ 달달하지만 건강할 것 같은… 제가 간날은 마카롱이 사라져서 슬펐어요!!,"피카니피카노 만의 스타일, 빵이 있어서 좋아요~ 사장님 두분 늘 친절하시고요💖",매장네 향기가 맛나고 갓만든 스콘은 디저트로 최고에요,스콘 맛집... 주기적으로 생각나요,빵 맛집!,대파스콘 너무 맛있어요. 하나 만 산것도 후회되고 다른 빵 안산게 후회되요ㅠㅠ조만간 다시 갈,"오밀조밀, 차곡차곡 연희동의 매력을 그대로 느낄 수 있는 디저트 베이커리 <피카니피카노>! 독특한 스콘을 회사 사 람이 사와서 먹어보고 가게 이름을 들었는데, 이렇게 직접 가본 건 처음이었습니다. 담백한 야채맛을 좋아하는 저로 서는 앞서 언급했던 ‘대파 스콘, 고추 스콘’이 좋지만, 인기가 많은 시그니처 메뉴인 ‘피칸파이’도 기본적으로 ...",요기는 디저트 맛집><  항상 친절하신 여사장님들,많이 달지 않아 좋아요,대파스콘 너무맛있어요,파이가 맛있는데 핑거푸드네요ㅎㅎ,맛있어요^^,"명절음식하다가 기름냄새가 지겨워서 이따가 스콘이랑 커피로 간단히 식사하려고 미리 테이크아웃했어요. 대파스콘 좋아해요, 다른 곳엔 없는 메뉴이기도 하구요. 늘 친절하신 동네맛집!",굿,고추 스콘과 파 스콘이 있습니다! 파 스콘 맛있어요!~,스콘이 맛있어요,빵 맛있네요~~ 버터 프레첼 맛있었어요!,대파스콘 짱 맛있어요!! 연남동 차로 지나가다가 맛있는 냄새나서 들어갔는데 완전 굿 초이스😘😘❤️😘 너무 맛있어서 다음에 또 갈거에요❤️,대파스콘 맛나요,맛있어요 단골,친절해요,내가 좋아하는 대파스콘♡ 선물용으로 좋아요!,"대파스콘 짱 맛있어요,,",일전에 늦게 갔다가 대파 스콘이 없어서 아쉬웠는데 오늘은 좀 일찍왔더니 있어서 구매했습니다,갈때마다 대파스콘 삽니다 너무 맛있어요!!!!!! 파향도 적당하고 부드러워요,맛있어요,친절하고 맛나요,대파스콘찐맛집!!!!! 뻑뻑하지않고 너무 맛있어요,스콘 맛이 괜찮았어요,"대파스콘이 유명하대서 갔으나.. 스콘류는 모두 품절이라, 이집 시그니쳐 메뉴라는 피칸파이 구매! 에그타르트보다  작은 사이즈로 다섯개가 세트인데, 너무 촉촉하고 풍미가 진해서 기족들과 아주 맛있게 먹었습니다~! 사장님도 너무 너무 친절하시고 다음에 또 들를게요!!",굿,대파스콘 맛있어요,자주 가는 스콘 찐 맛집!  대파스콘 청양스콘 사랑해영💜,토욜마다 나오는 도넛이 넘 맛있어요. 크림도 달지않아서 좋아요. 노티드도넛보다 맛있는거 같아요,굿,맛있어요,에그타르도 맛있고 다른 종류의 빵도 맛있어요!!!,솔직히 여긴 숨은 크림도넛 맛집임 노*드보다 맛있음ㅋ 피칸파이는 대표메뉴 믿먹임. 피칸 양이 줄었다는 리뷰가 있는데 웃기고있음 오히려 늘었음,인생크림도넛....♥ 오래오래 해주세여!,굿,가격은 사악하지만 맛은 좋아요^^,피칸파이 굿,크림 도넛 맛있어요ㅠㅠ 피칸파이도 꿀맛,피칸파이 먹고 싶었는데 다 떨어져서 에그타르트 샀어요. 예쁘고 맛도 있을 거 같아요.,토요일에 나오는 도너츠 맛있어요,스콘계의 샤넬  가격은 사악하지만 맛있어욧,앞에 베이글 사러 가다가 우연히 보고 들어갔는데 대파스콘 맛있어요,원래 다른 빵집 가려다가 냄새가 너무 좋아서 스콘 구매했는데 ㅁ1쳤어요..집에 와서 살짝 식었는데 겉바속촉 제대로라 바로 해치웠어요ㅠㅠ,피칸이대표인데 피칸 적어짐  에그타르트별로  주말만 파는 크림도넛 별로ㅡ크림이 진하지않음,선물용등등 너무너무 찐맛집!! 특히 대파스콘 최고에요!!,선물용으로 샀는데 최고예요,파이 맛있어요!,도너츠 최고,이집 대파스콘 정말 맛있어요,서울에서 젤 맛있는 피칸파이를 찾고 계시면 꼭 방문하세요 이것때문에라도 연희동에 갈 가치가 있습니다 ^^ 여의 도에 있다가 없어져서 슬펐는데 여기가 바로 제가 좋아했던 집이었네요 (오늘 가족이 대신사러 갔는데 사장님과 대 화중 우연히 알게됨) 연희동에 갈때마다 구입했는데 정말 맛있고 가끔 가는 청담동에 있는 곳보다 훨씬 맛있...,디저트들이 다양하게 있는데 맛있어요~,에그파이랑 피칸파이 맛있어요 ! 피칸파이가 의외로 맛있던 - ! 에그파이는 예상 가능한 맛 ~ 맛있다는 대파스콘이  궁금했는데 없어서 구매 못 했습니다 ㅠㅠ,맛난 쿠키ㅎ 피칸파이는 좀 작아서.. 안먹어봤는데 맛있다니 먹어봐야겠네요 ㅋㅋ,대파스콘 맛이ㅆ어용,ㅎㅎ,타르트 맛나요,굳,맛있게 잘 먹었습니다.,"고추스콘 궁금했는데, 스콘 고유의 향도 살아있으면서 고추향도 나구 끝맛도 매콤한게 맛나네요~~",맛있고 선물용으로도 좋아요 파스콘 독특하고 맛있네요,너무 맛있어요!!!,파스콘맛나요,따끈한 대파스콘 강ㄹㅕ크,대파스콘 추천합니다,😊,좋아요,도넛 신선해보여요♥,다쿠아즈 넘 맛나용!,좋아요,연희동에 있는 대파스콘이 맛있는집. 대파맛이 나면 맛이어떨까 궁금했는데 금방 나온 대파스콘 정말 맛있네요,언제나 맛있는 곳,"마카롱이 너무 맛있고, 직접 만드시는 모습이 보이니 더 신뢰가 가더라고요 😁 그리고 정말 친절하세요! 다음번엔 파이 먹으러 가려고요",언제나 최고의 디저트 맛집,친절하고 맛있어요,맛있어요 친절하세요,비싼데 넘 맛있어요 ㅠㅠㅠㅠ
이디야커피 연남동점,1872082399.0,라떼~~~맛있어요~🤭🤭🤭,커피가 맛있고 대화하기 좋아요 매장이 깨끗합니다 인테리어도 깔끔합니다,뜨아,아아,뜨아,뜨아,뜨아,커피가 맛있고~🥰 인테리어도 깔끔했어요~💛 매장이 깨끗합니다~^^👍👍,뜨아,"만동제과사면 여기서 접시,가위,포크주셔서 먹을수있어서 좋아요",뜨아,커피가 밋있어요~,디카페인 아아,이디야는 쿠폰으로 사서 묵으면 아주 가성비 있게 묵을 수 있습니다. 조용한 이디야라니.. 정말 좋아요,대화하기좋고 친절해요 말차랑 오토 콜드브루 맛있네요,커피가 앗있어요~,디카페인 라떼,가성비 좋은 커피집 👍,이디아도 콜드브루는 저렴하지 않아요ㅜㅜ 저렴한것도 있지만 대부분은 일반까페와 비슷,역시 아아는 이디야>< 옆에 만동제과도 있어서 만동제과에서 빵 사고 이디야에서 1인 1메뉴 시키면 빵도 먹을 수 있어 최고최고🥰😍,언제나 머무리기 좋은 이디아,다른지점보다 맛있는것같아요^^,디카페인 아메리카노,디카페인 라떼,좋아요,아아,디카페인아메리카노,조아요,장소도 넓고 시간빌때 들어와서 차한잔 하고가기 좋습니다,알바생 짱 친절,조어요,디카페인 콜드브루 소금 빵,좋아요,좋아요!,매장이 넓고 한적한 편이다.,굿,만동제과 빵 먹을 수 있어서 완전 좋네요!!!!,"일하시는 분(사장님 같음)이 매우 친절합니다! 음료는 쏘쏘, 불고기부리또는 별로였어요 ㅠ ㅠ",아아,굿,굿,굿,디카페인 아메리카노,짭~ 후루룩~!,숫,ㅈ,언제나 문 열려있어서 편하게 들리기 좋아요,굿,이디야는 프레즐이 맛있거든요,만동제과 빵 사와서 먹을 수 있어서 좋아용,바닐라오트콜드브루,굿,아아,조아여,좋아요,조아요,굿,카공하기 좋을 듯,좋아요,콜드브루,좋아요,은근히 좌석이 많아서 좋아요,엑스트라사이즈 제법 크네,조아요,잠시 할일하기 좋은 분위기에요 ㅎㅎ,좋아요,편하게 가성비 좋게 있다감,굿,빙수 맛있어용 ㅎㅎ,만동제과에서 빵사와서 먹을 수 있어서 좋아요~,.,만동제과 오픈 기다리면서 따뜻한 커피 한잔 했습니다~,ㄱ,굿,만동제과에서 빵 사가서 먹을 수 있어서 좋아용,뜨아,좋아요,뭐? 좋다!,친구들과 수다떨기 좋아서 자주 찾지만 커피는 소소~~^^,버스기다리면서 한잔하기 너무좋네용,....,좋아욤,좋아욥,굿,굿,매장도 넓고 노래도 잔잔하니 집중하기에도 좋아요,맛있어요,굿,빨리 나오고 맛있어요,연남동에서 넓고 사람이 많지 않아 공부하기 좋았어요!! 디카페인 콜드브루 메뉴가 있어서 짱짱! 원격근무 하기에도  좋을 것 같아요👍,조용하니 쉬다가기 좋았어요 :),뜨라L,카운터 및 음료제조의 유니폼 입으신 젊은 여성분 아주 친절하십니다. 결제 오류 때문에 번거로우셨을텐데 미소를 잃지 않고 정성을 다해 응대해 주셨습니다. 감사합니다.,좋아요~ 가게 안도 넓은 편인 것 같아요.,사람이 많지않아 대화하기 좋아요,....,굿:),손님이 너무 많아 음료가 너무 늦게나와요!,그래놀라가 너무 맛있어요 그래놀라만 따로 사고 싶음 ㅠㅠㅠㅠㅠ 이날 너무 습하고 더워서 시원한 디저트가 먹고 싶었는데 너무 만족했어요! 요거트 아이스크림이 들어있고 망고소스도 엄청 가득이라 마지막까지 맛있게 먹었습니다아 중간중간 덜 갈린 얼음조각들은 아쉬웠어요ㅠㅠ,ㄱㄱㄱ,좋아요,콜드브루 라떼 원샷,이디아 커피 맛있어요..,식혜도 맛있고 한라봉식혜도 생각보다 이상하지 않고 상큼하게 맛있어요.,,,,,,
오름카페,53395633.0,"아이스아메리카노 3,000원 아아스라떼 3,400원 진하고 고소한 맛. 직원 분들 친절하세요. 언제든 다시 방문하고 싶어요.",안산 등산후 시원하게 음료 마시며 쉬기 좋습니다,"가격 싸고 커피맛도 괜찮음. 네이버플레이스에는 일요일 휴무로 되어있는데, 실제는 일요일도 영업함.",서대문 안산갈때마다 들르는 커피 맛집입니다. 가격도 저렴하고 맛도 좋습니다.,안산 들어가며 커피 사서 갔는데 커피 맛있네요,수제청 음료 맛있어요. 또 방문하겠습니다,친절합니다,위치가 좋고 취지가 좋아서 기분좋은 지출을 했네요~~^^,산책하기좋음,"안산 벚꽃길 입구에 있는 카페에요. 벚꽃길 산책하며 커피 마시고 싶어서 들렀는데 아이들 쥬스도 팔아서 좋네요. 커피 맛있고, 무엇보다 안산에 있다는 자체로 뷰가 좋습니다.",가끔 산책하는 곳인데 카페는 처음 가보아요~ 커피 구수하니 맛있고 꽃샘추위에 따뜻하게 잘 마시고 왔어요☺️,굿,굳,얼음이 없어서 아이스아메리카노는 안되고 스무디는 된다는 사장님;;; 스무디도 얼음 들어가던데.. 메뉴중 제일 비싼 스무디만 되나봐요 기분좋게 꽃놀이왔다가 기분이 급 다운됐었네요 공원 가실분들은 물정도는 꼭 챙겨가세요~~~,안산자락길 놀러가는길목에 있어서 음료 한잔씩 들고 마시면서 벚꽃 구경했어요! 벚꽃 축제 때문에 사람들이 정말 많았는데 일하시는 분들이 굉장히 친절하고 잘 대응해주셨어요😆,자락길 산챡하다 딱 중간정도 올라가면 나오는 카페 너무 친절하시고 좋아요 테이크아웃 텀블러 가져오면 500원할인,굿,연희숲에 방문할때마다 이용하는곳이다 가격대비 커피맛도좋으며 연희숲도함께 즐길수있어서 좋다,맑은 공기속에 커피를 먹을수있어 좋아요,음료가 맛있어요,커피도맛있고뷰가좋아요,친절하시고 커피 너무 맛있어요 벗꽃이 너무너무 이뻐요,"서대문구 안산 입구 부근에 있는 카페. 가성비 좋고, 벚꽃 속에서 커피한잔 대화하기 좋은 곳 입니다.",커피 맛있고 음료도 맛있고 가격도 싸고 직원분도 친절하고 좋네요~,가성비,안산 맛집,공원옆작은공간이지만장애인분들이 교육받으시면서 운영되는 사회적기업카페로 갈때마다 친절하신분들에 기분이좋아져요,사람이 많아서 많이 기다리기는 했지만 장소가 워낙에 좋아서 구경하면서 기다렸어요.,커피진짜 맛있네요,안산 스팟,안산을 보면서 마시는 커피가 너무 맛있고 기분까지 힐링됩니다~^^,굳,안산에서 꽃 보면서,안산 커피,커피가 맛있어요,안산자락길 갈때 들리기 넘나 좋은 카페! 가격도 착하고 덕분에 커피 마시면서 산행 즐길수있어서 좋았어요 감사합니다🍁🍂🍀,디카페인 가격이 넘 비싸요,ㆍㅅ,굿~,뷰,친절하고 운치있,친절해요,가성비 좋아요,다 비싸요,공원입구 션해서 즣아요,구청에서 관리하시는지 궁금해요 가격이 저렴 하고 이 추운 겨울에 탁트인곳에서 햇볕을 보며 한 잔 할 수 있는곳,안좋음,비싸요,너무 멋져요^^,ㆍㅅ,음료 픽업해서 밖에서 마시면 뷰 너무 좋아요,뷰맛집.산책하고 시원하게 드링킹,좋아요,좋아요^^,굿,등산과 함께 맛있는 바닐라라떼!,ㆍㅅ,오랫만에 안산자락길 가려고 왔습니다. 단풍나무 밑에서 마시니 기분이 최고네요. 이곳은 변함없이 좋습니다,안산 내려오는 길에 차한잔 하기 정말 좋아요. ^^,커피 맛 있어요,^^,커피맛나요,아늑하고 한적하곳의 예쁜카페 커피 맛있어요,긋,👍,이뻐요,굿~,무악산 뷰가좋아요,그래도 구청인데 물값이 넘비싸요 ㅠㅠ  안산 산책후 카페있어서 좋내요,내부취식이 불가에요ㅠ,안산 공기 마시며 시원한 자리찾아 수다떨기 좋아요,시원한 바람이 솔솔...커피 한잔 마시기 좋은 위치...,산책하고 먹기 좋아요,커피 맛있어요,굿,장소가 다햇어요~가성비도 좋네요,좋아요,좋아요,좋아요,좋아요,공기좋은 곳에서 커피 한잔 힐링의 장소 입니다,좋아요,"지금은 일요일 운영안하고  봄되면 4,5월쯤부터는 일요일도 한대요 커피 저렴하고 맛도괜찮아서 산위에 있지만 강아지랑헥헥거리면서 일부러 찾아가서 사와요ㅋㅋ",안산둘레길 산책후 따뜻한 커피 넘 좋아요~~쉴곳도 많네요,굿,안산뷰와 마싰는커피,가격이 착한편이에요 주문할때 어떤걸 말하면 대답은 하시는데 음료받아보면 적용이 안되어있는거같다는 느낌이  갈때마다 있는거같아요 그냥 흘려들으시는지 그거만 좀 더 주의해주셨음좋겠어요,쥬아유유유융,굿,좋아요,커피 찐하네요~~,굿,좋아요,좋아요,좋아요,굿,굿,굿,굿,굿,굿,굿,뷰도좋고,굳굳,굳,굿,산에서 마시는커피~~안산위에있는커피집~~친절합니다,,,
이공커피 연희점,1039732705.0,"가을 햇살이 따가운 오후에 버스 정류장을 찾다가 목이 너무 타던 순간, 가게 앞 ""수박주스"" 사인을 보자 곧장 한잔을 사게 됐어요. 시원한 수박주스로 갈증을 풀며 버스를 기다리니 조금후에 버스 도착하네요. 가장 필요한 순간에 오아시스 같은 이공커피였어요.",거의 하루에 한번씩은 포장이나 배달로 꼭 커피를 사먹는곳이 되었어요 특히 배민으로도 자주 사먹는데 리뷰이벤 트로 음료도 주시고 빠르게 마실수있어 넘 좋아요!! 지인들한테 한턱 쏘기에도 부담이 없어요^^,1L보틀 아메리카노 맛있어서 자주 이용합니다.,출근때 한잔씩 너무 조아요 🩵🤍,배달주문 있을때 잘못걸리면 이십분까지 기다릴수 있는곳 주문을 따로 받으셔야 ㅠㅠ,"가격도 저렴한데, 맛도 있었고 시원하게 잘 마셨어요!! 밥먹은데서도 가깝고 사장님도 친절하셔서 너무 좋았어요!!",커피 맛있고 가성비 짱짱 젊은 직원들도 왕왕 친절하세용,연남 거리커피,매장도 쾌적하고 너무 좋아요,싸고 빠르고 늘 친절한곳 🤭🤍  커피도 탄맛이 엄청 쎄지 않아서 좋아요,가성비 좋아요,맛있어요!!!!!! 추천합니다 👍👍✨,라떼가 너무 맛있어요,가성비 좋아요,구웃🥤,good,좋아요🙆‍♀️🙆‍♀️🙆‍♀️  사쟝님도 엄청 친절하시구 거의 맨날 가요 ㅎㅎㅎ,모닝커피 좋아요 !!,구웃🥤,마일드한 커파를 즐기는 내겐 1L 커피는 너무 좋음,아침마다 내 잠을 깨워주는 방앗간 💛💛💛 사장님 오틀리밀크 옵션추가도 만들어주세요🥹 바닐라라떼 + 오틀리  밀크 💛 유당불내러 올림….,시원하고 좋아요!!! 사장님께서 늘 친절하세요 :) 손씻는곳이 밖에도 있어서 좋아요 ~,메뉴가 빨리 나와서 아침에 사가기 좋아요!!!!,조용하고 음악도 좋고 음료도 맛있고 좋네요,너무 맛있어요 ❤️,좋아요 :),구웃🥤,좋아요 :),요즘 자주 가는 단골 카페~,"버스 정류장 앞이라 지나가면서 보기만 했었는데 저녁 먹고 들어가는 길에 먹어봤습니다. 커피가 저렴해서 좋은데  맛도 있어요! 저렴한 브랜드의 커피는 아메리카노가 보리차 처럼 연한 편인데 여긴 진해서 좋네요. (전 샷하나 더 추 가 하긴 했어요.) 커피 슈페너는 달달해서 맛있어요. 맥심 얼린 맛, 더위사냥 녹인 맛이 나요ㅎㅎㅎ 직원도 친...",테이크아웃 커피로 자주 이용해요. 다방커피는 제 입맛에는 많이 달았어요.,가성비 및 커피맛 최애! 원두도 맛잇어요!,오늘 아침도 이공커피로 🖤,가격이 저렴한데 맛도좋아요,가성비,좋아요 :),싸고 맛있고 사장님이 친절하세요~,좋아요,좋아요 :),좋아요,언제가도 빠르고 친절해서 좋아요 !!!  모닝커피 중독중입니다 :),깔끔한매장에서 시원한수박주스로 편히쉬었다왔네요,조아요,좋아요,좋아요,추천,조아요,사장님이 친절하심,수박주스 맛있지만 좀 많이 달았어요!!  그리고 씨 너무 많아요… ㅠ (그래도 생과일 인증🔥),그냥 무난 저렴해서 좋아요,키오스크에도 전화번호 적랍헐 수 있게 해주세용 ㅜㅜㅜㅜㅜㅜㅜㅜㅜㅜㅜ,가격도 좋고 맛있어요!,추천이요,좋아요 ;),가성비 최고에요!,치즈케이크 꾸덕하니 맛있어요,크고 맛있어요~~~,가성비왕,가성비 좋아요,가성비,적당한 가성비의 좋은 카페,큼직하고 맛있어요,출근길에 구경만하다 드디어 가봤는데 점심시간에 왜 다들 줄 서는지 알겠더라구요 맛있고 가성비 좋아요 추천합 니다,이공커피 처음인데 가성비쩝니다,맛있어요 :),"옛날커피 2,000원 : 엄청 달달한 옛날커피~!!  가격 저렴하고 양이 꽤 많아요🙌🏼","매장도 깨끗하고 친절하시고, 음료도 디저트도 맛있었어요!😊🤎",좋아요 :),커피도 디저트도 다 맛있어요,맛,추천,맛있어서 자주 애용하고 있어요,커피 맛있어요,굿,아아 맛있다. 이 가격에 기본 투샷 4.4,구웃,커피 맛있어용,굿럭,아메리카노가 진짜진짜 맛있어요,커피맛있어요,사장님 늘 친절하세요,밖에서주문해서 좋아요 강아지랑 산책하다가 커피샀어요 맛있습니다!,ㅡ커피가 생각 날땐. 이공 커피.,굿,가볍게 먹으러 가기 좋음,확실히 맛있고 가성비가 좋아요,커피니 이공 커피죠. ㅋ,싸고 맛있어요,한라봉 에이드 맛있네요,자주 애용하고 있습니다,구눅,가성비좋고 맛있어요~~,맛 부터 가성비까지 아주 좋은 곳입니다,애플샤베트 맛있어요 !!,요즘 물가 너무 높은데 여기 가성비가 좋아요 :),좋아요,버정 앞에 커피집:),이공커피의 추천메뉴 커피슈페너를 먹었어요. 부드러운 아이스크림을 커피와 같이 먹는 느낌의 맛있는 음료예요. 무척 맛있네요.,굿굿,좋아요 친절하고 가격도 좋아요,정말 맛있어요,좋아요~!,커피가 맛있고 친절해요..ㅎㅎ,맛있어요 커피,메뉴가 빨리 나와서 아침에 사가기 좋아요,텀블러 넘나좋음,굿,맛있어요 커피 ^^ 양많고,음료 맛있고 친절해요,구웃
빙달 연희점,221287795.0,"빙수 양도 넉넉하고, 사장님 인심도 넉넉하십니다. 방문 포장으로 찾아뵀는데 정말 친절하셨고, 서비스도 포장도 세 심하게 챙겨 주셨어요. 매장도 깔끔했고요. 그리고 무엇보다 빙수가 맛있습니다. 티라미수 좋아하시는 분들이라면  초코케익빙수 추천합니다. 재방문 의사 완전 있습니다😊",포장 갈 때마다 사장님께서 너무 친절하시구 토핑도 알차구 양도 많아서 너무 좋아요 😊 서비스도 진짜 왕왕 넣어주셔서 늘 감동 .. 🥹 집 근처라 종종 포장하러 가는데 빙수도 금방 나와서 빠르구 편해요 ❣️,"사장님 짱 짱 친절해요!!💛💛 토핑추가 나중에보고 요거트 크런치 추가할까 이야기했었는데, 서비스로 넣어주셨 어요..!!🥹🥹 (필수로 추가하셔요… 진짜 존맛입니다,,) 진짜 빙수맛집 인정입니댜,,, 양도 엄청 많고 큰데 토핑도 잔 뜩이예요 ㅎㅎ 앞으로 자주 자주 이용할것 같아요😽💚😽 감사합니다 :)",진짜 너무너무 맛있어요! 양도 많고 토핑서비스까지 주셔서 맛나고 푸짐하게 잘 먹었어요 !,너무 맛있고 너무 친절하세요😛😋,최고의 눈꽃빙수 ^^,굿,"다원이 덕분에 알게 됐는데 빙달 근처 살아서 행복합니다,,, ㅎㅎ 사장님 너무너무 친절하시구 일단 빙수 너무 맛있어요! 빙수 여러가지 먹어봤는데 뭘 시키든 그릭요거크런치는 꼭 추가해야 됩니다 개존맛",배민으로 시켰다가 다음엔 그냥 일반전화로 이번에는 직접가서 포장해봤는데요 넘맛있어요 원래딸빙 좋아하는데 제가 청포도빙수 좋아하는지는 처음알았네요..인절미토스트도 진짜 맛있어요~~~사장님도 친절하심!,맛있어요맛있어요,좋아요,커피빙수 맛있어요!!,맛있고 사장님친절하시고 좋아요,완전맛있네요 최고에용 ㅋㅋ 깔끔하고 친절하시고,맛있어용,굿,딸기도 맛있고 우유랑 연유와 소스의 조화가 정말 좋았었어요! 사장님도 친절하시고 맛있습니다.빙수 생각나면 자주 갈 것 같아요~ 빙수 먹고 기분좋게 하루를 마무리 하였습니다☺️💕,빙달 맛있어요 베리베리생딸기 특히  사장님 너무 친절ㅠㅠㅠ,가볍게 빙수,맛있어요 !! 근데 방문해서 먹기엔 매장이 협소해서 배달해서 먹기 좋을거 같아요,달달 그 자체...❤,양 많고 맛잇당,맛있었습니다!,양도 많고 맛도 좋고ㅎㅎㅎㅎ,,,,,,,,,,,,,,,,,,,,,,,,,,,,,,,,,,,,,,,,,,,,,,,,,,,,,,,,,,,,,,,,,,,,,,,,,,,,,,,,,,,,,,
니드모어커피,1114049278.0,"핫 바닐라빈 라떼  (๑●ᴗ●๑)✦ 바닐라빈 듬뿍 들어 있어요 (집 홈카페에서 내가 마실 커피 만들어도 이 정도 고급 바 닐라빈을 이만큼이나 넣기 힘들 거 같은데.. 👍) 넘나 맛있어요 🥳🥳🥳 핫 카페라떼 잘 하는 카페 찾기 힘든데 ,  맛나게 잘 하는 데 찾았네욤 ദ്ദി(♧⸝⸝ʚ̴̶̷̆ ᴗ ʚ̴̶̷̆⸝⸝)ദ്ദി(☆⸝⸝ʚ̴̶̷̆ ᴗ ʚ̴̶̷̆⸝⸝)",디카페인 아이스 아메리카노 러버임. 사진 속 니드모어라떼 (시원하게만 된데욤) 이거 아주 Nice 👍 아래쪽은 시원 달달하고 윗 부분은 에스프레소 샷 인 듯 해요. 쌉쌀한 커피랑 달달한 우유 (?) 랑 같이 쏘옥 들어오는 데 여기가 바 로 heaven 😍 같이 곁들인 블루베리 코블러도 좋았어요 😘 참고로 서울페이 qr 애플페이 등 결제 가능 한 듯...,카페 쥔장님이 직접 구운 쿠키 니모어 쿠키 ㄴ 버터 쿠키 살짝 쫀득하고 부드러우면서 씹는 맛이 좋아요. 디카페인  아이스 아메리카노랑 같이 합니동 🥰 오늘 카페 투어도 로맨틱 ❤️ 성공적 👍 (♧⸝⸝ʚ̴̶̷̆ ᴗ ʚ̴̶̷̆⸝⸝)ദ്ദി,따뜻하고 편안한 분위기의 카페에요. 조용히 두런두런 얘기 나누기 좋아요. 아메리카노 디카페인시키면 산미강한곳이 많은데 여기는 찐하고 고소했어요. 다음에 방문하면 꼭 디저트도 먹어보고싶어요. 카페에있는 강아지 넘 귀여워요~,레몬 케이크가 귀엽고 강아지가 상콤 달콤해요 3번 째 케잌 🎂 도전인데 레몬케이크 상큼하고 맛있어요. 많이 달 지 않아서 더 좋아요 옆자리에서 꿀잠 자는 인형보다 더 이쁜 강아지 사진도 보고 가세요 :),블루베리 코블러 4000 아이스크림 추가 2000 따뜻한 코블러에 아이스크림 얹어 먹었는데 따로 먹으면서 맛을 음미 하고 아이스크림이 코블러를 초크초크 하게 해줘서 색다른 느낌이에요. 태어나서 첨 먹어본 코블러. 맛있었어요 ^0 ^,매장도 깔끔하고 커피는 산뜻하고 디저트는 달콤하네요.  들레(매장 마스코트 강아지)도 너무 귀엽습니다.,맛있는 니드모어커피를 자주 방문할 수 없어 드립백을 30개구매해서 왔어요😆 아이스를 좋아하는 남푠과 행복한 커피타임!! 기다려요 또 갈께요🤗🤗,디카페인 아이스 아메리카노 쫭 쫭 맛있어요. 멀리서 오는 보람이 있어요 ㅠㅠ (집에서 좀... 멀어요) 커피 한 잔 하면 서 책 한 권 뚝딱 가능 합니다.,바닐라빈라테 라떼도 향도 부드럽고 좋아요 여기 식기도 너무 깔끔하고 좋으네요,디카페인 아이스 아메리카노 진짜 맛있오요. 뜨아파인데 아아 정말 좋았어요. 초코 케이크도 10원 한 장 안 아까운  꿀 맛이었구요. 연남동 온 보람이 있네요 🩷 여기 빨대 없어욤. 지구를 지켜라 !!!!!!!,"가게 좁고, 사장님 굉장히 불친절함. 내가 돈내고 먹는데 좌불안석이긴 또 처음이네요. 저희보다 늦게온 테이크아웃 손님 음료를 양해도 안구하고 먼저 주셔서 오래 기다려 음료 마셨습니다.",바늘이야기 왔다가 우연히 오게되었는데 음료도 맛있고 레몬케이크가 정말 맛있어요! 오렌지주스 직접 착즙하시는데 짱맛!,라떼가 맛있고 연희동 골목에 있어서 밖에 멍때리기 즇아요!,커피 맛있어요~ 일회용품 제공하지 않아요 좋아요,"다니던 카페 노아가 어느 틈엔지 '니드 모어 커피'로 바뀌었는데 좋은 분위기는 그대로이고, 디저트 메뉴는 새로워졌는데 사장님이 직접 만드시는 것이라 한다. 음료도 디저트도 수준 이상의 퀄리티라 기쁘다.",라떼 진짜 너무 맛있어요! 그리고 초콜릿케이크 밑에 견과류가 있어서 진짜 너무 맛있었습니다,스페니쉬 케이크 먹었어요! 쫀득하면서 부드러운 식감에 상큼한 레몬과 시나몬이 잘 어울리는ㅠ 단걸 잘 못 먹는데 커피와 같이 먹기에 적당했던 거 같아요! ㅎㅎ 편안한 분위기에서 잘 먹고 갑니당=),커피 숨은 맛집 하지만 커피값이 비싸서 자주 못옮,전 커피를 많이 마셔서 디카페인 있길래 주문했는데~~와👍 디카페인커피만의 특유한 향과 끝맛이 있는데 니드모 어커피는 전~혀 끝맛도 특향도 없어요!! 너무 맛있어요!!! 게다가 스페니쉬케이크까지!! ❤️ 집만 가까우면 매일 오고 싶네요 😢 또 올께요,맛나요,분위기 조으다~,커피도 맛있었지만 일회용 사용을 하지 않아 더 좋았습니다 지구를 아끼는 사람들이 많았으면 합니다,콜롬비아 엘 파라이스리치 드립커피 너무 맛있네요. 우유크림롤도 맛있어요. 연희동 카페 맛집으로 인정.,커피맛 좋아요 라떼에 우유대신 오트넣었는데 더 고소하고 맛이 풍부해요,분위기 좋고 커피 맛있었습니다,디카페인 커피가 너무 맛있어서 자주 와요 여기 디카페인커피는 아주 고소하고 진해요 마셔도 속이 안쓰려 커피생각날때는 꼭 여기 옵니다 오늘같이 먹은 베이글이랑 크림치즈도 아주 맛있네요,에소프레소와 라임에 만남이란... 입안 가득 청량감과 시원함이 한낮 더위를. 싹!! 잊게 하네요 ㅎㅎ 어떻게 이런걸 생각해서 만드시는지. 대단하십니다. 올 여름은. 카페데베라노!! 이거 한잔이면 시원하게 넘길것 같습니다.,연희동 갈때마다 들리는데 이번에 먹은 케익은 집에 와서도 계속 생각나네요. 이걸 먹으러 가야하나 ㅠㅠ 빵을 전혀 안먹는데 일행이 시켜서 먹다가 중독되게 생겼네요. 레몬 케익은 한입 먹는 순간 레몬의 상큼함이 기분좋게 입안에 남아있고 스페니쉬 케익은 달지않은 달콤함이 입안을 행복하게 만들어주네요~ 조만간 이거 먹으러 또 가야겠...,"커피맛집 니드모어에 시그니처수제쿠키가 생겨 맛보러 들렀습니다~ 니드모어의 로고가 쿵-박힌 큼직한 사이즈라  커피한잔과 곁들여도 부족하지 않은 크기구요! 초코매니아들이라면 만족할 브라우니에 이어 초코쿠키역시 초코담 뿍의 쫀득한 쿠키! 레몬향 가득한 쿠키까지, 재료를 아끼지 않는 사장님의 손맛이 느껴집니다!!",굿,"아기자기한 나만의 아지트 같은 커피숍이에요~ 매장은 깔끔, 조용하고 커피맛이 고급져서 한번 들어오면 나가기 싫 은 공간이에요~ 소품도 과하지 않게 포인트로 공간 공간마다 놓여있어요~ 입구에서 들어와서 바로 보이는 테이블은 포토 스팟로 활용하기 좋아보여요~ 직접 만든다는 케익도 맛나고 무엇보다 커피가 한번 맛보면 잊혀지지 않...",친절하면 더 좋을 것 같아요,날이 너무추워 지나가던길에 급 방문했는데 생각지도 못한 커피 맛집을 찾았네요!! 추가로 딸기 브라우니 주문했는 데 너무 맛있어 여쭤보니 직접 베이킹 하신다고 하네요. 직원분도 친절하시고 매장이 깨끗하고 조용해서 좋았습니 다. たまたま通りかかって寄ったカフェ☕️ コーヒーが美味しくて、サンタブラウニーも追加してみたらチ...,친절하고 솔티드카라멜라떼 정말 맛있어요.,지나다가 이쁜 화분들과 함께 분위기가 좋아보여 들어왔는데요~ 롱블랙과 헤이즐넛초코케이크를 주문했어요!ㅎㅎ 롱블랙이 너무 진하지 않으면서 부드러워서 맛있었습니다! 케이크는 너무 달지 않아 좋았고요!! 조각케이크 주문시 포크외에 나이프도 함께 주는것과 빨대 대신 머들러 사용으로 환경을 생각하는 사장님 마음씨도 매우 좋았습...,커피가 맛있어요. 조용하고 아늑해요. 혼자 커피마시기 편해요.,"통밀베이글이 고소하고, 크림라떼 위에 있는 크림이 맛있어요!!",사장님이 친절하세요,디까페인 라떼가 고소하니 아주 맛있어요.,굿굿,굿굿,찐 커피맛집 오랜만에 따뜻한 싱글오리진 먹었는데 너어어무 맛있게 먹었어요 ㅎㅎ 주말엔 자리가 금방꽉차는데 운좋게 자리가 바로 나서 앉았습니다 재방문의사 100%!!!,이전에 다른 커피숍이었는데.. 가보니 바뀌었네요. 그래도 커피 맛있게 잘 먹었습니다 ^^,분위가가 좋고 커피가 맛있어요,솔티드카라멜라떼...ICE. 잘~~~마셨습니다.,커피 맛있어요,"커피, 디저트 다 맛있습니다",굿,라떼 맛있어요^^,불친절해 다들 기분 상해왔어요. 두번은 절대 안가요,커피 맛있어서 좋아요~^^♥,조용하고 좋아요.,커피맛나요,분위기가 좋아요,???,굿,커피맛좋았음요,좋아요,,,,,,,,,,,,,,,,,,,,,,,,,,,,,,,,,,,,,,,,,,,,,,,,,,,
메가MGC커피 연희점,1039944392.0,가성비 좋은 커피전문점 2층까지 있어서 매장 넓어요~,바닐라라떼는 너무 밍밍해요... 약간 물탄느낌? 이라서 아쉬웠습니다. 카페가 엄청 넓어서 시간 보내기 좋을 것 같네요~,일하다가 들려 한잔 맛있네요,2층이 있어서 쉬어가기 좋아요.,"양 믾고 맛있어요, 만족합니다",앉아 있을수 있는곳이 많고 메뉴가 많아서 좋아요,주말 오전 직원분 너무 너무 친절하세요 ! 친절함 덕분에 제 주말의 시작도 늘 행복한 것 같아요 따뜻함을 나눠주셔서 감사해요 커피도 좋아요 !!<33,늘 자주 가요. 가성비가 좋아요,딸기요거트 스무디 딸기 맛이 상콤하고 맛있고 흑당버블티라떼에 펄 추가해서 먹으니 쫄깃한 펄과 흑당의 풍미 더해져 아주 달지 않으면서 맛있게 먹었네요. 매장도 청결하고 대화하기 좋아요.,가성비 좋아요,싼 가격에 마실 수 있어서 좋습니다.,커피 양도 많아 좋음,지나는길에 시원하게 커피한잔 하기 좋은 곳~ 가격이 저렴해서 자주 이용합니댜^^,매장도 넓고 좋아요!,자리 넓어서 편해요,메아리카노~~ 시원하게좋와좋와,굿굿,타매장과 다르게 친절해요,할인 가맹점 아니면 대상적용 아니라고 설명좀 해줬으면.. 안된다고 그냥 안된다고 말해서 상처받음ㅠ 화장실 전보다 냄새 개선됨 음료와 매장은 항상 좋음,굿굿,주문 후 대기시간이 짧음 대체로 맛있음,매장이 넓고 맛있어요,맛 있어요,시원하게 커피 잘 마셨어요~,좋아료,메가커피 지점중에선 커서 좋아요!,바닐라라떼 타지점보다 약해요;; 시럽 추가 👌,매장도 넓고 시원하고 넘무 좋아용,구웃🥤,ㆍ,메가커피는 역시 가성비 갑이죠 손흥민 짱,커피 맛있게 마셨어요,메가커피 아이스바닐라라떼는 끊지 못하겠어요! ㅋㅋ 넘나 맛있어요~,빵이랑 찰떡 커피,매장 깔끔하고 좋아요,커피 맛있네요,메가커피조아요,귀여운 포차코인형 겟!,커피 맛있어요,구욷!,2주에 한번 가지만 항상 불친절한 느낌,서울 도착! 첫 음료 시식! 마씻떠용! 마시떠용! 우리 함께 합시다!,😀😀😀😀😀,메가커피 좋아요,커피맛있어요,맛있어요,메가커피좋아요오오오,좋아요,좋아요,좋아요!,커피.. 맛이 없어요…,추천,굿,좋아요 자주와요,맛있는 곳입니다. 2층도 있어 좋습니다.,좋아요!,"매장이 크고 넓어서 쾌적해요 가성비 카페답게 커피가 싸고 양많아요 아이스크림 크로플은 크로플이 눅눅해서 쏘쏘였어요,,",맛있어요!,친절해요,좋아요,맛있어서 자주와요!!,굿,굿,추천,좋아요,좋아요,커피맛있어서 자주와요,좋아요,좋아요,좋아요,굿!,코코넛 커피스무디 맛있다옹ㅋㅋㅋ,자주와요 커피맛있어요,수박쥬스가 시럽이라니이이,좋아요,좋아요,좋아요,메가커피 자주와요오,그냥 목마를때 저렴한 커피를 찾는다면 이만한곳이 없죠!!,메가커피 좋아요!!,굿굿,좋아요,조아요,자주와서 커피마셔요 좋아요,메가커피는 저렴한 가격에 양도 많아 좋습니다 집중할때도 가서 공부허기 좋고 ㅎㅎ 멤버쉽 할인이나 쿠폰도 매달 나와서 이용할때 좋구요 요거트류 음료들도 맛나여,맛있어요,딸바 진하고 어무 맛나네요 ㅎㅎ 얼음이 한가득 ㅎㅎㅎ,커피 맛있어서 자주와요!,굿,메가커피 좋아요!!,메가커피에서 제일 좋아하는 메뉴인데요.. 휘핑크림이 이게 맞는건지.. 그냥 휘핑 원액을 부은건지.. 저도 카페에서  일하는 사람이니까 알바생들 고생하는건 아는데 이건 너무 성의가 없어서 리뷰 적습니다.. 다음 부터는 좀 신경 써서  만들어주세요 스무디는 맛있네요 ㅎ,굿,커피맛있어서 자주와요,긋,역시 가성비하면 메가에요~~,긋,굿,맛있어요,메가커피자주오는데좋아요,메가커피 자주오는데 좋아요,맛있어요,굿,맛잇는 메가커피~~~,굿,맛있어서 자주와요 또올게요,화장실빼고 모든게 좋음 남자화장실 창문 그냥 열어놓는게 어떨지,굿,메가커피 자주가요 !!,,
ANNIV,1189230037.0,아버지 생신 앞두고 예약했던 홀케이크 찾으러 갔는데 다른 디저트도 궁금해서 하나 맛보고 갔어요. 예정 시간보다 일찍 왔었는데 그 케이크가 쇼케이스 안에 이미 있었네요. 백도 쇼트 케이크는 웨딩 케이크인줄.. 특별한 기념일에 함께 하기 좋을 케이크?! 먹다보면 좀 느끼할 것같았는데 생각보다 덜 달고 시트도 부드러워서 무겁게 느껴...,"외관도 내부도 정말 예쁜 카페예요 🤍🩵 보통 카페가 예쁘면 디저트가 맛이 없기 마련인데 여긴 디저트가 진짜 대 박이네요..,🍰 게다가 디저트 맛나게 먹고나서 이야기 나누고 있는데 사장님께서 초코 디저트를 서비스로 갖다주셨 어요 🤎 완전히 천사 아니신지 🪽 날 좋은 날에는 외부 자리에 앉아서 사진도 많이 찍으면서 즐기고 싶어요 ෆ˙ᵕ˙ෆ",맛있고 멋지고 친절한 애니브,조용하고 분위기도 넘 좋아요 야외서 사진찍었더니 넘 잘나오네요,먹고 싶은 갸또가 너무 많아서 부지런히 다양한 종류들 먹어보려고 노력중입니다. 이제 날씨 좋아서 밖에 앉기도 너무 좋습니다!,처음에 오픈했을 때 방문해보고 요번이 두번째!!다양한 종류의 디저트를 맛볼 수 있는 곳이고 조용한 분위기가 연희동이랑 잘 어울려요.케익맛은 적당했어요.정성스러운 케익이 아름다워요.아름다운 케익만큼 가격은 비싸구요!!,번화가랑 사알짝 벗어나서 좀 동네느낌이라 조용히 즐길 수 있어 좋아요. 감성 미쳤고.. 야외에 앉아있을 수 있어서  너무 행복했어요. 선선하게 부는 바람 맞으면서 앉아있는 주말이란... 디저트 가격대가 미쳤지만 완전 아트같고 맛있 어요.. 커피도 딱 알맞게 적당한 산미라 잘어울리구요. 구움과자류도 있어서 선택지가 다양해 좋아요. 날 좋은...,즐거운 디저트 타임 보냈어요,👍,맛있고 이뻐요 왕 추천!,디저트 너무 맛있아요!!!!,맛있어서 2주 연속으로 왔어요! 정교한 모양의 디저트 외관만큼이나 맛도 좋고 밸런스도 잘맞아서 전 메뉴 다 먹어보고 싶어요.,좋아하는 애니브 이번에도 잘 들렸습니다,"애니브 디저트 가격은 결코 착하지 않지만 맛은 기가 막히게 좋습니다 직원들도 친절하고 이쁘고 ~~ 포장도 기가 막 히게 고급집니다 미니카스테라가 8,800원 큰딸이 몽블랑 좋아해서 2개 남았길래 구입 10,300원씩 2개 20,600원 그 리고 애플파이 등등ᆢ 요번이 3번째 방문인데 리뷰는 첨 올려요 글고 실내 인테리어도 🎃 할로윈분위기로 깔...",선물할 케이크 하나 사고 계산대에 밤 있어서 사 봤는데 엄청 달긴 하지만 생각한 맛이었음 한톨에 3500원이라 다시 살 거 같지 않음,진짜 비싼데 맛있음,"맨날 가야지 가야지 하다가 못 갔었는데.... 사장님이 직접 장식하시는 할로윈 장식 보고 홀린 듯 들어갔습니다...ㅎ 할로윈 장식도 귀엽고요, 음식들도 귀여워요. 여기는 항상 특색 있다는 느낌의 디저트라서 고르는 맛이 있어요! 휘낭시에는 어머니 드렸는데 여기 맛있다며 어디서 샀냐고 물어보시네요~ 효녀됐어용 ^0^",포장해서 먹었는데 보냉포장도 무료로 해주시고 친절하셔서 기분 좋았어요~ 무스 식감들이 특이해요 제품군이 다양해서 두가지만 고르기 힘들었어요. 근처에 온고 파티스리와 함께 들리면 좋을 것 같아요~~!,가격은 착하지 않지만 맛은 좋아요 카스테라도 참 맛있어요 방문시식도 인상적이었어요,디저트 종류가 다양해서 선택장애가.. 다 맛있어요! 친절하시고!!,디저트가 종류도 많고 맛있어요. 음료는 무난 했는데 인테리어나 풍경이 깔끔하고 좋아요. 다음에 또 디저트 먹으러 방문 예정이에요.,"마롱 바스크와 사투라 타탕 포장해왔어요. 종류도 다양하고 포장 패키지도 너무 예뻐서 선물 사기에도 좋은 것 같아요. 마들렌, 휘낭시에도 무척맛있고 근처 갈 때면 한번씩 방문하는 곳이에요.",연희동 핫한 곳 중 한 곳이죠 ㅎㅎ 디저트 종류가 너무 많아 결정장애가 생기겠더라고요 ㅎㅎㅎ 파티시에분이 신제 품 친절히 설명해 주셨어요. 인스타그램에도 제품 설명 남겨주시면 먹을 때 어떻게 만들었는지 알고 먹으니 더 맛있 을 거 같아요 ㅎㅎ,몽블랑 약간의 상큼한 시트러스 맛이 곁들여진! 할로윈 장식 해둔 거 너무 귀여움,디저트 맛있어서 어제오늘 또 먹었어요,자주 눈팅하는 블로그 보고 갔는데 맛있어요! 다 먹고 싶지만 다 먹을 수 없어서 슬프네요 ㅋㅋ 선택장애와서 고르는데 힘들었네요~매장에서 하나 먹고 두 개 포장했는데 다른것도 궁금 ~~~카스테라랑 휘낭시에도 맛있네요 🙂,고급스럽고 근처 볼거리가 많아요,"들어가자 마자 주시는 웰컴카스테라 부터 남다른 비쥬얼과 맛! 빵도 너~무 예쁜데 과하게 달지않고 맛있어요, 커피 까지 맛있는 집♡ 카운터 계신 직원분도 완천 친절~ 지인들 데려가서 칭찬받은 집입니다^^",생일케이크 하려고 샀어요 겉에 데코한 진주구슬? 식감이 좀 거슬리고 전체적으로 촉촉하지 않고 크림이 맛있진 않네요 기대했는데 그냥 그래요,"쇼트케익망고랑 바나나크렘브를레 먹었는데, 쇼트케익 정말정말 추천합니다! 설령 다른 맛으로 나온다고 하더라도 애니브 쇼트케익은 먹어보는 게 좋아요! 시트가 촉촉하게 녹으면서 망고의 향이 크림이랑 잘 어우러집니다.ㅎㅎ 카스테라도 정말 맛있더라구요.",연희동 최애 디저트 맛집… 가격대가 조금 있으나 먹어보면 정성과 전문성이 느껴져 하나도 아깝지 않음ㅠㅠ 맛의 레이어가 확실하게 있어 디저트마다 개성이 있음. 메인으로 느껴지는 과일의 상큼함과 풍미가 입안을 감싸고 또 이 를 감싸주는 부드러운 무스를 느낄 수 있음… 필 라잌 쏘 헤븐…무스에 느끼함을 느끼기 직전 타르트나 토피...,케익맛있어요,독특하면서 고급스러운 디저트를 제대로 즐길 수 있었던 곳!! 감성 넘치면서 모던한 분위기까지 너무나 멋진 카페 ♥︎,good,잘먹었습니다 집이 예뻐요,이쁜 케이크 많고 맛도 좋고.. 단지 테이블공간이 아쉬울뿐이다,케익도 다양하고 호텔케익보다 훨 맛나고 고급져요 ~커피도 맛있구요~~주택개조한카페라 야외에서 먹기좋아요,이런 퀄리티 좋은 무스케익 오래간만이었습니다. 맛도 질감도 재료 조합도 만족스러웠어요!,기본적으로 맛있는 디저트였으나 생각보다 향과 다양한 맛이 느껴지지 않은 게 아쉬웠어요,디저트가 특색있고 맛있어요! 커피도 맛있습니다. 다만 디저트 가격이 많이… 쎄요…,"디저트류가 전부 맛있어보여서 고르는데 한참 걸렸어요. 열심히 고른만큼 맛있게 잘 먹었고, 다음에 또 방문해서 다른 디저트도 맛 보고 싶어요.",딸기올라간타르트 굿굿,몽블랑이 맛있다고 해서 먹으러 갔는데 매진이 돠서 못먹었어요ㅠㅠ,디저트류가 많아서 좋아요!,맛이 산뜻하네요^^ 직원분도 친절하셔서 많이 알고갑니다~,카스테라 원탑,친절하고 고급지고 맛있습니다 좌석이 야외가 대부분이라 여름이 걱정되는;,저번에 영수증을 안받아서...사실 두번째 방문입니다! 갸또들이 기대이상으로 정말 맛있었고 직원분들도 너무 친절 하시고 매장도 깔끔해서 첫인상부터 좋은 인상으로 남은 곳이라 앞으로 엄청나게 회전문을 돌것같아요. 조금 아쉬 운 것은 음료는 선택지가 적어서 늘 아메리카노를 마시게 된다는거...홍차파라서 정말 조금! 아쉬울 뿐입니다!...,연희동에 생긴 디저트 전문 카페! 수준급의 케익과 구움과자를 맛보고 싶다면 추천해요,디저트가 맛있어요,디저트 너무 맛있어서 놀램,"에그조티크,베리피스타 두개 구입했는데요 바로근처살아서 포장해서바로먹었는데 에그조티크는 분명 쇼케이스에 서꺼내주셧지만 마치 실온에있던걸 꺼낸것처럼 차갑지않고 한입먹고 그냥.버려야했습니다 유명한분들이 오픈하신. 카페라고 인스타보고 찾아간건데 소문난집에역시.별거없는것같아요 너무 실망이었습니다 신상 카페라서. ...",굿,디저트도 맛있고 공간이 예쁩니다,보통 디저트류를 메인으로 파는 것 같아요 잘 쉬었다 갑니다,분위기 너무 좋고 맛있고 친절하고 다해요 짱!!,달달함이 필요하다면!! 고!고!,비싸고 생각보다 넘 별로... 직원분은 넘 친절,웰컴 카스테라가 시그니처라고하더니 기억에 제일 남아요,"피스타치오 베리 먹었어요. 무스 느낌이었는데 엄청 달지 않고, 괜찮았어요.  그리고 초코 클래식은 그냥 무난한 느낌.",..,예뿌고 맛나서 좋아요,애플 파이 진짜 맛있네요,너무 맛있어요…..,굿,그냥 쥬우운내 달다! 이런곳 싫어하는데 여긴 디저트들이 하나같이 기분좋은?단맛이에요.,케이크 맛집,케이크가 맛있어요,최고에요!,굿,굿,.,괜찮아요,좋아요,굿,,,,,,,,,,,,,,,,,,,,,,,,,,,,,,,,,,,
카페 샘,1942375097.0,"홍제천 산책길에 우연히 들렸다가 넘 좋아서 자주 가는 곳이예요! 가면 식료품도 있어서 구경하고 살 수 있고, 사장 님이 직접 로스팅 하셔서 커피맛도 좋아요 ㅎㅎ 오후에는 커피마시면 잠을 잘 못자는데 디카페인 선택할 수 있어서  더 좋아요:) 카페도 조용하고 분위기도 좋아서 책한권 들고가서 편히 있을 수 있어요! 최애카페입니당 사장님 ...",맛있어요,굿,#카페,"요즘 어느 카페를 가도 소란스러운 분위기여서 조용한 오후를 보내기 어려운데, 이 카페는 조용하고 따뜻한 분위기여서 자주 와요.. 샌드위치랑 커피가 맛나요",샌드위치랑 커피가 맛있는 곳 사장님과 매니저님 모두 친절해요.,첨가봤는데 커피 진하고 맛있어요 :),,,,,,,,,,,,,,,,,,,,,,,,,,,,,,,,,,,,,,,,,,,,,,,,,,,,,,,,,,,,,,,,,,,,,,,,,,,,,,,,,,,,,,,,,,,,,,,,,,,,,,,
에쉬본,1547365984.0,,,,,,,,,,,,,,,,,,,,,,,,,,,,,,,,,,,,,,,,,,,,,,,,,,,,,,,,,,,,,,,,,,,,,,,,,,,,,,,,,,,,,,,,,,,,,,,,,,,,,,,,,,,,,,
메르시보꾸,1631335445.0,쥔장님 추천 음료 맛있네요. ㅎㅎ 양이 작긴 하지만 맛있었어요,여기 진짜 맛있어요🩷 맛도 맛인데 요즘 카페들에 비해 가격도 비싸지않아 더 좋아요!! 진짜 제 최애 연희동 카페 추천해요,🧡🧡🧡🧡🧡🧡🧡🧡 커피도 맛있고 마카롱은 더 맛있고 크림스콘은 미쳤어요👍🏻 사장 언니도 너무 친절하시고 … 혼자 공부하러 가기도 좋고 친구들이랑 놀러가기도 좋고 연희동 최애 카페🧡,브라우니 뭐야…. 미쳤자나 ㅠㅠ  브라우니+아이스크림+아메리카노 꿀조합 추천합니다 ㅎㅎ,"마카롱이 먹고싶어 몇일갔었는데 문닫아서 드뎌 사러감~ 사장님께서 아프셔가지구 문을 못여셨다는... 친절하시고  서비스까지 챙겨주시고... 건강하세요,사장님👍",좋아요,아메리카노가 제가 딱 좋아하는 맛이에요 진하지 않고 산미도 많지도 않고 아예 없지도 않고  개운한 맛!!아이스크림 라떼도 달다구리하니 맛납니다,원래 마카롱을 그리 좋아하지 않는 사람인데 비쥬얼보고 진저라떼랑 같이 주문하고 선물용으로 바로 추가 구매했어 요! 사진은 말찬데 너무 맛있네요!! 카페 분위기도 좋고 사장님도 너무 친절하세요!! 매장이 깔끔하고 청결해서 좋아 요 나중에 마카롱때문에라도 재방문 해야겠어요!,마카롱 맛집이라 선물도 사고 종종 제가 사먹기도 했는데 커피도 너무 맛있네요! 원래 메르시 라떼를 즐겨 먹지만 오늘은 아메리카노 먹어봤는데 향도 맛도 너무 좋아요👍❤️,마카롱 정말 맛있네요. 커피도 맛있어요.,날씨 좋은 날 오면 좋은 메르씨💕,사장님께서 친절하시고 매장이 청결합니다.,좋아요~~,친절해요,커피가 정말 맛있고 사장님이 친절하세요!!💓 집근처에 이런 곳이 생겨서 좋아요ㅎㅎ 다만 아이스크림 라떼에 우유 가 쫌 더 들어가고 바닐라라떼같은 메뉴가 생기면 좋겠어요ㅎㅎ 종종 책읽고 일기쓰러 갈께요👍👍,같이 일하는 선생님들과 자주왓어용 좋아용ㅎㅎ,친절해요,친절해요,넘 맛있어용 가까우면 더 자주 오고싶어요,참새방앗간같은커피집~,음료가 맛있어요,오랜만에 왔는데 크림스콘❤️❤️ 진짜 너무 맛있어요😭👍🏻🥰 코코넛 마카롱은 정말 스트레스 다 날아가는 맛.. 아이스 음료랑 디저트 먹으니 완벽한 주말 마무리!!,오늘커피좋넹,연희동 산책하다가 커피 마시러 들어왔는데 커피 맛에 반해서 바로 마카롱 10개 사서 집에 갑니다 ㅋㅋㅋ 조용하고 카페 음악도 좋고!!! 사장님도 너무 친절하세요♥️ 오늘은 혼자 왔지만 다음엔 친구랑 가ㅌㅣ와봐야겠음!!! tmi: 화장실도 매장 안에 있어서 매우 편리...,단골집~,메르시라떼? 추천 받아서 먹었는데 맛있네요 다음엔 마카롱 먹으러 올게요,"점심먹으러 나갔다가 우연히 눈에 뛴 메르시보꾸 카페! 마카롱맛집이라고 써있어서 들어가보니 다양한 마카롱이  있네요 종류 상관엢이 3천원! 다른카페에서 판매하는 마카롱의 1.5배 높이로 양도 많고 아주 맛있네요 커피도 가격 대비 괜찮고., 종종오게 될것같아요~",가게도 넓고 요즘같은 좋은 날씨에 너무나 잘 어울리는 곳이에요!👍🌷 메르시라떼도 순삭하고…마카롱도 쫀득쫀 득 뚠뚠한 크림에 너무맛있어요! 사장님도 친절하셔서 앞으로도 자주 갈 것 같아요🥰 (리뷰 쓰면서도 소금카라멜  먹는중😋),마카롱 너무 맛있어요,마카롱+아메리카노는 사랑입니다,마카롱 맛잇는 카페에요~친구들과 모임하기도 좋은곳이에요~^^,참새방앗간,레몬에이드 너무 상큼해요💛,지인소개로 알게된 메르시보꾸 마카롱가게. 마카롱하면 너무달아 먹다 포기하는데 여기는 적당히 맛잇게 달아 자 꾸손이 갑니다.지난주 지인분들 선물용으로 드렷는데 받는분이 품격잇다 고급스럽다는 칭찬이 대단하세요 맛도 너 무달지 않아 입맛에 딱이랍니다. 저는개인적으로 인절미 마카롱 강츄합니다.카페 사장님 넘 친절하시고 멋잇...,마카롱 진짜 맛있어요!! 사장님도 미인이에요! 대박나세요!!,새로오픈한싸페 깨끗하고 커피맛있네요~,마카롱 몇번 먹어봐서 선물용으로 구매했어요! 많이 단 마카롱은 안좋아하는데 여기 메르시보꾸 마카롱은 많이 달 지 않아 너무 좋아요!! 쫀득하니 필링도 넉넉하고 기분 좋게 선물합니다 ㅎㅎ,마카롱은 한 입 이상 못 먹는데 메르시보꾸 마카롱은 무한정 들어갑니다! 너무 맛있어요💗 마카롱도 커피도 분위기도 너어무 좋아요! 매일 올게요 번창하세요💗💗,존 사장님 멋지고 편안한 인테리어 연희동 길 중 휴식을 위한 곳!,분위기가 너무 좋아요 ◡̈,분위기 좋고 오랜만에 아이스라떼 마시는데 스콘이랑 넘 맛있네요,사장님 친절하시고 쉬어가기 좋아요,마카롱 먹으러 왔다가 에이드와 스콘에 더 영업 당했네요🌿💛 노래도 좋고 감성 맛집:),커피 맛있네요,친절하세요,ㆍ,소금카라멜하고 로투스 특히 너무 맛있고!!! 인절미는 미쳤어요!!! 오랜만에 맛있는 마카롱가게 찾아 기뻐요☺️,괜찮네요 ㅎㅎ,굿,ㆍ,마카롱도 맛있고 커피도 맛있어요💛,맛나요,굿,,,,,,,,,,,,,,,,,,,,,,,,,,,,,,,,,,,,,,,,,,,,,,,,,,,,,,,,,
파리바게뜨 연희대우점,20882788.0,파리바게트 빵은 항상 기대이상이예요,"처음와보는 동네에서 친구에게 줄 선물 고민하고 있다가 버스에서 내리자마자 눈에 보인 파리바게트에 바로 들어갈수있었어요. 버스정류장 바로 앞에있어서 너무 좋았고, 선물하기 딱좋은 벌기에 과자 세트가 있어서 또 좋았네요.",직원분이 친절하세요,버스에서 내리자 마자 있는 파리바게트라 들리기 좋아서 참 편리합니다. 친구집 들리때 작은 빵선물 구하기도 좋아요.,쿠폰이 있어서 빵을 구매했어요 맛있어요,4인 테이블이 4개나 있네요~ 😁😁😁 친절하십니다~^^👍👍👍💯,굿굿,연휴라 빵 종류가 없었어용 ㅠㅠ,굿,굿,굿,늘 친절하고 예쁘고 맛있는 케익이 있어요~ 굿!!,좋아요,출근길 아아 3400원 굳,빵이 맛있어요,친절해요,조아요,지인 시어머니가 계셔서 교회가는길에 빵을좀  구매해 드렸네요~~,굿,자주 이용합니다,조어요,조아요,조아요,조어요,조아요,굿,.,조아요,굿,굿,조아요,버스 정거장 바로 앞이라 사가기편함 빵종류도 다양,빵이 맛있고 커피도 좋아요~ 다양한 샌드위치가 있어 골라먹는 재미가 있네요. 친절하세요!!,굿,굿,빵은 맛있어요 매장 응대는 불친절햅니다,조아요,조아요,조아요,조아요,좋아요,조아요,친절하고 다양한 빵과 음료수가 있습니다~! 좋아요!!,조아요,좋아요~,좋아요,크지도 않은 텀블러가지고 아이스아메리카노에 얼음 몇개 더 넣어주시는게 그렇게 아까우셨나요 몇개만 더 채워달라는 말에 안된다길래 ㅋㅋ얼음값 700원 더냈네여 ;ㅋㅋ 이제야 시원해요 ㅋㅋㅋㅋㅋㅋㅋㅋㅋㅋㅋㅋㅋㅋ 차라리 얼음값 붙혀서 파시는게!,굿,친절해요.,굿,😀,조아요,맛있어요,갓나온 빵이라서 그런지 맛있네요,늘 이용합니다. 아침에 더 좋아요 ....,사장님이 친절하셔서 좋았어요,☺️,정류장 앞에 있어서 접근성 좋고 빵이나 아이스크림 사먹기 좋아요.,아메리카노 가성비 짱,좋아요,굿,블루베리베이글이 없어서 조금 아쉬웠습니다  그래도 맛있는빵이 많아서 좋았어요_~ 특히 사장님이 친절하셔서 기분 좋은 구매하고 갑니다,맛있는 빠리바게트!,버스정류장앞이라 근접성좋은데 빵종류는 많이 없는편,좋아요,빵이 맛있습니다,파리바게트는 매장마다 가격이 다른가봐요..  저희집앞매장보다 조금씩 더 저렴해서 일부러 찾아옵니다 !!  많이 파세요~,조아요,굿,맛있어요,그ㅜ,빵이 너무 맛있습니다,충분한 한끼식사,굳,좋아요,굿,직원분들이 친절하세요~,빵가격은 많이 오른것같아서 아쉽네요...하지만 딸기쨈 잘먹겠습니다. 종종 이벤트 많이해주세요..,.,😀,........,"조식용 샌드위치가 다양하고 샐러드도 맛있어요, 굿!",굿,호두파운드케익 맛있어요,늘 애용하는 매장입니다,굿,빵도 맛있고 공부하기도 좋음,굿,감사합니다,굿,굿,안아있기편해요,도로에잇어 이용이 편해요,딸기가 달고 맛있엇어요,굿,"사장님 친절하시고, 빵도 맛있어요.",여기 사장님 정말 친절해요~~,좋아요.,버스정류장 앞이라 자주 들르게 되는거 같아요~,.,.,친절행ᆢㄷ,굿,빵도 맛있고 정말 친절해요,굿,빵이맛있어요 친절해요,굿,,,
바벨의 도서관,1546540481.0,조용해서 좋아요,"곰팡이 냄새, 나무 부식되는 냄새 너무 심함  창가 자리 앉았는데도 환기가 안됨 게다가 비쌈",이용권 구매 후 환불 시 전혀 사용하지 않았더라도 패널티 명목하에 10% 수수료 지불해야 하니 여기 시간권 및 정액권 구매 시 참고하세요!,자주 애용하고 있습니다^^,인간적으로 곰팡이냄새가 너무 많이 남,시험이나 발표있을때 집중하려 갑니더 따뜻한 분위기에 집중이 잘되 자주 이용하고 있습니다 ^^,집앞에 이런 스터디카페가 있어서 넘 좋아요 !!,좋아용,조용하고 쾌적 굿굿,환경이 짱🥳,공부하기 좋아요,좋아요,좋아요,"다른 사람과 같이 갔을때 얘기할수는 없지만, 조용히 공부하기 좋아요. 책상과 자리도 스터디카페와는 다르게 다양한 의자와 배치라서 특이하고 좋은것같아요 :)",이야기는전혀나눌수없지만가성비가좋아요,좋아요,공부하기 좋아요!,조아요,좋아요,좋아요,,,,,,,,,,,,,,,,,,,,,,,,,,,,,,,,,,,,,,,,,,,,,,,,,,,,,,,,,,,,,,,,,,,,,,,,,,,,,,,,,,,,,,,,,,
이디야커피 연희홍연길점,1564331403.0,조용하고 따뜻한 커피점이 집 가까이 생겨서 너무 좋아요^^ 사장님도 친절하시고 양지바른 좌석에서 일에 집중하기 좋아요!!,새로 생긴 이디아커피. 매장이 깔끔하고 대화하기 좋네요. 화장실도 좁지만 매장안에 있어서 편해요.,우리 아파트옆에 생겨 너무 조아요 자주 갈게요,,,,,,,,,,,,,,,,,,,,,,,,,,,,,,,,,,,,,,,,,,,,,,,,,,,,,,,,,,,,,,,,,,,,,,,,,,,,,,,,,,,,,,,,,,,,,,,,,,,,,,,,,,,
오늘그대와 본점,1064804903.0,"제가 좋아하는 맛집 중 하나! 간만에 생각나서 방문했어요 :) 평일 3시에 방문해서 웨이팅 없이 들어갔어요! 버섯크림리조또랑 라구파스타는 항상 주문하는거 같아요 😖 이번에 베이컨새우로제파스타 처음 먹어봤는데, 역시 이것도 너무 맛있네요 ㅠㅠ 주말에 방문하면 미리 예약하는게 좋을거같아요! 특별한 날 오기에 너무 좋은 맛집 💓","오늘그대와 연남점 또 재방문😘 버섯트러플크림파스타가 자꾸 아른거려서 혼자 방문했는데, 사이드 메뉴로 스테 이크가 생겼더라구요💕ㅠㅠ 굽기 정도도 부드럽고 짱이었어요 저같은 혼밥 고기러버들에게 가성비가 너무 좋고, 곁들여먹기에 정말 좋았어요! 꼭 시켜드세요 ㅎㅎ 그리고 친절한 사장님께서 바질에이드 추천해주셔서 먹어...",연남동 파스타집 정말 많이다녀봤는데 진짜 분위기도 맛도 갑이에요❣️🧡💚💜 데이트로 오기에 너무 좋고 사장 님?직원분? 친절하시고 나오는 노래까지 좋았습니당~라구파스타가 유명한거같았는데 전 새우알리올리오를 시켰 거든요..!?근데 진짜 짱맛입니당 꼭시켜주세요 ㅠ ㅠ 파스타 다 맛있었어요 🫶 연남동에서 파스타맛집이나 ...,"스테이크, 바질파스타, 쉬림프 로제파스타를 먹어봤어요! 크리스마스 앞두고 따뜻한 분위기의 아늑한 파스타 집을  찾으신다면 추천해요👍 음식도 하나하나 다 맛있었고, 음악도 너무 좋아요 즐거운 추억하나 만든 것 같아서 행복합 니다💕💕",외관에서부터 크리스마스 분위기가 나고 안에 들어오니 인테리어를 깔끔 하면서도 크리스마스 분위기가 나게 하셔 서 데이트하기 좋은 공간이에요!! 바질 리조또와 초리죠 오일파스타를 시켜 먹었어요 바질 리조또를 처음 먹어 봐서 그런지 색다른 마셔서 더 기분 좋은 식사였습니다 초리죠에는 페페로니가 들어갔는데 오일 기름이 페페로니 ...,일단 인테리어도 예쁘고 접시도 너무 예뻐서 먹을때 기분이 좋았어요! 가격도 적당한데 음식도 너무 정성스럽게 나 오고 너무너무 맛있었어요! 우연히 찾은 맛집 인데 여기 근처오면 다른데 가려다가도 여기로 오게 되더라구요ㅎㅎ 제 지인들한테도 여기 무조건 추천해요ㅋㅋ 메뉴 거의다 먹어봤는데 모든 메뉴가 다 맛있어서 그냥 취향대로 ...,재방문한 곳😊 버섯크림리조또가 최애지만 오늘은 라구파스타 ㄱㄱ 부챗살 스테이크 양 미춋ㅠㅠ 라구소스도 넘  맛있구 피클도 존맛!! 여긴 다 맛있네용! 언니들이랑 같이 와도 좋았는데 혼자와도 굳😊 #혼밥성공적 #ㅋㅋㅋ 맛있 게 먹었습니다앗!!!,와 너무 맛있어서 친구랑 계속 감탄했어요 ㅜㅜ 라구 꼭 드세여!! 파스타도 맛있고 베이컨도 짱이에용 분위기도 아늑하니 넘 좋아용 다음에 또 올게요!,"바질페스토리조또 정말 맛있어요. 치즈가 들어갔는데도 느끼하지 않고 고소하니 담백하달까요. 토마토까지 곁들어먹으니 물리지도 않고 맛있어요. 라구 파스타 위에 스테이크도 고퀄 , , 기념일이라서 방문했는데 덕분에 특별한 하루 기억에 남게끔 마무리할 수 있었어요 💗","통베이컨새우로제파스타, 버섯크림파스타, 스테이크 먹었어요🩷 진짜 메뉴 다 양도 많고 너무 맛있어요.. 스테이크 가격도 착하고 넘 부드러우니 꼭 시키세요👏🎶 데이트하기 너무 좋은 장소인 것 같아요!!",아침에 눈 뜨자마자 버섯크림파스타가 생각나서 주변 찾아보고 왔는데 기대한 만큼 저어어엉말 맛있었어요!!👍🏻👍🏻👍🏻 앞으로 생각나면 다시 방문할 것 같습니다ㅎㅎ 사장님도 밝으시고 너무 친절하세요:) 분위기까지 맛있었습니다😆😋💖💖💖,오픈 11:30분보다 이전에 도착해서 밖에서 기다리고 있다가 사장?님께서 들어와서 기다리라하셔서 감사했어요 🥹 라구파스타랑 바질 리조또 주문해서 먹었어요 파스타 스테이크랑 조합 너무 맛있고 바질 리조또 바질페스토 토마토 모짜렐라 치즈랑 같이 떠 먹으면서 먹었는데 이것도 진짜 넘 맛있습니다 덕분에 즐거운 점심이었어요 😋,요리 나오는 속도 최고 고기 굽기도 알맞고 라구소스도 맛있어요! 시금치크림파스타 먹으려핬는데 품절이라 아쉽네 요 다음에 먹으러 와봐야겠어요~ 그릇들도 아기자기 예쁘고 가게도 아늑하고 테이블 간격도 넓어서 쾌적하네요! 테 이블에서 계산할 수 있는점도 너무 좋아요!,유명한 라구파스타 먹어보고 싶어서 방문했어요! 유명한만큼 역시나 맛있네용🥹 위에 올려진 스테이크도 맛있었어요! 트러블리조또도 트러플향 가득해서 행복했어요🫶 매장이 조용해서 대화하기 좋은 분위기에요! 연남동 데이트 장소로 추천합니당!,연남동 맛집이네요^^ 특이한 입구 문이랑~ 분위기도 너무 좋고~ 음식도 무척 맛있어요♡  연남동 오게되면 다시찾을 곳이라~ 강추맛집이예요^^ 맛있게 잘먹었습니다♡ 또올께요~,바질페스토 너무 맛있게 먹었던 기억이 있어서 엄마랑 왔는데 오늘도 여전히 너무 맛있었어요!! 라구를 리조또로 먹으니깐 색다르고 더 맛있는 느낌이었요~ 식당도 깔끔하고 넓고 분위기가 너무 좋고 직원 분도 친절하셔서 더 맛있게 잘 먹은 것 같아요😊 또 오고 싶은 맛집이에요👍,맛있는 파스타 먹고 싶을 때 자주 오는 곳입니다!! 까르보나라랑 바질 페스토가 최애에요~~ 브레이크 타임도 따로 없어서 애매한 시간에 언제든 가서 먹을 수 있는게 가장 좋습니다ㅎㅎ 그렇게 가면 붐비지도 않아서 조용하고 편하게 식사하실 수 있어요~~,오랜만에 파스타랑 리조또 먹으러 왔는데 너무 맛있게 잘 먹었어요! 파스타에 올라간 스테이크도 식감 좋았고 새우 양도 많아서 배부를 정도였습니당 크리스마스 분위기로 잘 꾸며져있어서 연말에 친구랑 데이트하기 좋아요🥺❤️,후기가 좋길래 찾아왔는데 친구들이랑 너무 맛있게 먹었어요! 시금치 리조또 처음 먹어봤는데 담백하고 관자랑 조합이 너무 좋아요. 라구 파스타는 꾸덕하게 미디움레어 스테이크랑 최고 원픽이었어요 ㅎㅎ 알리오올리오파스타는 느끼함 싹 잡아주고 마늘이 짱맛있어요 ㅋㅋㅋ 분위기도 아늑하니 좋네요 :),엄청 맛있네요! 연남동 맛집이에요! 들어오는 문이 재밌어욬ㅋㅋㅋㅋㅋㅋㅋㅋㅋㅋㅋ 친구들이랑 송년회 즐겁게했 어요 바질모히또 꼭 시키세요 ㅡ 진짜 맛있어요,들어가는 문마저 독특한 데이트맛집:-) 새우로제리조또 (1900원) 새우가 실하고 매콤해서 맛있게 먹었어요! 버섯크 림파스타 (18000원)도 꾸덕거리고 분위기가 따뜻해서 좋은 파스타집👍 바질모히또가 무알콜 알콜 둘다 있어서 좋 네요! 주문할때 리뷰쓰기 약속하면 3천원 즉시할인해주는 것도 굿:-),항상 자주 가는 파스타 맛집 :) 이번에 구운버섯새우샐러드가 신메뉴로 나와서 먹어봤는데 너무 맛있어서 반했어요 ㅎㅎㅎ 버섯을 너무 잘 구워서 고기맛이 나는거같구 새우도 탱글하니 너무 맛있었어요 ! 다음에 또 방문할려구요 ㅎ ㅎ,"로제 베이컨 파스타, 바질 파스타, 부채살 스테이크를 화이트 와인에 곁들여 먹었습니다. 정말 맛있었고 특히 바질  소스가 끝내줬어요! 분위기도 좋았고 특별한 날에 좋은 식사도 했습니당🤘 내점하실 때 문 밀고 들어가시면 되니  당황하지 말아요!",라구파스타로 유명한 오늘그대와 연남점! 소문대로 라구파스타에 맛있고 고기 많은 라구 소스가 듬뿍 올라가있고 알리오올리오고 새우가 엄청 많았어요 ㅎㅎ 가게 분위기도 좋고 특별한 날 오기도 좋을 것 같아요!,한달만에 남자친구를 만나서 어딜갈까 고민하다가 지인추천으로 왔는데 아늑하고 포근한 분위기에요🐻 음식은 말 할 것도 없이 비쥬얼도 미쳤고 맛도 미쳤습니다.. 제일 인기 많은 메뉴 두가지로 시켰는데 인기 많은데에는 이유가 있는 거 같아요!!! 느끼하지도 않고 담백하고 파스타는 고객들이 시그니처로 뽑은 이유가 있네요 드셔보셔야 ...,"종종 오는데 올때마다 너무 맛있어요 -! 아기랑 먹기에도 너무 괜찮아요! 음식 맛 좋구, 사장님,직원분 친절하시구,  인테리어좋구, 깨끗하고, 예쁜접시에 맛난 음식 배불리 먹고 갑니당:-) 조만간 또 올게용💜",이 가격에 이 정도 양이면 남는게 있나 싶을정도로 맛있고 음식 퀄리티가 매우 뛰어나고 서비스도 좋습니다 리조또 감칠맛이 기가 막히고 새우가 크고 진짜 많이 들어가있어요 사장님이 매우 친절하십니다!👍,"가게 분위기가 너무 좋고 조용하게 대화하기도 좋아요👍 쉬림프알리오올리오, 버섯크림리조또, 부채살스테이크 먹었는데 맛있어서 둘이서 남김없이 다 비우고 나왔네요👍!!! 잘먹고갑니다~!",와…!! 여기 파스타 진짜 너무너무 맛있어요!! 다음에 또 오고 싶은 곳으로 저장까지 했어요❣️ 사실 다 맛있어서 메뉴 하나만 고르기 어려운데 통베이컨 새우 로제파스타가 제일 맛있고 토핑 부채살 스테이크는 쫀뜩 부들부들 해요…! 고기가 식어도 부드럽고 쫀득하니.. 대박이고 같이 곁들어 나오는 바질소스가 찐❣️진짜 강추하는 파스타집!!,파스타랑 리조또 정말 맛있게 먹었어요 크리스마스 분위기 나는것도 넘 좋구 분위기 있었어요 지방에서 놀러온 동생 데리고 왔는데 넘 좋아했어요~!,이름부터가 너무 맛있어보여서 주문했는데 역시.... 통베이컨 느끼하지도 않고 너무 맛있어요.... 소스도 꾸덕하고 새우도 엄청 신선하더라고요ㅠㅠ 크림파스타도 꾸덕한 소스가 베이컨 칩이랑 잘어울려서 정말 맛있었어요! 면도 딱 적당하게 익었고 소스가 잘 배어있어서 파스타 먹으러는 여기 오는게 최고의 선택인듯....!!!💓,진짜 배고팠는데 너무 맛있어서 바로 순삭했어요.ᐟ 직원분도 친절하시고 가게도 깔끔하고 매장 음악도 잔잔하니 좋아요.ᐟ 버섯크림리조또 추천합니당 :),매장 분위기도 좋고 직원분도 친절하세요. 음식도 맛있고 특별한날 방문하기에 좋아요!,버섯 크림 너무 진하고 맛있어요!! 면도 두툼해서 소스가 잘 베어서 좋아요 트러플 오일.... 냄새 너무 좋아요! 재료를 아낌없이 사용해서 정말 또오고싶은곳이에요!  라구 파스타도 스테이크 딱 적당하고 맛있네요!!,📍 라구파스타 📍 바질모히또 주문했습니다~~ 라구파스타 위에 고기가 부드럽고 간이 적당히 베어있어서 단독으 로 먹으면 맛있는 스테이크 못지않네요! 면도 두툼하고 토마토 소스에 소고기와 돼지고기를 듬뿍 갈아넣으셔서 두 툼한 면과 잘 어울러져요~ 여기 바질모히또 꼭 드셔보세요 청량하니 느끼함을 싹 잡아줍니다!,파스타를 좋아해서 연남동에 있는 파스타집은 거의 다 가봤는데 손에 꼽는 맛집 인정👍라구파스타에 있는 고기가 통실통실해서 일단 가성비가 미쳤고 소스도 맛있어서 싹싹 긁어먹게 되는 맛입니다🙂 쉬림프 알리오올리오 마늘풍 미가 진짜 너무 좋고 새우가 엄청 크고 실해서 기대이상이였어요!! 분위기도 좋아 기념일이나 특별한 날에 오...,리뷰가 좋아서 방문한건데 분위기 좋고 맛있어요!! 브레이크 타임이 없어서 편하게 올수 있엇어요!! 2인인데도 넓은  자리 주시고 와인 먹으면서 얘기하기 좋아요! 나중에 연말 모임으로 와도 좋을꺼 같아요!!,"일단 들어오자마자 인테리어가 너무 예뻐서 좋았고 음식을 예쁜 그릇에 담아주셔서 보기도 좋았어요ㅎㅎ 라구파스타, 알리오올리오, 바질페스토리조또 모두 다 맛있어서 기분좋게 식사했어용 데이트장소로 추천해요ㅎㅎ",데이트할 때 오기 좋은 맛집 - ♡  인스스에 잘 안올리는데 사진도 예쁘게 잘 나오고 거기다 맛도 좋아서 바로 올려버렸습니다! 예쁘죠? 사장님도 무지 친절하시고 무엇보다 화장실이 깨끗해서 너무 좋아요 잘 먹고 갑니당 재방문 의사 1000000%,음식 너무 맛있어요🫶🏻🫶🏻❤️ 리조또 파스타 음료까지 다 맛있었습니다 😘🥰 반려동물 동반이라구 하고 막상 가면  키로수 제한이나 기저귀 해야하는곳이 많은데 여기는 그렇지 않아서 좋았어요❤️ 또 방문할게요♥️♥️,라구파스타 맛집이라고 해서 멀리서 찾아왔어요! 스테이크도 부드럽고 라구소스 자극적이지 않고 맛있어요 알리오 올리오 평소에 좋아하지않는데 여기는 느끼하지 않고 담백해서 잘 먹었어👍 오랜만에 맛있게 먹었어요,가게의 접근성도 좋고 인테리어도 깔끔하고 전반적으로 엄청 만족할만한 식사였습니다! 특히 라구 리조또가 엄청 맛있었어요 😆 다음에 또 연남을 온다면 다시 방문하고 싶습니다 감사합니다!,연남동에 있는 파스타 전문점인 오늘 그대와. 저번에 익선동에서 먹어보고 맛있어서 연휴 기간에 찾아왔다. 아쉽게 도 봉골레 파스타는 없어서 주문한 라구파스타. 봉골레 마니아인데 없어져서 당황했다. 오늘 그대와의 라구피스타 는 소스에 버무린 돼지고기 간 거와 잘 구워진 부채살이 올라가 있고 토마토 소스에 넓은 면 파스타로 역시 맛...,새우로제 리조또 미쳤어요 음식 나오자마자 새우향이 확 나고 새우도 녹진하니 엄청 맛있고 로제도 크림과 토마토의 딱 중간맛이라 맛있습니다! 라구파스타도 위에 올라간 스테이크가 되게 부드러워서 맛있었어요!,시금치리조또랑 알리오올리오 모두 맛있어요.♡ 분위기도 좋고 친절하세요^^ 다음에 또 오고 싶네요!,음식은 당연히 맛있고 가게도 너무 예쁘고 무엇보다 사장님이 너무 친절하세요.. 🌷🌷 개인적인 이유로 조금 기분이 그럴 뻔 했는데 사장님께서 배려해주신 덕에 너무너무 행복한 식사 할 수 있었어요 감사합니다 🥹🥹,직원 분들도 너무 친절하시고 음식도 맛있어요 인테리어도 너무 예쁘네요~!,분위기 너무좋고 친절하시고 테이블간 간격이 넓어서 여유롭게 식사했어요 ㅎㅎ 시금치리조또랑 라구파스타 조합 좋아요!! 완전맛집🤍🤍🔥,파스타가 먹고 싶어서 맛집 찾아 왔는데 진짜 맛집이었어요 다른 곳과 다른 느낌의 까르보나라였는데 더 맛있어서 다음에 또 오고 싶은 맛이었습니다 분위기도 좋고 무엇보다 직원분들이 너무 친절하셨어요 잘 먹었습니다!!!😽,라구파스타 시금치크림리조또 카나페 먹었어요! 라구파스타는 스테이크가 푸짐하게 들어가있고 면도 쫄깃하고 소 스도 너무 취향저격이였어요! 스테이크가 올라가있는데 가격도 착하네요 시금치리조또는 시금치페스토에 보리밥이 들어가서 식감이 좋고 소스는 부드러웠어요 고급음식같아요 카나페도 무화과와 바질페스토가 들어가있어서 ...,라구파스타 통베이컨 새우 로제파스타 먹었어요 라구파스타 위에 올라간 부채살 스테이크 진짜 너무 맛있습니다 라 구도 말할것도 없이맛있어여 씹히는 느낌도 많고 대만족입니다 새우 로제파스타도 미쳤습니다.. 베이컨도 두껍고 로제도 맛있습니다 음식들 온도도 전체적으로 너무 좋았습니다 아 바질모히또도 진하고 맛잇어요 여자친구...,라구파스타와 버섯크림파스타 먹었어요~ 라구파스타에 올려진 스테이크도 바로 구워져서 뜨겁고 너무 맛있었어요 ~ 그리고 넘 맛있어서 놀란 버섯크림파스타!! 버섯을 즐겨먹지 않은 저도 너무 맛있게 먹었어요. 버섯도 많이 들어있 고 트러플오일향이 미쳤슴다!! 음식도 맛있고 조명도 이뻐서 연남 맛집으로 너무 추천하고 싶어요~,분위기가 좋고 재료가 신선한 것을 쓰시는지 풍미가 되게 좋아요 고기도 부드럽고 소스도 맛있어요! 들어가는 입구  출입문이 조금 헷갈릴 수 있는데 나무 문이고 밀면 열려요,오늘그대와 본점이라서 그런지 메뉴도 다양해서 좋았어요 ㅎㅎ 12000원에 스테이크라뇨!!! 진짜 가성비 짱입니다🥹💗 분위기도 넘 좋고 맛있어요 ! 데이트하기 최구입니당 👍,쉬림프 알리오올리오랑 시금치크림리조또 먹었는데 정말 맛있었어요! 분위기도 좋아서 데이트하기 딱이에요 🐕 접시 디테일까지 너무 예뻐서 좋아요 ㅎㅎ,연남동에서 분위기 있는 양식집 찾고있었는데 딱 분위기 맛 가격 3박자 고루 갖춘곳같아요 다음에도 재방문의사 있습니다 ~,시금치크림리조또가 되게 담백하고 맛있어요 그리고 통베이컨 새우 로제파스타 짭쪼름하니 맛있네요,추석 당일 파스타집을 찾다가 우연히 끌려들어간 곳. 그런데 넘 맛있고 분위기도 캐주얼해서 좋았어요. 하우스 와인 도 파스타랑.페어링이 잘되는 맛이라 추천해요. 까르보나라는 베이턴 맛이 좀 강해서 저는 좋지만 호불호가 조금 갈 릴 수 있어요. 알리오올리오는 간이 딱맞아서 흡입했네요 ㅎㅎ,연남동돌아다니다가 우연히 발견해서 왓는데 맛도 좋구!! 분위기도 좋아서 너무 만족스럽네오!! 레드와인도 너무너무 마싯어요!!,라구파스타 시금치 리조또 둘다 너무 맛있어요💛 직원분들도 친절하세요!,연남동에서 데이트하기 좋은 파스타집에에요. 분위기가 너무 좋아요ㅠㅠ 음식도 너무 맛있어서 기분좋게 식사하고 갑니다!!^^,라구파스타랑 새우로제리조또 먹었어요! 라구파스타에 부챗살스테이크 올라가는데 부드럽고 진짜 맛있어요! 새우로제 리조또에는 위에 왕새우 두개 올라가는데 바삭바삭하고 리조또에도 새우가 많이 들어있어서 좋았어요:) 분위기도 좋아서 소개팅하기도 좋을듯 합니다!,라구파스타 이거 진짜 너무 맛있어용 !!!!  바질리조또도 식어두 맛있궁 샐러드는 처음 시켜봤는데  왕 맛있어용 ! 친절하셔서 너무 기분좋게 먹구 갑니당 🩷,"저의 또또또또간집.. 언제나 맛있어서 미치고요 리뷰이벤트까지 생기다니 기분이 굉장히 좋네요! 친구들 줄줄이 끌 고오는 중입니다ㅎㅎ 앞으로도 평생 계셔주셨으면,,,","라구 파스타랑 바질 파스타 먹어봤는데 바질이 정말 맛있어요! 토마토와 치즈, 바질의 조합이 정말 잘 어울려지는 거 같아요 라구도 고기랑 같이 어울려져서 너무 맛있게 잘 먹었습니다",들어오는 문부터 너무 분위기가 좋았어요 👍 따뜻한 분위기와 분위기 좋은 음악 그리고 친절하신 알바분 ! 모든게  다 완벽해요 :) 음식도 너무 맛있어요 ! 버섯크림 리조또는 트러플향이 너무 좋아요 !! 통베이컨도 너무 부드럽고 고 소하고 맛있어요 😝 다음번에는 남자친구랑 한번 더 방문해서 평범한 날도 특별하게 바꿔볼게요 🫶,스테이크라구파스타와 버섯크림리조또 먹었어요 일단 비쥬얼이 미쳤습니다ㅠㅠ 너무너무 예뻐서 먹기 아까울 정도 에요 사진 백만장 찍었구요.. 라구 파스타 위에 스테이크 단품처럼 크고 두툼한데 엄청 엄청 맛있어요..!! 라구파스 타에 소스도 듬뿍이고 파스타 삶기도 딱이고 간도 딱이라 너무 맛있어요 버섯크림리조또는 트러플향이 찐하...,남편이랑 간만에 데이트하러 연남동 왔다가 맛집이라길래 들렀어요!! 분위기도 좋고 파스타랑 리조또 너무 맛있어요ㅠㅠㅠ💖💖 가성비도 좋아서 가볍게 오기 좋은 것 같아요>_<,"부채살 스테이크 라구 파스타랑, 초리조 파스타 먹었는데 둘 다 맛있어요!!! 가게 분위기도 예쁨..💕 특히 초리조 파스타 은근 매콤하니 중독성 있어서 강추입니다👍","라구파스타 위에 올라가는 부채살 스테이크가 진짜 너어무 맛있었어요! 기대 이상으로 야들야들 한게, 이 가격에 이 퀄리티의 메뉴라니.. 연남동에 정말 안 가본곳 없이 많이 다녀봤는데 여기는 재방문 예약입니다 ㅎㅎ 크림덕후 로써 인정하는 여기는 진정한 크림리조또 맛집…! 연남 오면 이제 여기가 1순위. 저장.",들어오는 문이 문같지가 않아서 처음에 당황스러웠는데 독특하고 신기해요 커다란 문 밀고 들어오면 돼요! 새우 리조또는 새우 향이 엄청 강해요  까르보나라는 생각한거랑 많이 달랐는데 그래도 괜찮았어요!,라구파스타 버섯크림리조또 먹었습니다 버섯크림리조또 크림이 정말 진하고 트러플향이 너무 좋아서 먹기 전부터 기분이 좋고 제 취향 리조또 였어요 크림리조또맛집 찾기 쉽지 않은데!! 기분이 좋아요 라구 파스타도 스테이크가 맛있고 라구 소스도 맛있어서 잘 먹었어요 #홍대파스타맛집#홍대리조또맛집#이네요;),지인 추천받고 와봤는데 기대 이상으로 맛있어요! 라구파스타 도 맛있고 그 위에 올라간 스테이크도 굽기가 좋았어요. 새우로제리조또 도 맛있게 먹었습니다~ 양도 둘이서 배부르게 먹을 정도고 다 만족스럽니다!!,우연히 발견한 엄청난 연남동 파스타 맛집❤️❤️ 아니 시그니처 메뉴 라구파스타 + 스테이크 양 미쳤구야.. 대박 전맛탱..!!! 담에 또 와야징,일단 매장 분위기가 너무 아늑하고 이뻤어요! 파스타 리조또 둘다 맛있고 특히나 위에 올라간 토핑들이 푸짐해서 배부르게 잘 먹었습니다💛💛,"진심 맛있고, 가성비 좋아요^^ 그릇도 예쁜데 주셔서 기분이 더 좋아요. 피클도 맛나요~~",점심시간에는 사람 많아서 시간 피해서 들어왔는데 브레이크 타임이 없어서 좋았어요! 라구 파스타나 리조또 꼭 드세욧 소스 진짜 맛있음… 그냥 메뉴 전체가 다 맛있아요 그릇 핥고싶다,"여기 완전 크림 파스타 맛집임. 특히 버섯 파스타ㄹㅇ..안 느끼하고 맛있었다. 파스타가 푹퍼지지 않고 적당히 익혀 져서 식감도 좋고, 버섯이랑 조화도 좋음.위에 얇게 져민 감자 튀김이 짭쪼름하고 존맛임. 인테리어도 예쁘고 우리 테이블 옆엔 샹들리에있었음. 같이 먹은 무화과 카나페도 맛있음. 접시가 예뻐서 보는 맛도 좋았음. 존맛인데...",🍳🍝달걀크림파스타 적당히 꾸덕하면서 물리지 않아서 맛있게 잘 먹었습니다! (원래 크림파스타는 잘 물려서 안  먹는 편입니다) 인테리어가 되게 예뻤어요! 출입문도 색다르고 색감과 오브제들이 인상적이었습니다✨ 직원 분이  엄청 착하십니다👍,너무 맛있고 음식이 예쁘게 잘 나왔어요!! 인테리어도 멋지고 분위기도 좋습니다~ 재방문 의사 100퍼센트입니당😚,소문듣고 강남에서 먹으러온 #연남동파스타맛집 오늘그대와는 정말 강남에 있다면 매일 올 집이에요!! 하나하나 정성이 느껴지는 요리들과 파스타 리조또!! 홍대데이트 맛집으로도 손색 없는 고급스러운 연남동맛집 인정합니다!!^_^💖😘❤️🌼😍😋👍🏻💯🔥🌸😎👏🏻♨️🥰🙏🏻🩷,"가게 분위기도 좋고, 두 명이서 방문했는데 파스타 하나랑 리조또 하나 시키니까 양도 많고 딱 적당했어요! 쉬림프 알리오올리오는 촉촉하고 새우도 크고 엄청 맛있었고, 라구 리조또는 위에 올라간 고기랑 같이 먹으면 최고의 맛..🤤",예전에 친구따라 왔다가 너무너무 맛있었어서 기억하고 있던 곳이예요! 다른 친구랑 근처에 왔다가 제가 꼭 가자고 해서 왔는데 역시나 맛있어요🥹👍 까르보나라는 원래도 유명했던 메뉴라 믿고 먹었구 바질리조또가 정말정말 맛있었어요... 바질모히또도 바질향 진해서 너무 맛있구요.. 추천합니다!,라구랑 스테이크 조합이 너무 좋았어요! 시금치파스타랑 라구파스타 둘 다 먹음직스러워서 그런지 맛도 좋았어요! 사장님도 너무 친절하시구 가게 분위기도 있어서 좋은 시간보냈습니다! 다음에도 방문 꼭 하께요😍😍,기념일에 오기 좋은거같아요!! 음식도 맛있고 직원분도 너무너무 친절하세요!! 가격도 착하고 다시 방문할거 같아요!!,4년인가 전에 한 번 친구들과 방문했었는데 기억이 좋아 다시 왔어요! 여전히 맛있고 분위기가 좋아요💕 연남동 오면 꼭 와볼만 해요!,"통베이컨 새우 로제파스타와 버섯크림 리조또 시켰는데, 너무 맛있습니다! 서비스도 너무 친절해요:) 양도 많아서 배부르게 잘 먹었습니다-!! 매장 분위기도 너무 좋아요🫶🏻",문이 광장히 인상적이었구 음식들도 너무 맛있어요!! 저는 개인적으로 라구파스타가 더 맛있엇어용 다음에 연남동 오면 또 방문하고싶어요💗,"여러 메뉴 먹어보고싶어서 둘이서 세메뉴 시켰는데 너무너무너무 맛있어서 싹싹 비웠어요 ,, 우위를 가리기 힘들 정도로 다 맛있었네요 ㅎㅎ 연남 오면 또 방문하고싶어요 ~~~~♥️♥️","친구 생일때문에 오게 됐는데 스테이크랑 파스타, 리조또 전부 맛있네요. 소스까지 다 긁어먹었습니다😍 좋은 시간 보낼 수 있어서 좋았어요",처음 와본 곳이지만 다음에 또 오게될 곳 같네요 ㅎㅎㅎ 맛있고 사장님도 친절하시고 인테리어도 최고👍👍 연인분들과 데이트 하기 적합한 곳입니다~ 강추!!,주말에 항상 웨이팅이 있어서 궁금했던 곳인데 역시 맛있네요!! 라구 리조또 시켰는데 고기가… 대박이네요 부드럽고 너무 맛있었어요! 바질페스토와 치즈 단순한 조합인데 깔끔하고 맛있어요 양도 많아서 매우 배부르게 먹고왔네요! 다른 메뉴도 먹으러 갈게요 :),1년만에 재방문인데 전보다 더 맛있어진 것 같아요😊 시킨 리조또가 잘못나왔는데 바로 재조리해주시면서 잘못나온 리조또 먼저 먹고있을 수 있게 해주셨어요! 서비스최고👍,너무 만족한 식사였습니다. 가게 입구부터가 신기했고 내부 인테리어는 산뜻해서 식사하는 동안 편안했습니다.🙏  잔과 식기도구들도 모두 완벽했고. 파스타 맛은 버섯크림파스타는 월등했고 라구파스타는 처음 먹어본 맛이라 신선 했습니다.🍴👍 다음에도 또 오고싶습니다 . 파스타가 생각나신다면 방문을 강력 추천드립니다🫡🔥,가게 문이 특이해서 약간 방황했지만 .. 내부 인테리어랑 조명이 너무 아늑해서 좋았어용 ㅎㅎ 시금치 파스타 맛도 건강하고 넘 맛있었습니당 🤤🤤,오랜만에 친구 만나서 연남동 와서 맛집을 찾다가 왔는데 예상보다 더 맛있고 1시쯤와서 웨이팅 있었지만 기다려주셨다구 서비스도 주셔서 넘나 감동했습니다 버섯크림리조또 추천이 많아서 먹어봤는데 추천이 많은데는 이유가 있엇슴니다 넘넘 맛있구 담에 또 오고싶어요😀,본점이라고해서 찾아왔어요 알리오올리오 안좋아하는데 오늘 그대와 덕분에 알리오올리오 만 먹을거예요 연남동  파스타 맛집 인정입니다!! ㅎ 특별한날 오기도 좋지만 브레이크타임없는곳이라 더더욱 평일에 와도 좋습니다 한적 하고 전세낸듯한 느낌 사장님 친절하셔서 기부니 좋아여 ⭐️❤️ 쉐프님들 인정입니다 저도 배우고싶어요 대...,"저는 평소에도 자주 왔던 곳이고, 이번에 남자친구는 처음 왔는데 너무 맛있다고 숨도 안쉬고 폭풍 흡입했네요 ㅎㅎ",버섯크림리조또 진짜 너무 맛잇어요!! 향긋한 버섯향과 트러플 오일이 너무 잘 어울리더라구요!! 라구파스타는 돼지 고기와 소고기를 갈아서 그런지 고급스런 맛이에요!! 부챗살스테이크도 진짜 쫀맛이에요🤤 버섯크림리조또 먹자마 자 여긴 찐 맛집이다하고 카프레제 바로 시켰는데...역시 너무 잘 어울려요!! 대추방울토마토랑 생모짜렐라에 ...,음식이 맛있네요 메뉴들도 다 특색있고 퀄리티가 좋아요! 웨이팅도 안하고 바로 들어와서 좋았고 메누도 두개가 동시에 나와서 좋았어요,,,,,,,,,,
연남장,1760425180.0,"이머시브 뮤지컬은 처음인데 뮤지컬 룰렛 너무 재밋어요!! 결말도 바뀐다는데 한번밖에 못 봐서 아쉬워요,,, 연남장  가보고싶던 곳인데 공연으로 방문하게 되어 좋았어요😆💛 무엇보다 인테리어도 앤티크하고 분위기 너무 좋아서  낮에도 방문하고싶어요 👍🏻","라구파스타 원픽!! 으뜸 중에 으뜸입니다! 보통 이런류 파스타 짜기 쉬운데 전혀 그렇지 않고 너무 감칠맛이 좋네요 : ) 다른 메뉴들도 중간이상은 하고, 직원분들 친절하세요!! 단, 쟁반으로 음식 갖고오고 다 먹으면 정리해야하는건 쪼 끔.. 불편하다는 느낌?? 드네요 주차는 외부에 너덧대 할 수 있는 공간있어요~ 네이버예약되고 네이버예약 혜...",맛도 있고 공간도 넓고 쾌적해서 너무 좋아요~!,지금 이머시브 뮤지컬 <룰렛> 진행 중! 카지노 분위기 왕왕 안에서 나쵸랑 맥주도 파는데 나쵸 맛있어요 ㅎㅎ,"홍대입구역에서 좀 걸어야 했지만, 그 수고를 감수할 정도로 분위기가 너무 좋았다. 미리 네이버 예약했더니 자리도 빼놔주셨다^^ 저녁시간대라 브런치 메뉴를 못먹는 건가 했는데.. 주문가능하다 하셔서 먹고싶었던 메뉴와 맥주 주 문했는데 모양만이 아니라 맛도 훌륭했다. 이번엔 식사겸 시간 보냈는데, 다음엔 친구들과 커피마시며 수다떨...",손님을 맞이조차 하지 않는곳 메뉴판 찾는것부터 손님이 해서 치우는것 까지 셀프. 뭐 가격이 비싸지 않아 그럴수  있다 생각도 듦 . 사실 메뉴가 자주 바뀐다고는 알고있었으나 같은 이름의 메뉴인데 구성이나 재료가 달라 당황했으 나 맛은 나쁘지 않음. 재방문의사는 없음 다른건 다 그렇다쳐도 손님 맞이 정도는 해줄수 있지 않나?라는 생각,음식도 맛있고 음료도 맛있었어요~! 다음에 또 가고 싶네요^^,라이너스 콜라보 팝업하는데 메뉴들이 다 맛있네요. 나시고랭은 조금 질척거리는게 있긴한데 개선되면 더 훌륭할 거 같아요.,킹랜 촬영지라 남주 자리 원했는데 자리 예약은 안되지만 끝까지 해주려 하시는 직원분께 감동 덕분에 사진 잘 찍고  잘 먹고 즐거운 시간 보내고 왔네요~ 음식도 맛있고 분위기도 좋구 감사합니다~,<하녀들> 관람을 위해 방문했어요! 장점 -새로운 형식의 연극관람(음식을 먹으며) -배우와의 거리가 가까워 표정 하 나하나 보임 -티켓+음식=3만원? 상당히 저렴 단점 -카메라에 내가 너무 노골적으로 찍힘(아마두) -배우들과의 포토 타임이 없었음 -그럴리는 없지만 배우들이 무대에서 떨어지는건 아닌가 하는 생각이 몇번 들었다 정도? 굉장...,연남장 강아지 동반되서 자주 가게 되는 곳 입니당 커피와 브런치 식사 까지 되는 곳이도 커피 디저트 (연남 방앗 간) 브런치와 식사는 어딘지…(?) 양쪽 끝에서 따로 주문 할 슈 있어요 !! 복층으로 올라가는 테이블도 있고 가운데 큰 테이블도 있고 암튼 몰래 숨어서 1층에 밝은 가운데서 성향별루 고를 수 있는 자리👍🏻👍🏻👍🏻👍🏻👍🏻 오래 ...,집 근처 브런치 맛집,연극 하녀들을 보기 위해 방문했습니다. 연극 표 안에 포함되어있어서 샌드위치와 와인 또는 차를 제공해주는데 음 식도 퀄리티가 높아서 굉장히 만족스러웠습니다! 연극은 워낙 유명한 작품이었는데 요번기회에 보게 되어서 좋았어 요 공간 특성상 바로 테이블 앞까지 배우분들이 와서 열연을 펼치기 때문에 몰입하기 더 좋았습니다!,.,자주 애용하는 곳입니다,포장도 되고 맛도 좋아요.,양 쪽 전면이 모두 유리창이라 공간이 밝아보이면서도 모던 인터스트리얼 한 인테리어가 무게감이 있어 개성있는  공간이었어요. 저희가 시킨건 평타였어요. 플랫화이트는 비추~ 무난한 메뉴 드세요. 평일이라 그건지 조용하게 작 업하시는 분들이 많았어요. 혼자 여유롭게 분위기 즐기기 좋은 공간이에요. 주차도 되고 좋아여.,복합문화공간이라는데 좀 신기한경험  음식은 느리게 나오지만 맛있어요,역시 브런치는 존맛 스크램블 맛있어요,유플러스 연연패스로 10% 할인 받았어요. 당근라페는 제 스타일이아니었지만.. 라자냐 맛있어요! 감튀는 양이 많아요!,"연극 ""하녀들“ 공연 너무너무 재밌고 즐거운 시간이였습니다. 배우들의 열연으로 시간 순삭이였고 보는 내내 즐겁고 재밌었습니다. 음식도 맛있고 색다른 공연 느낌에 신선함까지 너무 최고!",분위기 좋아요,친구..가족과 함께 브런치하기 좋아요~,매장이 넓어서 대화하기 좋은데 커피양이 좀 적네요~,매장 넓고 분위기 좋아요 ㅎ,홍차 아인슈패너 맛나요,넓어서 조와용!,커피맛 좋아요 아메리칸 브랙퍼스트에 나오는 스크램블이 달아서 놀랐어요 ㅠ 이건 왜 단지 안달게 서빙하면 좋겠어요,"연남동에서 대형 카페 많이 없는데 연남장은 자리도 많이 있고, 쾌적해서 좋아요! 평일에 방문했는데 작업하시는분 들이 많았고, 자리가 너무 딱 붙어있지 않아서 좋아요 🫶🏻 복층 구조여서 위에 자리도 있고, 바 형식의 자리가 많아 서 혼자 오시는 분들도 좋아실것 같아요 🥰 말차라떼는 약간 너무 달아서 다 못 마시고 나왔는데 전체적인 카...",힙한곳이라 일하는 분들에게 친절을 기대하진 않았는데 친절해요 아이랑 같이 갈 수 있어 좋더라구요,가격대비 괜찮아요 픽업해야하는 점은 좀 불편했네요,뇨끼가 먹고싶어서 갔어요. 식당 오픈시간에 맞춰 가서 그런지 자리는 넉넉했고 여유롭게 햇살을 즐기며 먹었습니다. 주문한 세 가지 음식이 모두 맛있었어요😋 이날 굶주린 상태라 약간 양이모자란듯 싶었지만 과하지 않은게 차라리 속이 편안해서 좋았네요!,"지인과 함께 방문했는데 주말이지만, 번화가쪽에서 살짝 비껴나있어 그런지, 아니면 아직 많이 알려지지 않은 탓인 지 비교적 조용하고 쾌적했어요! 브런치 가게와 카페가 한 공간에 있지만 계산은 따로 합니다~ 매장도 넓은 편인데 테이블도 넓고, 간격도 확보되어있는데다 테라스 공간도 있어서 쾌적합니다. 크지는 않지만 주차도 몇 대는 ...",맛있어요,오후 8:00시가 라스트 오더였고 7:50분에 주문하려고 픽업대 앞에 서있었습니다 남자 직원은 눈이 마주쳤는데도 딴 청 피우더라고요 기다리다가 여기 주문하는 곳 아니냐고 물었고 남자 직원은 주문하려고 서계시냐고 하더라고요 주문받는 여직원도 표정 썩었고 퉁명스러운 말투도 기분 나빴습니다 라스트 오더 시간 10분 전에 주문해서 ...,"뇨끼와 라구 파스타를 맛있게 먹었어요. 가성비도 좋아요. 천장 높아서 실내 분위기가 시원합니다. 커피도 마실까 했 는데, 옆자리 사람들 대화 소리가 너무 시끄러워서 다른 곳으로 가서 마셨어요",처음 방문해봤는데 음식 맛도 좋았고 매장 층고도 넓고 쾌적해서 기분 좋게 머물렀어요! 주말보다는 평일에 가는게 연남장을 잘 즐길 수 있을 것 같아요! :0 재방문 의사 있습니다아아,"맛있고, 통창으로 들어오는 햇살도 예쁘고 너무 좋았습니다:)",생각지못한 분위기 맛집 막걸리도 맛나요,티 강력추천. 인테리어 👍👍 집중 잘됩니당,브런치하러 한번씩 가는데 괜찮은거같아요,외국에 온것같아요 카페 분위기도 좋고 넓어서 마음도 시원해져요,라자냐가 너무 맛있었어요! 아란치니도 소스랑 같이 먹으면 존맛탱이에요. 스테이크는 너무너무 부드러웠습니다.😋,너무 좋아서 아지트 삼은 곳이에요. 조만간 또 가겠습니다 ㅎㅎ :),케이크 맛있어용 🍰❤️,굿굿연남장 좋아유,커피맛은 딱히 맛있거나 그런거같지 않아요,테이블이 커서 대화하기엔 거리가 멀어요,책 읽기 좋은 카페 검색해서 갔는데 진짜 좋았어요!! 인테리어도 너무 이쁘고 생각보다 넓어서 어디 앉을지 고민되는 곳!!,분위기 좋고 핫초코 맛있어요 작업하기 좋은 노래 좋은곳,브런치랑 바질페스토뇨끼 둘다 맛있어요!!근데 브런치에 단호박이 안익어서 아쉬웠어요ㅠㅠ 딱딱스~ 힙한 인테리어랑 넓어서 좋고 디저트도 여기서 먹을 수 있네요 짱~!!!,브런치 하러 한번씩 가요,카페 인테리어 너무 이뻐요❤️,"모카 아인슈페너, 뜨아 산미적은거 시키고 추가로 레몬에이드랑 코코넛식혜 시켰는데 다 괜찮았어요~ 좌석도 편하고 앉을 자리가 많고 넓어서 대화 나누기도 좋았습니다ㅎ 2층은 매번와도 있는줄 몰랐는데 2층은 나름 조용해서 좋았어요",저희 남매가 증말 애정하는 곳 언제나 친절하셔요! 먼저가서 모카아인슈페너 먹고 있었읍니다ㅎㅅㅎ 레모네이드도 ㅈㅁㅌ,분위기도 좋구 넘 좋아ㅛ,화장실이 너무 불편해요,음악이 조용해했음으면 좋겠구요 매장 손님들 목소리가 울려요 대형견이 카페를 활보하네요,하지베리에이드 맛있어여!,신기한 체험 즐겁고 재밌었습니다 교수님과 네분 작가님들 애쓰셨습니다,이루리님 공연 보러 다녀왔는데 분위기도 너무 좋고 다음엔 식사하러 가보고싶어요 !,"지하에서 진행 중인 VR 전시 체험하고 왔어요 작품 설명을 자세히 해주셔서 감상하기 좋았고, VR체험도 재미있었어요!",천고가 높아 탁 트인 느낌이 좋았고 음식도 심심하고 부드러운 느낌으로 좋았습니다.,분위기 좋아요,나의 아지트 연남장👍,우와,일단 음식이 맛있어서 넘 좋았어요! 평일 낮에 오니 여유롭고 행복했습니다 ❤️,브런치는 별거 없는데 차돌박이 스파게티는 맛있어요!,넓고 좋았어요,매우 굿!,굿굿,"재방문했습니다ㅎㅎ 바로앞에 주차가 가능해서 토욜에 방문했는데도 주차하고 편히 먹엇네요~!! 이번엔 라자냐랑 스파리시크림치킨파스타 먹었는데 크림파스타는 닭 냄새도 좀 나고 간도 밍밍했어요,, 라자냐랑 지난번 먹었던 해 산물리조또, 라구파스타는 맛있었어요ㅎㅎㅎ 그리고 여기 커피도 맛나용..!! 위스키잔에 주셔서 쪼매 흘리기 ...",좋아요!,브런치 맛집,직원들끼리 대화하고있고...친절한거같지는 않아요 ㅡㅡ,"평일 낮과 저녁 총 두 번 방문했어요! 중앙의 그랜드피아노와 은은하게 빛나는 샹들리에, 감각적인 통창같이 고급스러운 무드의 매장 인테리어와 널찍하게 앉을 수 있는 자리, 식사와 카페를 한 곳에서 해결할 수 있는 점이 참 좋아요💗 평일에 이용객이 적어서 많이 애용할 것 같습니다 ㅎ.ㅎ","비싸지만, 양은적지만 맛있어 … ㅜㅜㅜ  바질페스토뇨끼쨩",분위기좋아요,파스타랑 리조또가 맛있었어요..!! 아메리칸 브런치는 빵도 너무 자그마하고… 뭔가 좀 부실했어요ㅠ 초록초록 뷰에 널찍해서 여유롭게 브런치 하기 참 좋네요!!ㅎㅎㅎ 재방문예정입니당🙆🏻‍♀️🙆🏻‍♀️🙆🏻‍♀️,가성비 넘치네요 담엔 파스타 종류도 트라이해봐야겠어요,참깨라떼 걍 미숫가루임 절대먹지마•••,"양도 꽤 많고, 맛있어요! 가격 그대로인 것 같아요",친구랑 예약으로 토요일 저녁에 왔어요. 인테리어 나무 너무 예뻐요!!!!!!!! 항정살 스테이크도 맛있게 먹었어요. 프라이 서비스 정말 감사합니다!!!!!,"내부 인테리어가가 멋지고, 커피 맛이 아주 좋았어요 라구 파스타, 참나물파스타, 아메리칸브런치 맛있었어요 스파 이시치킨 크림파스타는 기대보단 so so~",항상 커피만 마시다가 식사 메뉴인 프렌치토스트 먹어봤는데 이쁘고 맛나고!! 연남장 언제가도 안 질려요 공간이 탁 트여서 넘 좋음 ❣️,테이블 사이가 멀찍해서 같이 온 사람과 부담없이 대화하기 좋았습니다.,연남동의 오아시스 같은곳. 사람이 많지만 왁자지껄 떠드는 사람들이 다행이 없음. 여름이 되니 폴딩도어 확 열어서 분위기 참 좋음. 커피. 차 모두 맛이 좋은곳,맛있어요 또 방문하고 싶네요,아란치니 비추  감튀 라자냐 팬케이크는 잘 먹었어요!,힐링되는 공간이예요,넓어서 너무 시원하고 힐링되는 공간~,식사도 하고 피아노 공연도 잘보고왔습니다^^ 가까이서 보니 더실감나네요ㅎ,굿,생일날 즐거운 시간 보냈어요! 메뉴들도 특이하고 맛있고 매장도 넓고 쾌적해서 좋았어요 맛이 그냥 그렇고 비싸다는 리뷰들 보고 걱정했는데 할 필요가 없었네요 완전 좋았어요,음식이 다 좀 뭔가 살짝 특이한데 깔끔한 맛. 은근 맛있는 맛이에요 가격도 나쁘지않아요 사진 잘나와요 평일에도  붐비는 연남동에서 그나마 쾌적해요,서울역 기차탈때마다 애용하는 모닝세트. 커피와 감자빵~♡,좋아요,매장이 탁 트여 있어 시원해 보이나 독특한 구조로 되어 있음 . 제일 기대했던 항정살 스테이크는 가격대비 맛과 양 모두 실망스러웠음. 대표 메뉴 바질 뇨끼가 젤 추천할 만함.,라자냐랑 크림 미트볼 은근 맛있네요! 매장 탁 트여있어서 좋아요.,맛있어요 ! 무난무난,처음 방문했는데 생각보다 작지만 괜찮았음,반려견 동반되어 너무 좋습니다,첫 방문입니다. 맛있어여.,연남장에서 오랜만에 만난 친구들과 모임가졌습니다. 분위기도 맛도 좋가수 좋은 시간 보낼 수 있었어요. 감사합니다 ^^,조용하니 분위기가 너무좋고 쾌적합니다,음식 맛나여,평화로운 브런치 너무 좋았습니다,,,
마켓까눌레,1128595707.0,마켓까눌레여서 기대하고 까눌레를 샀는데... 만들고 드셔보시질 않으셨는지... 까눌레 안이 떡져있더라구요. 촉촉이 아니고 반죽이 덜 익어서 떡져있었어요 ㅠ,,,,,,,,,,,,,,,,,,,,,,,,,,,,,,,,,,,,,,,,,,,,,,,,,,,,,,,,,,,,,,,,,,,,,,,,,,,,,,,,,,,,,,,,,,,,,,,,,,,,,,,,,,,,,
미미에토,1447058101.0,미미에토 연희동 반려동반카페~~,친절하고 깨끗해요,ㄱ,굿,강아지 음식도 있고 괜찮아요 좋아요 근데 홍차라떼는 그닥..ㅠㅠ,"울 애기랑 잘 쉬다 갑니다.  첫째로 사장님이 키가 커서 놀랬고, 둘째로 커피랑 디저트가 맛있어서 놀랬습니다ㅎㅎ 곧 유치원도 오픈한다는데 기대하겠습니다ㅎㅎ",즐겁게놀았어요,"아이들이 뛰어 놀기 너무 좋은 공간이에요~ 1층은 아늑한 잔디방이 있고, 2층과 3층은 테라스 분위가 나무 좋아요! ! 커피와 디저트도 맛있어서 자주 올거 같아요!!^^",반려동반카페 미미에토 치즈크로플이랑 아메리카노 옴총 맛있네요~~ 사장님도 친절하시구~ 다른 멍뭉이들도 볼 수 있어서 넘나 좋네요~😍,강아지 데려가기 좋은 카페~,수제딸기우유랑 크로플 너무너무 맛있어요~ 강아지들 데려오기 너무 좋네요 🥰,다녀가요^^,반려견이랑 오면 좋은 카페:),여름이와함께^^,"집근처에 생겨서 세번째 방문인데 오늘보니깐 댕댕이들이 먹을수 있는메뉴도 있고 데려오기도 맘편하고 좋아요""!!!가게바로앞은 놀이터라 집에가기전에 산책도 한번하고 주차장이 있어서 차있으시분들은 더 편하실거예요~!!추천드려용",비오는 날 분위기도 좋고 친절해요♡,모닝커피하기 좋은 카페,직원들이 아직 미숙한거같습니다. 커피 맛이나 질에비해 너무 비싸고 매장내에서 마시는데 일회용 컵에 주시더라고요,#펫카페 #강아지동반 #브런치 아늑하고 편안하고 밝은 분위기가 너무 좋아요 : ),"전시도 하고, 강아지들 편히 놀 수도 있어서 너무좋아요",직원들도 친절하고 방문 잘 했습니다,좋아요,귀여운 강아지도 발견,여기 분위기도좋고 무엇보다 직원분이 너무잘생겨서 일주일에 한두번씩 와요 너무친절하고 커피도맛있고 댕댕이가  뛰어놀기좋아여,조아요,,,,,,,,,,,,,,,,,,,,,,,,,,,,,,,,,,,,,,,,,,,,,,,,,,,,,,,,,,,,,,,,,,,,,,,,,,,,,,,,,,,,,
비긴커피,1338808846.0,1층이 까페이고 아담한데 테라스가 이뿌네용 아인슈페너 맛나고 아아도 갠춘했어용,맛있어요!,Good,맛있어요,좋아요,커피 맛있엇ᆢ,"카페 예쁘고 메뉴들은 다 맛있어요! 내부는 화이트&그린컬러로 심플하고 외부는 유럽테라스에 앉아있는 느낌! 아 인슈페너랑 수박주스 말차가토, 아아, 브라운치즈크로플 시켰는데 다 존맛! 실패없었어요!! 내부에 화장실 있는것두  좋았어요💕",인테리어는 깔끔하지만 커피와 차는 평범하고 직원분은 시큰둥한 카페였어요,오래있을 분위기는 아니어서 아쉽네요 다이슨 손건조기 짱,가는집이 문닫혀서 여기 갔는데 진짜 불친절 너무 너무 싫어요 비싼데 맛도 별로... 이런데에 돈쓴게 너무 아깝네요,화이트톤 카페 인테리어가 너무 예뻐요! 쿠키 구워지는 시간에 갔는데 고소하게 퍼지는 쿠키 냄새가 너무 좋아서 종류별로 다 주문했어요 😊😊 여기 쿠키 맛집이네요! 라떼랑 같이 먹으면 금상첨화 🍪☕️ 노트북 들고 혼카해도 좋을 것 같은 분위기라 다음엔 혼자 와야게써여,깔끔한 인테리어와 커피원두맛을 선택할 수 있어요. 훌륭한 스피커에 조용히 커피한잔하기 좋아요. 브랜드컨셉은  그린으로 집기까지 맞 춘 센뚜~~,"새로생긴 매장, 아직은 시간이 조금 더 필요한",치즈가 솔솔 얹어진 크로플 너무 맛있었습니다 ! 더운 날이 좀 가라앉으면 야외 테라스 방문도 너무 좋을 듯요 🍃,일단 카페분위기 짱 좋네요. 깔끔하고 음악도 좋구. 친절하시구 커피 1샷으로 부탁해 먹었는데.. 마일드하고 커피마 시는데도 건강해지는 기분입니다. 산뜻한 원두를 시키길 잘한 거 같아요. 담엔 묵직한 맛도 보고 싶네요.,"조용하고 깔끔한 분위기에요. 테라스도 있어서 날 좋을 때 앉아 있기 좋아요 ㅎㅎ 음료, 디저트 모두 맛있었어요. 특히 말차가토 추천해요!",날씨 좋은날 테라스가 너무 예뻐서 들어갔다가 반했어요 말차라떼가 진짜 진하고 쌉싸름하고 고소한 단맛! 완전 말차 맛집 찾았네요 ..♡ 카페 인테리어도 예쁘고 식물들이 많아서 잠깐동안 힐링하고 왔어요 ~,"카페 갈 때 화장실 청결 정말 유심히 보는 편인데, 정말 깨끗하더라고요. 매장 전체적으로 깨끗하고 테라스에서 마시 니까 세상 여유 다 가진 기분! 공간이 주는 만족감 때문에 자주 찾게 되는 것 같아요. 말차 라떼도 여기에서 직접 만 든수제 시럽이라서 마냥 달기만하지 않고 딱 정당하게 맛있더라고요 ㅎㅎㅎ 특히 직원분들이 너무 친절하셔...","테라스가 있어서 운치있고, 매장이 깔끔하고 쾌적해서 좋아요 :-) 음료들도 다 맛있고 특히!!!! 치즈 크로플 진짜 맛있어용,, ㅠㅠ 또 먹으러 가야될 것 같아요! ㅎㅎㅎ 주말에 주차되는 것도 너무 꿀이에요🤍",매장이 쾌적하고 깔끔해요. 노래도 좋고 인테리어가 너무 예뻐요. 커피도 맛있습니다~~!!,"일단, 매장 분위기랑 직원분들 너무 상냥해서 좋았습니다. 커피도 다 가져다주시더라고요!! 그리고 저는 아메리카노 만 마시는 편인데 원두 선택도 가능하고 아아 마실 때 특유의 입 텁텁함도 없고 깔끔한 목 넘김이라 진짜 커피 맛있 었어요! 특히 화장실도 너무 청결해서 좋더라고요. 앞으로 자주 방문할 것 같아요 😊 다른 메뉴들도 맛있을 ...",연희동 놀러왔다가 소나기 오는 사이에 잠시 쉬었다 갑니다! 매장이 깔끔하고 이뻐요! 음료도 너무 시원하고 음악도  좋고 다 좋네요! 후기 보니까 다음엔 크로플도 먹어야겠어요🤤 번창하세요 :),"건물도 이쁘고, 특히 테라스가 너무 예뻐서 저도 모르게 들어갔는데요. 커피 맛도 좋고 산미 있는 거, 없는 거 2가지  원두를 고를 수 있어서 좋더라고요! 친구랑 같이 갔는데 테라스에서 시간 가는 줄 모르고 얘기했네요! 여기서 혼자  책 읽으면서 시간 보내도 참 좋을 것 같았어요! 앞으로 자주 방문할 것 같네요~",굿,커피도 맛있고 분위기도 좋아용♡,커피가 맛있어서  일부러 들리게 됩니다,커피맛있음요~,"크로플 와플 찐 맛집!! 바로 찾았네요!! 👍 비주얼만 봐도 맛있는데, 먹으면 더 맛있습니다!! 특히 그레놀라나 견과 류를 더 올려줘서 고소하고 오독오독한 식감까지 연희동 갈 때마다 찾을 것 같아요!!",너무 마싯게 잘 먹고 재방문 의사 만땅,아침부터 브라운치즈 크로플이 넘 먹고 싶어서 검색해서 왔는데 진짜 맛있게 먹었어요!!ㅎㅎ커피도 맛있고혼자 세상 행복하게 먹고 가네요ㅋㅋㅋ🤭😊,연희동 주차하기 좋은 카페. 테라스에 앉으면 모기물릴까봐 모기기피제도 비치해놓고 배려있는 카페네요,맛있고 공간이 멋있어요!,시원하고 음악도 좋고 커피도 맛있습니다^^ 사장님도 친절하세요. 더운 여름 연희동에서 분위기 좋게 쉴 곳이 생겨 좋으네요^^,시그니처 메뉴가 말차가포라고해서 특이해서 주문해 봤는데 진짜 신세계...! 에스프레소와 말차 아이스크림이 이렇 게 조화로운지 처음 알았어요.. 그리고 그레놀라 아몬드 등의 견과류 데코까지..! 살짝 가격이 비싼 것 같았는데 먹어 보고 바로 인정해버렸습니다..! 아이스크림도 싸구려 맛 안나서 좋았고. 다른 디저트도 궁금하더라고요!! 담에...,"매장도 깔끔하고 음료도 맛있고 디저트도 맛있어용!! 연희동에 이런곳이 있어 너무 좋습니당,,🥰 자주올게요!",우선 탁 트여 있어서 답답하지 않고 분위기도 너무 좋아요 :) 음료 맛있는 건 기본이구요! 그리고 직원분도 친절하셔서 편하게 있다가 갑니다!,라떼 마셨는데 진하고 맛있네요. 초록초록해서 싱그럽고 야외 테이블도 있어서 날씨 좋은날가기 너무 좋을 것 같아요. 비가와서 내부에 앉았는데 편안하게 쉬다 가기 좋았어요,음료도 맛있고 크로플도 맛있네요. 깔끔한 인테리어가 제 스타일이에요,전체적으로 화이트톤에 깔끔한 인상이라서 좋았어요 앉아서 이야기하거나 개인 업무 보긴 좋은 곳 같아요 테라스가 있어서 선선한 밤에는 나가앉아있어도 될 듯,분위기 너무 좋고 깔끔하고 친절해요*v* 커피가 이쁘고 인테리어가 맛있어요,아메리카노랑 쿠키 모두 맛있는곳!,너무 시원한 카페 여름에 채고채고입니당,가게가 너무 예뻐요! 초록초록! 🍀,궁금해서 시켜본 메뉴인데 진짜 맛있어요. 에스프레소와 라임이 이렇게 잘 어울린다니 신기하네요.,인테리어가 화이트톤으로 넘 깔끔하고.. 커피 또한 깔끔해요,걍 그래요,분위기가 좋아요🧡,녹차라떼 🍃,좋아요,,,,,,,,,,,,,,,,,,,,,,,,,,,,,,,,,,,,,,,,,,,,,,,,,,,,,,,,,,,,,
성북당 십원빵 연세대점,1600685694.0,"와~~~ 이거 뭔가요, 커피 + 십원빵. 세트가 5500원이라기에 주문했는데 치즈가 쭈~~욱~~~ 완전 내 스타일~!!! 라 떼만 시킨 친구도 한입 먹어보더니 작은눈이 왕눈이로 변신 ㅋㅋㅋ 하나씩 더 먹자고 주문하려는데 옥수수도,갈릭 도,기본도 다 먹고싶어 세트9개를 사버렸...(개당사는것보다 훨씬 싸욤~) 먹고남은건 사이좋게 나눠 집으로. ...",분위기가 너무 편안하고 좋아용 맛도 최고에용 ♡,"오늘 십원빵 처음 먹어봤는데 겉은 바삭하고 속은 고소하고 주욱 늘어나는 피자치즈와 달콤담백한 빵의 조화가 좋 았고, 아바라랑 먹었는데 넘 맛있었어요. 옥수수십원빵은 옥수수와 피자치즈가 들어가 있는데 옥수수 좋아해서 그 런가 십원빵보다 더 맛있었네요. 아직 경험해 보지 못하신 분들 강추합니다. ~~",연희동에서 십원빵을 먹을 수 있어서 너무 행복해요!!! ><,제가 먹던 십원빵이 아니라 아쉬웠어욮ㅍ,Good,옥수수치즈 십원빵 맛있어요~~옥수수가 톡톡 씹혀요~~^^커피도 맛있습니다,이제야 처음 먹어봤네요~  살짝 더 바삭하게 해 주셨으면 더 좋았겠다 싶었어요~~,,,,,,,,,,,,,,,,,,,,,,,,,,,,,,,,,,,,,,,,,,,,,,,,,,,,,,,,,,,,,,,,,,,,,,,,,,,,,,,,,,,,,,,,,,,,,,,,,,,,,,
스케네 연희점,36721135.0,커피가 진짜 고소하고 맛있고 매장 넓고 쾌적하고 참 좋은곳 입니다!!! 특이하게 가방등을 아주 저렴하게 판매해요  👍 👍,매장 넓고 수제가방을 팔아요,커피 및 음료 맛도 좋고 여기에는 예쁘고 멋진 제품이 있습니다.,처음 가봤는데 커피도 맛있고 인테리어도 멋지고 매장도 넓어서 좋아요☺️,라떼가 정말 맛있어요! 온가족이 좋아하는 라떼 맛집💕,정말 좋아요~,매장이 넓고 깔끔해요~커피는 보통입니다~,굿,굿,굿,좋아요,친절하세요,굿,매장넓고 좋음,공부하기 딱 좋은 곳이에요^^,좋아요,수제가죽가방 좋아요,친절하시네요,커피가 맛나요,맛나네요,사장님이 너무 친절하세요~! 커피도 맛있고 카페도 깔끔하고 공부하기도 좋고 친구만나기도 좋아요 자주 갈것같네요 번창하세요!,맛있어요,"따뜻한 커피, 편하고 깔끔한 디자인가방 판매하는 커피숍,",맛있어요,ㅋㅋ,친절해요,오미자에이드 맛있어요,좋아요,친절하네요,사천교 앞 모퉁이 카페,동네 조용한 커피집,샌드위치 맛나요,친절하네요,클럽샌드위치 너무 맛있어요 여기,샌드위치 짱,좋아요,좋아요,고구마라떼 짱맛ㅋ,주일에 할인♡,한적해서 좋다,,,,,,,,,,,,,,,,,,,,,,,,,,,,,,,,,,,,,,,,,,,,,,,,,,,,,,,,,,,,,,,,,,,,,,
카페1997,1306927987.0,,,,,,,,,,,,,,,,,,,,,,,,,,,,,,,,,,,,,,,,,,,,,,,,,,,,,,,,,,,,,,,,,,,,,,,,,,,,,,,,,,,,,,,,,,,,,,,,,,,,,,,,,,,,,,
WP커피,1388383414.0,모임공간과 작업 공간 구분. 친구가 여기 되게 좋아해요. 친구 따라 종정 들러서 커피 먹고 책보고 그래요. 좋아요.  쿠키도 커피 시시키면 그냥 줘요.,주차 돼서 온 카페인데 사장님 왕친절+분위기 좋음 커피 마시는데 쿠키까지 주시다니요 감사합니댜♥️,.,일찍 문열어서 너무 좋구 앞에 주차 자리도 있어 연희동 숨은 보석같은 카페에요. 커피 한잔에 쿠키 1개를 무료로 주시는 넘 친절한 사장님~ 부디 오래오래 연희동에 있어주시길~^^*,커피를 마시면 쿠키를 줘요,우연히 발견했는데 사장님이 정말 친절하시네요.커피도 맛있어요! 연희동에 보석같은 카페 같아요.,좋아요,사장님이 친절하시고 쿠키도 주시는데 정말 맛있습니다!!,쿠키가 선물하기 좋아요!,자몽차 맛나고 서비스 쿠키 좋아요~,주차할 수 있어서 좋아용,친절하고 커피도 맛있어요. 쿠키도 직접 구워 판매하세요. 커피 마시면 하나 공짜 ㅎ 주차도 가능.,넘 친절하세요,쿠키 짱 맛있어요!,초코케익 진짜 맛있어요 😍,탁 트여있는 구조라 사람이 많을 때는 조금 시끄럽다는 인상을 받을 수 있어요. 하지만 음료와 커피가 맛있고 음료 한잔 당 쿠키🍪를 무료로 고를 수 있어서 서비스 면에서 좋아요. 사장님도 무척 친절하시고요!,쿠키 진짜 맛있어요 🫶🏻,쿠키도 무료로 줘요 ㅋ,좋아요 :),굿,자주가는 동네커피 엄청 친절하고 좋아요!,음료 사면 쿠키 하나 무료 !,늦게까지 해서 너무 좋아요  음료주문시 수제쿠키를 주십니다  좌석 편한 카페 요즘 찾기 힘든데 의자 너무 편하고 널찍하고 좋습니다 굿굿,진짜 여기 최애단골!!!!,넘 맛있어요,커피가 맛있고 1인1메뉴 시 쿠키를 줘요~ 쿠키 종류도 많아요^^,연남동카페~~쿠키도 주네요,친구들하고 같이 오기 좋았어요.,진짜 맛있어요,굿,좋아요,맛있어요,뀼,굿,굿,예쁘고 조ㅎ아요,굿,굿,친절해묘,친절해요 차가 맛있네요 분위기좋아요,굿,조아요,👍,대존맛,아아~♡맛있어요,굿굿,굳,음료시키면 주시는 쿠키도 맛있어요 :)  음료도 좋지만 좌석이 편해서 자주 가요 :),굿,편안하고 식그럽지 않아 좋아요. 쿠키 서비스 좋았어요,조용하고 좋아용,커피맛있어요 쿠키도꽁짜^^,좋아요,쿠키도주고 캐모마일도좋아!!,분위기 👍,굿. 아늑하고 좋아요. 공부 집중도 잘 되고요. 쿠키도 주시는데 맛있어요😋,제가 제일 좋아하는  연희동 카페에요!! 의자도 편하고 음료도 너무 맛있어요!,좋아요,좋아요 :),커피도 맛나고 분위기도 굿~~~,조용함,커피 사면 쿠키도 서비스로 주시고 너무 좋아요!,음료 괜찮고. 치즈케이크 맛있어요!,굿,좋아요,"1. 2대 주차가능 2. 야외 테이블도 있고 분위기는 조용하며 살짝 어두운 분위기? 남.녀 화장실 따로 있음 3. 커피는 괜찮음, 아이스경우 얼음을 작게 줌",콜드브류가 구수하네여 ?ㅎㅎ 낯선 맛,집이랑 가까워서 너무 좋아요!!!,굿,좋아요,굿,쿠키도 무료로 주고 좋아요,분위기도 좋고 커피도 맛있고 커피 주문하면 쿠키를 무료로 나눠줘서 더 좋은듯~~,굿,맛있고 조용하고 넓고~ 좋아요,좋아요~~,좋아요,주차 편하구요.너무 친절하고 쿠키도 맛집,굿굿,쿠키도 맛있고 늦게까지 열어서 좋아용,,,,,,,,,,,,,,,,,,,,,,,,,,,,,,
파리바게뜨 연희안산점,18252035.0,우유팥빙수 얼음이 눈꽃정도가아니고 완전 고와서 아이스크림같았어요.세상 그런 고운 얼음은 첨이에요ㅜㅜ서비스로 별거아니여도 마늘빵도 두조각주셔서 기분이 매우 좋았답ㄴㅣ다,샐러드신선하고 커피맛있어여~,샌드위치 맛집입니다^^,"아기 어린이집 가 있는 동안 혼자서 앉아있기 좋은 곳이예요. 1,2층으로 되어 있어서 편하게 먹으면서 쉴 수 있어요.",빵종류도 다양하고 친절해요,페스트리식빵 하나가 6200원 ㅎㄷㄷ 모카빵 4800원.. 그나마 사과잼빵 1300원 ㅎㅎ 맛있으면 장땡~ ❤️❤️❤️❤️ ❤️❤️❤️❤️❤️ 뜯어먹기 편해요~~,굿굿,자주 이용하고 있습니다,맛있어여^^,굿,여러분 이거 드세요 맛있어요!,롤케익 행사넘 좋아여,굿,굿,빵과 빙수 구매해서 먹었어요 ~ 맛나고 좋아요  👍 👍 👍,직원분의친절함에 ᆢ짱,2층짜리 파리바게트~~좋어용,사장님 계실때 융통성 있고 친절하게 해주셔서 일부러 여기 파바만 갔었는데 몇 년 안보이시면서 직원들이 친절한듯? 불친절한듯? 애매한?~anyway ! 이젠 안가렵니다,집 바로근처라 넘 편리해요,굿굿,알바가 친절해요,오늘도 토스트빵사러왔어요,좋아욥,평일에 있는 알바생은 친절함 주말 알바생 친절한줄 모르겠음 주문해서 먹다가 중간에 추가로 주문했는데 주말알바 님은 제휴사 할인안내없이 그냥 결재해버림. (제휴사할인은 1회만 가능이라 추가주문의 경우 기존주문건 취소후 추 가주문건이랑 합해서 재결재해야하는게 번거로우나 사장님이나 평일알바님은 적극적으로 안내해주고 처리해줌),오늘도 아내만들어줄 프렌치토스트용 빵이랑 점심에 먹으라고 쿠키사왔어요,매일 토스트용 빵 사러가요 굿굿,친절하고 좋아용,굿,빵사러왔어요~,오늘도 식빵 사왔어요 !,또 왔다가요~~,좋아요,집 바로근처에 있어서 좋아요,굿,굿,굿,케익도 맛있고 가격도 괜찮았어요~^^ 어버이날 기념으로 부모님께 사다드렸더니 정말 좋아하셔서 뿌듯했습니다🍓😆,오늘도 빵사러왔어요~,오늘도 빵사냥하러 왔어여,**,"케익 생각보다 맛있어요,직원분도 친절하셨어요",굿굿,자주 이용하고 있습니다,또왔어요~,오늘도 빵사러왔어요 ㅋㅋ,~%,자주 방문하고 있습니다,~%,오늘도 식빵사러왔어요~,굿,쾌적한 자리도 좋고 참 좋네요,굿,일요일 오전 매장에 계신 젊은 여성분이 넘 친절해서 아이와 맛있는 빵과 커피 먹고왔습니다~,샐러드 먹으러 왔어요,집이랑 가까워서 식빵사러 자주가요,거의 매일 식빵사러가는듯해요,자주 이용하고 있습니다,항상 잘 이용해요 굿,굳,"회사 점심 시간에 자주 커피 마시러 오는데, 빠른 서빙과 깔끔한 커피 맛에 늘 맛있게 먹구 갑니다",맛있어요 !,2층매장조용하구 친절해요!,케이크 종류도 다양하고 좋네요,긋,아주 늦은 시간까지 영업하셔서 좋아요! 덕분에 예약해둔 케이크 픽업 잘해왔어요 :),ㅗ굿,굿,굿,맛있어여~,커피맛있어여~,빵 맛나요,굿~~~~~~,양파치즈브레드 늦은시간에 가도 있어서 완전좋았어요!,사라다빵이 맛있네요,늘 친절하고 빵도 맛있어용,케잌맛잇어요,좋아요,*~~,친절해요,굿,굿,친절해요~~,맛있어요,맛있어요,맛있어요,가까운곳 늘 애용하는 빵집입니다,맛있어요,*~,빵도 맛있고 친절해요,굿,ㄱ ㅅ,굿,굿,친절하십니다^^,굳,굿,**,굿,*~~,굿굿조아용,👍🏻👍🏻👍🏻👍🏻👍🏻👍🏻👍🏻👍🏻👍🏻,좋습니다,좋습니다,사장님과 직원분들 모두 무척 친절하시고 빵이 맛있어요,긋,다들 친절하셔서 매번 기분좋게 애용하고 있어요~,좋아요 자주가요,,,
커피랩로스터스,34348951.0,"커피, 원두 맛있어요~~ 라떼맛집^^",커피 맛있어요,산책하다 발견한 커피 맛집,"저렴한 가격, 커피 맛 좋아요",가성비좋아요,좋아요,좋아요,맛나요,좋아요,굿,겨울철 나의 최애 음료 청귤차 좋아요,좋아요,좋아요,좋아요,새해 첫 청귤차 따뜻한데 새콤하고 침이고여요,좋아요,좋아요,좋아요,굿,좋아요,,,,,,,,,,,,,,,,,,,,,,,,,,,,,,,,,,,,,,,,,,,,,,,,,,,,,,,,,,,,,,,,,,,,,,,,,,,,,,,,,,,,,,,,,,
"카페, 어서",1234686967.0,"엄청나게 맛있는 붕어빵을 팔고 계십니다. 붕어빵에 팥이 이렇게나 많이 들어가는지 몰랐습니다. 미리 구워놓은 빵 이 바삭하고, 맛있어서 여쭤보니 구워서 살짝 말리면 식어서도 맛있다고 알려주셨습니다. 바로 구워주신 붕어빵도 먹었는데 역시나 다른곳 보다 바삭했습니다. 저는 라떼랑 같이 먹었는데.. 엄청 잘 어울리네요. 3개에 2천원이...",오랜만에 왔는데 붕어가 생겼더라구요🥹 바로바로 만들고 계셔서 따끈 바삭 붕어를 먹을 수 있었어용. 만드시는것 도 직관했는데 팥이랑 슈크림 완전팍팍 들어가고 넘 맛나요ㅠㅠㅠㅠ 붕어의 계절..❤️ 붕세권이라 행복합니다..S2,오늘 오픈날이라고 해서 와봤어요 ☺️ 사장님 너무 친절하시고 커피도 넘넘 맛나요!! 베이글샌드위치가 진짜 미쳤어 요 ㅠ 따끈따끈하고 야채도 짱많이 들어가서 든든해요! 앞으로 자주 이용 할게요❤️ 오래오래 장사해주세요🥹,또 왔어요 ㅎㅎ 사장님 여전히 친절해요❤️ 리뷰이벤트 하셔서 카야 토스트 받았어용👍 진짜 완전 바삭 장난 아니 에요ㅠㅠㅠㅠㅠ 담에 또올게용.. 카야중독,분위기도 조용조용 편해서 대화하기 좋아여!! 무엇보다 커피가 딱 좋습니다!! 아이스아메 원샷 때림.. 🤩 그리고 카 야토스트 대존맛..! (리뷰이벤트도 진행중!) 오픈한지 얼마 안된거 같던데.. 사장님 친절해서 자주 가고싶은 카페에요 !! 사장님 돈길만 걸으세용🫶,드디어 잉어빵 도 팔아요!! 자주가는 곳인데 너무좋네요~,카야토스트 존맛이에용 직원분?사장님?도 친절하시구용 밀크티도 달달한게 짱맛~ 커피도 산미없구 고소한게 맛 났어용!!!! 베이글도 궁금해요 ㅠ ㅠ 담에 밥안먹구 또 와야할듯,카페서 파는거라 위생적이네요~ 붕어도 완전 바삭하고 맛있어요,"출근길 또는 점심시간 간단하게 마시기 좋은 맛있는 커피! 모든이가 좋아하는 고소함과 적절한 쓴맛에, 질리지않도록 살짝만 혀를 자극하는 산미까지! 퇴근후 산책길에 알게된 찐 커피맛집!! 잘마시고 갑니다!! :)",가격도 저렴하고 커피맛도 너무 좋아요~ 출근길에 커피 사기 딱 좋은거같아요!,카페 어서 고급진커피와 붕어빵이 너무 맛있어요~ 사장님도 친절하시고 또 가겠습니다~^^,"커피, 음료, 샌드위치 다 맛있네요. 장소도 수다 떨기 좋았습니다. 특히 커피가 부담스럽지도 않고 맛있어요. 배달도  되는 것 같은데 자주 먹을 듯합니다.",메뉴 다양하고 커피 맛있어요~ 카야토스트도 추천요!! 사장님이 넘 친철하세요!~,지나가다 오픈했길래 들렸는데 오픈이벤트도 하고 있더라구요..!! 그래서 아메리카노 한잔 받아부럿네요..😀❤️ 샌드위치 넘 맛있어요!! 잘먹구 갑니댱 번창하세요 사장님!!😁,음료가 맛있고요 리뷰로 받은 카야토스트도 맛있어요!!! 최고입니닷! 추천합니다!!!,커피 맛있고 베이글 샌드위치도 맛있고 사장님도 친절하셔요 🥰👍🏻👍🏻👍🏻👍🏻,지나가다 들렸는데 친절하고 라떼도 맛있네요~,"연희동,연남동 출퇴근러입니당 이 근처에 아침 일찍 문 여는 테이크아웃이 편하고 가성비 좋은 카페가 없어서 아쉬웠는데 드디어 생겼어요♡ 단골할겁니다~~ 오래오래 있었으면!!!","연희동에 새로 생긴 카페, 어서!! 가격도 너무 착하구 맛도 물론 취향에 잘 맞는거 같아 자주 이용할거 같아요.",밖에서 시원하게 마셨어요~,연희동 갈때 있을때 커피좋아하는 나에게 너무 좋아요. 크지는 않지만 테라스가 있어서 개방감 또한 좋은듯요.,주차가 가능해서 아침마다 들리게 되네요~,저렴하고  커피도 맛있네요~,"커피도 맛있고요, 카야토스트 바삭!! 취향 저격이네요!!",초코라떼 진하고 맛있어요 음료 여러개 주문했는데 모든 음료 다 맛있고 포장도 깔끔해서 좋은 것 같네요ㅎㅎ 자주 이용할듯해요~,영수증 보고 깜짝~ 테이크아웃 가격이 2000원이래요! 가성비 짱입니다!!!! 맛도 좋아요~ 사장님은 또 얼마나 친절하시게요^^,가격 너무 착하고 맛도좋아요~ 한잔 가격에 두잔^^,야외에서 먹는거 같아요~,맛있어서 포장도했어요~,달달하니 맛있어요~~ 자주 이용할 것 같아요.,지나가다 들리기좋아요,오픈했나봐요~ 저렴하네요 커피도 진해요~,추천합니다,,,,,,,,,,,,,,,,,,,,,,,,,,,,,,,,,,,,,,,,,,,,,,,,,,,,,,,,,,,,,,,,,,,,,,,,,,,,,
와이베를린,639777033.0,,,,,,,,,,,,,,,,,,,,,,,,,,,,,,,,,,,,,,,,,,,,,,,,,,,,,,,,,,,,,,,,,,,,,,,,,,,,,,,,,,,,,,,,,,,,,,,,,,,,,,,,,,,,,,
연희문화살롱,1789900326.0,미녀사장님 잘 맞춰오면 공연도 보실 수 있어요 ❤️ 떡볶이 볶음밥 진짜 맛있어요!! 추천추천 양주먹기도 와인먹기도 좋은 편안하고 행복한 분위기에요. 배우 가수들도 많이 온다고 해요 다음 번엔 만날 수 있기를 💚❤️ 또 올게요 사장님 😍😍😍,새우감바스도 맛있지만 국물떡볶이가 너무 맛있었어용 다음에 꼭 또 와야지 남자친구랑 ㅎㅎ❤️,친절하고 수다떨기좋아요 ㅎㅎ,사장님 아름다우십니다 ! 세계의 맛있는 맥주 와인 위스키 가득 냉장고에 있어요 또오고 싶어요 ^^,코로나 풀려서 이 시간에 아이스 밀크티 먹으러 왔어요. ㅎ 대화하기 좋은 한적한 공간^^,사장님이 가수라서 간간히 노래 부르세요. 운 좋으면 즉석 공연을 볼 수 있습니다. 이집 새우감바스 맛있어요 따로  시켯더니 영수증엔 없네요 ㅎ,사장님 얼굴이 이뻐요 공간도 예쁘고요,좋아요,음악과 함께 편안한 휴식공간,통기타 가수가 차린 커피집입니다. 와인도 팔긴하는데 제가 술엔 관심이 없어서..ㅎ 앉아서 느긋하게 대화하기 편한  공간이고 가끔 운좋으면 손님으로 온 다른 뮤지션들 즉석연주도 들을 수 있습니다. 문여는 시간은 오후 3시쯤~,분위기가 있어요,좋아요,좋아요,"준장이 가수시라 라이브 공연 직관 가능하구요. 운좋으시면 대단한 아티스트들 연주를 눈앞에서 보고듣는 호사도  누리실수있는 곳입니다. 황명하 가수님,김광석 기타리스트님 완전 감동이었어요. 연희동에 이런곳이 있다니 완전  감사하구요. 주인장 가수님도 성격 엄청 좋으세요. 왠지 자주 갈꺼 같은 느낌이 팍팍 ^^",새우감바스 입니다. 신세계의 맛입니다. 첫경험 그러나 여긴 떡볶이 맛집등록을 거부한다는 그 유명한 곳이었음 한 겨울 찬바람을 데워줄만한 곳입니다 저는 이 곳을 그렇게 추천하겠습니다,지나가다 우연히 들어와서맛나게 간바스 처음 잘먹고 갑니다 다음주에 또올께요 화이팅,공연이 있어서 좋아요 가볍게 맥주 한 잔 하기 딱 적당하고 시끄럽거나 정신없지 않아서 좋습니다,,,,,,,,,,,,,,,,,,,,,,,,,,,,,,,,,,,,,,,,,,,,,,,,,,,,,,,,,,,,,,,,,,,,,,,,,,,,,,,,,,,,,,,,,,,,,
카페인더포레스트,1013937090.0,근처 돌아다니다가 들려봤는데 매장이 깔끔하고 주변이 조용해서 좋았네요! 청포도 에이드도 맛있었습니다.  다음엔 시그니처 포레스트 커피도 마셔봐야겠네요😀,카페 인테리어도 마음에 들고 알바생이 너무 친절해요~ 공부하기 좋은 분위기네요. 다음에 스카 대신에 공부해봐야겠어요 ㅋㅋㅋㅋ,시그니처 커피도 맛있공 노래선곡도 굿! 분위기도 사진도 짱 잘 나오는 곳 강추합니다~,커피와 디저트는 맛있었지만 분위기는 제 취향이 아니 었어요 푸른정원을 생각했는데… 실망 이았습니다,좋아요,,,,,,,,,,,,,,,,,,,,,,,,,,,,,,,,,,,,,,,,,,,,,,,,,,,,,,,,,,,,,,,,,,,,,,,,,,,,,,,,,,,,,,,,,,,,,,,,,,,,,,,,,
카페리코,11562617.0,닭가슴살 샌드위치 (4.200) 아이스 아메리카노 (3.800) 식사 대용으로 좋아요 🙂👍,종종 방문했는데 이제서야 리뷰적네요 :) 가게가 매우 귀엽고 사장님이 친절하십니다 🙂 샌드위치 새로 개발하셔서 먹어봤는데 아메리카노랑 궁합 찰떡이예요 :) 금액도 합리적이니 꼭 드셔보세요 ㅋㅋㅋ,굿,굿,요일메뉴도 있고 커피도 맛있고 간식거리 소라과자 맛있어요,사장님이 친절하십니다 메뉴도 매장 인테리어도 너무 귀여워요,굿,🥤🥤🥤🥤🥤🥤🥤🥤🥤🥤🥤,조아여,😋😋😋😋😋😋😋😋,아기자기한 깜찍템들 인테리어 카페인충전 완료🎈,🥤🥤🥤🥤🥤🥤🥤🥤🥤🥤🥤,맛나요🥤🥤🥤🥤🥤🥤🥤🥤🥤🥤,우연치않게 갔다가 종종 갑니다 🥤🥤🥤🥤🥤,😋😋😋😋😋😋😋😋😋,친절한 응대 & 정신 번쩍 나는 컵휘🥤🥤🥤🥤🥤🥤,가격도 착하고 커피도 맛있고 친절은 덤,안쪽에 공간이 있었네요~,맛있게 잘먹었어요~,사장님 늘 친절하시구 커피도 엄청 빨리 만들어주셔요!,"ㅋㅋㅋㅋㅋㅋ 다 채우니 뿌듯~♡ 항상 친절하시구, 컾도 너~무 맛있어요~",굿,커피 맛나네요,여기 음료 진짜 다양해서 순간 결정 버퍼링이 있었으나! 당급속충전 👍👍👍👍👍👍 정신이 번쩍 나네요ㅎㅎㅎ,굿,양이 적어서 살짝 실망했었으나 맛있었어요,가까이 있어 자주 방문 음료도 맛있고 친절해요,굿,항상 친절하세요,굿,굿,굿,굿,굿,굿,가성기 좋은 커피가게^^~,굿,굿,굿,굿,굿,굿,굿,굿,썸머라떼2잔,굿,굿,굿 여기 좋아요,안가다보면 계속 맴도네요.,굿,굿,분위기도 좋고 ㅋ 가격도 착해요 ㅋ 메뉴도 많아요 ㅋ,전 딸바먹었는데 ㅋ 가성비 괜찮은듯 ㅋ,좋아요,굿,굿,조아요,딸기스무디 완전 맛있어요 ~ 가격도 저렴해요,맛나요.,맛나요.,"너무너무 친절하시고, 음료 종류도 많아요!",맛나요.,맛나요.,맛나요.,맛나요♡,사장님 정말정말 친절하시고 커피도 맛있어요:),맛있습니다.,굿,ㅇ,고구마 파우더가 아닌 진짜 고구마 수저로 먹어도 좋은 든든함,스무디♡,비오는 날 커피는 왜 더 땡기는지...,오늘도 동료가 커피 한잔,라떼가 맛있네요.,더치 쟁여놓고 먹기 좋아요,커피 맛있어요:),메뉴도 다양하고 참신한 메뉴들이 맛있구 신선해요. 직원분들도 넘 친절해서 강추합니다.,,,,,,,,,,,,,,,,,,,,,,,,,,,,,,,,,
파도바,1409319673.0,,,,,,,,,,,,,,,,,,,,,,,,,,,,,,,,,,,,,,,,,,,,,,,,,,,,,,,,,,,,,,,,,,,,,,,,,,,,,,,,,,,,,,,,,,,,,,,,,,,,,,,,,,,,,,
쏘잉구떼 양과점,1428844673.0,브레드 푸딩 맛집ᰔ 크림 많고 넘 좋아요,,,,,,,,,,,,,,,,,,,,,,,,,,,,,,,,,,,,,,,,,,,,,,,,,,,,,,,,,,,,,,,,,,,,,,,,,,,,,,,,,,,,,,,,,,,,,,,,,,,,,,,,,,,,,
데이지카페,1238217011.0,굿,더워서 지나가다 들어갔는데 사장님 짱친절🌸,굿,편안한 동네카페,편하게 커피 차 마시기 좋아요 ~ 조용하고 편한 동네커피 집중도 잘 됩니다!,친절해요,좋아요,음료도 디저트도 다양해요,굳,굿,ㅎ커피맛있음,커피맛 약하고 스콘이 가루처럼 다 부서지네요...ㅠ,굿,굿,.,주차안돼요,굿,.,굿굿,굿,좋음,좋음,그새 가격이 올랐..ㅠ,쥔장님 매우 친절해요~~,조아요,굿,굿,굿,굿,커피 시원하게 잘 마셨습니다.,조아요,굿~~~~~,친절해요,.,조아요,길목에 위치해 있어 종종 이용중입니다. 친절하세요~,친절해요,자리도 넓고 사장님이 넘 이뻐요  커피도 쥬스도 맛있어요^^,매장이 조용해요~,ㅈㅇㅇ,굿,굿,친절해요 세련되진 않았지만 정다운 분위기의 동네카페,좋아요!,동네 카페 생겼네요. 커피맛도 좋아요,좋아요,자주 이용 합니다,맛있어요^^,"새로 개업한 카페  환경이 너무 좋아요, 커피맛도 굿",방역에 최선을 다해주시는 좋은 카페입니다 코로나 위기 잘 극복하세요,새로 개업한 카페  넓고 깨끗하고 좋아요,굿,좋아용ㅎㅎ,커피가 조금 쓰네요 번창하세요,좋아요,굿,,,,,,,,,,,,,,,,,,,,,,,,,,,,,,,,,,,,,,,,,,,,,,,,,,,,,,
아이스프링카페,1900352602.0,"커피,음료 맛있고  호텔느낌나고 넓고 고급져요~",넓고 좋아요,^^,^^,친목모임하기에 좋았습니다,커피 맛나요,커피향이 좋아요,굿,^^,자몽주스 추천^^ 자몽이 없어 오늘은 토마토주스로~~~,굿,좋아요,굿,가격도 저렴하고 편안합니다,블루베리 요거트 스무디 짱~,^^,교회 까페로 예배 마치고 모여서 이야기하기 좋아요.,굿,커피 맛 좋아요😀 친절해요‼️,굿,👍,👍,👍,아이스프링카페,.,.,교회 안에 있어요,👍,빵도 맛있어요,코코넛 스무디 커피랑 치아바타도 넘 맛있어요! 조금 늦은 시간에는  카페 입구 뷰부터 남다릅니당 ㅎㅎ,굿,긋,연유라떼 맛도 좋고 컵도 이쁘네여 ㅋ 치아바타 올때마다 먹어용~,좋아요. 깨끗해요,넘향기롭고 부드러운 음료를 맛보게 해주셨어요,언제가도 친절하시고 커피맛 좋고 가성비 좋은 카페예요 ㅎㅎㅎ 분위기도 좋아서 다음에 또 방문하려구요!,친절하시고  분위기가 호텔 라운지에서 있는 고급진 카페입니다 고요하고 편안해서 좋아요👍🏻,음료는 맛있어요. 카페 크기는 생각보다 작고 콘센트도 딱 하나 있어요,좋음,내부가 넓고 쾌적해요,좋어요,좋아요,굿,아늑하고 편안해요,굿,"대화하기 참 좋은 카페입니다. 직원분들도 친절하시구요, 그러나 아메리카노는 비추입니다ㅠㅠ 이번에 빙수 출시 된 것 넘 맛있어용 !!",굿,굿,맛있너요,코코넛 커피스무디 맛있어용,치아바타랑 빵들 맛있어서 자주오다가 오랜만에 들렀더니 마들렌? 신메뉴가 ㅋㅋ 오늘도 잘 쉬다 가요~,눈 오는날 디카페인 카페라떼 분위기 좋아요~~,굿,교회안에있는커피솝인데 고릅스럽고 날 좋은날은 테라스로 가면 좋을거 같아요 산책로도 좋아요,좋아요,좋음,호텔 카페 느낌 ㅋ 귀차니즘으로 지난 여름 찍은걸로 대체. 노을 이쁠때는 풍경 완전 힐링임! 교회 정문 왼쪽에 출입 구 있어욧,늘 애용하는 곳입니다. 최고입니다,디카페인 아메리카노 가성비 굿입니다,굿,굿,코코넛 스무디 맛있어요!,좋음,좋아요,좋아요,커피 맛있어요,매장안은 좀낡았지만 주차하기 좋아요,친절하고 좋아요,편하고좋아여~,잣과자 맛있어요~~ 원천교회 안에 있는 카페인데 분위기도 좋고 넓고 친절하고 가성비 최고예요,굿,편한안 카페에요~,동네친구랑 번개만남하기좋아요~,좋아요,굿,굿,굿,좋아요,가격 저렴하고 좋습니다.,좋아요 ㅎㅎ,또 가려구요,,,,,,,,,,,,,,,,,,,,,,,,,,,,,
오몽듀,1883552123.0,오몽듀 선생님 최고...💕쉽고 친절하게 설명해주셔서 똥손도 만족스럽게 만들고 왔습니다♪ 기본 수량 12개 제외하 고도 미니 마카롱도 만들 수 있게 해주셨는데 쪼꼬미들 너무 귀여워요! 건조 대기시간 동안 음료수도 주셨어요... ㅠ ㅠ 오늘 즐거운 추억도 쌓고 마카롱에 대한 지식도 쌓고 왔네요 감사했습니다:D,非常喜歡這次的馬卡龍課程 老師非常細心的一個步驟一個步驟的教導我們 也很親切！課程中非常愉快 馬卡龍很好吃  有機會還會再去拜訪的！,첫 베이킹 클래스였는데 친절하고 쉽고 재미있게 알려주셔서 완성할 수 있었어요! 이쁜 선물이 될 것 같아요. 감사합니다 :),아기자기하게 시즌마다 카페를 꾸미고 시즌마다의 마카롱을 잘 만드시는 사장님. 마카롱에 아트가 많이들어가서 마카롱자체는 조금 비싼편인것 같다. 근데 그래도 맛있어서 자주 사먹는곳,사진 똥손이라 그런데 실물 깡패입니다 .. 🔥 이번 크리스마스 소중한 사람한테 선물하길 넘넘 잘했다는 생각이 들 었어요 （*’∀’人）♥ 마카롱도 쫀독하고 완전 맛있어요 !!!!!! 다음엔 클래스 하러 가보고싶어용 번창하세요 🥺🍰♥️,오자마자 급하게 먹느라 사진도 못 찍었습니다... 그 정도로 줜맛탱이에요 못 참는 맛...! 사장님도 너무 친절하시고 센스에 놀랐습니다!!!!!! 번창했으면 좋겠는 가게 중 한 곳 입니다!!! 포장도 너무 이뻐서 선물하기도 좋았어요. 받는 사람들 마다 예쁘다며 기분 좋아하시더라구요 ㅎㅎ 바닐라빈이 이렇게 많이 들어간 필링은 또 첨...마카롱들...,"퇴근하고 아무리 뛰어도 마감 시간인 7시를 못 맞출 것 같아 급하게 5분만 더 기다려 주실 수 있냐고 전화드렸는데, 사장님께서 흔쾌히 괜찮으니 천천히 오시라고 말씀 주셨어요 ㅠㅠ 겨우겨우 도착해서 정신없이 주문도 우왕좌왕 했 는데 친절히 하나하나 설명 해 주시고 주문 받아 주셨어요. 선물용 마카롱 구입했는데 마카롱들이 너어무 이...",오몽듀에서는 마카롱꼬끄를 꼭 사갑니당 쫀득꼬끄 존맛탱,매장 인테리어가 예뻐요. 마카롱이 귀엽고 맛있어요.,빼빼로데이 맞이해서 마카롱 구매했어요! 마카롱 8개에 5.7만원 결제한거보니... 가격은 사악하네요ㅠㅠㅠㅠ,깔끔하고 귀여운 맛집 디저트,이뻐요,피스타치오 초코 진짜 맛있어요ㅜㅜ 크림이 퐁실퐁실한 질감인데 1도 안 느끼해여!!,가게가 아늑하니 참 좋았어요~ 데이츠 쿠키랑 르뱅쿠키 정말 맛있네요🧡 진한 버터맛 좋아하는데 ‪잘 느껴져서 좋 았어요. 가격대는 조금 부담되서 자주는 아니지만 일주일에 한 번씩은 꼭 사먹으러 가고 싶어요ㅠㅠ,쑥푸딩이 진짜 진짜 맛있었다.. 극락갈수 있는 맛.. 이것이 바로 존맛탱.. 달콤하고 부드럽고 고소하고 추베릅 츄베릅,새로 나온 쑥푸딩 완전 맛있어요 👍👍,다들 오몽듀 하세요 ㅠㅠ 커피랑 쿠키 존맛탱,에그타르트에 바닐라빈이 이렇게 많이 보이는 거 처음 봤어요 고구마 마카롱도 정말 고구마 맛이 나서 맛있어요 주 변 사람들한테 맛집이라고 소문내는 곳이에요 항상 친절하시고 맛있어요,대추야자쿠키 대추향이 은은하면서 딱 내스타일 취향저격 입니다 넘넘 맛있어서 또 생각나는 맛! 커피도 맛있어요,집근처 새로운 마카롱맛집 발견!  모양이 넘 이쁘다 사장님 금손인정!!,집에서 제일 가까운 디저트샵이라 종종 가는데 갈때마다 식감이라던지 맛이라던지 편차가 너무 심해요.. 같은 디저트인데 어떤날은 부드러운 식감이었다가 어떤 날은 씹기 힘들정도로 딱딱할 때가 자주 있습니다.,모든 쿠키가 다 맛있어요 방문할 때 친절하게 맞아 주셔서 갈 때마다 기분이 좋아요,디저트 맛집👍,여기 르뱅쿠키 너무 맛있어요  항상 친절하시고 좋아요,,,,,,,,,,,,,,,,,,,,,,,,,,,,,,,,,,,,,,,,,,,,,,,,,,,,,,,,,,,,,,,,,,,,,,,,,,,,,,,,,,,,,,
빽다방 연희삼거리점,1311192596.0,제가 예민한건가 한참 생각하다 네이버 리뷰보니 직원 불친절의 얘기가 한 두개가 아니군요. 기본 메뉴 아이스아메 리카노 테이크아웃 요청했습니다. 커피내려서 고객 앞이 아닌 본인 앞에 띡 두고는 주방으로 들어가시네요. 스태프 존 안으로 들어와서 가져가라는건가 싶었습니다. 이런 곳은 처음이네요. 사람 많지 않고 저 혼자였습니다. 암...,"불쾌해서 리뷰남깁니다. 매장내에서 다회용 컵으로 아메리카노한잔 주문 후 20분간 착석해있었고 이후 매장에서 나 가면서 일회용 잔에 담아달라 부탁드렸습니다. 정부정책 때문에 오히려 많은 카페에서 나서서 매장내 일회용 컵 사 용을 금지하고있는데, 무엇때문에 불쾌해하셨는지는 모르겠으나.. 제 요청에 불쾌한 기색을 내비치시기에 ""...",직원이 불친절해서 이제 안가려고요~!,직원분 친절하시고 음료도 맛있어요.,연희삼거리점 처음엔안그랬는데현재알바분이나사장님매우불친절하십니다시간끌고적립안해주시고요결재기에꽃힌카드보고도돈아내냐고하시네여 현금달라하시는건지 뭔지 ... 왜변했는지사정이있겠지만몇번방문하고 불쾌하긴 연희동백다방이처음입니다 영수증달라하면 싫은티엄청내십니다 싫으시면장사하지마시던가여,미숫가루 간 얼음에 우유로 맛봐 보세요 맛있어요,직원분 친절하지 않아서 좀 아쉼,자주 이용해요,맛있어요,"오후 시간대 일하시는 분 정말 불친절하네요. 본인이 계산 실수해놓고 손님에게 책임을 묻습니다. 제가 뭐라고 한것 도 아니고 계산이 잘못된 거 같다고만 말했으니 다시 결제만 하면 해결되는 간단한 문제인데,, 참고로 매장이 바쁜 것도 아니고 저희 한팀있었습니다. 중간에 걸려오는 전화주문도 세상 불친절하게 받으셔서 저한테만 그런건 ...",맛있어여,아메리카노 저렴하지만 맛있어요 ~! 그리고 사장님이 친절하셔서 너무 좋습니다~,좋아요,굿,맛있어용,맨날 바닐라라떼만 마시다가 요즘엔 콜드블루연유라떼 마셔요 직원분 너무 친절하시고 좋아요,커피도 맛있고 직원분도 친절하셔서 기분 좋아요,따듯한 차한잔 여유 좋네요,항상 계시는 여자 직원분 너무 친절하고 좋아요,친절하심,친절하십니다,한국말 못하는 초4학년이 메뉴에있는 한국말로 주문을 블랙펄라떼 주세요라고 했는데 그걸 못알아듣고 카패라떼 H OT으로 주문받고 딸에게 전화가 와서 드링크를 잘못줬다고 도와달라고 해서 가서 직원에게 물었더니 본인이 3번 확인했다면서 한국어 못하는 딸에게 3번이나 주문확인했고 한글 모르는 어린아이에게 스크린에 주문확인시...,ㆍ,여자 알바 2분 친절하지 않았음 음료 맛있다!,.,간얼음이라 좋아요,여자사장님 진짜 친절하셔요🥹,좋아요,굿,불친절,고객과 약속을 신경써 주지 않았네요 좀...,굿이요,너무 맛있어,음료가 맛있고 가성비가 좋아요,보통,굿,맛나요,굿,굿,굿,조아요,저렴해서 매일 부담없이 마시기 좋아요,ㅇㅈ,좋아요,ㅇㅈ,ㅇㅈ,ㅇㅈ,비싸요,ㅇㅈ,굿,굿,굿,앗메리카노 짱맛,가성비 너무 좋아요,미숫가루가 맛있어요,좋아요,굿,굿,좋아요,굿,굿,굿,좋아요,굿,굿,,,,,,,,,,,,,,,,,,,,,,,,,,,,,,,,,,,,,,,,,,,,,
마룬,35977819.0,분위기 차분하고 모여 차 마시기 좋네요~~^^,커피도 맛있고 캐모마일차도 맛있어요~,커피가 산미도 없고 맛있오요 분위기도 조용 하고 좋아요,사장님이 너무 친절하셔서 힘든 요즘 위로받을수있는곳~(친정집같은 느낌) 커피도 너무 맛이 있어요~,사장님이 엄청 친절하서요♡♡커피맛도 너무좋구요~ 친정집 같은 분위기!!!!,"사장님, 직원분들 친절해서 좋습니다. 음료도 맛있습니다.",동네카페맛집 같은 느낌이 드는곳,친절해요,ㆍㆍ,굿,친절하시고 커피 맛도 괜찮습니다.,사장님과 직원분 친절하시고 커피맛도 너무 좋았어요^^ 다음에 또 방문할게요~~\,굿,굿,좋아요,좋아요,굿,굿,조아요,친절해요,사장님이 불친절해요,좋아요,조용하고 맛있고 친절해요.,커피맛이 좋아요......인테리어 분위기 다 만족해요,좋아요,"서비스 굿, 친절하세요",너무 바빠서 가능하지 않다던 핸드드립커피 홀에는 나보다 먼저 와있던 손님과 나 단 둘이 전부 이후 한 시간동안 같은 구성 도대체 뭐가 바쁘다는 것인지,맛도 최고👍 분위기도 최고👍 서비스도 최고👍,수삼라떼 아주 굿이예요,라떼아트가 예술이네요. 커피맛도 좋아요,사장님 너무 친절하세요,친절하시고 맛도 좋았어요,좋아요,#분위기있는#카페,친절하시고 조용해요,보통,분위기도 좋고 서비스도 좋아요.,친절! 인테리어 예뻐요! 커피맛도 굳!,친절!!,빙수맛있다,,,,,,,,,,,,,,,,,,,,,,,,,,,,,,,,,,,,,,,,,,,,,,,,,,,,,,,,,,,,,,,,,,,,,,
팔레트샐러드 연희점,1212605834.0,포장해서만 먹다가 처음으로 매장에서 먹어봤어요! 직접 자리까지 가져다주시고 정말 친절하셨어요 :) 맛은 뭐.. 늘  믿고 먹는 팔레트 샐러드입니다 🥺 빡센 일정 있던 날이라 든든하지만 무겁지는 않게 먹고 싶었는데 정말 딱이었어 요 b,"집앞이라 우연히 갔는데 분위기에 1번, 사장님의 친절함에 2번, 맛에 3번 감동받고 나왔어요♥️ 진짜 샐러드 이곳저 곳에서 많이 먹어봤는데 너무너무 맛있고 재료 하나하나에 간이 다 되어있어서 소스없이 먹었는데도 최고예요,,. 💗 집근처라서 다른메뉴 먹으러 또 가려구요!",너무 맛있어서 또 방문했어요!!! 갈 때마다 메뉴 너무 고민됩니다ㅠㅠ 아주 기분좋게 배부르게 먹었어요:) 커피도 너 무 맛있게 잘 마셨습니댜🖤 커피까지 맛있어요 증맬루 서비스 감사해요!!!!!!!! 꾿,배달로만 시키다가 맛있어서 직접 와봄 배달과 맛 똑같이 맛있었는데 고구마가 오버쿡되고 좀 푸석했어요 ㅠ 호박 은 쓴 부분이 있더라구요 그래도 잘 먹었습니다~,👍👍👍👍👍 바게트는 안넣어주셔도 된다고 말씀드렸는데 바게트 대신에 다른 것으로 많이 채워주시기까지해서 감사합니다~🙏 매번 기억해주시고 서비스까지 챙겨주시는 것도 너무 감사드려요!🥹 너무너무 맛있고😋 매일 먹 고 싶어서 연희동으로 이사오고 싶을 정도랍니다~🫶 오늘도 감사히 잘 먹었습니다!🙏🙏😃,왜 이제서야 방문했는지…. 아주 맛있어서 무칠 거 같아요🫨💛 조만간 재방문 무조건입니댜!!!!!!! 직원분들도 너무  친절하시고 커피까지 맛있는거 있죠????? 연어 존맛탱🥹🫶🙇🏼‍♀️,연희동 올 때마다 먹었는데 매번 갈 때 마다 친절하게 맞아주셔서 좋아요!🙏 무엇보다 샐러드가 너무 깔끔하고 맛있어요!!😋 양도 많아서 먹고나면 배도 엄청 불러요 ㅎㅎ👍 요즘 저의 최애 맛집입니다!!❣️ 서비스도 챙겨주셔서 감사합니다~!🍀,"ㅠㅠㅠ다 맛있어요 바게트빵과 잼(?)이 기억에 남고, 수비드 부채 연어 너무 최고에요!!! 팔레트 내부 인테리어와 분위기도 너무 좋아서 ㅎ 다음에 또 방문하려구요!",가보고싶었는데 수업시간이 늘 애매해서 못가다가 온라인 수업하길래 방문했어요!! 양도 많고 맛잇어서 또 오고싶 어요!! 수업듣겟다고 다먹구도 커피 마시면서 오래 머물러서 너무 죄송햇는데 친절하셔서 감사했습니다!!,"자주 방문하게 된 곳 입니다~ 지나면서 보았었는데요 매장을 처음 방문하고 분위기가 좋아서 놀랐어요ㅎㅎ 무엇보 다 음식이 건강하고 맛있어서 너무 좋아요! 늘 매콤한 포크에 비프를 추가해서 먹는데 좋아요! 단백질도 풍부하고~ 구운 고구마 jmt 입니다😋 넘 달달하고 적당히 구워져서 핵꿀맛이에요 그 외 호박, 브로콜리, 버섯, 야채, 곡...",배달 시켜먹다가 매장이 가까워서 가봤는데 매장도 이쁘고 음식도 맛있네요! 아보카도 바나나 스무디는 첨먹어봤는데 너무 맛있고 브라운 치킨은 말할것도 없이 맛있어요 드셔보세요~!,포장도 깔끔 맛도이정도면 음~ 좋아요.  추천메뉴인데 좋네요,팔레트 샐러드 구성도 다양하고 후무스도 맛있어요 연달아 방문했다고 커피 서비스까지 주시네요 ㅎㅎ 일하시는 분들 너무 친절하셔서 다녀오면 같이 기분이 좋아지네요! ㅎㅎ 번창하세요,오늘첨가봤는데 맨날갈거같습니다👍,바질파스타 존맛,매장이 좀 어둡고 연어가 좀 작아요,고기가 살짝 질긴감이 있지만 단호박 고구마도 가득 들어있어 포만감 있게 잘먹었어요!,건강한 맛이예요 친절해요 커피쿠폰 있어요,"적당히 익힌 연어와 따뜻한 고구마, 보리, 구운야채, 신선한채소 그리고 바게뜨빵까지! 하루의 마지막을 장식하는 샐러드만찬이었어요! 여러번주문했다고 주신 아보카도바나나 주스도 감동이었어요~ 배불러서 다음날 아침에 마셨는데 역시 넘 맛있었어요^^",넓고 분위기 좋아요. 친절하시구요~ 사진보다 맛있어보일거라 생각했는데.. 진짜 사진 그대로네요?!ㅎㅎ 정말 건강 하고 담백하고 다 먹으니 은근 배불러요. 건강한 맛이다보니 심리적인 허기는 채워지지 않아요 ㅋ 잘 먹고 갑니다!,처음부터 끝까지 만족✨ 1. 맛 하나하나 다 맛있네요ㅜ 일단 고퀄리티 원재료를 쓰시는 것 같습니다! 예를 들어 그 냥 단호박이 아니라 달고 맛있는 단호박이에요 재료도 좋지만 조리도 재료별로 세심하게 하시는 게 느껴져서 좋았 습니다 :) 그리고 구성도 만족스러웠습니다! 야채 싫어하는 사람도 한 끼 맛있게 먹을 수 있는 조화로운 구성...,퇴근길 들렀는데 너무 맛있었어요‼️ 야채 하나하나 조리가 된 게 정성 가득 느껴지고 특히 후무스 바른 바게트는 최고😍 양도 넉넉하고 정말 맛있는 한 끼 잘 먹었습니다! 다른 메뉴도 다 궁금해요🫶🏻,오늘도 맛있게 먹었습니다~!👍👍👍👍👍 커피 서비스도 감사해요!!🙏🙏🙏 샐러드 중독 일으키는 맛집!!!!🤩😋,맛있어요!  비오는날 계단이 너무 미끄러웠어요 ㅠ,네이버로 결제 후 픽업해서 먹었어요. 오며 가며 보다가 한번 먹어 보고 싶었는데 드디어 먹었네요. 구운 야채가 젤 맛있고 비트 후무스? 빵에 발린 요것도 맛있더라고요. 다음 번에는 다른 메뉴 먹어보려고요. 건강하고 맛있게 배 부른 느낌입니다.,너무 맛있어요 !!,"예전에 남자친구랑 방문해서 먹어봤었는데 너무 맛있었던 기억이 나서 오랜만에 포장해서 먹었어요. 원래 브로콜 리도 버섯도 고기도 잘 안먹는 편인데 여기서 시키면 브로콜리도 추가해서 먹고싶은 정도고, 고기도 너무 부드럽고 냄새 안나게 수비드 잘 되어있어서 맛있게 다 먹게돼요. 양이 많은 편이라서 성인 여자 기준 배불러서 다 못먹...",우선 이벤트로 무료로 받은 아메리카노도 너무 맛있었고 재료 각각이 다 너무 신선하고 간이 많이 되어있지않아 다이어트 중에 행복감을 얻을 수 있었어요😃😎,맛나요 수비드 비프 촉촉하고 오리엔탈 소스랑 잘 어울려요. 다만 오늘은 단호박이 딱딱해서 아쉬웠어요 😢,"진심 대만족!👍👍수비드 비프 팔레트 너무 맛있게 먹었어요. 다 먹고 배민 앱 켜서 우리집까지 배달되는지 찾아봤어요ㅋㅋㅋ배달가능 뜨는거 보고 안심...🥰가게도 넓고, 쾌적하고, 조명도 적당히 어둑하니 차분하고,가격도 이정도면 적당해요!!!진심 또 오고싶당 최고😘",맛있어요! 아메리카노 쿠폰으로 커피까지 완벽👍🏻,"건강한 거 먹고 싶어서 검색해서 찾아갔는데 완전 잘한 거 같아요! 고구마랑 단호박, 브로콜리는 어떻게 구운건지 집에서 따라해보고 싶을 정도로 맛있었어요! 닭가슴살도 진짜 촉촉하고 소스도 조화로워서 정말 잘 먹고 왔습니다. 다음에 또 가서 다른 메뉴 먹어볼게요!","[이 집 샐러드 잘하네, 회사나 학교 근처에 있으면 자주 갈 샐러드집.] 연희동에 위치한 샐러드 전문점입니다. 메뉴가 다양하고, 신선한 재료에, 제가 고른 것은 수비드 닭가슴살 플레이트였는데 깔끔 담백해서 정말 좋았습니다. 매장도 넓고 테이블도 넉넉했으며 혼밥하기 정말 좋았습니다. 배달로 많이 주문하셔서 기사님들께서 자주 왔다갔다 ...",존맛탱! 처음 먹었는데 채소도 신선하고 구성도 알차고 배부르고 산뜻하니 맛나네요 ㅎㅎ,분위기도 좋고 샐러드가 맛있어요 ㅎㅎ 재료도 신선,"건강식이 맛없다는 생각은 잠시 넣어두셔야해요~ 고기 너무 부드럽고 맛있어요! 재료는 다 신선해요! 매장분위기는 은은하게 켜진 조명 덕분에 좋네요 :) 직원분 너무 친절하시고 좋아요! 맛이 최우선!""정말 맛있습니다. 추천드려요! 배달 포장가능해요~ 재방문의사 200%",이 가격에 이렇게 먹을 수 있다구 해서 걸어와봤어요 .. 고기가 넘 먹고싶었는데 부드럽고 맛있어요 다 간이 거의 안되어있고 원하는만큼 소스에 찍어먹을 수 있어서 좋았어요 !! 잘먹었습니당 ☺️,"처음 영접한 이후로 일주일에 최소 두번은 가는 찐단골맛집입니당✨️ 샐러드 맛있는건 당연하고 스무디랑 바질페스토파스타가 징짜 맛도리에요,,,","사진이 전에 포장한 것밖에 없네요 ㅎㅎ ㅠ 호화로운 샐러드 먹고싶을 때 가는 곳! 부동의 샐러드 맛집 1위! 토핑 없 는 베이직도 너무 맛있어요. 재료 하나 빼면 대신 다른 재료를 더 넣어주셔서 편식해도 걱정이 없어요 ㅎㅎㅎ 토핑들 은 소스를 따로 찍어먹는 게 좋다고 하셨는데, 전 개인적으로 토핑들은 다 빼두고 곡물이랑 샐러드에만 소스 ...",대쟌맛 샐러드집 발견🥹 인테리어가 캠핑+와인바 느낌나서 독특하더라구요! 재료 하나하나 다 맛있었어요 배불렀는데 한그릇 다비우고왔습니당,분위기 맛집 샐러드 맛집 식단이 질릴때 분위기 있는 곳에서 가벼운 한끼가 하고 싶을때 따뜻하고 든든한 백반(?) 같은 샐러드가 땡길때,샐러드 맛집,예정중인 신메뉴 미리 맛보게 해주셔서 감사합니다. 너무 맛잇었어요~,분위기 좋아요 :),연희동 샐러드 맛집! 든든하고 무엇보다 맛있습니당,비프 팔레트 고기 진짜 맛있어요 소스랑 잘 어울려요,다른곳과 차별된 수비드 샐러드가 넘 맛있고 좋아요..수비드 연어 부드럽고 담백하며 먹고 나니 속이 아주 든든해요,"연희동브런치 ""팔레트샐러드""음식이 팔레트 🎨 처럼 예쁘기도 하고 든든하면서 자극적이지 않은 건강한 맛이었어 요.아주 좋았고 적극 추천합니다. 배달로도 이미 많이 나가고 있지만 홀도 너무 예뻐서 좋았어요.","✅매장이 엄청 넓고 바 같아서 아늑하고 분위기가 좋아요!! ✅후무스가 병아리콩만으로 만든 것 같진 않고 약간 단 맛이 느껴지는데 참 맛있었음! 후무스만 따로 사고 싶을 정도 ✅닭가슴살이 수비드여서 그런지 엄청 촉촉하고 맛있 었음 ✅가격대비 양이 많아서 든든함 ✅플레이트 구성이 굉장히 좋았고 포만감도 엄청남 (빵, 단호박, 고구...",너무 맛있어요.... 구운 채소 있는 게 너무 좋아요!! 연속으로 와서 먹고 있어요🌿🌿,처음 배민으로 시켜먹어보고 샐러드는 여기서만 먹게되는거 같아요 재료도 너무 신선하고 눈으로도 입으로도 너무 맛있어요😋👍🏻,비프샐러드랑 브라운치킨 샐러드 포장했는데 재료가 신선하고 아낌없이 들어가 있어서 좋았어요!! 비프랑 치킨 둘다 질기지 않고 촉촉하구 부드럽고 같이 들어가있는 야채 종류가 다양하고 신선해서 추천드립니다!,지하에 이런 넓은 새로운 공간이 있는지 전혀 몰랐어요! 매우 넓어서 쾌적해요 편하게 먹을수있고 인테리어가 멋있 어요 맥주먹어야 될거같음ㅎㅎ 수비드 닭가슴살 시켰는데 구성도 알차고 양도 많아요 브로콜리 별로 좋아하는 편은 아닌데 너무 맛있게 구워져서 한입먹고 깜짝 놀랐어요 ㅎㅎ 버섯은 차가워서 조금 아쉬웠어용 현미인지 곡물...,맛있고 양 많음❤️ 고구마랑 단호박이 좀 넘 뻑뻑해유 아메리카노 쿠폰으로 목맥힘 해결 ㅋㅋ,사무실 앞이라 종종 점심 먹으러 옵니다 불이 좀 노래서 샐러드 색이 노랗게 나왔지만ㅜㅜ 맛있어요! 고구마 단호박 도 꽤 많이 들어있어서 포만감 있어욥 그리고 친절하시고 갈때마다 아메리카노 서비스 감사함다ㅋㅋ!!,요즘 제일 좋아하는 샐러드 집이에요 넘 맛있어요!,"건강하면서도 분위기있게 한 끼 식사하기에 더할나위없이 좋은 곳입니다! 일반적인 샐러드집과 다르게 카페 or 와인바 느낌의 인테리어도 좋았고, 탄수화물 단백질 지방 비율을 고려한 샐러드 구성도 정말 좋았습니다. 빵말고도 밑에 잡곡밥도 있어서 한끼로 먹기에 부족함이 없었어요!",엄청 넓고 좋아요❤️,수비드비프팔레트 입니다. 🍖 를 많이 익혀 달라 했음. 채소등 내용물의 종류가 다양해서 좋았음.,여기 있는 6종류의 샐러드를 드디어 모두 다 맛보았네요ㅎㅎ 다 맛있었지만 저는 특히 브라운치킨과 연어가 맛있었어요!! 구운 야채도 너무 맛있어서 다음엔 구운 야채도 추가하려구욧!! 그리고 바질페스토 파스타도 나중에 생각나는 맛이에요... 아 내일 또 가야겠어요!!,팔레트샐러드 매장 이름답게 바게트 위에 올라간 허머스 색감이 예뻐요🎨 비프랑 포크 샐러드 먹었는데 고기랑 야 채들에 밥까지 재료가 진짜 푸짐하게 들어있어서 샐러드지만 한 끼 식사로 든든하더라구요! 각자 야채들에도 간이  되어있어서 너무 맛있었어요 매장도 넓고 분위기있어서 방문해서 먹기도 좋네요 ㅎㅎ,샐러드 은근 바불러요! 맛있네요 ㅎㅎ 다들 요일별 샐러드를 노려보세요!,"인생 샐러드 ,, 진짜 맛있어요ㅠㅠ","종종 배달로 시켜먹는 팔레트샐러드에요. 평이 좋아서 시켰는데, 먹어보니 넘 괜찮아서 단골됐어요. 바질페스토파스타랑 수비드비프샐러드 추천해요:)",최고최고 또 올게요,나만 알고 싶은 곳. 브라운 치킨이랑 수비드 연어 포장 주문했어요. 가게 직접 방문해서 가져왔는데 샐러드집 맞나 싶을 정도로 잘 꾸며두셨어요. 연트럴파크에서 먹으면 좋겠다 했는데 날이 추운 관계로 집에서 먹었어요. 우선 메뉴 둘 다 이가격에 팔아도 되나..? 싶을 정도로 푸짐하고 양이 많구요 안에 샐러드 야채랑 밥이랑 버섯 고구마 단...,소스도 맛있구 내용뮬도 많구 신선하구!! 신단관리하시는 분들께 강추!! 특히 연어를 생와사비마요소스에 찍어먹는게 최고 맛있었습니당💓,다이어트할때 딱 좋을듯 해요 근데 넘 어두웠어요~ 음식색이 잘 안보이는듯한~ 신선한 맛이기는 했어요~ 내용물들 이 알차서 샐러드 치고 좋았어요,"신선한 느낌이 있고 자극적이지 않아요. 고기 부드럽고 고구마도 달큰, 부드럽네요. 은근히 시즈닝된 단호박이 씬스틸러네요. 🥗",🫠🤍,조용하고 맛있는 샐러드집입니다!,재료 신선하고 맛있어요. ㅋㅍㅇㅊ로 시켰는데 배달 정말 빠름,건강한 한끼 넘나 맛있게 먹었어요 재방문 의사 200%에요,양이 많아서 한 끼 식사로 거뜬~ 거뜬~ 넘~ 맛있네요^ ^ 다른 샐러드 맛도 궁금해서 먹어봐야겠어요 👍🏽 👍🏽 👍🏽,"약간 바 같은 느낌이 들었습니다. 테이블 마다 조명이 있었는데 나름의 분위기가 있어 마음에 들었습니다. 음식은 건 강을 생각한 메뉴들로 연어, 비프 등이 올라가는 샐러드에 아보카도와 블루베리를 갈은 음료를 판매하고 있습니다. 저는 다소 느끼할 것 같아 카페라떼를 주문 했습니다. 건강함을 생각한 음식이지만, 연어와 고기가 적당히 익...",신선하고 건강한 재료들로만 있는 샐러드보울 ㅎㅎ 넘 맛도있고 가성비가좋아서 잘먹구갑니당 ㅎㅎ 매장 분위기도  장난 아니에요ㅎ 생각보다 힙하고 넓은 공간이라 놀랐습니당 ㅎㅎ 맛있게 다이어트 할수있어 행복한 시간보내고와 용 담에 또 놀러올게요 ㅎㅎ,"최근 먹었던 샐러드 중에 가장 요리같았던 연희동 샐러드 맛집 💛 항상 토핑 추가해서 먹었는데 여기는 기본으로 단호박, 고구마, 곡물까지 들어있어서 배가 든든해요!!! 메인토핑도 푸짐하고 채소들마다 간이 삼삼하게 되어 있어서 그냥 먹어도 정말 맛있었어요! ㅎㅎ",맛잇어서 한입 먹다가 리뷰를 ㅎㅎ배부르고 맛있게 다이어트 할 수 있습니다!!그리고 사장님 넘 친절하세요ㅜㅜ단골이라 서비스도 자주 챙겨주시네여!,연희동에서 브런치/샐러드 맛집을 찾으신다면 방문 추천드림니다. 양 진짜 많고 신선함니다. 감사합니다.,신선하고 맛있는 샐러드! 베이직 먹었는데 소스가 참기름같은 것인지 고소하네요👍,짱,배달시켜먹고 맛있어서 지도에 찍어놨는데 근처에 있어서 매장방문도 해봤어요  인테리어가 너무 이뻤고 넓어서 좋아요,"재료 하나하나 정성이 가득 느껴지고, 퀄리티도 좋아서 정말 맛있게 먹었어요. 양도 푸짐해서 포만감도 굉장하고, 건 강하면서도 든든하게 먹기 좋았어요. 가게 분위기도 넘 예뻐서 앞으로 자주 갈 듯 해요:)","연희동 분위기 있는 지하 샐러드바. 수비드 비프랑 연어 샐러드 시켰는데, 세상에.. 빵, 채소, 고기, 잡곡 하나하나 다  너무 맛있었음 👏👏👏 특이하게 지하에 위치해있는데 분위기도 샐러드바 같지 않은 어두운 조명의 색다른 분위기 였고, 인테리어에도 신경 쓴 느낌. 자주 오게될듯! 잘먹고 가욧!!👍",비밀공간 같은 카페 분위기의 샐러드 가게! 커피도 맛있고 기본 채소들이 알차게 구성돼 있어 좋았어요!,"눈 오는 휴무일에 산책겸 포장해서 먹었는데 양도 많고 너무 맛있게 잘 먹었습니다 :) 재료도 신선하구 오늘 단호박 이랑 버섯이 진짜 진짜 너무 맛있었어요-!! 연어랑 돼지고기는 말할것두 없구용ㅎㅎㅎ날이 춥다고 커피까지 서비스 주신 팔레트샐러드,,. 최고에요! 월화수목금토 다 가고싶어져요",연희동 샐러드 맛집입니다 동네에 있어 자주 방문하는데 갈때마다 커피도 챙겨주시고 친절해요! 샐러드도 재료가 신선하고 맛있어요. 추천합니다,선물용으로 방문했는데 받으시는 분이 맛있다고 하시네요,특별한 샐러드가 있는 곳이에요! 후무스와 곁들인 바게트빵이 특히 맛있었고 샐러드와 현미밥이 양이 많아서 한끼 식사로 충분해요. 스테이크도 맛있구요! 건강한 한끼식사 였습니다 :),바질 최고,푸짐하고 너무 맛있어요 💗 든든한 한끼 식사로 딱이에용,제 최애 샐러드집입니다♡ 바질페스토 파스타 양이 적어보이는데 먹으면 완전 배불러요!! 블루베리 스무디도 너무 제 취향이었어서 다음에 또 시킬거에요!!,두번째 방문 최애 샐러드 가게 입니다 집 근처가 아니라 너무 아쉬워요 체인점은.. 안내시나요?🥺,요새 자주 애용하는 맛집이에요!소고기랑 고구마 핵맛이에요!양도 은근 배부르고 좋아요,"재료 신선, 퀄리티 좋네요.",건강하고 든든한 한끼에요. 양도 많고 맛있어요!!! 포장해서 먹어도 맛있어요,"샐러드라고 하면 배고프고 풀떼기만 떠올라서 우울해지기 쉬운데ㅋㅋ 팔레트샐러드는 푸짐하고 다양한 채소와 후무스빵이랑 꼬들꼬들한 잡곡까지 다 먹을 수 있어 너무 맛있었어요. 매장 분위기도 좋고, 양이 많아 포장해서 가면 2끼는 나눠먹기 충분할거 같아요!",분위기 좋구 내부 깔끔해요,샐러드를 좋아하는 편인데 진짜 인생 샐러드를 만난 기분이에요...!!! 요즘 야채값도 다 올랐는데ㅜㅜ 여기는 양이 어쩜이리 많나요...샐러드에 들어가는 재료들도 하나하나 너무 맛있었어요❣️,맛있고 배불러요,맛나게 든든하게 잘 먹었어요.,국,포장에서 연트롤파크에서 피크닉기분으로 양도 많고 정말 내용이 실해요. 건강한 한끼,건강하고 맛있어요 ㅎㅎ,굿,샐러드 가게인데 분위기있어요 :),친절하시네요,"매장 분위기도 좋고 친절하셨어요. 전 포장해서 먹었는데 스테이크와 치킨도 고퀄이고 샐러드 재료가 신선했어요. 보통 샐러드만 먹으면 허할때 있는데 여긴 고기와 곡물, 단호박, 고구마 등 알차게 들어있어 든든했어요.",샐러드가 아니라 요리먹는 느낌입니다.  기존에 소스맛으로 먹는 통조림이 많이 들어간 샐러드 보다 훨씬 든든하고 담백한 맛에 건강에도 좋은 한끼.,
사루비아다방,198726407.0,굿,.,연희동의 조용한 주택가에 위치한 찻집. 좋은 차와 도구들 때문에 이따금 꼭 다녀가야 하는 차가게 입니다. 직접 블렌딩하시는 차가 특히 좋아요. 빈티지 찻잔들 소개해 주시는 것도 가끔 구입했구요. 여지홍과 백차 계열 특히 좋습니다.,차를 마실 수 있는 공간은 아니지만 시향하고 구매할 수 있어요. 클래스도 들어보고 싶습니다.,,,,,,,,,,,,,,,,,,,,,,,,,,,,,,,,,,,,,,,,,,,,,,,,,,,,,,,,,,,,,,,,,,,,,,,,,,,,,,,,,,,,,,,,,,,,,,,,,,,,,,,,,,
에쏘하우스,35031928.0,아메리카노 맛있어요 기본 블렌딩이 프릳츠 올드독인데 아주 약간 산미가 곁들여진 고소한 원두라 좋았어요 브라 질 위주의 블렌드랑 또 다른 맛이라 만족 가까웠음 자주갔을 거 같네요,비엔나커피맛집😊 오랫만에왔는데 커피가 더 맛있어진거같아요❤️,커피가 이 근방에서는 제일 맛있어요,항상 즐겨찾습니다,커피맛있어요,맛있어요~!~!,여기 커피 맛있어여! 아아는 원두 고를수 있는데 기본이 젤로 묵직하고 구수하니 맛있어여~!!,커피 맛있어요,커피가 정말 맛있어요,커피 진짜 맛있음!,커피가 정말 맛있어요 고급진맛이랄까..항상 방문합니다.,이집 커피 정말 맛있어요,브라질 구수하니맛있어요,맛있어요 커피,커피가 맛있어요 좋아요,모든 커피종류 디카페인되서 좋아요ㅎㅎ,아이스바닐라/모카 시키면 아이스크림 주세용 넘나 맛있는것,바닐라라떼 5000원인데 아이스크림 들어가있다니 감동적이에요 연희숲쉼터 가기전에 사들고 가세요 안쪽카페에서는 웨이팅있어요,아인슈패너 크림 쫀쫀해요♡,젤좋아하는 카페,"사장님 진짜 친절하세요♡ 직접 로스팅해서 커피가 정말 맛있어요! 아이스 바닐라라떼, 아이스 카페모카, 아이스초코에는 아이스크림 한 스쿱이 올라갑니당! 다만 매장이 좁다는게 함정😅",맛있어요,안산 올라가기 전에 있는 카페 ㅎㅎ 올라가도 있긴한데 올라가면 사람이 더 많아요,커피맛이 좋아요,제로페이와 쿠폰제 사용이 가능해요. 직장 앞이라 쿠폰을 사서 직장 동료들한테 간단헌 선물 용으로 애용중입니다^^,매번 커피가 맛있어여🥰🥰,브라질 커피 여기 최애입니다:) 사장님도 친절하시고 너무 좋아요,커피 넘 맛있고 사장님 친절하세요ㅎㅎ 산미있는 커피 좋아하는데 완전만족♡,서대문 최고 바닐라라떼👍,커피가 맛있고 친절해요~,맛있어요ㅎㅎㅎ 추천해요^^,맛,서대문구청 인근에서 최고  원두의 풍미가 살아 있어요,굿,공원 초입 커피 사가기 좋은 위치.,연희동 사는 사람이라면 다아는 커피 맛집,아이스크림,커피 맛있어요 굿굿,프릿츠 원두도 있구 원두맛 좋아요,완전 굿  베이직 블랜딩 바디감이 좋습니다,맛 보세요   아실겁니다,자주가요 좋아요,커피 맛있어요,아이스 바닐라 라떼 넘 맛있어요ㅠㅠㅠㅠ 매장에 있는 강아지도 넘 귀여워용💕💕,커피 맛있어요.,자주가요,라떼가 참 맛있어요!^^ 사장님부부도 참 친절~^^,커피향이 좋고 매장이 청결해요,가성비가 좋고 커피가 맛있어요,커피맛집!! 아바라 위에는 아이스크림도 올려주셔서 좋아요~~,커피 맛있어요! 이 주변에서는 여기만 가요,안가면 아쉬운 곳,이곳 커피는 최고예요 👍,커피 늘 맛있고요. 늘 친절하세요.,커피맛이 너무 좋아요,가성비 좋고요. 맛있어요. 그리고 친절합니다.,.,커피맛짐이네요 커피도 맛있고 사장님도 너무 친절하시네요,이곳 커피 최고예요 👍,더치라떼 넘 맛있어요.,커피가 맛았어요,맛있는 커피가 가까이 있는 행운을 누리게 해주는 카페. 카푸치노 하는데가 점점 줄어드는데 제대로 내어주셔서 좋아요.,여긴 진리,서대문구청 부근 커피 맛집,커피종류가 많아서 선택하기 좋아요,라떼 양이 갈수록 줄어요 자리 늘려줬으면 . . .,여기 커피 맛있어요 예전에 한번 오고 재방문했는데 여전히 맛있네요^^,커피를 잘안마시지만 이 집 커피가 진하고 맛있어서 종종 갑니다 근데 제로페이도 안되는 점은 아쉽네요,정말종말 자주 갑니다 커피가 맛있어요 찐합니다,커피가 맛 있어요,커피가 맛 있어요,맛있고 친절해요 그러면 됐지요!,커피가 맛나요,바닐라라떼 맛있어서 3번째 방문인데 어제는 커피 종류를 다른 거 쓰셨는지 맛이 덜했어요 ㅠㅠ 암튼 담엔 다시 맛 있기를 바래봅니다 ㅎㅎ,굿,굿,굿,굳,굿,굿,커피맛ㅈㅂ,굿,명품커피 마시는 기분이에요^^,커피맛이좋습니다,바닐라라테,커피향이 좋아요~,비싸지만 맛있어요,굿,좋아요,맛있어요,엄청 친절하세요~!,굳,아이스초코 시켰는데 정말 맛나요 ~~~사장님도 친절하시구요,커피맛 좋구 구청과 가까워서 좋아염 ㅎㅎㅎ 자주갑니당,라떼맛나요,좋아요~,Good,커피가 맛있고 진해서 힘이 나요~,커피 맛있어요.,.,좋아요,근처라서 자주 갑니당~ 무난히 먹을수맀어용,커피밖에 없는데 커피종류가 단순해요,좋아요,커피가 맛나요...,좋아요,바닐라라떼를 주문하면 아이스크림을 함께 넣어서 줍니다!!!!,맛있아요 최고 친절하시고,굿,
연희롱블랙,1944434824.0,오! 대학가 근처 저가 커피는 보통 싼 원두 느낌이 나는데 요기는 풍미도 있고 원두가 깊은 맛이 나네요. 어떻게 이 가격에 파시는 거죵!,디카페인은 여기가 제일 맛있어요 콜드브루 아니고 원두라서 좋아요,아메리카노 1800원 ... 😬 대박대박,빨리나와서 좋아요,커피가 맛있어요,굿,👍,,,,,,,,,,,,,,,,,,,,,,,,,,,,,,,,,,,,,,,,,,,,,,,,,,,,,,,,,,,,,,,,,,,,,,,,,,,,,,,,,,,,,,,,,,,,,,,,,,,,,,,
이디야커피 서대문구청점,1207535641.0,매장이 깨끗하고 직원들이 다 친절해서 여기 구청 올 일 있을땐 무조건 이디야로 와요! 잘먹고가요^^,깔끔하고 조용해서 대화 나누기에 좋은곳입니다. 캐모마일티도 맛있어요~~~~,맨날 오는 이디야❤️,요즘 대파/쪽파 크림치즈가 유행이니까 참을수 없지 없지 베이글 맛있음,좋아요,크로와상 넘 맛있어요!,맛있고 친절하고 조아요 자주가는 매장입니동 🤍 사장님도 넘 친절하고 좋으샤유 ㅋㅋㅋㅋ 근처가실분들 마니가세 용,알바인지 직원분인지 넘친절하셔서 기분좋았네요 ㅎㅎ 음료도 맛있고 화장실도 깨끗합니다~!,굿,굿,♡,좋아요,좋아요,굿~,조아요,굿,동네에 있는 이디야중 자주가는곳^^,좋아요,^^,좋아요,굿굿!!,자리는 좋은데 직원이 무서워요. 눈치보여서 뭐 부탁하기가 겁나요.,굿,알바생 말고 여직원 불친절해요,맛있게 먹었습니다.,아포가토랑 레몬아샷추 별 생각 없이 시켰는데 둘다 맛있어서 놀랐어요..  이디야 샷 맛집인듯,굿,좋아요,"안산 벚꽃길 가는 길목에 있어서 커피한잔 사들고가기 좋아요. 내부는 좁지만 밖에서 본것에 비해 앉을 자리가 좀 있는 편이고, 외부 테라스에도 2석정도 있네요. 맛은... 모두가 아는 이디야맛 :)",맛있어요,좋아요,카페는 이디야가 가장 저렴하고 라떼도 맛있는편. 특히 한정 메뉴인 흑임자라떼는 크림이 고소했다. 흑임자 크림과 에스프레소를 같이 섞어서 마시니깐 훨씬 부드러웠다,좋아요!,날씨가 추워서 쌍화차 마셨는데 너무 달기만하고 건대추를 넣어서 정말 별로였어요. 알바친구가 화가 난건지 냉장고문이며 하도 쾅쾅 닫아서 불편해서 얼른 나왔네요. 차마시는데 바다을 쓸고...다시 가고싶지는 않네요,쿠폰제 바꿨네요,커피 맛있고 가성비 좋으며 친절하고 깨끗한 이디야매장입니다,처음 가봤는데 인테리어 깔끔하고 냉방 베리 굿,좋아요,시원하고 좋아요~,반려견과 함께하느라 야외 테이블에 앉았어요.^^,인기 많은 가게,커피 음료 맛있고 친절하며 가성비 좋습니다,좋아요,굿,동네 이디얀데 조용하고 좋아서 자주 옵니다,좋아요,저녁에 일하는 직원분이 음료제조랑 설거지 할 때 너무 던지듯해서 시끄러웠어요,좋아요 집근처라 한번씩 들릅니도,맛있어요,책읽기도좋고 대화하기도좋고 가성비 굿굿,겨울에는 딸기가 진리져~ 딸기 먹는 요즘.. 오우 달달한 딸기.. 딸기음식이랑 음료가 너무 먹고싶더라구요… 스트레스해소는 딸기음료가 쵝오!,우리동네 이디야 이디야,.,카공하기 좋아용~~,가성비굿 혼자가도좋아요,굿,붕어빵 맛나요 바삭바삭,굿,이디야좋아요,.,디카페인 라떼팔아서 좋아요,너무 느리고 자리도 없음ㅜㅜ,굿,분위기가 혼자가서 차마시고 책읽기좋아요,늦은 시간 방문하기 편해요. 커피도 맛있고요~,커피도 맛있고 흑임자 붕어빵도 맛있고 하하하ㅎ,.,구청 갔다가 우연히 들른 곳! 일단 매장이 너무 깨끗하고 좋아요. 직원분들도 친절하고 화장실 중요하게 생각하는데 쾌적하고 좋은 냄새 나서 굿뜨! 커피도 맛있었고 애플루이보스? 그거 맛있어서 혼자 두잔 먹었어요. 치즈케이크도 맛있어서 냉동해 놨다가 먹으려고 사왔어요~근처 갈일 있으면 또 갈 것 같아요.,조아요,조아요,전화주문은 안되넹ᆢㄷ,가성비 좋아요,편하고 좋아요^^,아샷추 맛있어요!,좌석은 좀 좁은 공간에 다닥다닥 붙여놔서 불편하긴 한데 그래도 친절하시구 위치도 좋구 음료가 맛있어서 가끔 갑니다~!,호지차라떼 맛있어요.,"저녁에 오면 붐비지 않아서 좋아요. 하지만 매장 내 좌석 가까이 박스들이 적재되어 있고, 사용한 수건이나 걸레가 (빨아서)널려 있는 광경이 바로 보이는 건 좀 불편해요:)",매일들리는곳,굿굿,친절해요,ㅎㅎ,늘 하루한번 들리는곳,좋아요,좋아요 자주 가요,좋아요,커피도 맛있고 친절하고 조아용ㅋㅋ 단골임당 화장실도 안에있고 깨끗해서 조아여,직원분이 친절 해요,그닥 친절하지 않아요,맛나요,굿굿,굿,좋아요 맛나요,.,좋아요,좋아요,맛있어요,거의 매일 들리는곳,조각 케익 모양이 찌그러진 이유는 뭘까요? 사진을 못 찍어서 후회..,굿,,,,,,,,,,,
가비노,1283239259.0,"우선 외관이 이뻐서 들어갔는데, 사장님도 친절하시고 테라스자리도 이쁘고 안에도 편해요. 조용한 카페라서 집중하기 좋은 것 같아요",카페가 넓고 예뻐요~ 편안히 쉬다갑니다:),2층에서 마시면 꿀!,가구가있어서좋았어요,"커피 맛있고 소품밎 그릇, 가구도 판매 하는지 이쁜게 엄청많았어요. 햇볕이 잘 드는 이쁜카페에요",굿,좋아요,커피가겨쾐찮아요밋도먹을만해요,,,,,,,,,,,,,,,,,,,,,,,,,,,,,,,,,,,,,,,,,,,,,,,,,,,,,,,,,,,,,,,,,,,,,,,,,,,,,,,,,,,,,,,,,,,,,,,,,,,,,,
카페로이,1357275594.0,안산을 방문했다 내려오는 길이었다 기력이 빠져서 카페인 충전이 필요했다 아포가토 주문 아이스크림도 샷도 넉넉 해서 맛있게 다 마셨다 잘 쉬다 간다 다음에 오면 다른 메뉴 주문해봐야겠다,커피맛도 좋고 디저트도 맛있었어요,저울에 정확하게 우유을 재서 주셔서 그런가 카페라떼 찐 맛있더라구요. 자주 갈것같아요,"자주가는데,커피맛도 좋아요. 디저트 저렴하고 괜찮습니다. 분위기가 아늑해요. 구청볼일 있을때 애용합니다 :)",커피 너무 좋아요,연희동에서 십년 넘은 까페. 진짜 오랫동안 한 자리에서 꾸준히 맛있는 커피를 제공해주는 집. 테이크아웃 하면 1000원을 할인해준다. 미팅 있을 때 주로 여기서 많이 한다. 커피맛이 좋다.,맛있어요,"매장냄새가좋진않은데,, 커피맛은좋았어용!",분위기도 따뜻하고 로스팅도 직접 하시는 모양이더라구요!! 오래 터잡고 하시는 이유 알겠더라구요!! 좋아요!!,굿,사장님이 로스팅을 직접 해서 커피가 맛있어요!,원두 사러 자주 가용,커피 좋아요,조용해서 좋아요,지나가다 보기만하다가 한번 가봤는데 기계적으로 만들어주시지 않고 커피농도 취향 먼저 물어보시고 내려주시는 게 인상깊었어요 밖에서 보기엔 작은 투고전문점인줄 알았는데 안으로 들어가보니 앉아서 먹기도 좋아보여서 조만 간 한번 더 들르고 싶네요!,ㅁㅅ있어요,.,커피가 맛있어요,작은 카페인데 커피맛도 좋고 분위기 있어요~,커피도 맛있고 사장님도 친절하구요~ 헌번쯤 들러보세요~~ 강추해요!!!,굿,굿 뷰맛집,라떼 맛있어요 테이크아웃 천원 할인이여서 좋아요!!,.,테이크아웃1000원 할인도 너무 좋고 맛있습니다!,매장이 청결하고 친절해요,조용하고 커피맛 좋아요,맛나요,친절하세요,커피 맛있어요~ 직접 로스팅하시는 것 같아요 안산 자락길 가는길에 테이크아웃해서 가기 딱 좋으네영,굿,안산 내려와 커피한잔. 맛있었어요.,굿,라떼굿,라떼맛집,.,커피 맛있어요,.,커피맛있어요,굿,맛나요,친절하시고 맛있어요!!! 커피취향에 맞춰서 하주시려고 하심ㅋ,커피맛이 좋아요,아메리카노가 굿,좋아요,사장님 친절하시구... 커피는 약간 산미있는맛이었어용,좋아요,맛있어요,괜찮아요,맛있고 친절,.,# 홍제천 산책왔다가 우연히 들어온 까페 ## 커피 맛이습니다# 주말이라서 사람들이 없네요##,좋아요.,굿,동네커피맛집♡,굿굿,좋았어요,맛난 커피 한잔 하세요~ 향도 맛도 좋아요~~^^,커피는 두말할 것 없고 밀크티도 맛있어요. 사장님표 스콘도 맛있습니다. ^^,괜찮아요,굿,^^,"가격, 맛 빠지질 않아요~ 직접 블랜딩하셔서 개인적으로 취향이 맞아서 인정~",커피맛있어요,라임에이드 상큼하고 맛있어요!,1,아아 맛 별로,👍👍,카페 로이 직장근처라 자주 가는 커피집이에요 맛있고 할인해주교 서비스도 좋아요,커피가 맛있음,,,,,,,,,,,,,,,,,,,,,,,,,,,,,,,,,,,,,,,,
전통찻집다향,36547602.0,,,,,,,,,,,,,,,,,,,,,,,,,,,,,,,,,,,,,,,,,,,,,,,,,,,,,,,,,,,,,,,,,,,,,,,,,,,,,,,,,,,,,,,,,,,,,,,,,,,,,,,,,,,,,,
더 미디엄,19449292.0,,,,,,,,,,,,,,,,,,,,,,,,,,,,,,,,,,,,,,,,,,,,,,,,,,,,,,,,,,,,,,,,,,,,,,,,,,,,,,,,,,,,,,,,,,,,,,,,,,,,,,,,,,,,,,
무무인서울,1590785961.0,선물용으로 최고! 먹어본 슈톨렌 중 제일 맛있어요 :) 또 구매할거예요!,작년에 이어서 2년째ㅎ 작년보다 더 맛있어졌는데요? 그래서 자신있게 선물하기 좋아요~! 굿굿,친절한 사장님 영양 뚝뚝,피칸 그래놀라 꼭 사세요,,,,,,,,,,,,,,,,,,,,,,,,,,,,,,,,,,,,,,,,,,,,,,,,,,,,,,,,,,,,,,,,,,,,,,,,,,,,,,,,,,,,,,,,,,,,,,,,,,,,,,,,,,
허니도우연희점,1257089355.0,우연하게 갔는데 직원이 친절해서 기분좋았고 음료도 맛있어요,좋아요,친절해요,"인테리어 너무좋고 조명 맛집이구 얼그레이,우유도넛 추천드려요 진심 개맛있어요 촉촉하구 직원분도 친절하시고 다좋은데 난방을 좀 떼셨으면 너무춥으요 그건빼고는 다조아윱👍👍",맛있어요 도넛 더 많이 팔았으면 좋겠어요 일찍 솔드아웃 되어서 아쉬워요ㅜ,"음료, 도넛 둘다 맛있어요",,,,,,,,,,,,,,,,,,,,,,,,,,,,,,,,,,,,,,,,,,,,,,,,,,,,,,,,,,,,,,,,,,,,,,,,,,,,,,,,,,,,,,,,,,,,,,,,,,,,,,,,
카페도비,1140252547.0,아이스라떼가 고소하니 맛나요^^ 사장님이 뜨개질을 하셔서 소픔도 아기자기 하구요~. 마우디무용연습실에 갈 때  자주 들려요.,사장님이 친절하시고 커피를 직접 로스팅해서 향이 좋고 맛있어서 항상 애용하고 있습니다 동네에서 이 맛에 이 가성비는 찾기힘들어요 적극 추천합니다!!,사장님 친절하시고 커피도 맛있네요~~^^,라떼가맛있어요~,커피 맛도 좋고 친철하십니다^^,,,,,,,,,,,,,,,,,,,,,,,,,,,,,,,,,,,,,,,,,,,,,,,,,,,,,,,,,,,,,,,,,,,,,,,,,,,,,,,,,,,,,,,,,,,,,,,,,,,,,,,,,
MUSEUM CAFE,1887301004.0,,,,,,,,,,,,,,,,,,,,,,,,,,,,,,,,,,,,,,,,,,,,,,,,,,,,,,,,,,,,,,,,,,,,,,,,,,,,,,,,,,,,,,,,,,,,,,,,,,,,,,,,,,,,,,
로덴드론 연희3호점,1588257798.0,커피도 맛있고 친절하시고 모든게 다 맛있어요!!! 주차도 가능해서 너무좋아요,주차도 편하고 커피맛이 참 좋아요,아메리카노 부터 자몽쥬스까지 음료 너무 맛있구요! 빵도 피자도 너뮤 맛있어요! 부모님 모시고 왔는데 음료도 빵도 다 맛있다고 좋아하셔서 더 좋았던 곳입니다!,재방문이요~ 직원분들 두분다 항상 친절하시고 케이크도 맛있었어요!! 비도 오고 기분도 울적해서 퇴근하고 들렀 는데 생각지도 못한 서비스 감사합니다 :),친절하시구 인테리어도 정원이 넘 좋아요!! 아메리카도도 괜찮았구요 다만 아인슈페너 맛이 ㅜㅠ 말잇못.... 다음방 문엔 다른음료로! ㅎㅎ,"카페 공간도 넓고 예쁘고 베이커리류와 음료도 맛있어서 벌써 4번째 방문했네요~ 😋 타르트도 넘 달지 않고 맛있고 베이커리는 정말 프랑스 파리 빵집에서 먹었던 추억의 맛이었어요. 카페인데 제빵에 진심인 곳.. 갈레트 브루통은 메뉴 이름이 생소하지만 바삭한 식감에 고소한 버터향이 정말 짱짱맛입니다. 💕 라떼도 진하면서 고소하고, ...",너무좋은곳!!!주차가능이요,친구만나러 마포에 와서 근처 브런치 먹으러 왔는데 주차하기 편하고 분위기도 좋았어요.양소이스프도 맛있고 명란크림파스타너무 맛있게 잘먹었어요.후식커피도 맛이 좋아서 마포에 오면 또와서 먹어봐야겠어요,야외가 있어서 답답하지 않고 좋았어요~ 음식맛도 맛있고 양도 많아서 좋아여🙆‍♀️,친구랑 잘 얘기하고 가요!,"오픈전부터 기대하고 있었어요 로덴드론1호, 2호 모두 만족한터라^^ 빵 커피는 말할것도 없이 맛나고 인테리어도 좋아하는 곳이예요 브런치도 기대했던대로 맛나네요 그런데 아메리칸브런치는 가격에 비해 맛도 내용도 살짝 아쉬 웠어요. 빵은 식빵이 그대로 나와서 놀랐네요. 이름을 바꿔서 프렌치 토스트면 더 좋을듯 했구요^^ 해쉬 포테...",매장 넓고 시원함 양이 진짜 많고 저렴함 사쟝님 이맘 변치 말아주세여… 브런치 쥐똥만큼 나와서 잘 안먹는데 진 짜 잘먹고 갑니다!!! 집이랑 가까워서 밥하기 싫은 주말 자주 갈듯해요 :),디저트가 맛있고 매장 인테리어가 예뻐요,조용히 쉬다올수있어요~~~ 단 모기가넘흐많아많아,맛있어요 :)  주말엔 핫플이네요 :),연희동에서 제일 맛있는거 같아요..🥰,주차도 편하고 직원분들도 친절하시고 커피도 맛있구~ 행벅하구~😍,1층에 카페가 있고 한 층 올라가도 넓은 홀이 있음. 야외 정원도 넓어서 덥지 않으면 야외도 좋겠음. 음료 외에 케익과 파이 등 베이커리도 있음. 푸드 종류도 4~5 있어서 브런치 하기 좋겠음. 재방문 의사 있음.,인테리어 예쁘고 매장도 넓고 테이블 간격 넉넉해서 담소 나누기 좋습니다,좋아요,굿 야외도좋음,너무 이쁘고 아줌마들 힐링하고 왔네요^^,좋아요,음료도 브런치도 맛있어요,좋아요,좋아요.,맛나요,친절,편안히 대화하기 좋아요,굿,맛있어요,굿,,,,,,,,,,,,,,,,,,,,,,,,,,,,,,,,,,,,,,,,,,,,,,,,,,,,,,,,,,,,,,,,,,,,,,,,,,,,,,
템테이션,33239014.0,,,,,,,,,,,,,,,,,,,,,,,,,,,,,,,,,,,,,,,,,,,,,,,,,,,,,,,,,,,,,,,,,,,,,,,,,,,,,,,,,,,,,,,,,,,,,,,,,,,,,,,,,,,,,,
푸어린,1427196233.0,좋아요,혼자서도 여럿이 시간 보내기에도 좋은 공간인 것 같아요. 다만 소리가 울리는 것인지 대화 소리가 생각보다 시끄러운 편입니다. 신청곡을 틀어주셔서 정말 좋은데 음악 볼륨이 조금 더 커도 괜찮을 것 같아요. 커피와 음료 모두 맛있어요.,라떼의고소함이좋아요 토스트도맛나네요,깔끔한 인테리어에 잔잔한 분위기 너무 좋았어요! 커피랑 토스트도 맛있었구우 다음에는 팬케이크 도전해봐야겠오요🙂,굿,커피 맛있어요,기대하고 갔으나 별루 일단 좀 친절함이 필요할듯 커피는 내스탈아님 향은 좋았음,#맛난커피#힙한분위기,,,,,,,,,,,,,,,,,,,,,,,,,,,,,,,,,,,,,,,,,,,,,,,,,,,,,,,,,,,,,,,,,,,,,,,,,,,,,,,,,,,,,,,,,,,,,,,,,,,,,,
노란손수건커피 본점,20388986.0,분위기도 좋고 여기 녹차라떼 최애예요 맛있어요❤️❤️,녹차라떼 레알 맛집,연희동 전경이 한눈에 보이는 조용한 카페 나만 알고픈 보물 아지트 조용히 쉼의 시간을 갖고픈 분들께 추천!! 커피 도 원두 좋은것 쓰시는듯,굳,친절하고 분위기가 조용하고 좋아요,좋아요,넓고 좋아요,이렇게 친절하실 수가!,전망좋고 시원해요,ㅇ,,,,,,,,,,,,,,,,,,,,,,,,,,,,,,,,,,,,,,,,,,,,,,,,,,,,,,,,,,,,,,,,,,,,,,,,,,,,,,,,,,,,,,,,,,,,,,,,,,,,
유어브레드,1015572082.0,,,,,,,,,,,,,,,,,,,,,,,,,,,,,,,,,,,,,,,,,,,,,,,,,,,,,,,,,,,,,,,,,,,,,,,,,,,,,,,,,,,,,,,,,,,,,,,,,,,,,,,,,,,,,,
Sous Le Theier,1470436838.0,,,,,,,,,,,,,,,,,,,,,,,,,,,,,,,,,,,,,,,,,,,,,,,,,,,,,,,,,,,,,,,,,,,,,,,,,,,,,,,,,,,,,,,,,,,,,,,,,,,,,,,,,,,,,,
리치웰 서대문자연사점,1420386934.0,아이들이 정말 좋아해요 1층부터 3층까지 있어서 너무 좋구요 중간 중간 의자도 있어서 쉴수있는 공간도 있어서 좋아요 화장실도 층마다다 다 있구요 커피숍도 있어서 음료도 마실수 있고 하루종일 있어도 좋은거 같아요 토요일날 갔는데 사람이 너무 많아서 그런가 좀 피곤하긴 했어요 산소가 부족한 느낌이랄까요 그거 빼면 완벽해요 ㅋㅋㅋㅋ,아이들 공룡가방 사왔어요 아이들이 좋아해요,서대문자연사박물관 구경왔다가 갈증나서 음료수 먹으려고 왔네요. 수박주스는 수박이 씹히는 맛이 없고 별로네요. 복숭아이스티는 무난 합니다,딸래미라서인어공주샀네요,박물관 안에 있는 까페인데 아이가 먹을만한 간식이 부족했어요. 의자도 부족하고,soso,자연사박물관내 매점이라 저렴하진 않아요,애들 데리고 가기 너무 좋네요~~,서대문자면사박물관 교육있을때 이용해요.,귀여워용! ㅋㅋㅋ하나로 3개나 만들수 있어서 조카들이 좋아해요~,아이 물건 잘 샀어요~~,아이스크림,친절하고 좋아서 또 방문하고 싶어요,친절하고 좋아서 또 방문하고 싶어요,ㅂㅆㅇ,"박물관 구경도하고, 미끄럼틀도타고, 쇼핑까지 했네요",기념품이 다양하지 않아요.  시중에 판매하는 장난감들이 눈에 띄네요,대만샌드위치가 파네요~,인형도사구 볼펜도 사구 정말 좋았어요.,서대문자연사박물관,저렴한가격에 좋은제품샀어요♡,위치가 좋아요 커피수혈 잘 했어요,완제품 젤리를 잘 구매 했어요,.,인형이 너무 비싸다,좋아요,네,무난,애기 기념품 사기 좋아요,친절하고 좋아요.,매우 유익하고 재미나요,너무비싸요ㅜ,친절하세요,굿,친절하세여! 커피맛은 그냥저냥! 안산 산책하다 들렀어요! 😊,"자연사박물관 내 1층 연세있으신 안내해주시는 분들은 왜 계신건지 모르겠어요^^;; 되려 그 분들께 설명을 드려도 답을 안주시고, 다른 말씀만 하셔서 더 혼란스러웠어요.",조카 선물 샀어요,박물관 구경 후 기념품을 샀어요^^,좋아요,쉬기 좋아요!,기념품이 비싸요,좋아요,좋아요,좋아요,상점 언니가 친절해요,맛있네여,굿,종류가 다양하진않아요,좋아요,😀,아이가 좋아해요,Md다양해요 아이들이 좋아할 만한 인형들이며 이것저것 많으네요 저흰 컬러링북 사서 왔네요~,서대문 자연사박물관.야외테이블 시원하고 좋아요,가성비가 좋아요,맛있어요,굿,굿,비싸요,😄,기념으로 키링하나사왔어요.,어디든 다 있는 기념품샵,굿.,굿,서대문자연사 박물관 잘되어있어서 유아.어린이들 가기 좋아요,커피 맛있어요,ㅈ,굿,너무 추워서 어디 나갈 수 없어 먹었는 데.... ^^,아이가 매우 좋아함,조아용!,굿,좋아요 좋아요 😄,ㆍ,좋아요,조아요,좋았어요,착한가격 인정 조금만 친절했음 좋겠습니다.,조아요,코스중에 하나예요~관람다하고 마지막 코스,좋아요,가볼만해요,주말 피크타임엔 많이 붐벼요. 직원분들은 친절한 편인데 장소가 많이 협소해요.,비싸긴한데 좋아요,비싸여,대기하며 맛난거 먹네요,애들 기념품 괜찮아요,"기념품샵에 아이들이 좋아하는 공룡인형, 공룡가방 등등 종류 많아서 저희도 기념으로 구매했어요😊",조아요,손님도 많지 않은데 불친절해요,아이 좋아할 만한 자연물 기념품이 많아요!,굿,괜찮아요,좋음,굿,아주 좋아요..,기념품샀어요,잘보고갑니다,좋아요,매번조카사죠요,😀,커피 맛있어요!,좋아요,이쁜게많아요 친절해요,좋아요,커피가 맛이 없어요,친절해요,공룡 관련 용품과 여러가지 상품들이 있어요,굿,,
IGWA,233967213.0,맛있습니다,,,,,,,,,,,,,,,,,,,,,,,,,,,,,,,,,,,,,,,,,,,,,,,,,,,,,,,,,,,,,,,,,,,,,,,,,,,,,,,,,,,,,,,,,,,,,,,,,,,,,,,,,,,,,
LUMOS cake,1084281645.0,,,,,,,,,,,,,,,,,,,,,,,,,,,,,,,,,,,,,,,,,,,,,,,,,,,,,,,,,,,,,,,,,,,,,,,,,,,,,,,,,,,,,,,,,,,,,,,,,,,,,,,,,,,,,,
다이어트랩 연희점,1940804896.0,구굿,굿,,,,,,,,,,,,,,,,,,,,,,,,,,,,,,,,,,,,,,,,,,,,,,,,,,,,,,,,,,,,,,,,,,,,,,,,,,,,,,,,,,,,,,,,,,,,,,,,,,,,,,,,,,,,
CO끼리,1990953407.0,,,,,,,,,,,,,,,,,,,,,,,,,,,,,,,,,,,,,,,,,,,,,,,,,,,,,,,,,,,,,,,,,,,,,,,,,,,,,,,,,,,,,,,,,,,,,,,,,,,,,,,,,,,,,,
부향식품,18257972.0,,,,,,,,,,,,,,,,,,,,,,,,,,,,,,,,,,,,,,,,,,,,,,,,,,,,,,,,,,,,,,,,,,,,,,,,,,,,,,,,,,,,,,,,,,,,,,,,,,,,,,,,,,,,,,
브레디포스트 연남점,1618240240.0,"브레디포스트 용산, 성수에 이어 핫플레이스 연남동에도 오픈했습니다. 지난 10월말 오픈한 따끈따끈한 핫플레이스 답게 손님이 많았습니다. 연남동 카페, 프레즐 맛집을 찾아 추운날 방문했는데요. 역시 브레디포스트의 유럽풍의 우 드톤 인테리어와 개성있는 아트워크가 멋진 곳입니다. 야외공간이 넓어 따뜻한 봄가을에는 맛난 소프트 프레...",인테리어가 너무 예쁘고 프레즐도 예뻐요ㅋㅋㅋ 아니 때깔이 아니 빛깔이 너무 예쁘고 종류도 다양하고 다른 프레즐집보다 틐색있어요. 프레즐 전문점애 맛은 당연히 있고 음료도 연남동 카페 평균 이상 수준입니다! 무엇보다 여기 다녀오면 기분이 너무 좋아져요. 미국 특유의 밝은 감성에 크리스마스 분위기까지 더해지니 최고입니다..🤎🥨,제 취미가 예쁜 카페에서 친구랑 사진찍는거에요 이번에 홍대카페 새로생겼고 친구가 알려줘서 가봤는데 전 진짜 인테리어 이쁘고 사진만 잘나오면 되는 사람이라서 인생샷도 건져서 기분 너무 좋네요 음료도 너무 맛있어요!!,"용산, 성수에 이어 연남동에 생긴 프레즐 맛집! 미국 감성 가득한 화사한 분위기 속에서 쫄깃한 프레즐을 즐길 수 있 는 곳. 미니형태로 여러가지 맛을 먹어볼 수 있는 플래터도 있고 샌드위치나 프레즐 종류가 다양해서 뭘 먹을지 결정 하기 어려웠어요 고민끝에 샌드위치 먹었는데 적당히 포만감있어서 브런치용으로 딱이에요👍",남자친구랑 방문했어요옹~~ 용산에 있는 곳도 가봤는데 이번엔 홍대 쪽에서 데이트할고여서 여기 홍대카페 브레디 포스트 연남!!!! 새로 오픈해서 그런지 깔끔하구 인테리어도 너무너무 예뻤어요❤️ 부추베이컨이랑 시나몬 먹었는데  남친이랑 둘이 취향은 너무 달랐지만 서로 넘 맛있게 먹고 즐거운 데이트했네요 ㅋㅋ,외관부터 내부까지 전부 분위기 최고에요! 크리스마스 느낌도 주니 설레더라고요~ 베이글 맛도 모양도 다양하고 음료도 넉넉하게 맛있게 마셨어요~ 오픈도 일찍해서 붐비지 않을때 방문할 수 있어 더욱 좋았어요.,프레즐이 다양한 연남동 카페네요 외국인한테도 유명한지 반 이상이 외국인이에요 그리고 남자 손님도 많았어요 대파프레즐은 샌드위치 느낌이고 카야 코코넛은 달달 바삭한 디저트 느낌이에요 크리스마스 분위기로 잘 꾸며 놔서 사진도 잘 나왔어요 ㅋㅋ,이 영롱한거 보이시나요? 제가 진짜 진짜 빵순이인데 홍대카페 저 거의 다가봤는데 이번에 새로운곳 생긴 것 같길래 찾아가봤어요 인테리어두 너무 이쁘고 요즘 홍대카페들은 음료 비싸기만 하고 맛도 너무 없는 곳 많은데 여긴 디저트 음료 다 맛있네요ㅜㅜㅜ 자주갈게여 사장님 번창하세요!,용산점을 자주 갔었는데 연남점도 생겼더라구요 뭔가 용산점이랑은 다른 느낌으로 너무 예뻤어요 용산은 엔티크한  느낌이면 연남은 너무 따뜻하고 힐링되는 기분이 들어요 빵은 말해뭐해요 B.P밀크티? 새로 나온 음료랑 같이 먹었 는데 진짜 맛있더라구요 직원 분들도 하나같이 다 친절하셔서 제가 다 기분이 좋았네요 또 갈게요!🥹,출근 전에 오랜만에 프레첼 먹고 싶어서 급하게 집근처 프레첼 맛집 검색하다가 요기를 찾아버렸자나요.. 시나몬 프 레즐+라떼 조합=말모♥️ 시나몬 프레즐 미쳤어요 세상에나ㅠㅠ 너무 맛있자나요…! 원래 프레즐 만든지 오래된데 가 면 씹느라 턱 나가잖아요?(?) 근데 여긴 그런거 없이 겉바속촉 그자체에요!!! 홍대 자주 가는데 이런데가 있는...,친구와 오랜만에 홍대 카페 갈려구 검색하다가 새로오픈 했다길래 방문했어요 :) 이미 핫한 브레디포스트 ~~ 저는  우드톤 스타일의 인테리어를 좋아하는 거 같아요 따뜻해지는 느낌 ?ㅎㅎ 이미 인테리어부터 제 마음에 쏙 ✨💙 쫄 깃한 프레즐에 다이어트 때문에 음료는 아메리카노로 먹었는데 너무 완벽한 카페 타임이었습니다 !!,홍대 카페 찾다가 다녀오게 되었어요. 카페 내부가 크리스마스 시즌이라 그런지 연말 느낌이 나서 너무 좋았아요. 맛은 당연하게 맛있었어요. 다음에는 친구랑 와야겠어요 :),"오랜만에 만난 지인들과 홍대 카페가 워낙 많아 어디를 가야할 지 고민하다가 네이버 검색을 통해 우연히 가게된 카페!! 인테리어도 잘 되어있고, 분위기도 분위기지만 커피 맛이 너무 좋아 다음에도 또 방문할 예정👍🏻",홍대에서 일이 있어 카페를 알아보다가 방문하게 되었어요. 카페 분위기는 연말느낌이 낭낭해서 좋았어요! 커피도 디저트도 다 제 스타일이라 기분이 좋았어요.  다음에는 친구들이랑 홍대 카페에 올 일 있으면 또 올게요💗,크리스마스 분위기 물씬~~ 여기 까페 너무 괜찮았어요 깨끗하고 아늑하고 디저트 맛있었구요^^ 남자친구도 좋다고 하네요^^,용산에 있는 브레디포스트만 갔었는데 연남에 새로 생겼대서 와봤어요! 역시나 인테리어도 너무 예쁘고 커피랑 프레젤도 여전히 맛있더라구요ㅎㅎ 매장 안쪽에 테라스같은 공간도 있어서 오늘처럼 날 좋은 날에 오기 좋은거같아요.,"혼자 힐링 할겸, 과제할겸 왔는데 분위기가 너무 제 취향이고 밀크티 마셨는데 너무 맛있었어요 ㅎㅎ 사장님도 너무 친절하셨어요:) 나중에는 친구들이랑 올려구요! 홍대카페 최고..💗",남자친구랑 데이트겸 왔어요 ㅎㅎ 🤍 분위기가 너무 이쁘네요 대화하기도 너무 좋아요 부추 베이컨 처음 먹어봤는데 맛나네요 😋 홍대에 오면 한번쯤 와도 좋은 카페 같아요,너무 아기자기 잘꾸며놔서 넘 이뻤어여ㅜㅜ 진짜 여기 빵도 맛집이고 커피도 넘넘마싯네영 ㅎㅎ 담에 또올거에용ㅎㅎ,홍대 자주가서 홍대카페 치면 많이 나와서 이름은 많이 들어보고 처음 방문해보는데 인테리어가 너무 따뜻하고 예 뻐서 분위기 있었어요! 빵들도 약간 외국같은 느낌이고 먹음직 스러워보였는데 역시나 맛있었어요ㅎㅎㅎ 다음에 또  포장해서 먹고싶은맛!!,브레디포스트 넘 좋아해서 매번 성수 용산 찾아갔는데 드디어ㅠㅠ 가까운곳에 생겼드아~! 홍대 카페들 긴장해야할꺼같아요 호호호 너무 신나서 종류별로 다 집았는데 역시나 넘 맛있습니다ㅜㅜ,인테리어맛집! 커피맛집! 디저트 너무 맛있어요ㅠ 친구랑 가서 힐링 제대로 하고왔네요 진짜 친절하세요^^,인테리어 이쁜곳을 찾다가 발견해서 방문했는데 다양한 프레즐 종류가 있어서 깜짝 놀랐어요!프레즐도 맛있게 먹었고 커피도 너무 맛있었어요ㅎㅎ특히 홍대입구역이랑 가까워서 좋았습니다^^,빵이며 음료며 진짜 다 맛있습니다! 인테리어도 너무 예뻐서 사진도 잘나오고 프레즐도 뭔가 먹기아깝더라구요 ㅎㅎ 종종 갈거같아요 취향저격인곳 😍,더티초코는 위에 초코가 듬뿍 올라가있어서 혹시나 너무 달까봐 걱정했는데 생각보다 많이 달지 않고 당도가 적당 해서 맛있게 먹었어요. 부추 베이컨 프레즐은 짭짤해서 더티초코랑 단짠 조합으로 술술 들어갔습니다ㅋㅋ밀크티 좋 아하시는 분들은 애플밀크티 드셔보세요. 싱그러운 느낌이 가득한게 새롭더라구요!,프레즐맛집이 새로생겼다고하여 검색하고갔습니다. 빵을 좋아해서 새로생긴 빵집핫플은 못참거든요 새로생겨서 인테리어도 이쁘고 트리가 겨울느낌 물씬나서좋았오요 트리플치즈바이트 완전 맛있네요 홍대근처 까페 갈일 생기면다시 가봐야겠어용,연남동 프레즐 맛있는곳 찾았어요 음료도 맛있고 당도도 딱 적당하고 전부다 맛있네요 커피랑 먹어도 넘 맛날듯 에이드랑 먹었는데도 달지않고 기분좋은 단맛과 쫄깃한식감이 넘 맛있네요.,원래도 브레이포스트 좋아하는데 연남에 매장 생겼닥ㅎ 해서 갔어요! 프레즐 잘하는집 찾기 어려운데 여기는 언제 먹어도 맛있다고 생각하는거 같아요! 연남점도 매장 인테리어도 예쁘고 데이트하기 좋으니 홍대 데이트하러 오셔서 홍대카페 찾으시면 들러보세요!!,"친구랑 지나가다 예뻐서 방문했어요  바닐라빈이랑 에그베이컨 .,, 제 최애 메뉴가 될 것 같아요 ㅎㅎ",깜놀 왜케 맛있어요..여기 완전 핫플..오시는 외국인들도 인증샷 계속 찍으셔서 들어왔는데 완전 대박 카페 맛있는집을 만났네요.맛있어요..엄지척,여기 완전 디저트랑 커피랑 미쳤습니다 ㅋㅋㅋㅋ 제가 진짜 프레첼 좋아하는데 커피랑 먹으니 너무 좋았습니다 ㅎㅎㅎ 가게도 깔끔하니 이쁘구요 ~ ㅎㅎㅎ,빵이 너무 먹고싶어서 빵 사러왔는데 제가 좋아하는 빵도 있고 무엇보다 프레첼이 종류대로 있어서 이것저것 정신없이 골라버렸네여 역시 빵은 체고인거같아요,꼭 와보고 싶었던 곳이였는데 드디어 가보게 되었어요 !  오랜만에 서울나들이 하면서 예쁜 카페에서 소중한 시간 보냈습니당 ㅎㅎ,연남동에서 제일 맛있는듯요 인테리어 이뻐서 사진도 잘나와요^^ 가족끼리 다녀왔고 수다떠는데 불편함없이 편하 게 먹고 나왔습니다! 번창하세요^^,"진짜 맛있게 생겨서 계속 쳐다보다가 하나둘씩 고를 수 밖에 없었어요,,🥰 너무 맛있고 새로 생겼다고 해서 친구랑 같이 갔는데 분위기도 너무 조았구 인테리어도 딱 제 스타일이었어용",브레디포스트 성수점에 갓을때도 넘 맛있게 먹었는데 연남점도 오픈했다길래 후다닥 다녀왔어요! 주말 12시경 방문 했는데 사람이 엄청 많진 않아서 좋았어요 ㅎㅎ 페퍼로니 프레첼 진짜 존맛탱구리에요..ㅠ넘 맛있어서 포장도 해왔 답니당 인테리어도 넘 예쁘구 다만 단점은 좌석이 너~무 좁아서ㅜㅜ 짐놔둘 공간이 없어서 너무 불편했어용.....,여기 카페가 너무 예뻐요 ㅠㅠㅠㅠㅠㅠㅠ 취저 .. 크리스마스 분위기도 낭낭하니 소품들도 다 너무 귀엽고 사진 찍기 진짜 좋음 그리고 부추베이컨 추천!!!! 너무맛이쑤,친구들이랑 방문했는데 가게도 엄청 넓고 디저트랑 커피 종류도 다양해서 너무 좋았습니다 ㅎㅎㅎ 가게도 이쁘게 운영되고 너무 좋아요 ~ 프레즐도 맛있습니다 ㅎㅎㅎ,프레즐 진짜 맛별로 장난 아니네요.. 새로 생긴 곳이라 반신반의하면서 들어갔는데 생각했던 것보다 분위기도 좋고 베이커리며 커피며 다 맛있었습니다!👍👍,프레즐 진짜 맛있게 생김.. 또 한번 프레즐에 반했어요 새로 생겼다고 동료분이 알려주셔서 갔는데 분위기 짱 좋구.. 커피도 넘 맛있움 ㅜㅜ🥹,홍대 카페 이미 이쁜 곳 많아서 더 이쁜곳은 없다 생각했는데 여기 너무 제 취향이에요! 프레즐 너무 맛있고 분위기도 좋고 커피도 맛있어요!!,우연히 지나가다가 빵냄새에 이끌려서 들어왔는데요 빵종류도 많고 사장님도 친절하시고 커피맛도 체고네요! 담에 또 방문할게용 ㅎㅎㅎ,홍대에 새로생긴 디저트 카페에 다녀왔어요~~!! 빵순이 카페쟁이 인데 너무 맛있고 분위기도 좋구 매장도 너무 이뻤답니당 ㅎㅎㅎ 재방문 할것 같아요~~^^,브레디포스트 좋아하는데 연남에도 생겨서 다녀왔습니당 호호 채광 너무 예뻐서 사진 진짜 잘나와요 ... 프레즐은 말모 존맛탱~~,메뉴도 너무 맛있구 카페도 예쁘구 연남동 분위기 뿜뿜이에용 ㅎㅎㅎㅎㅎ 연남동 카페 많은데 요기 왕추천입니당,일부러 브레디포스트 가려고 홍대 카페까지 찾아왔어요!! 정말 후회하지 않는 선택이였습니당! 음료도 넘 맛있고 프레즐도 넘 존맛~!,홍대 카페 찾아보는 중 후기도 많길래 한 번 가봤는데 내부 인테리어 분위기가 넘 좋고 무엇보다 디저트가 넘 맛있어요!! 또 가고 싶어요~,연남점이 새로 오픈했다고 해서 바로 와봤는데 너무 좋네요 ! 따뜻하고 아늑한 분위기이고 커피도 프레즐도 역시나 맛있네요 잘 먹고 잘 쉬고 갑니다 😌,크리스마스 분위기와 따뜻한 공간에서 맛있는 디저트들과 커피 잘 마시고 갑니다 ~~ 집 주변이라 앞으로 자주 올게요 ^^,"깔끔하고 , 직원분들도 정말 친절하셨습니다. 새로 오픈한 곳이라 그런지 완전 맘에 드네요 : ) 커피도 맛있고 베이커리 종류도 먹어본 것들 다 맛있었어요🤍",점심시간 이후에 갔더니 품절인 게 있어서 아쉬웠지만 맛있게 잘 먹었습니다,부추베이컨도 맛있구 페페로니도 완전 맛있었어요!!! 직원분들도 친절하시구 ㅎ 빵도 부드러웠어요 !!!,"연트럴파크 갔다가 산책하고 카페 들렀어요. 인테리어랑 커피 , 디저트까지 넘 잘 먹구 왔어용💛",프레즐이 종류별로 있어서 너무 맘에드네요 토핑도 추가하고 크림치즈 얹어먹고 완전 프레즐 맛집입니다. 쫀득쫀득하고 담백하니 계속 들어갑니다. 홍대에 이쁜 까페로 추천드립니다.,여자친구랑 데이트하러 홍대갔는데 홍대는 자주 안와봐서 홍대카페 찾다가 괜찮아보여서 찾아갔어요. 프레츨이랑 커피 조화가 좋았고 매장 인테리어가 예뻤습니다!,겨울분위기도 가득하고 커피도 맛있는데 프레즐까지 완벽해요!! 직원분들도 정말 친절하셔서 기분 좋게 먹고 나왔네요 ㅎㅎ 연남동 놀러오면 또 들리려구요 !,이거 뭐라하죠 프레즐? 저 원래 부츠 베이글 완전 좋아하는데 여기 부츠베이컨프레즐있어서 포장했어요 혼자라서 매장에서 먹기는 애매해서 포장해왔는데 너무 맛있네요 나중에 친구들 데리고 와야겠어요,이런 빵 비쥬얼에 인테리어 뭐에요 정말 ❣️한때 베이글에 빠졌었는데 이제 프레즐로 갈아탔어요 ! 맨날 먹고싶다.. 아침마다 생각나요 아메리카노도 맛있고 ~ 또갈거에요,홍대에 새로 오픈한 프레첼 맛집 카페!!! 분위기ㅜ너무 좋아서 사진 맛집이에여!! 커피도 진하니 맛있는데 프레첼 좋아하는 저는 눈돌아갔다왔습니다,분위기도 좋고 디저트도 정말 맛있어요~,꼭 외쿡카페 온 느낌~~ 프레즐종류가 많아서 고르느라 애먹었네용ㅎㅎ 커피도 맛있구 분위기 좋아서 한참 있었어요 ! 빵향기가 계속나서 행복..💖,어제 다녀왔는데 계속 사진을 들여다보게 되네요 😂 부추베이컨 트리풀치즈바이트 두개 꼭 먹어보시길! 자꾸 생각나서 자꾸 가게 될걸요? ㅋㅋ 예쁜곳에서 맛있는 디저트 먹어서 기분 좋은 하루였어요,부추를 갱장히 좋아하는 아니 사랑하는 사람으로서 부추메뉴는 꼭 먹어보는데 역시 탁월한 선택이였어요 ㅎㅎ 빵순이는 여기 누울랍니다.. 여기는 저만 알고 싶어요,페퍼로니 프레즐이 에이드류랑 진짜 잘어울려요 짭조롬한게 너무너무 맛있어요... 안질려.. 요거 포장해서 맥주랑 집 에서 먹어두 좋겠는걸요?♥️ 브레디포스트 흥하세요 꼭 대박나서 지방까지 쭉쭉 오픈하면 좋겠어요ㅋㅋ!!,"와 프레즐 종류 이렇게 다양한 곳은 처음 가봤어요! 다 맛있어보여서 주문하는 것부터 고민이었는데 저희는 부추베 이컨이망 토마콘 시켰구요! 역시 존맛도뤼,, 프레즐빵부터가 고소하고 쫄깃쫄깃 맛있으니 뭘 넣어도 맛있겠더라구 요! 2차로 간 거라 배불러서 친구랑 두개밖에 못뿌셨는데 너무 맛있어서 다음엔 아예 식사 하러가기로 했슴다...",분위기 무슨일..🍁🍁💛 프레즐 맛집이라해서 와봤는데 종류도 많고 인테리어도 넘 분위기있어서~ 사진 100장넘게 찍은거 같애용 디저트 비쥬얼에 눈돌아갑니당>_<,신상카페는 바로 와야죠~ 라떼 꼬숩기가 장난없구.. 디저트류 말해 뭐해요 서울 온김에 여기저기 쏘다니다가 연남동  신상카페 고고했는데 여기 우드갬성으로 짱입니다,들어서자마자 느껴지는 맛있는 냄새ㅠㅠㅠㅠ 크 코가 황홀하구여~ 분위기랑 프레즐 비쥬얼에 눈이 행복하구 맛보면 입이 행복합니다! 분위기도 넘넘 좋아요😍,"분위기와 맛깡패에요,,🫶🏻 프레즐 진짜 찐맛있네여 ㅠㅠㅠㅠㅠ 커피랑 너무 잘 어울려서 커피 많이 안먹는데 한잔을 다 마셨네요 커피향도 너무 좋아요~~~",산타오실것 같은 분위기 야외테라스도 멋스럽고 전 여기 프레첼 좋아요. 특히 브리치즈 진짜 좋아해요. 달콤 새콤..  애플밀크티가 품절이라 아쉬웠고 콘치즈랑 플레인 함께 먹어도 굿굿,예쁜 인테리어랑 예쁜 디저트들..❤️ 보고 있으면 기분좋아져용ㅎㅎㅎㅎ 커피도 넘 맛있구 분위기 짱이에요 종종 갈 거 같애요!,진짜 동네에 생겨서 너무 행복합니다…. 최애 프레즐 맛집! 다 맛있어요 ㅠㅠㅠㅠ  그 중에 최애는 페퍼로니!!! 꼭 드셔보세용~,홍대카페하면 여기죠! 진짜 감성도 미쳤고 친구랑 수다 떨면서도 인생샷 건지기도 좋아요~ 곧 크리스마스여서 트리도 있는데 센스 굿굿👍 홍대 자주가는데 이제 단골 되려고요~,이번에 연남동에도 생겼다고 해서 방문했는데 잘 꾸며져 있고 매장 안쪽에 테라스 공간 까지 있어서 더 좋았습니다 제 최애 부추베이컨 먹었는데 역시나 너무 맛있었습니다,역시 프레즐 맛집....ㅎㅎ 제가 여기 프레즐 너무 사랑합니당^^ 홍대오면 항상 카페 찾아다니기 바빴는데 앞으로는 여기로 정착할께요! 홍대카페하면 브레디포스트죠ㅎㅎ제가 자주오는 동네인데 오픈해주셔서 넘 감사합니다,성수쪽에 자주 갔었는데 드디어 연남에도 새로 오픈해서 바로 방문했는데 역시나 분위기가 너무 좋았고 프레즐도 여전히 맛있어요! 홍대맛집 강추!,오랜만에 홍대에 친구 만나러 갔다가 방문했어요! 프레즐 맛집으로 알려져있어서 알고는있었는데 연남동에도생기다니..ㅎㅎ이근처 올때마다 생각날꺼같아요 앞으로 자주 와야겠어요ㅎ,전에 용산에 브레디포스트 다녀와봤었는데 이번에 연남 생겨서 친구랑 다녀왔어요 인테리어도 넘 이쁘도 친구랑 맛있게 먹으면서 좋은 시간보내고 왔습니당,우와~프레즐 진짜 넘 맛있어요 퀄리티 무엇인가요... 분위기 진짜 넘 좋고 종류도 넘 다양해서 이것저것 다 먹어보고싶어요 ㅋㅋ홍대카페는 이제 여기로~진짜 또또 올께요 자주올께요!!,데이트했는데 남친이 신상 카페라고 알아왔더라고요 완전 센스만점이라서 칭찬 왕창 해줬어요 프레즐 샌드위치랑 커피는 당연히 잘어울리고 맛있었어요,홍대에 돌아다니다가 분위기 좋은 카페 있어서 들렀는데 알고보니 프레즐 맛집이네요! 음료도 다양하고 맛있어서 다음에 또 방문할게요!,길가다 우연히 봤는데 프레즐이랑 커피 맛집인것 같아 들렀어요 더티초코가 달달해서 완전 맛도리예요 홍대에 들릴 때 꼭 가보세요,홍대에서 발견한 프레첼 맛집 카페 ㅎㅎ혼카페 너무 좋아하는데 분위기도 좋고 인테리어도 이뻐서 반하고 갑니당,"브레디포스트 연남에 생겨서 너무 행복해여,,,, 프레즐 찐 맛집 역시나 넘 맛있구 단골예약이에요,,🫶🏻",친구랑 홍대카페 서치해보다가 친구와 제 감성에 딱 맞는 공간으로 보여 당장 달려갔는데 아니 여기 디저트도 맛있구 커피도 구수해서 넘 저희 스타일 이었어용 ㅎㅎ,연남동 카페중 가장 아늑하고 포근한 느낌이에요. 제가 이런 느낌 좋아해서 자주 와요 너무 예쁩니다. 사장님 인테리어 센스가 좋아서 구경하러 오는 맛도 잇어여♡ 커피도 넘 맛있구 이야기 나누기도 참 좋은 카페입니다. 디저트 종류도 많고 달다구리 넘 맛나용~~ㅎㅎ,홍대카페 괜찮은 곳 찾은 것 같아요!! 프레즐 종류도 많고 맛도 맛있어요! 크리스마스 분위기로 꾸며놔서 사진도 찍구 왔습니당~,연남동에 생기자마자 바루 방문했어요!! 가보고 싶던 곳인데 정말 빵이랑 음료 다 맛있네요!! 부추베이컨 맛나요👍🏻,외관의 모습부터 해외에 있는 느낌이였어요! 왜 핫플인지 알것 같은 느낌 ㅎㅎ 안에 베이커리 종류도 다양해서 결정장애는 고르기 힘들었답니다ㅠㅠㅠ 근데 무화과 샌드위치는 말이 필요없었어요👍🏻,분위기도 좋고 프레즐이 너무 맛나용ㅋㅋ,"혼자 왔다고 자리 이동 강요당했네요. 들어가서 자리잡고 빵먹고 커피마신지 30분밖에 안됐는데 기분이 상당히 안 좋았습니다. 인원수대로 자리를 정해둔것도 아니고 1호점, 2호점에서도 이런 경험은 해본 적 없는데요, 자리가 없던 것도 아니고 많이 있는 상황에서 상당히 기분이 안좋았습니다. 그럴거면 애초에 명수대로 테이블을 구분해 놓...","프레첼 쵝오!!! 아니 플레인도 쫜득하니 맛잇었는데 시나몬도 난리나네요 진짜... 요거 선물하면 센스터지는 사람됩 니다. 일단 분위기도 너무 좋구,, 다른 지점도 가봤지만 연남이 새로 오픈해서 있지 깔끔하네요!!",프레즐 너무 좋아하죠 자주 방문할거같아요,빵도 정말 맛있고 커피도 맛있고 분위기도 정말 좋아요~👍👍,프레즐이 이렇게 부드럽고 고소할수가.. 너무 맛있어요. 홍대카페 추천 하는곳!! 매장도 인테리어 이쁘고 진짜 소프트프레즐... JMT,다른 지점에 비해 직원분들 애티튜드와 친절함이 아쉬워요.,주차가 어렵고 내부 테이블 간격이 좁은걸 빼면 맛도 좋고 분위기도 좋아요,집 근처에 이런곳이 있다니 너무 좋아요❤️ 미국적인 감성에 프레즐 맛집까지ㅠㅠ맛이며 인테리어며 빠지는게 하나 없네용 사진도 막 찍어도 넘 예쁘게 나와요~~,브레디포스트 요즘 넘 핫플이여서 방문했는데 핫플답게 넘 인테리어도 이쁘고 프레즐 넘 맛있다라구요 !!샌드위치도 먹었는데 진짜 다 맛있었어요 !,"저녁에 방문해서 그런지.. 인사하는 직원 따로 없었고, 기본프레츨과 크림라떼 주문했어요. 크림이랑 같이 마시는 음료같은데 돔뚜껑으로 닫아줘서 쫌 의아했어요. 프레츨은 무난무난했어요. 매장은 이뻣지만 다시 방문할지는 미지수네요..",샌드위치맛집♡ 커피맛집이에요♡ 다른 여러가지 디저트들도 많아요♡ 또방문할게용♡♡,맛도 좋고 분위기도 좋고 직원분들께서도 왕친절 하셔서 단골하고 싶은 곳이에요!! 겨울에 맞게 크리스마스 트리까지!! 너무 예뻤습니다~~ 모두 가보세요~~!!!🎄🎅🏻❄️,엄청 비싸요. 그냥 브랜딩으로 돈 버는 느낌이랄까.. 서버도 불친절 .. 그냥 주변에 브런치집을 가세요.,사람은 많지만 빵도 많이 남아있어서 여러개 구매할 수 있었어요 포장해서 회사 사람들이랑 나눠먹었는데 다들 맛있다 하면서 드시더라구요~ 매장도 크리스마스 느낌으로 꾸며놓으셔서 연말분위기 물씬 나더라구요~ 포장만 해간게 아쉬웠네요ㅠ,커피도맛있고~ 디저트도맛있어요 여러가지 디저트가많아요♡♡ 맛집입니다😄,"브레디포스트가 연남에 생기다니 넘 행복해요 ㅠ 여기 진짜 프레즐 맛집이거든요 ,, 플레인도 맛있고 밀크티도 진짜 존맛이에용 !",분위기 좋고 커피도 맛있어요.,종류가 다양하고 포장이 정성스런 느낌!! 이뻐서 좋았음  사람은 많아서 웨이팅 필수...,음악소리가 너무커요,프레첼 모양이 귀엽고 맛도 다양해용 프레첼이 딱딱하고 질기지 않아서 좋았어요 인테리어도 감성있게 꾸며놓으셔서 인스타 감성에 딱 맞는 카페인듯해용☺️
커피 벌스데이,1213231016.0,케이크 사진이 너무 맛있어보여 방문했는데 보이는 것처럼 맛있네요 ㅎㅎ 사과쨈이 가득 들어있어서 달달하고 좋았어요 ! 어텀펌킨은 생각보다도 호박맛이 강해서 호불호가 있을 것 같지만 전 괜찮았어요,"아니에브 케이크가 미쳣서요 진짜 와 커피도 너무 마싯구 인테리어는 힙한데 케이크는 아기자기 하네요 아니 근데  진짜 개마싯슴 ㄹㅇ 먹어본 블루베리맛 케이크 중에서 원탑;;;;애플시나몬 처돌이로서,,,애플케이크,,?절대 못 참지  ㅋㅋ 크림도 완전 묵직하니 케이크 먹고 아메리카노 마셔주면 극락감 ;;;;",💖연남동 케이크 찐맛집💗🎀🍰찾으신다면 여기로 모이세용 블루베리맛이 진하면서 너무 맛있어서 깜짝 놀랐어 용!!🥹😳 케이크 한입 먹는순간 반해버렸어요..💗 다른 케이크들도 다 먹어보고싶더라구요🤤 분위기갑이고 너 무 좋았어요!!,반려동물이랑 가기 좋은거 같아요 커피 에이드 하이볼도 팔고 케익맛집이예요! 케익이 진짜 맛났어요!! 강아지가 먹을수 있는 디저트 음료 멍푸치노도 있어서 좋았어요 가격이 좀 있어서 아쉽지만 그래도 그만한  가치가 있다고 봐요 너무 맛있어요!!,친구랑 방문 했는데 분위기 넘 좋고 케이크 종류가 다양해요! 말차를 좋아해서 말차 시켰는데 되게 진하고 쑥? 느낌 나서 녹차 말고 말차 좋아하시는 분들께 추천 드려요 ㅎㅎ 단호박 라떼도 강추 고소 + 달달 !!,어텀 펌킨은 달달한 호박맛인데 예상보다 맛있어요~ 밀리터리라떼 주문했는데 말차 맛이 쾌 강해요~ 그리고 오늘의 주인공 애플케이크 너무 달달해서 아메라카노랑 같이 먹는거 나아것같아요~ 결론은 다 맛있는데 너무 달달해요~,"디저트러버, 특히 케이크 러버들이라면 홍대입구역 “커피벌스데이” 추천드려요! 케이크 종류도 정말 다양하고, 홀케 이크 예약도 가능해서 최고예요 👍🏻 얼그레이자몽케이크 먹고 반해서 재방문하여 블루베리요거트와 제주말차브라 우니 도전했는데 역시 케이크 맛집답게 전 메뉴 다 맛있었습니다! 🩷 다음번엔 피스타치오 케이크 먹으러 갈 ...",홍대 케이크 맛집이라 사람들이 가득차있어요. 평일에 방문했음에도 사람들이 만석이라 발길 돌리는 사람들이 있을 정도…!!! 디저트는 딱 케이크만 있는데 케이크 종류도 많고 다 맛있어보여서 고민하다가 블루베리케이크 주문했는 데 너무 옳은 선택이에용 크림이 완전 요거트 상큼폭발하고 꾸덕꾸덕해용 그리고 음료도 레몬머스켓요거트 ...,"산울림 소극장 근처에 위치한 커피 벌스데이, 카페 이름처럼 벌스데이를 위한(?) 케이크들이 종류별로 많았고 야외 좌석과 내부 좌석이 많아서 여러명이 와도 쾌적했고 애견동반이 가능해서 더더욱 좋았습니다. 케이크 맛집 답게 꾸덕 달달 부드러운 케이크가 일품이었습니다.","미쳤다...진짜 어제부터 케이크 맛집 찾기 성공 남자친구분들 여자친구 데리고가면 진짜 칭찬받기 쌉가능이요! 케이 크.. 한판 왜먹는지 예약왜하는지 알겠어요,,, 촉촉그자체🧡 레몬먹었는데 진짜 상콤!!!! 하.. 애들이랑 와야겠다 저거  종류별로 다 먹어봐야해..🎂안먹어본사람은 무조건 와주세요. (개인적으로 디저트 안좋아하는데 이거는 무조건임)",나랑 평생 함께 할 레케맛집 🍋 레케 먹으러 홍대까지 출동했던 날 👍🏻,"레몬케이크의 존재를 자꾸 확인하게 되는 곳,, 🍋 이번 12월에도 홀케익 주문 달릴거에여",친구 생일 기념으로 선물해줬더니 넘 좋하더라구요 🎂🌹💗 생일인 친구들한테 선물용으로 딱 !! ✨✨,레몬크림 케이크 먹었는데 왜 쫀득하죠? 너무 맛있어요 떡같은 식감??! 최고채고 포장도 추가로 해서 갑니당,완죤 케이크 맛집이에여💖 말차케이크랑 cbd커피가 잘 어울려요ㅎㅎㅎㅎ 아아파라서 시그니처 커피 있어도 원래는 잘 안마시는데 리뷰에 cbd커피 칭찬이 많아서 시켜봤는데 안마셔봤으면 후회할뻔했어요..🥺 넘 맛있네용 크림이 넘 고소해요!!!! 가까웠으면 맨날 갔을텐데 서울사람이 아니라 넘 슬퍼요🥹🥹 직원분도 넘넘 친절하셨어요♥️,머물렀다 가기 좋은 곳. 지난 주에 애플케이크랑 고민하다 못 먹은 블루베리요거트가 궁금해서 또 왔다. 맛있지만 에플케이크가 좀 더 내 취향이다. 다음에는 레몬케이크 먹으러 또 와야지,음료는 무난했고 초코케익은 맛있었으나 애플은... 너무달았어요ㅠㅜㅠ 진짜 제 짧은 인생 최고로 단 극강케익이었습니다. 보통의 달콤한 케익을 원하신다면 애플은 피해주세요..! 버터크림 위주라 버터크림 안좋아하시는 분들께도 비추드립니다.,홍대 케이크 원탑 중 한 곳! 화려한 비쥬얼만큼 케이크 달달하면서 부드러운게 신메뉴 초당옥수수는 톡톡 씹히는 식감까지 대박💛 커피도 맛있구 힙한 인테리어에 계속 손님이 들어오는 곳! 반려동물 동반 기능해서 귀여운 댕댕이도 잔뜩 보고 홍대 근처 기념일 케이크 좋아하시면 강추드려요!,"최애 레케맛집,,,🍋 저와 평생 갈 케이크 맛집입니당.. 하나 이제 부족해~ 두개는 먹어야 해!!!!!","🍰💖소오올직히 진짜 맛있어요,,,!!!와!! 아니 요새 카페가 진짜 많은데 케익이 진짜 맛있다!! 이런데는 없었거든요!? !????? 근데 여긴 진짜 졸라 맛있네요???!!!!! 심지어 커피도 맛있어요 !!!!!!! 커피랑 케잌먹고 와!!!!! 맛있다 담에 또와 야지 한데는 여기뿐…! 와 진짜 추천입니다!!!!!🫶🏻🫶🏻🫶🏻🫶🏻🫶🏻 솔찌키 케익ㅇㅣ9천원이면 당연히 맛있어야한...","요즘 디저트류에 빠져서 검색후 일부러 경기도 광주에서 찾아갔습니다.골목길안쪽이라 찾기가 힘들었고 연남.홍대 검색후 몇군데 투어한건데 케익맛이 공포스러웠습니다.겉보기에만 화려할뿐,크림양이 너무 많아서인지,식용색소때 문인건지 먹는중에 니글니글거리고 건강한맛이 아니라 장난감같은 맛이랄까요? 크림양이 많다고 다 니글거...",분위기 좋고 다양한 종류의케이크가 있어 좋아요,기대한거랑 너무 다르게 꽃이 생각보다 많이 옹졸하게 있어서 솔직히 좀 실망하긴했지만 그래도 귀엽다고 생각하니 괜찮았어요 비쥬얼에 좀 실망했지만 날마다 꽃이 같을 수는 없으니까요.. 복불복인가봐요 사장님은 친절해서 좋았 어요 케익맛은 대체로 이런 예쁜케이크는 맛이 없다는 걸 알지만 그래도 케익 맛집이라 기대를 했는데 맛은 ...,친구들이랑 와서 인스타 사진 많이 찍고가요 ㅎㅎ  여심 저격 케잌이랑 음료 많아서 사진 많이 찍었어요  소소한 일상 파티해도 좋을 것 같네요,케이크가 어쩜 이렇게 이쁜지.. 사진을 아무렇게나 찍어도 다 너무 잘나와요 ㅠㅠ 맛도 넘 맛있어서 남자친구랑 기념일때마다 꼭 여기 케이크 먹어요!! 집 근처에 이런 곳이 있다니••🩷 행복하네요,"세상에,,, 케잌 포장 너무 예뻐요ㅠㅠㅠ 커피도 너무 맛있고 케잌은 이쁘기도 이쁜데 맛도 극강이네요...🫶🏻 제대로 선물하는 기분이라 특별한 날마다 방문하기 좋을 것 같아용!!",비싼감 있긴한데 케익이 맛있어요,와 여기 진짜.. 분위기 맛집에 커피맛집에 디저트맛집까지ㅠㅠㅠㅠ찐 또 방문하고싶어용... 모던한 분위기속 크림커피 맛도링으로 cbd커피랑 딸기 생크림 케이크 꼭 드셔주세효...🙏 cbd커피 위에 흑임자 크림너무 고소하고 커피 원두 넘 맛도링이고 딸기 케이크에 생딸기로 넘 맛도링ㅜㅜ 그냥 너무 맛있음.....,분위기 좋은 곳에서 맛있는 케이크 먹으며 편안하게 잘 쉬다 갑니다. 애플시나몬케이크 JMT!,케이크 종류가 4종류인데 수제 케이크라서 엄청 꾸덕해요 어디서도 먹어보지 못했던 피스타치오 케이크 특별한 맛 이네여 ㅋㅋㅋㅋ 커피도 찐하고 산미없어서 제 취향입니다 뭣보다 분위기가 갬성있고 반려동물 동반가능하고 테라 스도 있어서 요즘같은 날씨에 딱좋은 홍대입구 숨은 카페 홍대 카페 또는 홍대 케이크 찾으시는 분들은 여기 ...,"아는 동생이 알려줘서 방문했는데.. 디저트, 커피 맛집이네요ㅠ 저는 시그니처 커피인 cbd커피와 피스타치오 케이 크 먹었어요. 케이크 부드러우니 맛나고 커피 진짜 최곱니다!! 서리태크림이라고 해서 흑임자 생각했는데 훨씬 더 부 드럽고 고소해요. 저는 커피를 마시면 잠을 못자서 샷 한 잔만 먹었는데 그래도 👍👍 제가 먹은 커피 중에 ...",매장 조명이 어두워서 아늑해서 자꾸 찾게되는 곳 컵에 붙여주는 스티커도 예쁘고 가끔 동네 강아지들도 찾아와서 좋아요😍,말차브라우니케이크는 진한 말차와 단초코맛이어서 커피나 차랑 먹는게 좋습니다. 얼그레이와 새콤쌉싸름한 자몽 이 잘 어울립니다. CDB커피는 서리태콩크림이 위에 올라가 고소하고 달콤합니다. 케이크가격대가 높은 점이 아쉽 습니다.,주말 이용시간은 2시간 높은 테이블이 많아서 좋았어요 피스타치오 케이크는 생크림에 피스타치오를 섞은 맛인데  층 중간에 오레오가 함께 씹혀요 맛있는데 꽤 느끼하고 달아서 셋이서 한조각 먹어도 물릴듯 말듯 했습니다,저 정말 홍대에 있는 카페란 카페는 다 가봤거든요?? 근데 이렇게 케이크에 만족감 가진 건 처음이에요 아니 비주얼만 봐도 녹을 것처럼 생기지 않았나요?? 진짜 존맛임 케이크 땡기면 꼭 드셔보세요,케이크가 넘나넘나 마시써여 홍대카페는 앞으로 여기서 약속 잡으려구여 직원들도 너무 친절하시궁 맛집카페 찾았 네요 ㅎㅎㅎ,"나의 최고 소확행,, 레몬케이크 먹기,, 🍋 너무 맛있어여 🫶🏻 남은 인생 쭉 같이 갑시다~ 커벌데!",플라워패키지 진짜 미쳤어요..💕💕💕선물용으로도 제격이고 사진도 잘나와요 이 가격에 꽃다발까지 너무 풍성하고..👍🏻👍🏻,커피와 밀크티 맛은 별로지만 케이크는 맛있었습니다 주말엔 두시간 제한 있어요,"cbd커피,버터라떼 시켰어요 cbd커피는 달콤하고 위에 흑임크림??이 있고 엄청 맛있더라구요 또 가고싶다",여기 조각케이크가 맛있어서 홀케이크도 주문해봤는데 역시 너무 예뻐요~~! 아이스아메도 산미 없이 고소하고 맛있어요! 역시 케이크맛집💓,"인테리어가 너무나 취저였던 CBD !!! ♥  인스타갬성 가득했던 공간의 카페였습니다  내부도 넓은 편이였고, 스프링 펀치 에이드도 정말 맛있었어요 : )",사진과 다른 케이크^^ 생크림도 굳어 딱딱해요,"홍대 카페 커피벌스데이☕️ 맛있는 디저트로 케이크를 먹을 수 있는 곳! 미드 센추리 모던 분위기의 내부에 반했어요ㅎㅎ 어딜 찍더라도 사진이 예쁘게 잘 나와요~ 고소한 원두맛의 커피도 대박,,! 커피 맛집이에요ㅎㅎ",자두에이드는 태어나서 처음 먹어 봤는데 너무너무 맛있었어요!! 그리구 사장님이 너무 아름답고 친절하십니다... 👉🏻👈🏻 갑자기 폭우가 와서 못 나가고 있는데 사장님께 부탁드리니 우산을 주셨어요 ㅜㅜ 재방문 의사 있습니다 사장님 번창하세요!,두시간 시간 제한이 있습니다 근데 아직 두시간 안됐는데도 (몇 분정도 남은 상황) 웨이팅 있으니 정리해 달라고 오시더라구요... 솔직히 다시 오고 싶지는 않네요 맛도 그냥 보통 인스타 카페 정도의 맛 입니다,"페스티벌케이크 예약해서 받아봤는데 , 사진이 실물에 안담기고 왕짱 예뻐여!!!꽃 아래 워터픽 꽃여있어서 안전하게 먹고 꽃도 별도로 보관 할 수 있어서 좋았어용~! 쿠키엔크림 케이크였는데 맛까지 미쳤버려요~~~! ㅎㅎ",케이크 짜루짜루 진짜루 맛있어요 다음에 또 올게요!! 여자친구랑 맛있게 먹고 갑니다  사장님 번창하세여,"인테리어/ 분위기도 좋고 넓어서 친구들이랑 함께 방문하기 좋은 카페같아요 케이크맛은 조금 아쉬웠는데, 음료 및 커피가 맛있었어요:)",🐶반려동물 동반가능🐶 커피가 너무 맛있어요!!!! 시그니처 cbd커피가 정말 맛있습니다😋 인테리어랑 분위기 좋 아서 사진 찍기 좋고 잘 나옵니다 반려동물 가능 카페답게 강쥐 음료 간식도 팔아서 좋아요 멍푸치노 엄청 잘 먹더라 구요,플라워패키징 진짜 비쥬얼이 미쳤어요ㅠㅠ 너무 예쁘고 받자마자 너무 좋았어요ㅠㅠ 꽃안에 물주머니 해주셔서 돌아다니기도 문제 없고 조각케이크 포장도 너무 이뻐서 선물하기 딱 좋아요!! 👍👍👍,맛나요,음료도 독특하고 맛있어요! 피스타치오케이크 처음 먹어보는 맛인데 오레오도 박혀있고 달달해요:) 버터크림라떼 짱맛..💗 골목에 있고 홍대속 이태원느낌 나는곳👍 매장분위기 적당히 차분해서 대화하기에도 너무 좋아요☺️,"전형적인 비주얼카페 단호박크림치즈케익인데 단호박도없고 크림치즈도없음🥲 심지어 위에 올라간 단호박에서는  시큼한 맛이 나서 바로 뱉었어요 ㅠㅠ 그나마 단호박라떼는 단호박맛이 나는것 같긴 했는데 너무 달고,,,",분위기가 정말 예쁘고 바질토마토에이드 꿀맛이에요,케이크도 맛있고 커피도 맛이 좋았어요! 평일인데도 사람 엄청 많아서 놀랐네요.,갈때마다 친절하신 사장님!!!!! 매장 인테리어도 너무 예쁘고 커피랑 케이크도 맛있어요 홍대 최애 카페 🫶🏻🫶🏻,홍대 디저트 가게로 추천이에요! 깔끔하고 케이크가 이뻐용,살짝 낮은조명덕분에 분위기있고 대화하기좋아요! 1~2인 소규모로 방문하기도 좋고 애견동반카페로 애견전용메뉴도있습니다! 조용히쉬기좋아요❤️,내 최애 레케 맛집 🍋🤍,"배부르게 식사를 하고 방문하였는데 우선 케이크 비주얼에 주문을 하였고 맛을 본 후 배고픈 사람들처럼 흡입했어요!!! 크림과 초콜릿, 딸기, 빵 모든게 잘 어울려서 맛있었습니당!!! 그리고 매장 인테리어도 좋았고 앉을 자리들도 꽤 많았고 화장실도 내부에 있어서 좋았어용!",주말엔 2시간 제한이 있어요 내부가 어둡고 습해서 그런지 하루살이들이 많아요 제가 벌레들을 무서워하고 싫어해 서 그런지 무서워 죽는 줄 알았어요.. 몸에 달라붙고 먹는데 앞에 날아다녀요.. 그 외에는 괜찮습니다,케이크 진짜 베라 그 자체의 맛입니다 피스타치오 추천추천이에요,"홍대입구역 인근에 위치한 이쁜 카페예요. 인테리어, 분위기 다 좋아요! ㅎㅎ 음료도 맛있고, 케이크 종류 다양해요. 데이트 코스로 추천합니다 👍",카페 감성도 너무 좋구 CBD커피 흑임자크림 너무 맛있어요! 구리고 피치코코블랙티는 맨날 마시고 싶을 만큼 제스 타일이에요..✨👍🏻💛 케이크도 초코가 너무 질리게 단 맛이 아닌 딱 좋은 맛있는 단맛이라서 분명히 점심에 배부르 게 먹고 카페 온건데 계속계속 먹게되는 매직-⭐️ 또 오고싶은 욕구 뿜뿜한 홍대카페 예요!❤️,청귤 소다 상큼하고 시원해서 너무 맛있어요 ! 야외 테이블도 있고 골목이 예뻐서 날씨 좋은 날에 기분 전환하기 좋아요 🥰,오랜만에 햇살맛집 홍대카페 커피벌스데이 새로나온 디저트들 위주로 Pick 말차향 가득한 쫀독 초코 브라우니 상콤 달콤 스프링펀치 에이드,분위기 좋아요! 개인적으로는 cbd크림보단 버터크림이 맛있었습니다!,인테리어도 예쁘고 버터크림라떼 맛있어요 !! 쌉쌀한 말차 맛 좋아하시는 분들 제주말차브라우니 추천합니다 . . 크림에서 말차의 쌉싸름한 맛이 강하면서도 브라우니는 달달해서 맛있었어요 !,주말에 2시간 이용가능해요 커피 시그니처 커피 추천해요 맛있어요 케이크는 너무 기대했나봐요 너무너무 달아요  근데 뭐 믹서기 돌리는 소리? 진심 대박 시끄러워요 이야기하기 힘들고 너무 시끄러웠던 기억밖에 없어요 재방문 은 안할 것 같아요,분위기 좋은 인테리어 맛집! 비주얼 좋은 음료가 맛도 좋고 케이크도 맛있었던 곳.,제 최애 케이크에용 ㅠㅠ 맛도 좋은데 사진까지 잘나오는..💓💓💓새로 나온 패키징도 너무너무 예뻐서 선물용으로도 제격👍🏻👍🏻,케이크가 예쁘긴 한데 맛은 별로였어요..ㅎㅎ 평소에 단 음식 잘 먹고 보통 케이크 두 조각은 기본인데 여기 케이크 는 많이 느끼했어요. 크림이 입안에서 부드럽게 녹는다기 보단 입안에 미끌거리게 남는 느낌. 녹차랑 피스타치오맛 먹었는데 피스타치오는 피스타치오마루 아이스크림이랑 비슷했고 녹차는 진하긴 한데 끝에 쓴맛이 많이 남...,시그니처박스 선물용으로 넘 예뻐요💓🎀,신메뉴 나왔다길래 호다닥 달려옴 핑크베리케잌 이미친놈ㅠ존맛탱 비주얼도 좋은데 맛도있슴 사장님도 친절하심!,"분위기맛집이었는데 이제는 케이쿠 맛집 등극,,이번엔 웨이팅해서 먹었어요!! 역시 세젤맛 커벌데케이크💓","분위기 있고 맛있는 커피집이에요! 사장님이 커피와 디저트에 진심이란걸 알 수 있는 감성카페 그잡체,,,✨홍대쪽 오시면 꼭 오세요,,✨🫶🏻",업체로부터 제품을 제공받고 작성되었음)CBD커피 치즈케이크 먹었어용 넘 맛나요! 홍대 카페로 강추드려요❤️ 대화하기 좋은 분위기~ 은근 조용해서 혼자서도 굿이에용,찐한 말차케이크가 있는 곳으로 말차 특유의 쌉싸래한 맛을 좋아한다면 먹어봐도 좋을 것 같음. 마치 없어진 스벅의 말차프라푸치노가 생각나는 맛. 커피도 하이볼도 정말 맛있는데 테라스에 앉아 마시고 있으면 세상 고요하고 좋음😌,핑크베리딸기크림 케이크 미쳤어요💖딸기맛이 듬뿍 ㅠㅠ 여름에 딸기케이크 먹을수 있어 행복해~사장님 정말 맛있는것만 만드시는 배우신분들🥹💖🫧,치즈케이크가 너무 꾸덕하고 맛있어요. 심지어 위에는 크렘브륄레같은 바삭한 설탕이 씹혀서 더 맛있었어요 ㅋㅋㅋ 조용히 당충전 하기에 최고!,케이크가 도라방스입니다 넘맛있었어욤,핑크베리케이크 먹었는데 그저 그럼. 음료가 매장 내에서 먹는 건데도 플라스틱 일회용에 나오는 게 맘에 안듦,카페 분위기도 너무 좋은데 디저트랑 음료도 진짜 너무 맛있어요ㅠㅠ 사장님도 너무너무 친절하셔서 기분 좋게 먹고 왔어요!! 다른 케이크 맛도 궁금해서 케이크 도장깨기하러 또 올게요!! :),테라스에서 먹는 크로플이란 🤍 넘 맛있어요 취저 💗💗🫠 여기 커피도 맛있어요 ㅠㅠ날씨 따땃해서 테라스에서 먹으니까 기분 좋네요 사진도 잘나오고 매장도 이쁘구 담에 또 올게요 🙌🏻🙌🏻,매장 분위기가 너무 좋아요~ 신맛 안좋아하는데 여기 커피는 고소한게 딱 제스타일이었어요!! 야외 테이블도 있던데  탐나드라구요 분위기 맛 등등 전반적으루 다 좋았습니당~~,홍대 가면 이젠 무조건 들리게 되는 단골카페ㅠㅠ 사장님 항상 친절하셔서 갈때마다 기분좋아져요😊 우리 댕댕이도 반겨주시고~상냥한 사장님덕에 단골됐습니다..! 번창하셔요~,데굴데굴데구르르르데룰리제ㅔ줃르데굴덷룰 여데굴기후리리리릭 맛요리조리요리있둠칫둠칫어요,분위기 좋아요,오늘도 맛있는 커벌데 케이쿠.. 🍰🍋 홍대 올 일도 없는데 레몬케이크 먹으러 왔어여💖 ㅠ_ㅠ 진짜 저랑 평생가여.. 할머니되서도 먹을거야..,애플케이크 진짜 너무 맛있어요!!!,여기 분위기 너무 좋은것같아요ㅎㅎ 홍대 인데도 아늑하구 핫플레이스 느낌 제대로에요ㅎㅎ 스피커가 너무 이뻐서 보니까 좋은 스피커더라구요~! 그래서그런지 음질이 너무 좋구 외국스러은 느낌이나요! 인스타 감성의 인테리어와 맛있는 케이크가 넘 특색있구 레몬케이크 특히 넘 맛있게 잘먹었어요ㅠㅠㅠ 저는 시그니처 음료 청귤에이드...,버터크림커피는 맛있었는데 검은색 커피는 살짝 공차같은 이 났어요..! 인테리어는 정말 예뻤어요. 인스타느낌 낭낭한 카페였어요. 딸기초코케이크에 있는 초코크림 꾸덕하니 맛있었습니당🫶 사람이 많이 없어서 수다 떨기 좋았던것 같아요.,"점심먹고 들린곳인데 커피도 산미없고 부담없는 맛이여서 넘 맛있었고 , 인테리어 소품들이 너무 이쁘더라고요 ~ 다음에 여기서 여유롭게 커피마시면서 공부하기에도 좋을거 같았어요 ❤️",제가 진짜 애정하는 맛집인데 이번 신메뉴로 피스타치오 오레오 케이크가 나와서 먹어봤어요 ☺️ 찐한 피스타치오 맛에 달달한 오레오로 포인트!  진짜 여긴 케이크 맛집! 거기에 선물하기 딱인 센스만점 패키징까지 👍 다음에 친구 선물하러 또 들릴게요 🥰,사장님덜 시니컬 하심니다.. 원래 그런진 모르겠으나 혼자가면 눈치를 좀 쥬심 … 블로구 이웃분 게시글 보고 기대하고 왔으나.. 음오아예 ..,시그니처메뉴 흑임자가 고소해서 너무 맛있네요💕사장님 케익 어케 만드신거에요넘 맛있어요❤️❤️,케이크가 유명하다고 해서 갔는데 사람 진짜 많았습니다 ㅎㅎ 맛있게 잘 먹었어요,크로플 맛집이래서 갔는데 인테리어 뒤집어져.. 놀라자빠짐 인테리어 좋네요 찍을 맛 납니다 크로플 말모 넘 맛있어요,굿,"깨끗한 내부 화장실과 넉넉한 좌석, 멋진 인테리어가 만족스러워요 ♥️ 얼그레이 케이크 / 자몽이 2단으로 들어가서 아주 깔끔해요 크림에 찻잎이 그대로 들어가서 아주 진하고 부드럽네요. 밀크티를 마시는 것 같아요. 시트도 말랑하 고 촉촉해서 식감이 좋습니다 청귤 그린 소다 / 보기에만 예쁜 게 아니라 맛도 좋아요 달콤함과 산미가 잘 어...","진쨔 새로운 케익 나올때마다 다 먹어보는 중인데 어쩜 맛없는 케익이 없아요,,🥹 갬동받아서 칭구생일기념 홀케익도 주문해봤습니다!! 대만족 대성공이에요~~",굿,카페 인테리어도 예쁘고 케이크가 정말 맛있었어요~ 다음번에 또 방문해서 다른 케이크도 먹어보려 합니다 ❁´ω`❁,동네에 이렇게 분위기 좋은 카페가 있다니! 애견동반 가능하고 조명이 은은해서 좋았어요,"홍대 케이크 맛집하면 커피 벌스데이! 분위기 있는 인테리어와 맛있는 디저트, 애견동반도 가능한 카페에요ㅎㅎ",좋아요,"근래 갔던 카페중 제일 비위생적이였던 것만 빼면 좋은 공간이라 생각해요 :) 앉으려는데 자리에 음식물 굳어서 묻어 있구,, 머리카락에 벌레 사체들이 너무 많아서 으악했는데 테이블도 커피 굳어있는 것 보니 청소를 안하시는 것 같더 라구요,, ㅜ 그것만 빼면 감각있고 애견 동반이되어 강아지도 볼 수 있구 좋더라구요. 케익은 말라있다해야하...",카페 감성 낭낭해서 넘 좋아요😆😆 포토스팟도 인스타 감성 낭낭해서 셀카찍기 좋아요🥰 단호박케이크 단호박 맛 찐해서 꼬소하고 꾸덕꾸덕 맛있고 건강한 맛이에요😁😁 CBD커피는 흑임자가 들어간 커피라 믿고 먹을 수 있는 맛입니다~~ 비주얼도 감성 미쳤어요ㅎㅎ 막찍어도 잘나오네요ㅎㅎ 티라미수라떼 마스카포네치즈크림 풍미...,
팽페르뒤,1300378937.0,"연남동에 생긴 프랑스 감성의 프렌치토스트 맛집. 밀도있으면서 부드러운 식감을 즐길 수 있는 프렌치토스트가 있 는 곳으로 커스터드, 아이스크림, 초코 세 종류가 있어 취향껏 원하는 프토를 맛볼 수 있어요 프토도 맛있지만 사장 님이 굉장히 친절하셔서 더 인상에 남았던 곳! 인테리어도 예쁘고 맛도 좋고 배려깊은 사장님까지 계시니 안 ...","화덕에 구워 더 바삭한 프렌치 토스트가 궁금해서 왔어요. 안은 촉촉하고, 겉은 바삭한 토스트가 좋았구요. 바닐라  커스터드 크림 때문인지, 일반적인 프렌치 토스트보다는 크림브륄레 맛에 가까웠어요. 커피는 펭페르뒤 라떼와 꼬 르따또 마셨는데 둘다 무난했습니다. :)",영수증 리뷰는 첨이지만 벌써 5번째 방문입니다ㅠㅠ 자꾸 생각나는 맛이예요! 사장님과 직원분들 모두 친절히 응대해 주시고 좌석도 넓고 다양해서 편한 시간 보냅니다 🫶 결심했어요 프토는 이제 여기로 오기로,새로 오픈한 화덕 프렌치 토스트 카페인데 여기서 제 인생 프토를 만나게 될 줄은 몰랐습니다. 사장님도 너무너무 친 절하시고 카페 메뉴에 대한 자부심이 있으셔서 더욱 신뢰가 갔습니다. 카라멜라이징한 겉면과 다 먹을 때까지 촉촉 한 빵의 내부.. 찍어먹을 수 있는 커스터드까지 모든 것이 완벽했어요. 팽페르뒤 라떼도 달콤하고 맛있어서 눈...,프토를 화덕으로 구워주셔서 안까지 따뜻하고 촉촉함이 남달라요! 프토에 진심이신 사장님 덕에 프토러버 행복하게 먹고 갑니당🍞 좌석도 넓고 좋아서 수다 떨기에도 좋았고 인테리어에 사소한 디테일 찾는 재미도 있는 곳입니다~  아직 가오픈이신데도 핫해요! 정식오픈이 기대됩니다👍🏻 정식오픈 하고 또 갈거에요!!!,"새로운 느낌의 프렌치토스트,,,! 아주 순삭하지 않을 수 없는 맛이니 1인 1프토 하세요 ㅎㅎㅎㅎㅎㅎㅎ 데코까지 예 뿌게 해주셔서 눈코입 다 즐거운 시간 보냈습니다 ㅎㅎㅎ:) 휴지도 예뽀,,, 근데 솔직히 음료가 너무 고오급지게 맛 있어요,,,🫢🫢🫢",안에 인테리어도 예쁘고 사장님도 엄청 친절하셔요! 빵 자체가 두꺼워서 배가 차고 겉은 카라멜라이징 돼있어서 바삭하고 속은 촉촉하고 맛있어요! 주변에 있는 커스터드 크림에 찍어먹으면 존맛탱! 용과레몬 주스도 상큼달달 맛있어요,크렘 앙글레이즈 프렌치 토스트 겉바속촉에 다른 프토집보다 덜단편이라 너무너무 맛있게 먹었어요!!ㅠㅠ 서비스로 주신 피넛버터 토스트도 완전 맛있구 영혼까지 끌어올려서 싹싹 긁어먹었습니다 그리고 사장님 너무너무너무 친절하셔서 재방문 의사 500%!!!,오래간만에 제대로된 프렌치터스트를 먹은 느낌이예요 단거를 선호하는편이 아니라 아이스크림은 안먹어야지 했는 데 쫀득한질감에 과하게 안달아서 아주 잘어울려요!! 단거 안좋아하셔도 드셔보세요!!!! 화덕에 구워 나와서 시간은  좀걸리지만(손님이 많아서 그런거 같긴해요) 더 맛이 깊은거 같아요 아 커피도 맛있어요 산미없는 고소한 라...,"먹어보고 싶었던 화덕 토스트 !너무너무 맛있고. 여자친구가 배고프다고 멀다고 다른 거 먹자고 했는데 ,억지로 끌 고 온 만큼 , 기대한 만큼 기대 이상으로 맛있게 잘 먹었고 사장님 및 직원분들이 친절해서 더 좋았습니다 ~!! 분위기 도 좋고 브런치 먹기 딱 좋은 거 같아요",커피 안좋아하는데 라떼 완전 달달구리 찐하고 맛있었어요(⁎⁍̴̀﹃ ⁍̴́⁎)♡ …. .! 크리스마스 분위기 낭낭하고 직원분들 다 친절하세요 ~ 먹는법도 친절히 다 알려주시고 짱이에오 …. 프렌치토스트 먹으면 진짜 감탄나와요 꼭드세요 꼮꼮⭐️,"매장 공간도 넓으면서 테이블도 큼직하고, 직원분들이 너무 친절합니다! 빵은 주문하면 15분 정도 기다려야 하는데 화덕에 구워주셔서 냄새도 너무 좋고, 맛있습니다! 가격은 조금 있지만 먹어보면 후회하지 않을 맛입니다❣️",화덕에 구운 프렌치토스트! 겉은 바삭하고 속은 진짜 부드러워요🤤 커스터드 크림에 듬뿍 찍어먹으면 찐맛..✨ 화덕에서 나오는 모습도 구경할 수 있어요. 사장님이 티에 관심이 많으셔서 향좋은 티가 많아요. 프토랑 곁들이기 넘 좋네요!,"제가 프렌치 토스트와 아메리카노 일가견이 있는 사람으로써🤨 이런 맛집은 처음입니다👍🏻👍🏻 사실,,,가격은 좀 있는 편이지만 그래도 화덕에 구워 빠삭 촉촉한 이 맛은 가격을 인정하게 만드네요ㅋㅡㅋ 다음엔 프로슈토 들어간 토스트 한번 먹으려 오려구요ㅎㅎ",화덕에 구운 프렌치토스트라니!! 너무 궁금해서 안갈 수가 없었네요. 역시나 맛있고 단짠의 조합이 너무 훌륭했어요! ! 레몬 제스트가 상큼함을 더해주고!! 사장님도 너무 친절하시고 공간도 센스 있게 너무 굿!! 담엔 다른 프렌치토스트 도 먹어보고 싶네요.,프렌치토스트를 좋아하는데 화덕에 굽는 프렌치 토스트라니!!! 커스터드 크림이랑 같이 먹는데 넘 맛있네요 :) 많이 달지 않아서 자꾸 땡기는 맛입니다. 웨딩임페리얼 티까지 완벽합니다 🤭 영수증도 개선문이 찍혀있어 넘 귀여워요. 사장님도 친절하시구 ㅠ 평일 점심에 오니 웨이팅 없이 바로 들어올 수 있었어요!,프렌치토스트 맛집으로 유명하다고 들은 곳! 커피도 티도 맛있고 분위기도 너무 좋아요 ㅎㅎ 다음에 프렌치토스트 꼭 도전해보고 싶어요ㅠㅠㅠ 라떼 진짜 맛있어요☕️🤎 사장님도 친절하시고 자주 오고 싶은 곳입니다!!,핫플이 될것같은 예감에 가오픈때 다녀왔어요! 화덕에 구워진 프렌치토스트 첫 입에 파리에 온 기분💛💛 카페모카 와 커스터드크림의 조합이 예술이에요ㅠㅠ 영수증 뒷면에는 개선문 스템프까지 아주 아기자기하고 기분좋은 곳이 에요!,"팽페르뒤 라떼 라는 음료가 바닐라빈이 들어가서 더 맛있었고 기본 프렌치토스트도 엄청 맛있었지만 '잠봉 에 글라 스' 라는 메뉴도 전체적으로 단짠단짠하면서 아이스크림이 쫀득해서 더 맛있었던 메뉴였습니다. 다시 재방문하고 싶고, 메뉴 가져다 주시면서 메뉴 설명과 먹는 방법을 친절하게 잘 알려주셨고, 매장에 계신 사장님들도 엄청 ...",인스타 보다가 프렌치 토스트 먹고 싶어서 들렀는데 진짜 맛있어요 (۶•̀ᴗ•́)۶ 하몽 아이스크림 버전과 클래식 버전 둘 다 각자 다른 매력이 있으니 꼭 둘 다 시켜드셔보시길 바라요 커피도 맛있게 잘 마셨습니다 사장님이 친절하세요 ෆ˙ᵕ˙ෆ,갑자기 프렌치토스트가 너무 먹고 싶어서 우연히 발견한 곳인데 최근 가오픈한 곳이었어요! 그냥 먹어도 맛있는 프 토를 화덕에서 한 번더 구워주시니 그야말로 겉바속촉이었습니다👍🏼 접시에 깔려있는 크림소스는 바닐라빈향이 나 면서도 부드러워서 프토 찍어먹으면 부드러움과 달콤함이 올라가는 느낌이에요! 커피는 프토가 달달하다고...,토스트 너무너무 맛있어요.. 프토계의 정석..🥹🤍🤍🤍 오리지널 기대하고 왔는데 잠봉 에 글라스가 너무너무 맛있어서 오히려 더 추천드려요 진짜 단짠 조합이 미챴고 특별한 감칠맛이 느껴져요!!,"프렌치 토스트가 너무 맛있어서 금방 다 먹어버렸어요. ㅎㅎ 티도 맛있고, 에이드도 맛있어요!! 사장님도 너무 친절하시고~ 추천합니다!^*^ 또 올게요☘️",따끈따끈한 신상 프렌치토스트집♡ 프토에 진심이라 오픈런 했습니다! 화덕에 구운 프토는 처음인데 기대이상이에요. 특히 잠봉프토는 처음먹어보는 맛이에요 강추+ 사장님 직원분 친절하시고 커피 맛남 용과쥬스는 상큼. 프토에 진심이신분들은 멀리서 오시는거.. 말리지 않을게요!,일단 직원분들 넘넘 친절하셨어요🩵🩵 설명도 하나하나 해주시고 무엇보다 프렌치토스트 진짜 맛있더라구요!! 화덕으러 구워서 그런지 토스트에 맛이 더 잘 배어있었습니당 또 먹으러 오고 싶은 곳...🍞🍞,"화덕에 굽는 프토가 있다고 해서 찾아왔어요🤤 크림이 너무 맛있어요. 잘 구워진 식빵 커스터드에 푹 찍어먹으면 극락,,😌 커피도 산미 적당하고 맛있어요. 잔도 예뻐서 보는 재미도 있습니다. 사장님들 친절하시고 공간도 아늑해서 다음에 다시 찾게 될 것 같아요~:)",아이스크림 녹을까봐 사진 후다닥 찍고 먹었는데 잠봉 짭쪼름맛과 아이스크림 단맛 같이 단짠 최고👍🏻  다음엔 오리지널 먹어보고싶어요~,주말 연남동 나들이 왔다가 오게된 팽페르뒤 카페!! 화덕에 구운 프렌치토스트?! 처음 들어본 메뉴에 너무 궁금하더 라구요!! 그래서 커스타드크림 토스트랑 아이를 위한 햄과아이스크림 그리고 주말이니 아메를 시켜 먹었는데 많이  달지 않은 부드러운 크림과 겉은살짝 바삭하고 속은 촉촉한 토스트의 식감과 잘 어우러져서 흡족했어요😍 ...,연남 정말 오랜만이 왔는데 완전 취저카페가 생겨서 들어왔어요💘💘 요즘 1층이 아닌 카페가 너무 좋은데 딱 2층 에 시원한 뷰예요 그래서 빛이 잘 들어와 사진 잘나오는것 같아요 넘죠아 ㅠㅠㅜ디저트도 맛있구 커피는 컵이 짐쨔  이뻐서 구매욕구ㅎㅎㅎㅎㅎ 또올게용 친절한 사장님!!!,우연히 화덕 프토라는 글을 보고 생소하지만 기대를 갖고 왔는데 세상에나 너무너무 맛있어요🥹 인생프토급 입니당!! 다음엔 초콜릿맛도 먹으러 와보려구요:),화덕 프렌치 토스트로 SNS에 떠서 다녀왔어요~ 에스프레소에 커스타드 크림 토스트 하나 하몽 토스트 하나 시켰 는데 정말 맛있었어요 특히 바삭한 끝부분도 좋았지만 하몽이랑 후추가 올라간 바닐라 아이스크림에 레몬 제스트까 지 밸런스도 굿,프렌치 토스트 처음 입문했지만 다른 곳과 굳이 비교 안해봐도 프렌치 토스트 카페 탑5 안에 들 것 같습니다♥ 게다가 사장님 친절함에 있는 내내 기분 좋게 디저트 즐겼습니다. 가오픈 기간인줄도 모르고 사진이 너무 맛있어보여서 적당히만 기대하고 방문한 곳인데 기대 이상입니다♥ 화덕에서 직접 구워주시는 프렌치 토스트 드시러들 오세요!,화덕에 구워서 겉은 바삭 속은 따뜻~ 먹어본 프렌치 토스트 중에 제일 부드러워요! 잠봉&아이스크림은 단짠단짠 조 화에 후추랑 레몬제스트가 아주 잘 어울리고 기본인 커스터드는 토스트가 커스터드를 흠뻑 흡수할 수 있게 4면을 돌 려가며 적셔서 먹으면 더 진하게 먹을 수 있었어요:) 가오픈 기간에 평일 방문했는데 웨이팅 살짝 있어서 더 ...,매장에 들어서면 화덕에서 굽는 빵 냄새에 1차 기분이 좋고 음식 먹으면 2차 기분이 좋아져요!! 토스트가 겉은 바삭 하면서 속은 너무 촉촉하고 잠봉과 아이스크림 단짠 조화가 잘 어울려서 계속 손이 가는 맛입니다~ 먹다보면 레몬제 스트 같은 향이 입안에 맴도는데 다 먹고 끝 마무리가 깔끔합니다! 레몬용과쥬스도 용과맛과 레몬 맛이 적절...,가오픈 중이라 호다닥 와봤는데 너무 맛있어서 10분만에 순삭했어요 ^^ 담엔 더 여유있게 여럿이 와서 종류별로 즐기고 가야겠어요. 사장님도 친절하시고 인테리어도 넘 예뻐요! 동네에 예쁘고 맛있는 카페 생겨서 넘 행복🥰 영수증뒤에 저렇게 개선문 스탬프 찍어주시는데 넘 귀욥🤭,"화덕에 구워주는 프렌치토스트라길래 궁금해서 방문했어요. 가오픈 기간이기도 하고 비오는 월요일이라 그런지 자 리도 넉넉한 편이었고 음악도 분위기도 편안하니 좋았어요~ 사람이 조금 몰릴 때 가서 프토 나오는 데까지 18-20분 정도 걸렸는데 음료를 먼저 주셔서 기다리긴 괜찮았어요. 사장님이 아주아주 친절하시고 초콜릿 프토, 오미자...",화덕에 구운 프렌치 토스트!!!!💓 디저트카페 많이 다녔었는데 처음보는메뉴라 새롭네요!! 커피도 너무 맛있고 토스 트는 겉바속촉이라 입에서 녹아내립니다ㅠ 연남동오면 무조건 여기로 직행!!😋 사장님도 친절하시고 잔도 이쁘고  인테리어도 감선적이라 취향저격입니다ㅎㅎ!!! 다음에 또 방문예정~💚,커스타드 크림 부드럽고 너무 맛있어요 ! 커피도 용과쥬스도 맛있었어요 ! 일단 사장님이 너무 친절하시고 친구들과  같이 여러번 잘 됐으면 좋겠다고 반복 했어요 💕 재방문 의사 있습니다 ! 대박 났으면 좋겠어요 😍,일요일 첫오픈 날 아침 방문! 화덕에 굽는 토스트라니 넘 궁금! 마침 비도오고 음악도 넘 좋고 음식도 넘 맛있네요! 특히 잠봉 아이스크림 토스트 단짠의 조화가 정말 좋았습니다! 사장님도 친절하시고 앞으로 번창하세요!,"오픈한지 이틀 차인데도 웨이팅이 있더라구요. 생각보다 회전율이 좋아서 10분 좀 넘은 시점에 들어갔고, 진짜 사장님 맛잘알이시네요... 같이 간 친구들이랑 커피부터 토스트까지 감탄을 연발했어요. 원래 리뷰 귀찮아서라도 잘 안 쓰는데 여기 좋네요.","일본 친구들에게 한국 카페를 소개하기 위해 방문했어요. 사장님께서 일본어로 인사도 해주시고, 모든 직원께서 너 무 친절하셨답니다 ☺️ 프렌치 토스트도 너무너무 맛있었어요. 일본 친구가 ‘일본 보다 맛있다!’ 하면서 하나를 다 먹 었답니다ㅋㅋ 오븐에서 만드는게 바로 보여서 더 좋았어요-! 홍대 가면 자주 들릴 듯 합니다! 리뷰 적고 조만...",인스타에서 우연히 발견하고 마침 근처에 방문 할 일이 있어 들렸는데 진짜 맛있어요! 빵 자체가 맛있어서 뭘 해도 맛있는 느낌! 크림도 맛있구 음료도 맛있어요!! 그리구 넘넘 친절하세요~!🥹👍재방문 의사 1811711%입니당 히히,요즘 인기 많은 프토 맛집이라 기대했는데 역시 기대했던 만큼 너무 맛있어요! 퐁신하고 너무 달지 않아서 조화가 딱 좋아요! 프토 맛집이라 또 커피는 맛없을까 걱정했는데 커피까지 맛있어서 앞으로 단골 될거 같아요🥹 사장님이  맛있고 음식이 친절해요🤣 오래오래 장사 해주세요🫶🏻,"화덕에 구운 프렌치 토스트가 있는 특별한 곳, 그리고 친절하고 머쨍이 사장님까지 계시니 하루가 더 특별해지는 기 분 입니다 ! 커피는 못 먹어 봤지만 티를 즐겨 먹을수 있는곳이라 더 좋은거 같아요. 다들 더 유명 해 져서 먹기 어려 워 지기전에 얼른 오셔야 할거 같아요 (⁎⁍̴̀﹃ ⁍̴́⁎)♡","너무너무 친절하셔서 기분좋게 머무르다 왔어요😊 토스트 가격대가 조금 있지만 절대 아깝지 않은 맛! 햄 아이스크 림 단짠조합에 레몬제스트랑 후추향이 아주 잘어울려요🤍 갠적으로 용과레몬주스는 좀 텁텁한? 향이 나서 그냥 그 랬고, 팽페르뒤 라떼는 아이스크림을 녹여서 만드셨다는데 적당히 달달하면서 맛있었어용",홍대에 새롭게 오픈하셔서 찾아 왔어요 직원분들이 엄청 친절하시고 따뜻한 느낌을 받을수 있어서 좋았어요 프토 만드는 동안 음료먼저 내어 주셔서 좋았구요 프토가 엄청 맛있어요 적당히 캬라멜화된 윗 부분에 버터리한 향과 오 일향 달콤한 향기가 복합 적으로 잘 느껴지면서 밑에 서브해 주신 크림도 맛을 해치지 않으면서 각자의 개성...,"주문하고 아직 먹지도 않았는데 장소, 주인장의 친절함이 넘 좋았습니다. 기분 좋은 프랑스 캐주얼 식당에 온거 같 은 분위기네요. 프랜치 토스트 손에 꼽을만한 맛입니다. 다른 프랜치 토스트들 맛 궁금해서 또 올꺼 같습니다.",너무너무너무 맛있어요~ 토스트도 라떼도! 너무 친절하시고 테이블도 깨끗이 닦아주시고 최고👍👍,인터넷에서 보구 토스트가 맛있어보여서 가토픈일 맞춰서 방문했어요!! 방문일에 커스타드 크림이 없어서 아쉬웠지만 나머지 2개 메뉴도 생각보다 너무 맛있어서 놀랬어요!! 음료로 시킨 티 음료도 정말 맛있었습니당 오픈하면 자주 올거같아요~!!,"프렌치 토스트를 원래도 좋아하는데 화덕에 굽는 프렌치 토스트...? 이건 못 참지 하고 달려왔습니다 인테리어도 너 무 예쁘고 친구들 사진 찍어주는데 인생샷 그냥 나와버리고 토스트랑 커피는 진짜 말해모해요,,, ㅠㅠㅠㅠ 너무 맛있 고 계속 생각날 것 같아요 ㅠㅠㅠ 개인적으로 아메리카노+커스터드 크림 토스트 조합 강추입니다!!! 사장님도...","직원분들 다 너무 친절하셔서 주문할 때부터 너무 기분이 좋았어요!😍 그리구 커피도 너무 맛있고 토스트는 말할 것도 없어요 잔도 너무 예뻤고, 따뜻한 햇살 분위기 너무 좋았어요 다음에 또 가고싶어요 정말!☺️",토스트 한입 먹자마자 감탄했습니다.. 겉은 바삭하면서 속은 따듯하면서 부드러우기까지..! 커피도 역시나 맛있구요 인테이러도 좋고 사장님도 너무 친절하세요~!! 연남동 오면 무조건 여기입니다.. 조만간 손님들 많아져서 자리 없을 수도…,토스트 따뜻 촉촉 부드러움 모든 삼박자가 고루 이루어져 있어요 맛있습니다! 커피도 신맛없는 원두고 티도 너무 맛있네요! 다음에 또 올게요,화덕에 구운 겉바속촉 프렌치토스트를 맛볼 수 있는 곳 프로슈토와 아이스크림을 얹어 비주얼도 좋고 단쩐단짠 촉 촉하고 맛있었던 연남동 신상 카페 :),"이 계절에 프토랑 따뜻한 라떼 먹고 싶어서 방문했어요!! 화덕에 구운 프토도 기존에 접하던 것보다 특별하고 다른 재료, 소스와의 조합들이 좀 더 완성된 메뉴 같았어요. 직원분들도 너무 친절하시고 기분 좋은 시간이었습니다!",정 말 맛있어요 부드럽고 많이 달지않아서 계속 먹을수있을거같아요 진짜 화덕에 넣고 빼는것도 볼수있고 화덕에 구워서 더 바삭하고 보는맛도 있어요bbbbbbb,크렘 앙글레이즈랑 뵈르 드 베 너무 맛있어요!  특히 위에 올려진 베리버터가 너무 새콤달콤 맛있습니당❣️빵도 너무 부드럽고 커피 향도 너무 좋네요. 다음에 또 올게요 잘 먹었습니다🤍,지나가다 창문이 예뻐서 들어왔는데 특별한 토스트 와 커피가 넘 잘어울리고 커피가 참맛있어요. 컵과 식기류가 바다를 연상시키는 느낌에 특별함을 느꼈어요. 좋은 공간입니다.,커피는 향이 있어요! 맛있습니당 프렌치토스트는 촉촉하고 달달구리 맛있어요🥰 화덕에 구워주시는게 신기해서 방문 했습니다!! 맛있어요~,존맛탱입니다요 이거 쓰면서 다 먹었는데 또 하나 시킬거임 연남동 맨날 비주얼만 이쁘고 맛있는 곳 별로 없어서 짜 증났는데 여기 때문에 짜증 줄어들었음 ㅎㅎ 창가자리도 이쁘고 만드는 과정 볼 슈 있어서 좋다. - 이거 쓰고 다른  메뉴로 또 주문함ㅎㅎㅎㅎㅎ,이런 프렌치토스트는 처음! 색다르면서 눈도 입도 행복한 맛이었습니당. 사장님도 너무 친절하시고 좋았어요~ 점점 더 인기많아질듯요👏🏻👍🏻,토스트가 진짜 부드럽고 달콤해요🤍 인테리어도 아기자기하고 파리느낌나요ㅎㅎ 내부에 화덕이 있는데 분위기 넘 좋네용!,프렌치토스트 정말 좋아해서 여기저기 많이 다니는데 손에 꼽을 정도로 맛있어요! 커피까지 부드럽게 어우러져서 눈도 입도 너무 좋은 시간 보냈습니다🫶🏻,매장 직원들도 친절하고 화덕에 구워나온 프렌치 토스트는 처음 먹어보는데 진짜 맛있어요… 특히 아래 깔린 크림 소스와 함께 먹는다면…🤤💖💖 웨이팅 기다린 보람이 있는 매장입니다 ㅎㅎㅎ,"연남동 메인거리에 있는 카페입니다. 업무 볼게 있어 근처 카페 검색하다가 우연히 찾았는데 커피는 말할 것도 없고 디저트로 토스트 맛이 미쳤습니다. 사장님,직원분들 너무 친절하시고 매장 분위기도 좋네요. 단골 예약입니다😄",시그니처 음료가 특색있고 맛있어요!! 커피맛 도 좋아요!! 프렌치토스트를 화덕에 구워서 신기했어요!!! 프렌치 토스트는 입에서 살살 녹아서 너무 맛있어요!! 옆에 크림이랑 잘어울리고 너뮤 맛있습니다!!,"아침에 바람이 차서, 따뜻한 프렌치토스트가 생각나 오픈런으로 왔어요. 오픈한지 얼마 되지 않아 웨이팅은 없었고  화덕 역시 사랑이네요 ! 어느가게를 가든 시그니처 또는 기본을 좋아해서 첫 가게라 기본으로 시켯는데 순삭했습니 다. 다음에 책들고 와서 즐기며 가는 것도 추천합니다.",인스타에서 보고 와보고 싶었는데 역시 기대한만큼 프토 넘 맛있어요 !!! 기본으로 먹었는데 커피랑 잘 어울리고 생각보다 달지 않고 담백한 맛 ❤️ 화덕이 카페 안에 있다니 신기해요😊,사장님께서 너무 너무 친절하셨고 프렌치토스트 종류가 많았는데 베리(?)로 먹었는데 너무 맛있었어요! 음료도 진짜 맛있었어용~~ 용과주스랑 모카 진짜 추천드립니닷!✨✨👍🏻 홍대 올 때마다 방문하고 싶은 곳이에요!! 분위기도 맛도 다 최고입니댱,카피바라와 맛난거 먹으러 왔오요 ♡ 똑같은 메뉴로 1인 1메뉴 시켰더니 사장님께서 놀라셨지만 ㅋㅋㅋ (저희는 각 자의 밥그릇을 잘 지키는편입니다),"파리 여행에서의 향수가 느껴집니다. 사장님의 노련함이 담긴 프렌치 토스트와 커피, 공간은 다른 많은 카페들과 결 을달리합니다. 긴말이 필요없이 꼭 방문해 보셔야 할 곳입니다.",화덕프렌치토스트의 신박한 메뉴 구성 맛도 비쥬얼도 너무 맘에듭니다 커피도 맛있어요😁,인스타보고 화덕 프렌치토스트 먹고싶어서 찾아왔는데 엄청 맛있었어요. 레드용과레몬주스는 제 입맛엔 조금 셨는데 새콤한거 좋아하는 분들께 추천합니다. 프렌치토스트는 초콜렛 먹었는데 다음엔 커스타드 크림도 먹어보고 싶네요.,화덕에서 구워주는 프렌치토스트 넘 맛있어요!! 쇼콜라 주문해봤는데 다른 맛들도 먹어보고 싶어요ㅎㅎ 커피도 부드럽고 토스트와 잘 어울렸어요 직원분들도 다들 너무 멋지시구 친절하십니당 또 올게요🕺🕺,새로 오픈했다고 추천받아서 왔어요! 사장님 직원분 친절하셔서 기분이 좋았어요😃 영수증에 파리 개선문 스탬프도 찍어주셨어요~!  추워진 날씨에 따뜻하게 마시기 좋은 아메리카노 추천해요. 에스프레소 커피인데 엄청 부드럽고 맛있어요!!,화덕토스트는처음이지~^^ 🤣🤣🤣👍,인스타에서 보고 방문하게되었습니다 ! 웨이팅 잘 안하는 편인데 너무 먹어보고싶어서 기다렸다 먹었어요 ㅎㅎ 기다린 보람있었어요! 너무 맛있게 먹고 갑니다 그리고 남자 사장님 아주아주 친절하셔요 다음번엔 초코 먹으러 갈게여 ! 😄,토스트 인생맛집 찾았다!! 그냥 먹어도 맛있는 프렌치 토스트를 화덕에 구워주시니까 더 존맛 👍  분위기 좋고 사장님도 직원분도 세상 친절하셔서 다시 오고싶은 곳~,"화덕에 구운 프렌치토스트라니,,! 유명한 프토집 다 먹어봤지만 항상 비슷비슷 했는데 팽페르뒤 프렌치토스트는 너무 부드럽고 넘 맛있어요🥹 커피두 맛있구 다음에 또 올게요!",전 메뉴 다 먹어보고 싶었는데 남은게 초코만 있어서 넘 아쉬웠어요ㅠㅠ 하지만 초코도 기대 이상으로 맛있었고 싼 맛이 아닌 고오~급진 맛이라 더 좋았어요! (대기업의 싼맛이 아닌 정성이 느껴지는 맛?) 다음에 또 다른 메뉴 먹으러  올게용~~ 번창하세요:),"새로 생겨서 왔는데 사장님께서 너무 친절 하시고, 커피도 토슷흐도 넘나 맛있어요!!:)  인테리어도 깔끔하고, 연남동이랑 딱 맞는 분위기 카페 찾은 거 같아용ㅎㅎ 또 올게요 사장님👍🏻👍🏻👍🏻",들어오기잔부터 버터향때문에 너무 배가고파저요! 직원분들 다 너무 친절하시고~ 프렌치토스트가 너무 달지도 않고 따끈하게 나와서 너무 맛있어요!,프렌치토스트가 너무 맛있어요🍞 사실 조금 비싼 감이있다 생각했는데 먹어보니 그런 생각이 날라갈정도입니다🫶 티도 향긋하니 너무 좋았고 에이드도 상큼해서 맛있게 먹었어요:),자주 오고 싶은 곳이에요! 디저트도 예쁘고 시그니처 음료도 특별해요ㅎㅎ 토스트 넘 맛있습니당...🐶 꼭 먹어보세요!!,화덕에서 구운 프렌치토스트 먹으러 왔는데 인테리어도 너무 예쁘고! 커피도 맛있고! 프렌치토스트도 쫀득쫀득하니  너무 맛있었어요😋,지구가 종말을 하고..오늘 하루 밖에 못살아서..프토 밖에 못먹는다하면 난 정말 아주 행복하고 감동스러운 마음으로 여기를 갈거야 죽기전에 이 프토면 ㄹㅇ 행벅한 삶이였다 하고 갈듯 아 진짜 ㅈㄴ 맛있어요 여러붐 귀침ㅎ이러 이런 거 안쓰는데 진짜 혼자가서 저 소스?? 국물?? 같은거 싹싹 긁어먹음 여기 완벽중에 킹왕짱 완벽이에요 연남 ...,화덕에 구운 프렌치토스트 너무 맛있었어요! 분위기도 좋고 직원들도 친절하시고요 :) 잘 먹고 갑니다!,개선문 간판이 있어서 맨날 눈여겨보다가 드뎌 오픈한 거 같아서 와봤는데 프렌치토스트가 있네요!!🤍 바로 시키고 먹었는데 너무 부드럽고 맛있어요!!! 걍 입에 들어가자마자 녹아요…🤤 느끼하지도 달지도 않고 딱!! 너무 맛있습니 다!!!!! 그리구 화덕에다 굽다니 신기해요!! 그래서 더 맛있나봐용 ㅎㅎ ! 그리구 크렘앙글레즈도 너무너무 맛있...,"새로 생긴 카페라고 해서 와봤어요!! 사장님도 친절하시고, 토스트도 화덕에 구워나와 더 맛있고 촉촉한 토스트를 먹었네용 ㅎㅎ 커피도 맛있게 잘 먹었습니다 :) 다음에 또 올게요!!",부드럽고 쫜득한 프렌치토스트에 커피 🤎 메뉴 다 맛있고 인테리어도 너무 예뻐요! 이거슨 마치 파리에 있는 너낌~ ~~~🇫🇷 가오픈 3일차인데 만석! 이유가 있네요 연남동 핫플 될 것 같아요 :),프랑스에 온 것 같은 기분..💛 입에서 녹아서 행복하게 먹고 갑니다ㅎㅎ있는 메뉴들 다 먹어보고 싶어서 또 오려구요!! 커피도 맛있고 토스트도 맛있고 음식도 예뻐서 눈이 너무 즐거웠습니당ㅎㅎ,인생프렌치토스트!! 너무 맛있어요!!😋 커피랑 조화가 너무 좋고 프렌치토스트 크림도 너무 잘어울려요 그리고 사 장님이 정말 친절해요!! 사장님 덕분에 기분 좋아지는 카페입니다!,인테리어가 너무 예쁘고 감성 넘쳐요🥹 창가쪽에 앉았는데 앉자마자 힐링..🌸 토스트도 너무 맛있고 커피도 넘 고소하고 맛있습니다!!! 담에 커피랑 토스트 먹으러 또 올것같아요💜,화덕에서 구워지는 프렌치 토스트라는 그 자체에 의미가 있는 듯. 맛은 뭐랄까. 큰 특징은 없달까. 촉촉도 빠삭도 아닌 무난무난한 토스트맛..,"너무 맛잇게 잘 먹엇습니다! 겉바속촉 프토는 찐 추천!! 라떼도 고소하고 맛있어요❤️ 친절하신 사장님과 맛잇는 프 토, 아기자기한 인테리어까지 잇는동안 너무 기분좋은 오후엿어요🥹",토스트 진짜 맛있어요.. 촉촉부들말랑..💛 사장님들도 친절하시고 매장 분위기도 좋습니당! 커피도 맛있어요!!🫶🏻 와 서 꼭꼭꼭 토스트 먹고 가세요.,"빵이 촉촉하고 완전 부드러워서 푸딩같아요!!! 너무 맛있게 먹었어요,,🥹 아래 깔린 커스타드 크림도 많이 달지 않아서 딱 좋았어요 다음에 또 올게요☺️🫶🍀🍀",프렌치 토스트를 좋아해서 프렌치 토스트 맛집으로 찾아왔는데 너무 잘 왔네요!! 정말 맛있고 평소에 접하기 힘든 독특한 프렌치 토스트를 맛나게 먹을 수 있어서 너무 좋았습니당❤️❤️ 토스트만 기대하고 왔는데 에이드와 캐모마일 차도 너무 맛있어서 잘 먹고 편히 쉬다가 갑니다 💞💞,토요일 오후에 방문 했는데 웨이팅이 금방 빠져서 얼마 안기다리고 입장했어요 직원분들 모두 친절하시고 프렌치토스트가 너!무! 맛있어요❤️🫶🏻,오픈한지 5일째라구 하시는데 넘 친절하시구 인테리어도 이쁘게 잘 되어있어서 내부 분위기 좋아용😊 화덕에 구운 프랜치 토스트 꼭꼭 드시구 담에 또 올께요! I‘m 여기 cafe 추천해요~,사장님 두 분이 너무 친절하시고 인테리어도 깔끔해요. 화덕에 구워서 진한 크림 소스 부어주신 프렌치토스트는 맛이 없을 수 없어요!! 개인적으로는 기본 메뉴가 가장 맛있었습니다! 커피가 정말 맛있어서 음료를 꼭 곁들이시길 추천합니당ㅎㅎ,사장님이 너무 상냥하시고 친절하셔서 리뷰를 안남길 수가 없네요! 오시는분 가시는분 한분도 빼놓지 않고 인사를 하시더라구요 :) 물론 토스트도 너무 맛있었습니당 최고에요🫶🩵,화덕에서 나온 프렌치토스트라니... 너무 궁금해서 다녀왔는데 정말 맛있어요 ! 입에서 사르륵 녹는데 묘하게 쫀득하더라구요 ?? ....... 💛 커스터드 크림도 풍미좋고 맛있었어요! 카카오맛도 있던데 담엔 그거 먹으러 가려구 함니다... 🤍💛 사장님도 진짜 친절하셔요...,홍대에 의외로 애견동반카페가 없어서 찾는데 오래 걸렸는데 새로 생겨서 너무 좋아요! 카페 분위기도 너무 예쁘고 음료도 존맛탱.. 프렌치토스트는 아쉽게도 품절이라 못 먹었지만 ㅠㅠ 레드용과 레몬쥬스는 독특하면서도 정말 맛있었어요!,크림이 그냥 환장이세요!!!!! 스푼으로 떠먹고 싶어요😁😁 다들 너무 친절하시고 그냥 여기 화덕에서 살고 싶다,"직원분들 엄청엄청 친절하심! 으로 시작해요. 프렌치토스트 먹고싶은데, 화덕으로 구워준다해서 찾아서 와봤어요. 기본 크림으로 먹었는데, 맛있어요. 엄청 부드럽고 크림은 느끼하지 않고, 크림맛이 흔한 느낌은 아닌거 같아요. 가 격은 다른 구성 없이 토스트랑 크림만 있는거 감안하면 좀 비싸긴 해요. 상콤한 음료로 레드용과 주스 시켜...","프렌치토스트 맛집입니다.. 💖 커스타드크림도 듬뿍주시고, 하몽과아이스크림은 단짠 조합 최고에요!!!🤩🤩 용과 레몬주스도 너무 상큼하고 맛나요 토스트랑 같이 먹으면 딱입니다!! 사장님께서 메뉴 설명도 어떻게 먹으면 맛있는 지 자세하게 알려주시고 친절하게 해주셔서 너무 좋아요..!","망원 카페 암튼 때부터 자주 방문했는데, 새로 오픈한 펭페르뒤도 너무 만족스럽네요! 2층이라 빛이 잘 들어오고 분위기가 밝고 사진도 잘 나와요 ㅎㅎ 잠봉 토스트는 단짠단짠이고 커스터드는 적당히 달달해서 조합이 딱 좋은 것 같아요 :)",화덕 프토는 처음인데 촉촉하고 소스랑 같이 먹으니까 달달하고 넘부드러웠어요! 일하시는 분들 모두 친절하셔서 좋았습니다⸝⸝ ᷇࿀ ᷆⸝⸝,너무 맛있구요 화덕 프렌치토스트라는 것도 엄청나고요💛 사장님도 너무 친절하시고 공간도 예쁘고 좋아요 ㅎㅎㅎ또 갈거에요
으믐,1888210838.0,가오픈 마지막날 방문!!! 모든게 넘넘 좋았던 곳!!! 분위기 디저트 커피 식기까지도 넘 매력있고 직원분들 친절하시고 넘 좋았어요~ 키워드 5개만으로 넘 부족했던 완벽한 곳이에요~오랜만에 이런 조용하고 고즈넉한 곳에 와서 힐링하 고 가요~레몬아이스크림은 인위적인 레몬맛은 전혀없고 상큼시원하고 샤베트느낌의 맛💛완전 순삭 피스타...,집 근처에 새로생긴 카페들을 한번씩 가보는데 오랜만에 마음에 드는 장소를 발견했어요! 일단 커피가 맛있어요. 코 르타토는 한입 먹고 난 뒤에 입안에 남는 커피 맛과 향이 아주 좋네요. 사용하시는 잔과 소서의 느낌도 마음에 들어 요. 평일에 오셔야 매장의 잔잔한 느낌을 더 즐기실 수 있지 않을까 싶어요. 1일 1커피하는 사람으로 자주 방...,"망원동 커피, 디저트가 정말 맛있는 분위기 좋은 카페. 짙은 우드톤 인테리어에 잔잔한 음악이 흐르는 공간, 홀로 와 서 생각 정리하기 좋은 분위기에 커피랑 디저트까지 퀄리티가 좋으니 다시 안 갈 이유가 없어요👍 사장님들도 친절 하시고 신경써주셔서 넘 좋았고 메뉴 하나하나 다 맛있어서 추천합니다! 참고로 웨이팅이 있어서 일찍 가거나...",와 아이스크림 진짜 너무 제스타일 너무 너무 맛있었어요 상큼한게 정말 제스타일 그런데 아메는 핫 시켰는데 아이 스로 나왔어요 근데 오히려 좋았던게 머들러랑 컵이 너무 이뻐서 오히려 좋았어요ㅋㅋㅋ 피스타치오카라멜타르트 는 진짜 달아요 꼭 아메 시키셔야 할듯 컵도 다 직접 제작 하신건지 너무 이쁘고 공간도 생각보다 좁은곳이 아...,"우드톤 갬성이 가득한 공간입니다. 잔잔한 음악과 따뜻한 분위기가 느껴지는 곳이고요! 내부 공간이 생각보다 작지 않아서 쾌적해서 좋아요. 테이블은 7개 정도 있습니다. 메뉴는 레몬아이스크림과 피스타치오카라멜타르트, 크림코 르타도를 주문했는데 각각의 맛이 다 맛있으면서도 또 같이 먹어도 조화로워서 좋네요. 커피잔이나 접시들도 ...","공간도 커피도 좋았던 새롭게 오픈한 카페 😌 요즘 이쪽 라인에 카페들이 점점 다양하고 많아지는게 서교동 근무자 는 그저 기쁘네요 잔도 되게 독특해서 신기했는데, 전반적인 분위기는 조용히 혼자 책 읽으며 시간 보내기 좋은 곳이 랍니다 :)","처음 버는 비츄얼에 반한 레멍 아이스크림은 상큼하면서 너무 좋았어요~ 커피, 따뜻한 밤우유,메밀차 모두 맛있었고, 분위기도 좋아서 자주 방문하게 될거 같아요!^^ 맛도, 멋도 좋고, 사장님의 에티튜드 역시 너무 맘에 듭니다. 재방문 의사 100%요~^^","드디어......!! 주성님 소영님만의 스타일과 정성이 가득한 카페 가오픈 시작했다는 소식을 듣고 바로 왔어요. 커피도  정말 정말 정말 맛있지만 디저트가 정말 미쳤습니다. 온세상 사람들 전부 먹었으면 좋겠어요. 맛있는 커피와 디저트  그리고 분위기까지 주성, 소영님이어서 가능한것 같아요. 앞으로 자주 올게요 !!💕💕💕",인스타 후기들 다 조용하고 잔잔하고 책읽기 좋은 곳이라고하는데 세상이 절 상대로 몰카하는 기분이었어요 선곡은 애매한데 노래소리가 꽤 크고 사람들은 노랫소리보다 크게 이야기하며 떠들고 공간에 소리가 울려 더더욱 시끄럽 고 비오는날 형광등 조명이 감성과는 거리가 멀었어요 햇빛 좋을 때 사람 없을 시간 노려서 가야만 그나마 좋...,‘동네에 꼭 있으면 좋겠다’ 라고 생각하는 그런 장소 마침 우리 동네에 생겨서 너무 좋다 조용하고 잔잔한 음악도 억 지스러운 밝은 톤으로 인사하지 않는 사장님들의 무드도 특별한 향 없이 가게에 흐르는 커피 냄새도 좋다 멍 때리고  싶을때 맛있는 커피가 먹고 싶을때 오가다 쉬어 가야겠다,코지하면서도 미니멀한 인테리어 가오픈임에도 오픈시간부터 고객들이 많네요 디저트 모두 좋았어요,예쁘고 차분한 느낌의 공간입니다. 가구들과 식기들도 멋져요. 크림 코르타도가 특히 맛있었습니다.,"감성너무너무좋구,, 책있는것도 너무좋고,, 고요함을 즐기는분들이라면 꼭꼭 추천드리는 카페입니다🤍🤍 음악이랑 분위기까지 너무제스타일이라,, 또올께요🫶🏻",망원에서 제일 좋은 공간이 생겼습니다. 디저트도 다른 어떤 파인다이닝 보다 완성도가 높아요. 커피와 밀크티도 맛있어요! 망원 오면 꼭 다시 올게요~~!,예쁘고 독서하기 좋은 곳이에요,"고요하니 혼자가도 좋을것 같았던 분위기 편안한 곳! 레몬 아이스크림은 설탕 코팅이랑 같이 깨 먹으니 재미도, 맛도 있ㅇ었어요!","일단 커피가 정말 맛있어요.. 사장님들의 커피에 대한 진심을 엿볼 수 있는 곳이에요. 디저트며 커피 다 얼마나 오랜 시간 정성을 들이셨는지가 느껴지고, 맛이 자극적이지 않고 고급스럽습니다. 가구도 직접 제작하셨다는데 여러모로 최애 카페가 되어버렸습니다!!!!!!!!!! 중간중간 귀여운 강아지들도 놀러오고요!!!!!!!!!!!!!!! 책 읽기도 좋은데!!!!!!!!!...",좋은 음료와 디저트가 있네요,아메리카노는 아무래도 데일리하게 매일 마실 수 있는 맛이 좋은데 고소하고 단맛이 좋아서 만족스러웠습니다. 디 카페인 핸드드립 서비스로 주셔서 맛봤는데 너무 맛있었어요ㅜ 다음주 정식 오픈부터 직접 로스팅하신 원두로 필터 커피도 마셔볼 수 있다고 하시더라구요! 원두가 취향에 맞아서 오며가며 포장도 자주 할 거 같아요. 자주 오겠...,"조용한 분위기에 맛있는 커피, 디저트가 있는 카페예요","가오픈기간 포함 재방문만 세 번째인데 이제 리뷰를 남기네요 망원동, 망원역과 가까운 카페로 분위기가 참 좋습니 다 ㅎ 개인적으로 사람 없을 때 혼자 즐기는 분위기가 좋지만 인기가 많아서 요즘 사람이 많을때도 많은거같아요 ㅜ ㅜ ㅎㅎ 디저트 커피 다 맛있어서 좋습니다~!!",최고! 얼른 또 가고싶어요🥹🤍,인스타에서 가오픈 소식보자마자 제 스타일이어서 달려갔어요😊 가오픈첫날에는 사람들도 많고 디저트도 금방 품 절됐다던데 오히려 제가 간 주말에는 널널하고 좋았습니다! 레몬아이스크림도 커피도 너무 맛있었어요💛🍋☕️ 특 히나 아이스크림 주문하면서도 너무 빨리 녹으면 어쩌나 했는데 그릇이 얼려서?나오는것 같더라구요! 이런 ...,잔잔히 책읽기 너무 좋은 공간이였어요:) 아메리카노 너무너무 맛있어요🥹🥹,감성적인 분위기가 느껴져서 좋았고 커피랑 디저트도 맛있어요,지나가다가 사람이 많길래 사 마셨는데 캬라멜커피가 맛있어요,동네에 이런 차분한 공간이 생겨서 좋아요.. 오래오래 남아주세요☺️,지나다 들렀는데 인테리어도 멋지고 커피도 맛있었어요☺️,햇살도 예쁘게 들어오고 우드감성이 분위기 있어요 물론 커피 디저트 모두 만족스러워요,디저트도 커피도 맛있어요 작지만 차분하고 기분 좋은 곳 식기류도 너무 예쁨,조용하게 머물기 좋은 곳. 공간이 주는 간결함이 있어요🍂,망원동 신상카페 으믐입니다. 딥한 우드톤에 안정적인 인테리어를 자랑하는 카페입니다. 커피가 매우매우 맛있는  카페로 이미 입소문이 날정도로 훌륭한 커피를 자랑합니다. 직원분들도 모두 친절하셔서 기분좋게 즐겼던 카페라  생각합니다.,특별한 도자기 전에 나오는 한국스러운 공간. 커피맛도 훌륭하다. 음악....바꿔주세요....음악......바꿔주세요.....공간무드에 어울리는 음악 추천해드려요?,,,,,,,,,,,,,,,,,,,,,,,,,,,,,,,,,,,,,,,,,,,,,,,,,,,,,,,,,,,,,,,,,,,,,,,,,,,,,
만동제과,1038526987.0,이미 홍대 빵지순례로 유명한 만동제과🥐 평일 오픈 시간대에 방문했더니 빵 종류도 많고 여유롭게 구입할 수 있었 어요. 후기처럼 시식 서비스만으로 배채울 수 있을 정도로 ㅋㅋ 갓 나온 빵 한조각씩 나눠주셔서 감동이었구요🫶🏻 그중에서 맛난걸로 하나 고르고 시그니처메뉴인 마늘바게트 포함해서 이것저것 선택했는데 이틀만에 다 먹...,"연남동베이커리맛집으로 인기많아서 퇴근하고 바로찾아갔어요! 7시 넘어서도착했는데, 다행히 빵 종류가 여러 남 아 있었어요 ㅎㅎ ✅베이컨치아바타 치아바타 제가 정말 좋아하는데, 안에 베이컨이랑 크림치즈가 잔뜩 들어있어 서 넘 맛있더라구요ㅎ ✅약밥파운드 엄마가 약밥좋아해서 샀는데, 약밥위에 견과류잔뜩있는게 맛있고 약밥...",아니 마늘바게트 미친거 같아요... 지금까지 먹어본 마늘바게트 중에 원탑입니다! 다른 빵도 다 맛있는데 마늘바게트 넘사벽인데요...? 저녁 6시쯤 늦게 갔는데 다 팔려서 종류가 많이 없긴 했지만 마늘바게트가 다행히 남아서 바로 사 왔습니다!! 진짜 하루만에 순삭 가능할 정도로 맛있는데 마늘 양념이 달달하게 듬뿍발려있고 전혀 마늘이 부...,홍대가면 무조건 방앗간처럼 들르는 곳입니다! 빵이 이 가격에 이 퀄리티면 진짜 대박인거에요🥹🥹 마늘 바게트가 갓 나와서 뜨끈뜨끈했는데 그래서 그런지 몰라도 진짜 JMT이었습니다.. 안에 소스가 촉촉하게 발라져있고 겉은 바 삭한데 딱딱하지 않아서 좋았어요! 그리고 마늘향이 은은하게 나는데 그게 과하지 않아서 좋았습니다! 일간 ...,"이미 유명한 연남동 빵집 홍대 맛집 만동제과! 평일 퇴근 시간 전 도착했다고 생각했는데 이미 많이 팔렸더라구요ㅠ ㅠ 조금 슬펐지만 그래도 먹어보고 싶었던 밤식빵, 어니언베이글, 마늘바게트는 있어서 다 사와봤어요! 집에서 가족 들이랑 먹었는데 저 밤식빵 어니언베이글 마늘바게트 요 3대장은 왜 유명한지 알겠을 정도로 맛있더라구요. ...",항상 맛있는 곳ㅎ 사람 많아서 호기심에 갔다가 단골된 맛집이에요 여기 빵 다 먹어보고싶은데 종류가 많아서 열심히 먹어야겠어요ㅋㅋㅋ,연남동 베이커리 유명한 만동제과 왔어요 역시 어떤 시간에 와도 웨이팅이 많아요 3팀씩만 입장 가능해서 조금 기다 리는 건 감안하고 가야할 듯 해요 약 10분..? 직원분이 빵 이름을 말씀해주시면서 가위로 잘라줘서 먹어보라고 시식 빵을 주세요 약간 모이 받아먹는 느낌ㅋㅋㅋㅋ 맛있어요 전체적으로 모든 빵들이 다 맛있고 호불호 없을 빵맛...,"만동제과 연남동 빵맛집 맞네요:) 오늘 구매한 빵 모두 넘넘 맛있어요🙂 특히나 어니언 베이글이랑 먹물빵, 밤식빵 은 다른 어느 빵집보다도 더 맛났어요~~~! 가족 모두 넘 맛있게 먹었어용🙂","연남동 빵지순례, 서울 빵투어 필수코스, 연남동 베이커리 만동제과에 다녀왔어요 ㅋㅋㅋ 세시쯤 갔는데 웨이팅이 좀 있어서 20분 정도 기다려서 들어갔어요! 계속 새로운 빵이 채워져서 다행히 원하는 빵을 다 살 수 있었어요 ㅎㅎ 유명한 빵 위주로 담아봤어요! “마늘바게트”, “쑥떡쑥떡”, “엉덩이”, “치즈프레첼” 🧡🧡 진짜 다 맛있어서 다음...",연남동의 유명한 만동제과. 빵 종류도 무척 다양해서 선택하기 정말 고민스러웠어요~ 매장 들어서자마자 직원분들 께서 친절하게 응대해주시면서 시식빵을 조금씩 잘라주시는데 시식빵만으로도 배부릅니다ㅎ 시식빵 먹어보고 넘 맛있어서 시식빵으로 먹었던 빵을 모조리 구매했습니당!! 아낌없이 푸짐하게 재료를 넣은 빵의 맛이 그대로 ...,만동제과 마늘 바게트를 인생 마늘 바게트라고 하는 분들이 많아서 오로지 마늘 바게트만을 보고 빵지순례 간 만동 제과 🥖 왜 다들 인생 빵집으로 꼽는 지 저도 알겠네요〰️〰️ 시식도 아낌없이 주시고 친절하신 직원분들과 맛있는  빵들까지!!!!!!!! 재방문 의사 100%예요 💗,"와 여긴 진짜.. 인생빵집이에요. 특히 마늘빵 꼭 먹어보셔야됨 ㅜㅜ 입에서 사르르르르~~ 녹은 마늘 크림이 듬뿍 들 어가있고, 에멘탈?? 치즈빵은 꼬소하고 짭짤해서 치즈맛 낭낭~ 하게나고 집에서 가까웠으면 맨날갈듯 ㅋㅋ 담주에  또 갑니다 고고",구입한 빵모두 존맛탱이에요 역시 연남동 대표빵집입니다 그 중에서도 카푸치노 4800원 어니언베이글 5400원 추 천합니다!!👏👏 시그니처 빵들도 워낙많아서 종류별로 맛보러 또 방문할거에요! 빵들도 엄청크고 실하고 무거워서 가격이 합리적입니다 ㅎㅎ🤗😘 직원분들 엄청친절하시구 빵들 시식도 가능해요 시식하다가 배터질지경 ㅎ...,"주말에 갔는데 운좋은 시간때 가서 바로 입장했고 마늘, 약과,콘치즈, 바질토마토 4개 집어왔어요 ㅋㅋ 빵이 아쥬 큼직하고 시식을 자유롭게 해줘서 다 맛봤는데 아주 맛있어요!!특히 어니언베이글 빵이 바삭하고 어니언크림도 너무 맛있더라고요!!",마늘바게트 진짜 촉촉하고 적당히 달달한 마늘크림 최고에요😋💜진짜 맛나더라구요!!바게트에 마늘크림이 깊숙 하게 베어서 부드럽고 촉촉쓰~ 크랜베리빵 시식하고 반해서 바로 구매했는데 빵피 쫄깃하고 안에 크림치즈 대박이 에요..👍 앙크림도 추천! 안에 달달한 팥앙금이랑 크림치즈 조합 쩌러용 . 이름도 귀여운 엉덩이빵*_*부드럽...,마늘바게뜨로 유명한 연남동 만동제과에 왔어요!! 왜 유명한지 알겠는 맛~~👍친절하시고 늦게 갔는데도 빵 종류가 많이 있었어요!! 러스크도 맛있고 엉덩이빵 크림이 넘 맛있어요❤️선물용으로도 딱!!,연남동빵집 진짜유명한만동제과 드디어가봤네요 빵하나하나가맛있고 직원분들도친절 시식주시는데 먹어보고 안 살수없는 왕왕맛있는빵집이였습니다 정말 너무최고,언제 먹어도 맛있는 만동제과!! 항상 웨이팅이 있긴한데 줄서서 사먹을 가치가 있는 맛난 빵이 가득해요. 여기는 마늘바게뜨가 유명한 빵집이지만 개인적으로는 카푸치노랑 쑥떡쑥떡 강추합니다!! 달콤한 빵이 지구를 구한다규ㅋㅋㅋ,워낙 유명한 연남동 베이커리인데 드디어 가봤어요. 마늘바게트외에도 진짜 다 맛있어요.ㅠㅠ 쑥떡쑥떡은 안에 쑥떡이 들어가있는데 완전 쫄깃하고 맛있어요. 어니언베이글도 양파크림이 대박 맛있어요ㅠㅠ 또 먹고싶어여,연남동 오게 되면 다시 들리는 👉🏻 만동 제과 👈🏻 시그니쳐와도 같은 마늘 바게트와 카푸치노 하나씩 구매했어요! 다 른 메뉴들 조금씩 맛보여주시기도 하구 여전히 친절하셔서 기억에 오래 남아요 🩵 다음에는 시식으로 맛있게 먹었 던 새우 바게트 꼭 사갈래요 ✌🏻,먹어보면 아! 하고 끄덕끄덕 하게 되는 곳. 맛있는 냄새 맡고 찾아갔습니다. 새로운 종류의 빵을 구매했어요. 언제나 빵은 진리죠.,연남동맛있는 빵집있데서 갔는데 시식도 해주시고 유명한 마늘바게트도 먹고 시식했던 월넛브레드도 남녀노소 좋아할 것 같아 삿어요. 새우바게트는 목포에서 먹었던게 생각나서 샀는데 맛있어요!! 친절하고 맛도 있고 가격도 비싸지 않은 것 같아요!,"마늘바게트 맛집이라고 해서 찾아왔어요!❤️❤️ 바질토마토랑 다른 빵들도 다 너무 맛있어보여서, 고르는데 엄청 고민했어요.  가게안에서 먹을수 없어서 아쉽긴 하지만, 근처 이디야 카페에서 먹을수도 있다고해요. 맛있게먹고 또올게요 :)",대표하는 빵들도 다 맛있지만 카푸치노 정말 맛있어요. 넣는 순간 스르르 녹습니다. 정말 부드럽습니다. 커피와 함께 행복 그 자체,연남동 마늘바게트 쫀맛집 드디어 방문했습니다. 매번 사람들이 진짜...넘 많아서 염두도 못내다가 평일 낮에 움직일 일이 있어서 호다닥 즐어가서 짱 유명한 마늘바게트랑 다른 빵들도 데려왔어용. 마늘바게트는 고소하고 촉촉하면 서도 달콤하게 마늘 맛이 올라와 기다리는 이유를 완전 공감했궁. 다른 빵들도 속이 꽉 차서 너무 맛있었어용....,강릉 만동제과에서 카푸치노랑 마늘바게트먹고 아쉬운 마음에 서울 본점에도 들러봤어요~!! 빵의 종류가 굉장히 많 습니다. 강릉점은 오후에 갔더니 카푸치노랑 마늘바게트밖에 없었거든요~ㅎㅎㅎ 밤식빵이 맛있다는 리뷰에 집어왔 는데 진짜 맛있어요~!! 밤이 달지 않고 반죽이 탄탄해서 밤에 골고루 퍼져 있습니다. 부모님께 인기 만점이었...,"만동제과~넘 맛있는 빵들이 가득 가득하네요. 하나씩 다 담아 오구 싶은 충동이 가득했던 만동제과 직원분들도 친 절하고 시식도 해서 빵선택하는데 많은 도움 되었어요,다음에는 새우 바게트 카푸치노 다담아 올거예요 ㅎㅎ 집도  가까워서 단골 될거 같은 이기분 넘 좋으네요~~ 맛난빵 사러 또 가려구요♡","마늘바게트 진짜 맛있어요!  다른 데랑은 다르게 아주 촉촉하고 부드러우면서 마늘향, 마늘맛 + 달콤한 맛이 제대로에요!  홍대쪽 갈 일 있을 때마다 한 번씩 들리는 것 같아요 🥹 마늘 바게트는 꼭 드셔보세요 ~~!!","연남동 빵지순례 1티어입니다 정말 맛있고 가격도 착한편이에요ㅎㅎㅎㅎ 마늘빵,어니언베이글,메이플 이렇게 제일 좋아하는 빵이에요!! 😍","처음 와 본 동네 구경하다가 줄을 서는 빵집 발견했어요. 줄서서 기다리는 곳이라면 기회 놓칠세라 같이 줄을 섰네요 . ""대한민국 최고의 빵을 굽겠습니다. 빵""이라고 쓰인 표지에서 가게의 자부심이 뿜어져나옵니다. 기대하는 맘을 안 고 거게 진입했어요. 가게가 작아 세팀씩만 입장할수있어요. 둘러보며 맛있을 것 같은 빵 두어개 골랐어요. 빵...",역시나 만동제과 11시 좀 넘어갔는데 사람들이 있어서 조금 대기했다가 들어가서 마구마구 담았네요:) 역시나 1등 은 어니언베이글! 카푸치노도 맛있고 콘마요.또티아도 식사빵으로 먹어도 될만큼 맛도 풍부하고 느끼하지도 않고  순삭했어요!,지나다닐때 사람들이 항상 줄을 서있길래 얼마나 빵이 맛있나 해서 집에 갈때 들러 빵을 사왔는데 사진은 못찍었지 만 바게트빵이 정말맛있고 다른빵도 다 맛있네요 그래서 사람들이 줄을서서 기다리는구나 이해가가네요,연남동 빵집 하면 대표적인 만동제과 저도 웨이팅 좀 하고 들어갔네요 ㅎㅎ 들어가자마자 시식빵 마구 주셔서 다양 한 빵 중에 고르기가 쉬웠어요 ㅋㅋㅋ ✔️제 최애는 메이플과 바질 토마토! 달달한 크림류를 참 잘 만드시는 것 같 아요. ✔️큰 기대를 안 하고 그냥 사본 베이컨 치아바타도 강추드립니다 치아바타 빵에 베이컨+ 크림치즈 이...,유명한데 이번에 처음 가봤거든요! 구매한 빵들 다 넘 맛있었네용♡ 왜 유명한지 알겠더라구요ㅎㅎㅎ 연남동 갈때마 다 다녀오려구요~~,"녹진하고 달달한 마늘바게뜨로 유명한 집이지만 개인적으로는 이 집 밤식빵과 에멘탈 치즈빵, 어니언 베이글을 너 무너무 좋아한다. 주차장 없고 늘 줄서서 기다려야하지만 기꺼이 감수할만한 가치가 있는 집이다.^^",마늘빵이 아른아른거려서 방문했어요. 쑥떡쑥떡이랑 같이 구매했고 둘다 달달~하니 맛있더라구요! 마늘빵은 녹진하게 마늘소스가 발려있구 쑥떡쑥떡은 안에 떡이 들어있어서 쫄깃 빵떡 느낌! 겉에 달달한 소스가 발려 있어서 살짝 끈기가 있어요. 빵 구경하는데 거진 모든 메뉴 시식 기회 제공해주셔서 좋더라구요.,연남동 최애 마늘빵 맛집 만동제과!!  다른 빵들도 다 맛있는게 함정..!!,큼지막하고 맛있는 만동제과의 빵들 집에서 냉동실에 잘라서 두고두고 먹었는데 막 나온 빵처럼 너무 맛있게 먹었어요 기본적으로 버터 듬뿍 촉촉한 빵이라 맛없없이에요 많이 사서 두고두고 먹는거 추천해요 !!,30도 더위에 줄서 있는 이유가 있었던 빵집..마늘빵이 유명하던데 많이 달지도 않고 마늘 스프레스 가득했던 마늘빵! 꼭 사먹어보세요~3팀 정도씩 안으로 들어가서 구매할 수 있어서 복잡하지 않아서 더 좋았고 시식도 할 수 있으니 굿 ~👍💛,빵 진짜 맛있어요. 저는 여기에서 젤 유명한 마늘바게트는 안 먹고 어니언 베이글이랑 러스크 프레첼 메이플 엉덩이 일케 먹었는데 어니언 베이글 크림 입에서 사르륵 녹고 안에 양파도 들어있어서 향 너무 좋아요. 그리고 러스크도 깨 가 많이 들어가 있어서 느끼하지 않은 고소함 올라오고요. 근데 가장 중요한건.. 여기 일하시는 분들 너무 친...,만동제과 가장 유명한건 마늘바게트!! 마늘바게트는 겉은 바삭 속은 촉촉하고 새우바게트는 새우 맛이 풍부해요. 카푸치노 어니언베이글 다 맛있어요,강릉에서 줄 서서 먹는 마늘바게트를 연남동에서 만날 수 있디니 당장 달려갔는데 강릉에서 만났던 그 감동 그대로 느꼈어요. 마늘바게트만 맛있는 줄 알았는데 특색있는 쑥떡쑥떡이나 카야코코넛 같은 메뉴도 맛나더라고요. 연남동 디저트 맛집으로 추천드려요.,연남동에만 오면 꼭 찾는 빵집이라 몇번이고 방문 했던 것 같은데요 ㅎㅎ 그만큼 빵이 맛있기도 학ㅎ 빵 종류가 다양 해서 먹는 재미가 쏠쏠하더라구요 (물론 마늘바게트는 필수로 주문하지만요) 항상 시식을 해볼 수 있게 해주셔서 이번에는 마늘 바게트 외에 그 날 맛있게 느껴진 빵만 사왔는데요~ 왠걸 월넛과 카야코코넛 그리고 크랜베리...,"연남동에서 가장 좋아하는 빵집이에요 이미 연남동 빵 맛집으로 유명하지만 앞으로 더욱 유명해질 곳ㅎㅎㅎ 빵 종 류 다양하고 크기도 엄청 큰데 가격은 매우 합리적인 편이에요 저의 추천은 에멘탈, 카푸치노, 바질토마토, 마늘바게 트 아니 사실 다 맛있어요🤣 빵순이 여러분 출동하세요!!!","빵쳐돌이가 젤 좋아하는 빵집이에요!!!! 여기 마늘빵최고👍🏻 시식하라고 주는 빵들도 맛있어서 항상 같이 사게되요 예전에는 줄서서 간적은 없는데 요즘은 줄서서 들어가니 아쉽네요,,,,",빵순이라 역시나 지나치질못하고 방문 실내가 좁아 2팀씩만 입장이 가능하여 앞팀 주문 지켜보다가 입장했어요 시 그니처 메뉴인 마늘바게트와 에멘탈 구입 맛나게 잘 먹었어요 다른것도 먹어보고싶어요,맛난빵집이었어요 줄서서30분대기 했어요,"와,, 인생빵만난 인생빵집이에요 포장해사 집가는 도중에 넘 먹고싶어서 에멘탈 꺼내서 먹었는데 진짜 첨먹어보는 j mt빵으로 빵피는 쫄깃하고 겉에 살짝 달달함과 안에 듬뿍있는 체다치즈가 있는데 짭짤함과 계속먹어도 안질리는맛 이에요,, 느끼함은 없고 진짜 꾸덕~한맛이라 와인안주로도 찰떡임 마늘바케트는 역시 유명한거라 맛있고 전...",만동제과는 마늘빵말고 다른것도 쫀득허고 맛있어요 시식 권유해주시는 빵도있어서 맛보고 쓸어올수있어요 저녁에가서 종류가많이없었지만 제가젤 좋아하는건 쑥떡이에요,"마늘바게트, 카푸치노 빵크기 작지만 맛있어요.  마늘바게트 크림도 넉넉하니 촉촉 맛나요.","평일 점섬시간에 웨이팅 아주살짝하고 입장! 카푸치노, 바게트, 어니언베이글, 엉덩이 주로먹다가 이번엔 약밥파운드도도전해봤는데 요것두맛있네요 콘마요는 배고플때 커피랑먹으니 든든🐷😆❣️",평일에도 줄서서 구매하는 연남동맛집 만동제과!! 비주얼 뿜뿜하는 베이커리가 진열되어있어서 고민하고있는데 직 원이 친절하게 여러종류 빵을 시식용으로 잘라줘서 먹었는데 넘 맛있더라구요^^ 시식한빵 모조리 다 살뻔했어요  ㅋ 만동제과하면 마늘바게트니까 무조건 겟했는데 이때까지 내가 먹었던 마늘바게트는 뭐지? 부드럽고 촉촉...,"연남동 빵집, 연남동 베이커리 맛집 입니다. 마늘빵은 정말 정말 맛있습니다. 월넛브레드도 달지 않고 고소합니다.  직원분 맛보기 계속 해주시고, 너무 친절합니다 :)",오늘도 야무지게 만동제과 털었어요! 홍대입구 갈때마다 가는 연남 빵집 만동제과💗 조금 사려고 마음먹고 가도 항 상 3만원 넘게 사게되는 지름신이 온답니다😂😂 빵이 정말신선하고 마늘바게트도 맛있지만 저는 치즈 들어간 식 사빵류가 정말 맛있더라고요!!,진짜 마늘바게트 미쳤어요!! 짱맛 존맛 홍대갈 일 있으면 항상 사서 냉동실에 쟁여놔요 진짜 촉촉하고 존맛임!!!👍 👍👍 제 기준 태어나서 먹은 마늘바게트 중 최고예요 카푸치노 크림빵도 너무 맛있어요!,빵이 단 하나도 맛 없는게 없었어요. 특히 시식으로 맛보고 너무 맛있어서 담은 베이컨 치아바타는 진짜 제 취향 그 대로였습니다. 진짜 맛있는 빠네 베이컨크림치즈 파스타 소스에다가 부드러운 빵을 폭 담궈서 먹는 행복이랄까요?! 전반적으로 여기는 크림치즈를 참 맛있는 걸 사용하는 것 같아요. 담백하고 쫄깃한 빵에다가 무화과와 크림치...,입구부터 빵 맛집이라는게 느껴질정도였어요!! 항상 연남동 지나가는 길에 베이커리 맛집이라해서 궁금했는데 종류 도 많고 맛이 다양하니 맛있어서 자주 갈 것 같아요😋 * 이 글은 제품 또는 서비스를 제공받아 솔직하게 작성한 글입 니다.,저녁 늦게 방문하게 된 만동제과. 이미 홍대 베이커리로 유명한 빵집이라 저녁에 갔더니 거의 빵이 비워져 있더라고 요ㅠㅠㅠ 그래도 사야되는 시그니처 빵 제품은 다 사가지고 왔아요! ㅎㅎㅎㅎ 시식도 해보시라고 직원분이 엄청 친 절하게 응대해주셔서 기분이 좋았습니다!!! 직원분에게 뽀나스를 주세요!(?)ㅋㅋㅋ 빵 시식으로만 먹어봐도 ...,"만동제과의 특징은 우리 고유의 쑥 , 마늘 , 쌀 등등의 재료를 이용해서 친숙함을 준다는점인데요 , 특유의 크림과  소스를 이용해서 최상의 맛을 만들어내는 것입니다. 빵집에 들어서자 마자 친절하신 직원분이 시식빵을 듬뿍듬뿍  주시기 때문에 천천히 맛보며 빵을 고를수 있는데요 , 솔직히 시식빵이 다 맛있어서 살 수 밖에 없는 딜레마에...",마늘바게트 열풍을 일으킨 마늘바게트 맛집 만동제과! 마늘바게트 뿐만 아니라 어니언베이글 바질토마토 카푸치노 등 빵종류가 정말 다양해요! 너무나도 좋았던 것은 맛보고 살 수 있다는 점!! 직원분이 직접 잘라서 맛보라고 주셔서 어떤 맛인지 알고 구매할 수 있어서 더더 좋았어요!! 마늘바게트와 어니언베이글은 기본으로 구매하고 그리고...,"주말 2시 방문했는데 빵 종류가 많이 있었어요! 마늘바게트가 유명해서 먹어봤는데 진짜 존맛,,,,,, 새우바게트랑 어 니언 베이글도 샀는데 기대안했던 새우바게트가 진짜 맛있었어요! 어니언 베이글도 아는 맛인데 넘 맛있습니당 연 남동 지나가실때 꼭 함번 들러보세용! 대기가 있긴했지만 10분도 채 안기다렸어요! 평일은 예약도 됩니당",달달한 마늘바게트부터~ 짭쪼름한 다양한 빵까지!! 빵 안에 크림치즈가 들어있어서 꾸덕하고 달달해서 맛있었어요!!  카페전문 유튜브 유리소리TV,언제나 믿고 먹는 만동제과죠!! 마늘바게트는 따뜻하게 먹거나 차게 먹어도 맛있구요~ 커피향이 물씬 느껴지는 카푸치노빵은 촉촉하면서 부들부들~ 밤 다이스가 콕콕 들어간 밤식빵과 인절미 맛이 듬뿍 느껴지는 인절미빵 모두 맛나요!!,드디어 만동제과를~~ 강릉여행가서 솔드아웃되서 조기마감으로 못갔었는데 홍대에 있어서 쉬는날 다녀왔어요. 시 식도 있어서 먹어보고 고를수 있어서 좋았어요~~ 사장님과 직원분도 친철하고 마늘빵 좋아하는데 다른빵들과 함께 왕창 사왔어요~~~ 4시쯤가니 빵이 많이 품절 되어있어요. 그래도 마늘바게트있어서 다행이였고 시식중맛난...,직원분이 친절하게 이것저것 빵 시식 건내주셔서 당황스러울 정도로 넉넉히 시식했어요ㅋㅋㅋㅋ 덕분에 마음에 쏙 드는 빵으로 사올 수 있었네요! 대표메뉴인 마늘바게트는 말할 것도 없고 다른 종류도 다 풍미 진하고 맛있어요. 무 화과 좋아하신다면 무화과 깜빠뉴 꼭 드셔보세요. 시식하는 건 아무래도 조금 말라있었는데도 맛있었거든요. ...,빵 종류 다양해요. 매장이 작아서 3팀정도로 입장을 제한해요. 입장하고 빵을 고를 때 직원분이 시식빵 주셔서 빵 고를 때 수월하더라고요. 제가 고른 빵들은 다 맛있었어요! 재료도 풍부하게 들어 있고~,강릉에 마늘빵 채고 잘하는집 잇다고해서 이것만 얼른 사고나옴 기다린보람 잇음 안에 치덕치덕한 마늘크림이 느끼 한맛없이 잘 어울렸음. 남은거 얼렷다가 에프에 돌려먹엇더니 빠삭빠삭 더 갬동적이게 먹음 담에가면 여러가지 좀  쓸어와봐야겟당 여기 추천,마늘 바게트 맛있어요!!,만동제과는 눈이오나 비가오나 매장 앞에 사람들이 항상 웨이팅 하는 곳이었는데 요즘 그 줄이 없어진건 모든 빵을 예약 하기 때문이더라구요. 매장이 크지 않은데 빵이 25가지 정도 진열되어있고 들어서자마자 직원분이 맛보기를 계속 주셔서 배 든든하게 매장을 나왔습니다. 빵 구매 후 근처에 있는 카페에서 먹을 수 있게 되어있어서 좋더...,지나가다가 줄 서있는거 보고 다음날 거의 오픈런? 했는데 이때도 사람들 꽤 오더라구요! 아무튼 빵들이 다 큼직큼 직하니 먹음직스러워보여서 고르는데 고민 좀 했네요 ㅋㅋㅋ 시식해볼 수 있게 바로바로 잘라서 주시더라구요 다양 하게 맛봤습니다 ㅎㅎ 대표베뉴인 마늘빵? 이랑 쑥덕쑥덕 사왔는데 마늘빵 대표메뉴인 이유가있네요 ㅋㅋ ...,"카야코코넛 바게뜨 등등 빵 맛있어요. 빵청결 짱이예요. 빵 진열한 걸 보고 말하면 카운터에서 새로운거 꺼내주세요 .이렇게 빵청결에 신경써 주시니 너무 좋아요. 매장에 사람 몰리지않게 2팀씩 들어오게하고 들어온 사람들에게 친절 하게 응대주시니 배려받는 느낌, 나만 응대받게 해주시니 넘 좋아요. 사장님 누구신지 이 시스템 계속 유지해...",강릉에서 먹고 반한 빵집인데 연남동 베이커리 집으로도 있더라구요! 강릉이랑 맛이 똑같구 엄청 친절하세요. 빵구 경하고 있으면 맛보라고 시식빵 잘라주시는데 종류마다 다양하게 잘라주셔서 다 사버렸어요…ㅋㅋㅋㄱㅋㄱㅋ 진짜  맛있더라구욬ㅋㅋㅋ 양도 엄청 많고 가격도 저렴한 편이어서 홍대 마늘바게트 맛집으로 최고입니다💕💕,"진짜 마늘바게트 원탑 !! 강릉가서 육쪽마늘빵도 먹어보고 서울 명장 빵집(나폴**) 마늘바게트 먹어봐도 여기만큼 맛 있는데가 없음,, 다만 만동제과 마늘바게트는 바삭보단 촉촉 마늘바게트라 취향차이는 날 수 있음. 근데 원래 흐물 흐물 물컹한거 안좋아하는데 이상하게 여기꺼는 엄청 느끼하지 않고 겉바삭하고 적당히 달고 적당히 기름지...",작년에 강릉점 다녀왔는데 연남점도 맛이 똑같아요! 존맛탱 ❤️일단 빵이 예약이 되니까 손쉽게 픽업이 가능하다는게 편리했어요 이번주 피크닉 가는데 또 빵 포장하러 가려구요,만동제과 저녁에 줄서서 사왔네요~ 마늘바게트 어니언 베이글 카야 코코넛 치츠프레철까지 빵순이는 오늘도 즐겁 게 봉투 안고 갑니다~언제나 친절하셔서 좋아요♡,연남동 베이커리 중 터줏대감인 만동제과.. 그 오랜시간 버티는 이유는 다 있는것 같아요. 시식해보고 원하는 빵을  구매할수도 있는 서비스는 진짜 좋은 것 같습니다. 베이컨 치아바타가 진짜 맛있었습니다. 마늘바게트도 진한게 최 고였어요!,만동제과 마늘빵은 마늘빵계의 혁명입니다!! 재료 아끼지 않고 팍팍 들어간 느낌이에요 어니언베이글도 맛도리:)  사실 맛없는 빵 찾는 게 더 힘든 수준이에요 연남동 베이커리 맛집 또 쓸어오고 싶네용,마늘빵 넘 맛있어요 속초 봉브레드 좋아하는데 없어져서 가슴이 허했거든요 요기 마늘빵이 맛이 비슷하더라구요 카 푸치노도 은은하게 맛있었어요 다른빵들도 샀는데 다 괜찮았구 친절하구 시식도 이거저거 많구 넘 좋았던 빵집,"진짜로 빵맛집이에요 ㅜㅜ 오늘은 마늘바게트, 에멘탈, 메이플, 밤식빵 샀는데 생각외로 에멘탈이 제일 맛있었어요. 단짠조합 끝장나고 빵이 쫀득쫀득해서 씹는 맛이 좋아요. 지난번에는 마늘바게트 가장 맛있게 먹었는데 그때그때 기분에 따라 최고 메뉴가 바뀌는거보면 결론은 그냥 다 맛있는 집이에요. 매장도 엄청 청결하고 평일에 갔는...",강릉에서 먹었을 때 너무 맛있어서 또 먹고 싶었는데 연남에도 있어서 좋더라구용ㅎㅎ 특히 마늘 바게트는 부드러 우면서도 달달한 그 맛들이 넘나 충격 그 자체였어요ㅎㅎ 버터리하면서도 마늘버터향이 가득한 그 맛 바게트 특성 상 너무 오래 놔두면 질겨지기에 사자마자 바로 먹는게 제일 맛있는 것 같아여!!!! 어니언 베이글이랑 바질토...,"연남 빵집의 지존 만동제과에 왔다면 마늘빵을 먹는 것이 인지상정👍 지난번에는 마늘빵, 카야코코넛만 샀는데 이번에는 좀더 다양하게 골랐어요. 금요일 점심시간에 방문했는데 빵이 많아 고민하면서 골랐어요🥖 연남빵집 마늘바게트는 촉촉 그자체...😻",전에 강릉놀러갔을때 만동제과를 들렀었는데 줄을 어마어마하게 기다리며 먹었던 기억이 있어용ㅎㅎ 근데 진짜 맛 있었거든요!! 아니 그런데 연남에도 있더라구요~!?! ㅎㅎ 오후 4시쯤 갔는데 없는 빵도 좀 있어서 아쉬웠지만 사고싶 던 빵들 사서 넘 좋았어요! 일하시는 귀여우신 여자 직원분이 빵 시식해보라고 계속계속 주셨는데 넘 행복했...,만동제과 마늘빵 먹으러 출동!!! 역시나 웨이팅이 있었지만 마늘바게트 겟겟해서 너무 맛있게 먹었어요ㅠㅠㅠ말해뭐해 몇년째 만동제가 마늘빵 사러 올 정도면 말 다했죠 ㅋㅋㅋㅋㅋ ㅠㅠ,"웨이팅하기싫어서 평일 낮에 사려고 45분을 왔네요... 마늘바게트는 따로 계산할때 말하시면 되구 꼭 사야합니다!!!!! 연남동에서 제일 맛있는것 같아요 빵순이 행복해서 이자리에 잠들다,, 월요일 12 시 아예 대기 없었습니다!",친절하시고 맛있어서 계속 방문하게 돼요. 이번이 세번째 방문이네요! 항상 맛있게 잘 먹고 있어요. 또 올게요오,평일 5시 정도에 갔는데 빵이 거의 없었어요 🥲 그래도 시그니처 미늘빵은 아직 남아있었습니다!!! 진짜… 여기 N차 방문 중인데 여기보다 맛있는 마늘빵을 먹어본 적이 없어요. 진짜 맛집 인정 👍🏻 바질토마토베이글은 바질 잘 안먹 는 저도 너무 맛있게 먹었어요!!!,연휴에 늦게 가니 없는 빵이 많았지만 모든 빵이 맛있어서 걱정없이 골랐어요. 할라피뇨 치아바타는 어니언소스가  듬뿍 들어가 있어서 놀랐어요. 메이플빵은 최애빵 될듯.. 은은한 모카향에 겉에도 달달하니 맛있고 크림치즈랑도 잘 어울려서 대박맛나여. 치즈말랑은 떡과 빵의 중간식감? 쫀득하니 맛있어요. 만동제과 최고,만동제과...SNS맛집이라 크게 기대하지는 않고 들어갔습니다. 문을 열고 들어가자마자 버터와 마늘향에 이끌려~마 늘바게트를 구매했는데... 완전 촉촉하고 크리미한 것이 자꾸자꾸 생각나게 하네요. 늘 줄서서 대기하시는 분들 많던 데...늦은시간에가서 줄 없이 득템했습니다.,만동제과 최애빵집입니다!! 크림치즈랑 쫀득 퐁신한 빵 좋아하시면 무조건 취향저격일 빵집!! 연남동 오면 꼭 들려야 해요!! 조는 이번에 빵 사서 이디야 연남점에서 브런치 즐겼답니다~ 시식도 엄청 챙겨주셔서 이것저것 맛보다 보면 다 담고 싶어지는 만동제과~ 이번에 구매한 빵도 모두 성공했네요~~ 무화과 깜빠뉴도 맛나고 또디아부처 치...,역시 마늘 바게트는 실망을 시키지 않아요 정말 너무 맛있고 벌써 3번째 방문한 곳,만동제과 마늘빵 말해뭐해요 최고입니다 🧄 오후에 가니 빵 종류가 많이 없어 아쉬웠어요. 역시 핫플! 미리 예약해 놓고 가시기를 추천 드립니다.,"누군가에게 좋은 선물을 해주고싶을때 젤 먼저 생각 나는곳!! ( 빵순이답다..😁) 매장에 있는 빵이 거의 다 맛있다고 생각이 드는 유일한 빵집 인거 같아요 몇년째 변함없는 최애는 카푸치노 빵이고❤ 에멘탈, 마늘바게트, 어니언베이 글, 바질토마토 어후... 진짜 다 너무 맛있어서 다이어트 포기하고 싶게 만드는 만동제과 😔 너무 잘먹고 있으...","정말 사랑하는 연남 빵집 🥰 사장님도 친절하시고 갈 때마다 시식빵도 잘라주셔서 항상 2~3개씩은 더 사오게 되는  곳이에요 💕 강릉에 놀러가면 항상 들리는 곳 중 하나가 만동제과인데 서울에도 생긴 이후로 n번째 방문중입니다  ㅎㅎ 이번엔 엉덩이빵 ,마늘 바게트 , 무화과깜빠뉴 등 다섯종류나 사들고 집에왔네요~ 집가는 길에 당장 먹...",연리단길갓다가 빵 맛잇다는 리뷰보고 찾아갔어요 ㅎ 그래도 다 맛잇어보여서 큰걸로 마니 사왔어요 ㅋ 마늘바게트  기대되요 ㅎ,역대급 마늘바게트!!!!!!! 어떻게 이런맛이 날수가있죠????????? 마늘바게트에 크림이 들어가있어 완전 촉촉하고 맛 있어요😎 냄새도 대박입니다ㅠㅠㅠㅠㅠㅠ 진짜 여기는 마늘바게트 꼭 드셔야해요 저는 마감시간에 가서 빵이 많이 솔드아웃됐었는데 다음에 또 가면 어니언베이글 꼭 먹어보려구용 연남동 빵지순례하면 만동제과입니다 강추...,믿먹 만동제과!! 예전부터 다녔는데 여전히 맛있네요! 다 맛있지만 하나 고르자면 마늘바게트는 꼭 드셔보세요! 인생 빵을 영접하시게 될겁니다+_+ 밤식빵도 어니언베이글도 참 맛있어요!,매장이 넓어져서 구경하기 좋고 때때로 시식도 해서 마음에 뜨는 빵을 고르기 좋아요. 그리고 역시 맛있는 마늘바게트! 입장이 3-4명 정도로 적지만 그렇게 웨이팅이 길지 않고 그만큼 두루두루 자유롭게 둘러볼 수 있어서 좋았습니다.직원들도 친절해요!,마늘빵이 유명한데요 엄청 질척해서 집게로 집어서 드셔야해요. 디저트로 드시면 살짝 느끼하실 수 있으니 출출하 실때 그런 시간에 드셔보세요.,소스에 푹 절은 달달한 마늘바게트 대존맛💛,재방문하는 만동제과! 마늘바게트 진짜 맛있고요. 다른 빵들도 너무 맛있어요. 직원분들 친절하시고 시식 주시는데 살 생각 못했던 빵들 시식하고 사게되는 마법 ㅋㅋㅋ 너무 맛있어요. 홍대 오면 무조건 또 갈듯,강릉에 갈 필요가없는 빵맛집 굿굿,에멘탈 빵 존맛..... 치즈빵 넘 맛있어요 안애 체다치즈든것같은데 맛잇음!! 앙크림빵도 맛잇어요 시식해주셔서 좋음,맛있는 빵이 진짜 많이 있어요 줄서서 먹는 빵집! 다음에 꼭 다시 오려고요,새우바게뜨 양파베이글,빵지순례자들의 필수코스 만동제과. 연남동 베이커리로 몇 년 전 처음 알고 꾸준히 방문했던 곳>< 마늘바게트 하면 만동제과 만동제과 하면 마늘바게트 아닙니까! 진심 제가 먹어본 마늘바게트 중에 제일 맛있구요ㅜㅜㅜ 마늘크림 가득이라 세상 부드럽고 촉촉해서 입이 행복하다ㅎㅎ 만동제과의 또다른 시그니처인 어니언베이글도 정말 ...,평일 오후 12시반에 방문했는데 벌써 품절된 빵도 있었어요!! 만동제과 처음 방문했는데 마늘바게트 진짜 비주얼 대 박이에여 너무 맛있어요💞 바로 근처에 있는 이디야 가서 커피랑 같이 먹었는데 개인적으로 마늘바게트랑 카푸치 노가 진짜 맛있었어요!!😆 새우 바게트도 먹어보고싶었는데 다음에 또 방문하려구요ㅎㅎ 연남 베이커리로 ...,"빵들이 전부 너무 맛있어보여서 하나씩 트레이에 담다보니 이만큼 사버렸네요!! 직원 분들도 전부 너무 친절하시고, 특히 마늘바게트랑 어니언베이글이 맛있어서 재방문 하고 싶은 홍대 빵집이에요🤍",만동제과에는 맛없는 빵이 없어요. 다맛있어요. 가격도 요즘 빵가격에 비하면 저렴하고 합리적인 편이에요. 맛있어 요 고른거 모두^^ 카푸치노 콘마요 마눌바게트 카야코코넛 아침일찍 가도 손님많아요.,연남동 빵맛집♥,강릉 만동제과보다 매장이 훨씬 넓고 무엇보다 직원분들이 진짜 너무 친절하시더라구요!! 진짜 너무 대접받는 기분이라서 너무 흐뭇하게 구매했습니다^^
코코로카라,1601437484.0,꼭 한번 가보고 싶었던 푸딩 맛집 코코로카라 다녀왔습니다 주택개조 카페에 인테리어도 이쁘게 잘되어있고요 평일 인데도 사람들이 꽤 많았어요 메뉴가 많아서 뭐 먹을까 고민했는데 그릭딸기어쩌고 먹었습니다 그릭요거트가 들어 가서 산미가 있고 좀 산뜻한 느낌이라 건강(?)한 느낌 드는 푸딩이었어요 오레오딸기같은 속세의 맛으로 살...,최애(코코로카라)X최애(뽀니) 콜라보 안가볼수 없죠?! 콜라보 메뉴 고구마푸딩 역대급 맛있어요... 고구마를 너무 좋아해서 매일 한끼는 고구마 먹는 고구마조아 인간인데 한 입 먹자마자 감탄부터 나왔구요🥹ෆෆ 부드럽고 폭신하 고 은은한 달달함... 정말 겨울의 맛🫶🏻 이거 정식메뉴 됐으면 좋겠어요... 자모카는 전에 먹어봤어서 이번엔 브...,#. 딸기 오레오 푸딩 작년에 한 입 먹어보고는 딸기 시즌이 다시 돌아오기를 기다린 메뉴입니다. 딸기&초콜렛 조합을 안 좋아하는데도 이 메뉴는 너무너무 맛있어서 손꼽아 기다렸고 정말 맛있게 잘 먹었습니다.,"하도 유명해서 방문했어요. 외부에서부터 참 이쁘다. 정성 가득 공간이구나 싶은 곳. 내부는 더 아늑하고 예뻐요. 사 람많아 사진은못 찍었지만, 먹고 가기 더 좋은 곳. 내부 및 야외 테이블은 이미 만석였구, 저처럼 포장 손님들도 많았 어요!! 🧁브레드푸딩은 처음이라 발로나밀크 초코맛 하나만 포장. 집 오자마자 먹었는데 생각보다 많이 안달...","크림과 다양한 부재료를 느끼는 미국식 푸딩을 파는 곳이에요. 미쯔말차는 적당히 달고 쌉쌀한 말차에 씁쓸항 초코 가 어우러져서 어른들이 즐기기 좋은 맛이고, 겨울한정 슈톨렌은 생각보다 많이 달았어요! 하지난 시나몬과 크랜베 리 조합이 추운 겨울에 어울리는 맛입니다. 양이 꽤 많아요!",편의점 디저트로 처음 맛보고 직접 만든 건 얼마나 맛있을까하며 시즌메뉴 그릭딸기&슈톨렌 구매 크림과 충전물의  균형잡힌 풍미가 대단하네요 제일 기본 맛인 바나나도 사올 걸.. 다음에 또 방문하겠습니다~,"택배로 먹어보고 맛있어서 또 먹고 싶은데 요즘 택배 안하셔서 직접 사러 왓습니다❤️ 금요일 오후에 갔는데 다행히 도 메뉴가 많이 남아 있었어요, 코코로카라스럽게 귀여운 인테리어와 굿즈들, 용기와 스티커에서도 감성 묻어나네 요 ㅎㅎ 그릭딸기 푸딩은 생각보다 크림 당도가 담백해서 좋았는데 요거트때문에 상큼 산뜻함 추가! 달지 않...","친규 추천으로 방문한 곳인데 음료도 맛있고 오레오바나나푸딩도 맛있었어요! 인기 많은 곳이라 웨이팅 있을까봐 걱정했는데 다행히 바로 들어갔습니다. 자리도 1,2층이라 꽤나 넓더라구요. 인테리어도 귀엽고, 다음에 다른 퓨딩 먹으러 또 방문하고싶어용!🤍🖤",피넛봉봉이 마지막이라 해서 방문했구용 아두아주 묵직한 맛이라 피넛버터 덕후들은 너무 만족스러율 것 같어요 ! 아몬드 초코볼도 있어서 식감도 더더욱 다양해서 맛있습니당 ㆅ 12월 슈톨렌 시리즈도 너무너무 기대됩니다 🥺✨,브레드푸딩 시초라 전부터 넘 궁금했던 곳인데 근처 카페 갈 일 있어서 갔다가 포장 구매⭐️ 주말에는 오전에 소진 되는 메뉴도 많다고 하던데 평일이라 그런지 디저트 종류별로 다 남아 있었어요👀 (저녁 6시 넘어서 갔는데도!!) 다 음에는 매장에서 여유롭게 즐겨보고 싶네요~,동네 살아서 야금야금 사먹은 떠먹는 케이크와 티케이크들.. 아직 마음에 드는 코코로카라 푸딩을 못만나서 티케이크 쪽을 좀 더 좋아하지만 시즌 별로 다양한 메뉴가 나와서 좋아요~~ cu 편의점에 나온 바나나 푸딩도 맛있어요 🥧,"오랜만에 코코로카라 들렀어요! 매번 놓쳤던 로얄밀크티, 이번에 팝업 신메뉴인 자모카, 고구마케이크맛 테이크아 웃했어요☺️ 밀크티 좋아하시는 분들 꼭 드셔보세요! 향긋함이 진해요🤍 팝업이라 선착순으로 받는 컵 못 받을 줄 알았는데 생각보다 널널해서 받을 수 있었네요🌟 이벤트 메뉴 하나만 사도 증정인 줄 알았는데 신메뉴 두 개 ...","벌써부터 크리스마스 분위기 뿜뿜이더라구요. 슈톨렌 메뉴 4종이 나왔는데 사브레 사러 갔다가 양이 많아서 마들렌 구입했어요. 역시 코카... 푸딩으로 유명하지만 숨겨진 마들렌 맛집~ 저는 티케이크보다 마들렌이 더 맛있게 느껴지 더라구요. 슈톨렌 매 겨울시즌에 들어만 보고 처음 먹어보는데 많이 달지 않았고 반죽의 시나몬 향, 건과일 풍...",매장 이전하기 전에 홍대에서 디저트 맛집 찾다가 알게 된 코코로카라💙 앉아서 커피랑 함께 바로 즐길 수 있어서 너무 너무 행복해요💫 생소한? 디저트라 희소성에 더 만족스러웠어서 주변 사람들에게 선물용으로 주거나 소개시 켜주었어요! 지금은 많은 사람들이 맛있는 코코로카라 알게 되어서 좋아요 ˘͈ᵕ˘͈ 로얄 밀크티 푸딩 궁금했는데 ...,"사블레는 처음 먹어보는데 슈톨렌 사블레=슈톨렌 입문 또눈 저렴이 버전 사르르 녹는데 아주 그냥 미쳤네요 ,, 얼려먹으면 또 다른 매력 ✨",뽀코로카라 콜라보한다고 해서 달려갔어요>< 두가지 메뉴 다 짱맛도리에요!!! 고구마케이크푸딩 진ㅋ자 달콤하고 부드럽고 최고..💜 커피향 가득 나는 자모카 카라멜선데푸딩도 진짜 맛있답니닷!!!,뽀니님 코라보메뉴 먹어보고 싶어서 방문했어요! 이전하고 처음가는데 매장이 훨씬 커지고 좋아졌네요☺️ 다양한맛이 생겨서 좋았어요,최애(뽀니♡)의 최애 디저트가게였던 코코로카라가 제 최애 디저트가게가 되었답니다...ෆ 김해에 살고있다보니 멀어 서 자주 가진 못해도 서울 가면 필수로 꼭 들러보게 되는 카페🫶🏻 지금까지 먹어본 메뉴 모두 너무 맛있고 슈톨렌 티 케이크 꼭 드셔보세요... 너무너무 맛있어요!!! 슈톨렌 푸딩을 아직 못먹어봐서 최대한 겨울 내에 또 시간 내서 ...,"뽀니X코코로카라 뽀카라는 역대급이었다 .. 고구마는 무조건 하루 숙성 후에 먹을 것 ,,",찹쌀약과 푸딩 짱맛🥹🩵꼬소꼬소하고 안에 떡이 생각보다 마니 들어서 쫠~깃하규 약과의 시나몬 향 솔솔~~넘 맛 나요!! 얼그레이마들렌은 향이 미쳤어요! 은은한 얼그레이 향에 초코칩가득 박혀있어서 씹는 식감도 쵝오!!!🐷💖코 코로카라 조아요~~,"와,,, 진짜,, 미쯔 말차 지금까지 먹어본 말차 디저트 중 손에 꼽히게 완벽히 맛있네요! 너무 달지도 너무 안달지도 않게 말차의 진한맛과 최대한 시너지를 내게 당도 조절하신거같아요 사장님 진짜 맛잘알!!! 집 근처면 너무 자주갈거같아요,, 로얄밀크티도 맛있긴 한데 미쯔 말차가 너무 충격적이네요 진짜🤭",코코로카라 매장 처음가보는데 매장 너무 이쁘게 꾸며져있네용 그릭딸기 맛나요오 고구마는 고구마케익맛이에요!! 다음엔 다른맛 도전,처음 편의점에서 먹고는 실망..이후 더현대에서 다시 먹어보고는 충격받은 후 카페로 재방문했네요 😬 묵직한 푸딩 쵝오 ㅠ.ㅠ 종류가 너무 많아 고민하다가 골랐는데 레몬 딜은 상큼하니 맛있게 먹었어요 !! 발로나는 초코 그 자체.  꾸덕해야 더 맛있으니 냉동고에 잠시 넣었다가 냉장에서 숙성 후 드시길..! 서울 갈 때마다 전 메뉴 도장깨기...,"☆ 그릭모모 ☆ 그릭모모 : 7,200 보냉포장 : 1,300 그릭요거트 크림과 빵 시트, 자잘자잘한 요거트볼, 찐 복숭아가 도톰하게 콕콕 박혀 있는 맛있는 푸딩입니다. 부드럽고 촉촉하면서 살짝 새콤한 크림에, 파삭파삭 씹히는 작은 요 거트볼, 말랑하고 달달한 복숭아가 꼴깍꼴깍 넘어가서 정말 맛있게 먹었습니다. 크림은 다른 푸딩보다 더 묽...","• 밀크티푸딩: 밀크티향 낭낭!! 식감이 다채로워요.  • 씨앗호떡티캐이크: 아직 냉동고에! 먹어보고 리뷰하러 올게요. • 마들렌러스크: 걷보기에는 바삭해보이는데, 부드러운 식감이에요. 심심할때 먹기 굿~",바나나푸딩 진짜 맛있어요. 먹고 맛있어서 포장도 해왔네요. 다만 2층에 약간 눅눅한 냄새가 나고 직원 한분이 친절하시진 않으세요 하지만 맛있으니 뭐 괜찮았습니다 뉴욕에서 먹은 매그놀ㄹㅇ가 생각 났네요 뒤지지 않아요! 조금만 친절하시고 향까지 좋아진다면 최고의 바나나푸딩집이 될 것 같아요👍🏻,크리스마스 분위기 엄청 귀엽구요ㅠ  바나나푸딩 너무 맛있었어요…! 다음에 또 갈게요!!,가격 안 찾아보고 갔다가 하나 밖에 안 샀는데 쇼핑백 포함 8천원 나와서 살짝 놀랐어요ㅎㅎㅎㅠㅠ 미쯔말차 생각했 다가 밀크티가 리뉴얼되어 나왔다길래 골라봤는데 되게 진했어요! 밀크티는 냉동하면 향이 연해진다길래 냉장고에 이틀 사흘 뒀더니 진짜 더 진해지더라구요! 근데 크림밖에 없어서ㅠㅠ 금방 물려요. 개인적으로 명성에 비해.....,일단 피스타치오푸딩 존맛탱이구요 남자사장님 너무너무 친절하셔서 대접받는기분이랄까요 너무 기분좋게 갓다왔어요🤍,퍼먹는 케이크 느낌. 느낌은 마치 조각 케이크인데 먹어보면 굉장히 촉촉하고 진한 초코 맛을 느낄 수 있어요. 냉동 해놓고 차가운 상태로 조금씩 퍼서 맥주랑 먹어도 괜찮을거 같아요. 같이 산 마들렌은 말차가나슈 진하고 부드럽고 아주 촉촉했어요. 레몬 티케이크는 레몬 맛이 잘 느껴졌지만 마들렌 만큼 드라마틱하진 않았어요. 패키지등 ...,완전 맛있어용 미쯔말차 추천,아몬드봉봉 최애 메뉴인뎅 피넛봉봉 넘 궁금해서 올 가을 나오자마자 데려왔어요 ㅎㅎ〰️🌀💛 아몬드봉봉 맛에 피넛버터 맛 추가된 느낌!-! 집에 바나나 있길래 잘라서 같이 먹으니까 더 맛있듬요 ㅠㅠ〰️💛 역시 코코로카라 첵오..🫶🏻,콜라보 푸딩 너무 맛있어요. 선착순 굿즈 선물까지 행복한 시간 보내고 왔어요. ^-^,대부분 포장 위주였는데 오늘은 매장에서... 발로나밀크 푸딩은 많이 달지 않은 초코맛이라 좋아해서 주문했어요. (제 입맛엔 미쯔말차가 더 달았어요.) 크리스마스 분위기 물씬 나고 좋네요.,"☆ 피스타치오체리푸딩 ☆ 매끈하고 끈적한 크림 안에 무엇이 있을까 기대해서 '포사삭- ' 첫 숟가락 넣은 후 열심히 떠먹다보면 금세 컵의 바닥이 보이는 마법의 푸딩! 촉촉한 시트와 살짝 꾸덕이는 피스타치오 크림이 가득 차 있는 와 중, 안에 큐브치즈케익와 체리가 콕콕 박혀 있어서 같이 먹는 재미가 쏠쏠해요! 달콤함 위에 얹은 상쾌한 피스...",저번에 바나나랑 바나나오레오 너무 맛있게 순삭하고 가서 또 왔어요.ᐟ 이번에는 바나나랑 피넛봉봉 먹었는데 저번 보다 바나나푸딩은 맛은 같은데 끝맛이 약간 텁텁 ㅠㅠ 했어요.ᐟ 그리고 피넛봉봉은 이름그대로 땅콩맛 엄청나요. 다 만 저에겐 너무 달고 느끼했어요 땅콩잼이 너무 많아서 빵에 발라먹으면 딱일듯한 ㅎㅎ 한입 퍼먹을때마다 땅...,가게 엄청 귀여워요 브레드푸딩도 맛있고 좋아요,아직 냉동실에두고못먹어봤네요 기대됩니다,"포장했습니다. 브레드푸딩은 완전히 얼먹보다는 냉장으로 차갑게 먹는 게 더 맛있는 것 같아요. 황치즈도 말차도 많 이 달지 않아 좋았구요, 달지 않은 짭짤한 황치즈 좋아하시는 분들은 완전 취향일 것 같습니다. 티케이크도 3종 구 매했는데, 식감은 쫀득꾸덕하구요 냉동실에서 꺼내서 조금 녹여 먹는 게 맛있었어요. 근데 별로 달지 않은 브...",미쯔말차! 여태껏 먹었던 코코로카라 메뉴 중에 제일 만족스러웠어요! 상상하던 딱 그맛이지만 조화가 좋았습니다☺️ 달달한 초코칩이 가득이라 식감도 만족스러웠어요,예전에 택배로 먹고 가서 사본적은 이번이 첨이네요~~ 로얄밀크티랑 레몬딜버터로 샀어요~~ 둘다 넘맛있어요!!역 시!! 인테리어도 예쁘고 다음엔 가서 먹으려구요!,푸딩 존맛!! 겨울 시즌메뉴 딸기오레오 먹어봤는데 앉은 자리에서 한 통 다 먹을 정도로 질림없이 맛있고 딸기도 많이 들어있어서 좋아요.,디저트가 정말 맛있더라구요!ㅎ 다만 여러명 앉는 테이블이 거의 없으니까 주말에 3명 이상이라면 좌석 걱정을 좀 하긴 하셔야할 듯해요,"사진도 안찍고 걍 흡입해버려서 전에 찍어뒀던 걸로 대체,, 제 최애는 미쯔말차!!! 가면 무조건 하나는 꼭 사와요 근데 최근에 가서 사온 아몬드 봉봉에 반해버렸습미다.. 왜 이 맛을 이제야 알았는지😵‍💫 초코가 너무 부담스러운 분들은 아몬드봉봉 드셔보세요♥",임신했는데 코코로카라 레몬치즈쿠키가 너무 생각나서 남편 졸라 먼 길 찾아왔어요 👍🏻,코코로카라 미쯔말차푸딩! 맛있음!,코코로카라 너무 맛있어요,🍮 자모카 카라멜 선데 빵튜브 뽀니님을 만나서 신기했고😲 빵푸딩도 맛있었어요👍,테이블과 의자가 빈티지 제품이라 앉을 따 유의해야한다는 점. 하지만 끄덕없었다. 사진찍기 좋고 브레드 푸딩 맛집. 아몬드봉봉 강추,더현대 매장만 갔다가 연남본점은 처음인데 인테리어도 귀엽고 오후 늦게가서 대부분 품절이라 아쉽 ㅠㅠㅠㅠㅠ 아몬드봉봉은 처음인데 맛있어요!!,브레드푸딩으로 유명한 코코로카라!! 사람 엄청 많아요 ㅋㅋㅋㅋ 연남동 카페중에 손님이 제일 많은곳 같아요👍 먹 어보고 싶은 메뉴가 너무 많아서 고르느라 애먹었습니다 과일이 많이 들어있어서 맛있게 잘 먹었고~ 다음엔 다른 메 뉴도 먹어보고 싶어요😋,4년전인가 사먹어보고 잊고있다가 최근 씨유에서 콜라보제품 나왔길래 먹어보고 넘 맛있어서 본점 다녀옴 기억조작인가 4년전 푸딩크기보다 좀 작아진듯.. 아이스크림 먹고싶을 때 푸딩 한입하면 해소됨ㅎㅎ,푸딩도 비싼데 먹고 가려면 일인일음료 해야하는게 약간 의아하긴 하나 푸딩 한입 먹으면 모든게 다 용서 됨 다른 유명 브레드 푸딩 먹어도 다시 코코로카라로 돌아옴,바나나오레오 7.200원 샤인머스캣 8.700원 미쯔말차 7.200원 피스타치오체리 8.700원 종류 다양하고 계절별로도  달라지고 한정판매도 있고해서 다양맛을 즐길 수 있는 것도 좋고 식감이며 맛이며 너무 좋아요🤤👍,푸딩계에서 제일 유명한 코코로카라 드디어 가봤어요! 가격대는 있지만 맛있고 크기도 커서 2명이서 먹으면 적당하겠네요. 저는 그릭모모를 제일 맛있게 먹었어요!! 인테리어도 예쁘고 야외 좌석에서 사진도 예쁘게 찍을 수 있어요. 대신 사람 많아서 자리 잡기가 어려워요.,맛있어요 딸기도 안에 많이 들어잇고요 생각보다 너무 달지않아 오히려 살짝 아쉬운느낌ㅎㅎ 커피는... 너무 찐해서 좀 쓰더라구요ㅜ 매장 2층까지 가는 계단이 좁고 가파라서 포장추천합니당..ㅎ,"저번에 왔을때 미쯔말차가 품절이었어서... 뽀니 최애인 미쯔말차를 꼭 먹어보고싶어서, 정말 이것때문에 서울 왔다고 해도 과언이 아닐정도로 기대 만땅하고 갔는데 이렇게 기대를 만땅해도 맛있을수 있다니요🥹ෆ 정말 너무 맛있어서 먹는내내 행복했어요 !!",코코로카라에 드디어 다녀왔슴니다...ఇ 많은 푸딩 중에서 무엇을 먹을지 한참 고민했던것같아여! 맛도 풍부하고 양 듀 많고 너무너무 맛있었어요 ･ᴗ･̥̥̥ 담에도 꼭 먹고싶고 숙성할때마다 더 꾸덕해져서 머무 좋았슴니다,"좋아하는 유투버가 맛있게 먹는 걸 보고 방문했어요 결론적으로는 재방문은 없을 것 같아요 푸딩 가격이 거진 8천 원인데 앉아서 먹으려면 음료를 주문해야한다고 하고, 포장해서 먹는데 푸딩은 양도 적고, 크림이 너무 많은데 맛있 는 크림이 아니여서 반밖에 못먹었습니다 치즈팝 먹었는데 뽀또맛의 맛있는 크림이 아니라 슬라이스치즈의 ...",매장에서 먹는거 하나랑 푸딩 추가로 4개 더 구매했어요. 택배를 중단하셔서 여기까지 와서 구매했네요. 근데 예전에 택배로 먹었을때보다 사이즈가 엄청 엄청 줄어서 당황했어요. 그리고 푸딩을 여러 개 사고 하나 먹고 가려고 한건데 굳이 음료를 인당 주문하라고 한건 좀 서운했네요,굿! 항상 좋아요!,연남동 갔다가 오랫만에 방문했어요. 매장에서 먹고갈려면 음료필수 주문해야해요,바나나오레오 7.200원 피스타치오체리 8.700원 보냉포장 1.300원 코코로카라 들어만 보고 먹어보진 못했다고 기회 되면 먹고 싶다는 친구가 있어서 그 친구 주려고 보냉포장했어요! 전 이미 먹어본 사람으로써 친구가 당연히 좋아할 거라고 장담해요🤤🙂🙃,커피도 맛있고 푸딩도 맛있고 마들렌도 맛있어요! 워낙 유명해서 믿고먹는 카페입니다! 이 날 처음 가게에서 먹은거였는데 컵도 유산지도 접시도 다 귀여워서 좋았어요! 적당히 조용해서 내부에서 먹기도 편했습니다~,그릭딸기 푸딩 상큼하고 맛있네요!,"택배로 주문해서 먹고 맛있어서 직접방문까지했어요! 푸딩이랑 티케이크, 마들렌 다양하게 먹어봤는데 푸딩은 냉장 고에서 숙성하면 할수록 신기하게 더 맛있어지더라구요~ 그리고 푸딩안에 부재료들과 크림과의 비율이 적당해서  좋았어요. 저는 치즈팝푸딩이랑 피스타치오체리푸딩, 트리플콤보스(티케이크)를 정말 맛있게 먹었어요! 잘먹...",노란벽돌가게에 오픈하셔서 여사장님이랑 인사요정 남편될분이랑 주로 하실때부터 집근처라 수면바지 입고 뒹굴대 다 생각나서 자주 갔고 이사가신뒤엔 인스타로만 보다가 가봤는데 문열고 들어가니 손님들 대화하는 소리보다 주방 안쪽? 쇼케이스 뒤편에서 직원들이 큰목소리로 이야기하는게 들렷는데 문에 달린 벨도 울리고 쇼케이스까지 ...,아기자기한 실내 인테리어가 돋보이는 가게입니당! 마들렌도 너무 맛있게 먹었네요☺️,"토요일 방문했는데 웨이팅이 1,2팀 있었고 금방 입장했습니다. 2층까지 있어 자리가 꽤 있는 편이고 1층에서 주문, 픽업하여 2층 자리로 옮겨갈 때는 계단을 좀 조심해야할 것 같아요. <미쯔 말차 푸딩> 일반적 젤라틴 푸딩이 아니라 크림 푸딩입니다. 위쪽에 가득한 크림 비주얼이 생소 할 수 있지만 떠먹는 케이크라고 생각하시면 될 것 같아...",빵푸딩은 여기가 제일 맛있어요 매장도 귀엽고 아늑하게 잘 꾸며서 포장도 좋지만 매장에서 먹는것도 좋아요,바나나푸딩 포장해서 피크닉 가서 먹었어요~! 맛있어요^^,홍대가면 테이크아웃이나 방문으로 한 번쯤 들러요!! 푸딩은 말해모해 너무 맛있어요 그릭모모 추천입니다!! 아몬드 봉봉도 맛있어요 전체적으로 코코로카라는 인위적인 단맛이 안 나고 많이 달지 않아서 좋아요🫶,새콤한 요거트맛에 달콤한 딸기🍓❤️😋,은은한 커피 맛의 자모카 푸딩~ 오도독 씹히는 게 많아 식감 변태로서 넘 좋았습니다 그리고 코코로카라는 티케이크가 찐입니다... 꾸덕한 거 좋아한다? 그럼 드세요 말차라즈베리는 말차가 라즈베리 씹어먹어서 베리 싫어하는 사람으로서 맛있게 먹었습니다 ㅎㅎ,"♥ 치즈팝 푸딩 단짠단짠의 정석인 녹진하고 부드러운 치즈크림이 가득한 푸딩! 크리미하고 깔끔하면서 진한 치즈 풍 미가 인상적입니다. 한 술 떠서 입에 넣으면 입안을 사르르 감싸는 듯한 포근함이 몰려와요! 짭쪼름하고 살짝 시큼한 치즈 고유의 맛과, 눈에 확 띄는 밝은 주황빛 달콤 촉촉한 크림으로 오감만족할 수 있는 메뉴입니다. 생각보...",오늘 아침에 밀크티랑 푸딩 먹었는데 너무 맛있어요 ... 하나 크기가 꽤 되어서 디저트 보다는 식사 대용으로 먹어야될 것 같아요 ㅎㅎ 다음에 가서 다른 맛도 먹어보고 싶어요,위시리스트였지만 거리가 있어 미루고 미루다 더현대에서 그릭모모 먹고 반했어요 기대하지말자했는데 요거트크림이 입맛에 맞는지 자꾸 생각납니다. 이번에 빵투어 겸 본점까지 가게 되었는데 역시 그릭베이스 청포도 맛도리!,너무너무 이뻤던 코코로카라🤍 인터넷에서 보고 아주 예전부터 너무너무 가보고 싶었는데 드디어 가게 되었다는 😖 진열도 너무 이쁘고 디저트가 하나같이 사랑스러워웠어요..🫶🏻🫧 사진 이리저리 찍고 싶었는데 많이 못찍은게  한이네요🥹 근데 여기.. 푸딩만 맛있는줄 알았는데 구움과자류도 완전 맛도리❤️‍🔥 말차라즈베리티케이크 짱...,"민초단으로써 민트가 언제 들어갈지 몰라 왕복 네시간... 시간내서 방문했고요 근데 초코맛이 훨씬 강해요 • ᴗ •̥ ˳ ˳ 제 일 맛있었던건 그릭모모 과일 들어간 제빵, 제과 안 좋아한다 생각했는데 입맛이 바뀐건지 코코로카라가 𝒿𝓂𝓉인건 지 너무 맛있어서 순삭 .. 샤인머스켓도 마찬가지였구 이번 신메뉴 레몬딜버터도 𝒿𝓂𝓉이더라구요 ?! 초큼 헤...",메뉴가 진짜 신기한게 많고 내부 인테리어도 이쁩니다 다만 건물 구조상 철제 계단을 사용하며 일반 가정집이 아닌  상업 건물이라 계단 사용빈도가 높을텐데도 음료를 가지고 올라가기 위험하게 되어있습니다.,"이사 오기전 매장도 자주 방문했는데! 이렇게 확장되어서 카페까지 즐길 수 있어 행복합니다🥰 개인적으로 푸딩보다 마들렌, 쿠키 등 다른메뉴가 더 제취향이네요 ㅎㅎ  여전히 취향저격하는 사장님 인테리어 센스는 다시봐도 감탄을 자아냅니다👏","피스타치오 체리와 바나나를 선택했습니다! 다른 곳과는 다르게 굉장히 알차게 가득 들어있었어요. 진한 피스타치 오 맛에 체리가 더해져서 조화로웠고, 근본 바나나 푸딩 또한 맛있었습니다! 다만 1인 1푸딩을 하기에는 살짝 양이  많은 것 같아서 다음에 갈 때는 푸딩 하나와 마들렌같은 다른 메뉴를 하나 시킬까 합니다~ 인테리어도 아기자...",아주 꾸더억 하고 맛있아요🍫😋  평일저녁에 갔더니 많이 남아있었어요ㅎㅎ,홍대 쪽 놀러오면 늘 믿고 방문하는 카페입니당!-! 커피도 맛있구 디저트는 말 할 것도 없구요!-!〰️❤️‍🔥 여름 신메뉴인 초당옥수수랑 대표 메뉴인 미쯔 말차 시켜서 먹었는데 넘 맛있었어용 ㅠㅠ〰️ 주말에 방문하니 웨이팅이 좀 있었지만 기다려서 먹은 보람이 있었어요 ㅎㅎ〰️💛🌝,"빵푸딩의 정석! 2~3일 숙성하고 먹으니 촉촉하고 맛있네요 바나나 푸딩,고구마 케이크 푸딩 둘다 달지않아서 좋았어요",매장 이전한 후에 처음 방문해봤어요! 공간도 엄청 넓고 특히 2층엔 좌석 넉넉하게 준비되어 있어서 먹고 가기 좋네 요. 지난번 약과티케이크 너무 맛있었는데 약과푸딩은 못먹어서 아쉬웠거든요ㅠㅜ 초당옥수수 신메뉴 나왔다길래 바로 방문해봤습니다!!! 진짜 뭔가 밀키하거나 묵직한 단맛이 아니라 초당옥수수 원물 자체의 맑은 단맛이에...,아몬드봉봉 민트초코 샀어요- 아몬드봉봉은 겁나 맛있습니다 달달구리 하지만 꼭 시원하게 드세요..! 민트초코는… 민초파인 저에게도 너무 강했습니다😭 민트가 진짜 20000퍼센트..! 안 시원해서 더 그렇게 느꺼진 것 같은데 달달한 민초보다는 잠 깨는 민트껌에 가까운.. 얼렸다가 먹으니 훨 나았어요ㅋㅋ🌿,뉴욕 빠나나 푸딩 그리웠는데 맛있게 먹었습니다^^ 2층에도 좋은 음악을 틀어주시면 좋겠어요 무음에 소란소란은  힘들어요,예전에 한번 갔었는데 그 사진을 이제 올리네요 비슷하게 사와서 그냥 예전 사진 올립니다. 지인분 추천으로 방문했 는데 진한 디저트들이 한번 더 생각나서 방문하게 되었습니다. 단 디저트를 이제 예전만큼 잘 먹지 못해서 조금 과하 다고 느낄수도 있는데 그럼에도 맛 자체들은 다 맛있고 특색있는 디저트는 틀림없는 것 같습니다.,너무 궁금했는데 역시 존마탱❤️,푸딩 가격이 좀 있지만 한번 더 갈듯,복숭아 좋아해서 모모푸딩을 먹어보았어요~ 그래도 저의 최애는 역시 피스타치오체리와 바나나푸딩^^,주문할때 살짝 정신없지만 까페 감성 귀엽고  빵이 맛있어요,약과 푸딩 맛도리😋 오랜만에 브레드푸딩 먹방 시나몬에 떡도 많이 들어감 늦게 가니 약과 푸딩이랑 샤인머스켓 푸 딩만 있었습니다 주택 카페로 바뀐 뒤 포토존도 많구 시원하게 잘 있다 갑니다,와이프따라왔는데 바나나푸딩 정말맛있네요 ㅋㅋ 고객 90프로 여자손님 ㅋㅋ,코코로카라 푸딩은 말해뭐해입니까!! 주기적으로 방문😊 저능 과일들어간 푸딩들보다 오리지널류(?)들을 좋아해서 주로 먹어요! 무족권 냉장고에서 이틀은 숙성하고 드셔야 더 존맛탱임니다 바나나는 특성상 바로 먹어도 괜찮드라 구요ㅎㅎ,"음식에 비해 가격이 너무 비싼거 같다는 생각이 항상 들지만 맛있어서 가끔가다 들리게 되는 것 같아요... ㅎㅎ 음료 는 기본 4천원이 훌쩍 넘고, 8천원 넘는 푸딩까지 시켰는데 둘이 왔으니 음료 두 개는 시켜주셔야 된다는 말이 좀... 이해가 안 가네요... 음료 하나에 음료 두 개 값인 푸딩도 시켰는데... 직원분들도 친절하다는 느낌도 없고... 개...",핫팩 있어서 좋아요 토욜오후에갔는데도 하나빼고 다있었어요! 직원분 약간 불친절해요..ㅋㅋ,옛날부터 연남동 갈때마다 방문하려고 해요😆 사장님께서 진심이시고 노력한 디저트들 맛보는 재미가 있어요 시즌별로 메뉴도 조금씩 달라지고 각각 특색이 있어요 😋 연남동이나 홍대 가실일 있고 디저트 좋아하신다면 꼭 방문해보세요 😊,오랜만에 방문했는데 여전히 맛있네요^^,예쁘고 아기자기하고 꾸덕한푸딩 아메리카노도 맛있음!,"빵 택배로도 받아볼 수 있긴한데,, 빵동고가 차서 그냥 바로 먹는게 맛있을 것 같아서 남자친구랑 갔어요! 오후 좀 늦 게갔는데도 푸딩 많이 있었구 사람도 많았어요!! 근데 역시 코코로카라는 푸딩 맛집,,🥨 그리고 다행히 날씨도 좋아 서 테라스에 앉았는데 너무너무 좋았어요!!! 히히 주문도 아봉이랑 치즈팝 했는데 하나도 안느끼하고 다 맛이...",금요일 오후 4시 웨이팅 없고 손님도 별로 없었어요~ 치즈팝 맛있네용🧀,최애 디저트집 ㅠㅠ 마들렌도 맛잇어여,"디저트가 다양한 맛으로 많이 있고 푸딩이 양이 많고 떠먹기 좋아요 ☺️ 피스타치오체리엔 피스타치오가 듬뿍 들어 가 있어요🍒 인테리어도 예쁘고 집 느낌이라 아늑한 카페에요 💚 블로그에 리뷰들을 더 자세하게 기록해요 맛집,  일상 등 다양하게 끄적이고 있으니 놀러오세요 🐢 https://blog.naver.com/s2soojungs2",카페가 아기자기하고 예뻐용 이런 푸딩은 처음 먹어봐서 다른곳이랑 비교는 못하겠지만 맛있었어용 주말 오후에는 자리 웨이팅 있어요,비주얼이 너무 예쁜 푸딩🤍,이전매장부터 단골집!! 샤인 최애메뉴!!!,브레드 푸딩 원조 코코로카라!! 드디어 방문했습니다.😋 푸딩 크기가 작지는 않으나... 피체푸는 8700원인데 좀 비싸서 부담스럽다는 느낌은 있었어요🥲 그래도 체리도 많고 피스타치오 맛도 꽤나나서 맛있게 즐겼슴니다. 다음번에는 또 다른 맛으로 도전해보고 싶어요~,오랫동안 빵킷리스트에만 담아뒀던 코코로카라를 드디어..♡
카페 공명 연남점,1176845784.0,"카페 공명 연남점 첫 방문하고 완전 최애 카페 됐어요. 커피 베이커리 모두 고퀄리티에요!!! 공명라떼,초코나무숲스 콘 , 바닐라까눌레 강추해요 스콘,라떼맛집인건 알았는데 까눌레에서 기절했습니다. 빵순이라면 꼭 가야할 연남동  맛집이에요",연남동 대형 베이커리 카페이자 맛집이네요!! 비스킷슈와 스콘도 너무 맛있고 꾸덕한 브라우니도 완전 취향저격이었어요. 공명라떼 위에 올라가는 크림도 꾸덕한데 느끼하지 않아서 홀짝홀짝 마시는 재미가 있더라구요. 연남동 카페찾으신다면 공명 완전 추천요.,공명라떼 크림 찐으로 맛있고 라즈베리잼 스콘 너무 맛있네요!!! 크림 양이 터질만큼 많아서 놀랐는데 크림 자체가 맛있고 잼이 상큼해서 맛있어요👍 커다란 크리스마스 트리도 이쁘고 포토존도 많고 디저트 맛있어서 또 올거예요🤍,크림 가득한 스콘 !!!!!! 맛 없을 수가 없어요 스콘/비스킷슈/까눌레 등등 디저트 종류가 다양해요 🧁크림 스콘 강추합 니다 😋 🍰우유케이크도 대존맛 👍🏻👍🏻 ☕️공명라떼도 꼭 먹어야 돼요 쫀쫀하고 달콤한 크림에 시나몬 향 가득한  커피예요,"[예전부터 가고싶어서 저장해뒀었던 📚서점인테리어 카페📚] - 집중하기 좋아서 다음에 혼자 공부하러 와도 좋을 거 같다 - 커피가 맛있는건 알았지만 디저트맛집인거는 몰랐당 스콘, 까눌레가 넘무 맛있움🫶🏻 - 공명 홍대점도 가볼 테야-!","레몬스콘 4,500원 아메리카노 5,000원 플랫화이트 6,000원 매장도 엄청 넓고 깔끔한데 좌석도 편하고 대화하기 너 무 좋은 카페! 여기 레몬스콘 미쳤어요ㅜㅜ 스콘안에도 레몬 알갱이가 씹히는데 완전 상큼하구 맛나요! 담에 또 스콘 먹으러 가고싶은 곳!👍",사춘기가 끝나가면서 중3아들이 (당신은 결국 무엇이든 해내는 사람)을 최초로 스스로 서점에서 사온책 직접 읽고  여기오자고해서 왔어요 넘 분위기도 핫하고 직원도 친절해요 디저트 넘 맛나고 와일드플라워아메리카노는 입에 딱  맞았어요,요즘 작가님이 쓴 책 읽고잇엇는데 우연히 지나가다 운영하신 카페에 들러서 넘 좋앗어요 책에서 말씀하신 카페가 여기엿구나싶어서 반갑더라구요ㅎㅎ 디저트 종류 엄청 많앗는데 배불러서 한개만 겨우 골라 먹었네요 메뉴판도 책 으로 꾸며서 신기햇어요 초코나무숲은 스콘에만 살짝 녹차향이 잇어서 저는 잘 먹었는데 녹차좋아하는 분은 ...,연남동에서 제일 대화하기 좋은 카페인것 같아요 매장도 넓고 음료랑 디저트도 너무 맛있어요 ! 연남동 최고의 카페상... 드립니다 ❣️,"시그니처 공명라떼 시켰습니다 ♥ 굉장히 단데 그래서 좋았어용 ㅎㅎ 연남동에 이렇게 넓은 카페가 있다니 신기하네요. 데이트 목적으로 와도 좋구, 공부하러 오기도 좋아요 디저트도 다양하구요 근데 사람이 계속 북적북적해서 앉을 자리가 없을 수도 있어요",스콘들이 맛있어요. 공명라떼도 좋았구. 샤인머스켓 에이드 시원하도 맛있어요.,공명라떼 강추!! 크림이랑 커피가 넘 잘어울리고 디저트도 진짜 다양해요!! 카페 분위기도 넓은 도서관 느낌에 따뜻하니 넘 좋고 직원분들도 친절해서 더 좋았어요 ㅎㅎ,"먹음직스러운 디저트가 가득가득해서 빵순이로서 눈돌아갈뻔했어요👀 까눌레, 스콘 비쥬얼만큼이나 맛도 훌륭하더라구요:) 바쁜 와중에도 직원분들 훈훈&친절하셨고 테이크아웃시 할인되는점도 좋아요!","인테리어, 분위기, 행복해보이는 사람들, 친절한 직원분까지 너무 완벽한 카페라 생각들어요! 메뉴판이 진열 된 책처럼 되어있어서 독특하고 센스 만점이라 생각됩니다 :)",매장도 크구 디저트 종류도 많았어요  너무 맛있어서 다음에 또오고싶습니당!!!😃,두번째 방문이에요! 크림이 진짜 너무 맛나요… 포장해서 집가서 먹어도 맛나요….크림맛집 최고 땅땅💕,넓고 예쁘고 느낌있는 카페예요. 커피도 맛있고 스콘이랑 까눌레도 맛있었어요. 적당히 달아서 할머니도 정말 맛있게 드셨답니다☺️,빵 맛집이라 그래서 방문했는데 너무 맛있어요 ㅠㅠ 까눌레도 맛있고 크림슈는 크림 우유같이 부드럽고 겉 엄청 바삭해요! 초코크림도 쫀쫀 그 잡채 재방문의사 100%!!음료도 맛있어용,추천받아 들려보았는데 스콘 하나하나 다 맛있어서 지꾸 생각나네요! 포장도 꼼꼼히 잘해주시고 친절히 응대해주셔서 더 기억에 남아요~ 근처 갈때마다 들릴듯요~~,"주말 오픈 시간 맞춰 방문했는데요! 작업하기 참 좋았어요! 오후 2,3시 되면 가득차고 붐비니 일찍 방문해서 원하는 자리에 앉으면 좋을 것 같아요!",컨셉이 확실해서 좋았던 카페입니다~ 밀크티 맛있네요!!,공명라떼 처음 먹어봤는데 맛있네요! 커피위의 휘핑크림이 느끼하지않고 계피향과 커피와의 조합이 좋아요 굿 👍,☕스콘과 커피가 맛있는 여유 있고 분위기 있는 카페🌿 넓은 공간과 사람도 많지 않아 여유로운 공간이 이었어요. 디저트가 부드럽고 과하게 달지 않아 무척 맛있습니다. 스콘 맛집답게 겉은 바삭하고 생크림이 있는 부분은 크림의 수분을 흡수해서 촉촉했어요. 저는 스콘의 바삭함을 좋아해서 여기가 무척 마음에 들었고요. 두부같이 이쁘...,까눌레 정말 맛있어요ㅠㅠ 꼭 주문해주세요!! 사람 붐볐던 것 빼고 만족스러웠습니다,벌써 두 번째 방문인데. 넘 만족스럽습니다 일단 크림이 진짜 맛있고! 공명라떼에 올라가는 크림이 찐맛도리입니다!  여기 크림들어가는 건 다 맛있는듯해여 저번에 라즈베리생크림스콘도 먹어봤는데 크림이 미춌다리🤤 기영이처럼  먹습니다 다음에 또 오고싶어요! 직원분들도 굉장히 친절하시고 내부도 넓어서 이야기하기도 좋아욥ㅎㅎ 잘 ...,벌써 세 번째 방문!! 여기가 머가 있는지 자주 오게 돼요 커피도 맛있고 디저트도 맛있어서 그런듯!! 이러다 찐 단골 이 될 것 가타여 그리고 직원분이 엄청 친절해요🫧🌸 오늘 처음 혼자 와봤는데 별로 눈치도 안보이고 재밌듬 혼자  오신 분들도 많아서 조은거같아요! 담에 또 올게요 공명🫶🏻,책이 메뉴판이라는게 정말 특이해요. 넓은 공간이라 눈치 보지 않고 책읽고 노트북할 수 있구요. 에이드음료도 과일  가득 넣어주셔서 맛있습니다. 홍대카페로 즐겨찾기 해논 공명!,자두에이드가 완전 달콤 상콤 하니 좋네요❤️ 스콘도 엄청 맛있게 잘 먹었어요~~~,"[Easy to order for foreigners] Although is a café in Hongdae, the place is very popular for Koreans. There Are multi ple desserts but they didn't have the Strawberry one 🍓😭 The Canulle were good, especially the Choco one! Th ere are áreas to work, but since it's open concept... unless you are okay with noisy environments, maybe thi...",먹고싶었던 초코나무숲 스콘 먹으러 왔는데 너무 맛있었어요! 초코덕후 취향저격이에요💚🤎 주말 점심 이후에 방문해서 그런지 사람이 엄청 많더라구요 그래도 좌석이 많아서 이야기 나누기 좋았어요:),처음 가는 사람들 입장에선 어리둥절할거 같아요 여기저기 부착된 안내문을 찾아 읽어가면서 주문을 해야하는.. 근 무하는 직원이 많은데도 차근차근 안내해주려는 사람이 없다는것도 아쉬운 부분이에요 테이블 간격이 가까운 편이 고 매장 크기가 넓직한건 좋습니다 에어컨 가동을 안하는건지 넓이에 비해 모자란건지 여튼 낮에는 매장 내...,와 여기 디저트 jmt… 크림이 너무 달지도 않고 맛있어요 ㅜㅜㅜ 케이크는 포장했는데 인절미 진짜 맛있음.. 공명라떼에 쿠키슈 푸욱 찍어서 잡숴봐요😋😋,까눌레는 촘 아쉬웟지만 스콘은 진짜 부드럽고 맛있엇어요!! 라즈베리 추천!!  애플망고에이드도 맛잇는데 점 달달합니다~~,인테리어가 정말 멋있어요 👍🏻👍🏻시원하고 편안한 분위기예요 🩵커피도 다양한 종류로 많고 디저트도 달달하게 종류가 많네요 🩷사진 찍기 이쁩니다 ㅋㅋ디저트 크림 빵도 진짜 최고😊😊,공명 라떼와 스콘 꼭 같이 드세요! 최고의 만남입니다. 달달해서 추운 날씨와 잘 어울려요ㅎㅎ,애플망고 에이드 꼭 먹어야합니다!,쿠키슈가 진짜 맛도리에요 고구마 스콘도 부드럽고 촉촉해서 혼자 하나 다 먹었어요 어마무시한 맛도리입니다 진심,"비스킷슈🧁 빵 자체는 만들어지고 시간이 좀 흐른 뒤라 식감이 살아있진 않았고 살짝 눅눅했지만, 안에 들어있는 슈크림이 기분 좋기 달달한 가벼운 바닐라 크림이라 맛있었음🥰 내부🏠 인스타 갬성을 제대로 구현한 듯한 내부:) 회색톤 위주로 꾸며서 사진 찍으면 무난하게 잘 나올 듯함 ㅎㅎ 근데 SNS에서 유명하다보니 확실히 사람이 ...",빵종류가 다양해서 좋고 진짜 맛있습니다 커피원두도 신선해서 그런지 아주 좋아요👍👍👍,스콘 너무맛있어요,기대하지 않았던 빵이 너무 맛있더라고요. 행복한 맛이었습니다. 3명에서 가서 다양하게 먹어봤는데 굿이었네용!!,스콘 맛있는 곳 인테리어 예뻐요,슈 맛있고 자색 고구마 스콘도 맛있어요~~,스콘 맛있네요. 커피도 not bad,공명라떼 거품이 찐해요 배경음악이 시끄럽지않아서 대화하기도 좋아요 한켠에 대표님의 대표작이 벽을 채우고있어요,짱 맛있음 !!!!  완전 좋아요  재방문 의사 완전 있으,플라워원두에 라떼맛있어요 ㅋ,항상 방문하는 곳이에오 커피도 디저트도 맛있어오,"뭐… So so..!! 일단 커피는 맛있어요. 커피 집에서 커피 맛 있는게 얼마나 중요한데요. ^^ 그러나 디저트는 살짝 아 숴워요. 캬눌레 평소에 최애 디저트인데, 겉바속촉의 캬눌레가 겉바속물(물컹)이 되었네요. 캬눌레는 원래 프랑스 의 남쪽 지방에서 특별한 날에 해먹는 디저트인데, 한번 캬눌레를 만들 때 여러개의 캬눌레를 만들어놓고 며...","여기는 커피맛집이 확실합니다... 라떼로 아인슈페너의 맛집은 많이 봤는데, 아아로 아인슈페너가 이렇게 맛있는 곳 은 처음봤어요😀😃🫠🫠🫠🫠🫠 공명라떼도 맛있지만, 아인슈페너는 정말 강추드릴게요!!!!! 디저트는 특별하다 기보다, 본연의 맛으로 맛있어요! 달지않아서 좋았구요!","스콘이 유명하다고 해서 왔는데, 카카오라떼랑 까눌레 , 쿠키, 비스킷슈 모두 맛있어요❤️ 디져트 맛집이네요! 매장은 층고도 높고 넓고 분위기도 좋아요 :)",커피도 맛있고 매장 직원분들도 너무 친절해너 좋았어요,"디저트맛집이라 디저트 포장해서 선물했어요 :) 초코나무숲스콘, 자색고구마스콘 강추입니다",좋아요 ! 공간이 힐링을 주네여,적당한 어둠이 좋아요,커피와 우유케이크 맛나고 공간 넓고 여유롭네요,원래 빵 종류 별로 안좋아하는데 여기 디저트 진짜 맛있어요.......,공명 연남점은 고즈넉한 분위기에 편안하게 남녀 노소 직장인 학생들 모두 쉬어갈수 있는그런 분위기 카페로 맛있 는 디저트가 가득하고 공명라떼 정말 부드럽고 진하고 스콘 하나도 안느끼하고 각각 특색이 있어 골라먹는 재미가  있어요~ 힘들때 잠깐 쉬어가도 좋습니다라는 문구보고 마음이 뭉클하더라구요. 책도 볼수있고 복합공간으로 ...,"분위기가 좋고, 베이커리류가 정말 맛있어요!",스콘 맛집!! 넓어서 좋아 조용해서도,완전 대화하기 좋은 카페 🫶🏻 내부도 넓고 의자도 편했어요 그리고 라즈베리생크림스콘이 인기 많아보여서 주문했 는데 역시는 역시.! 동물성생크림 그런지 느끼하지도 않고 엄청 맛있게 먹었어요! 같이 간 사람이 망고에이드도 맛있 다네요?! 커피는 슈랑 엄청 잘 어울렸습니다!! 애용하게 될 카페예요 🥰,쑥인절미케잌 맛있어요!!,인스타 핫하길래 찾아갔는데 생각보다 고구마스콘은 퍽퍽했어요ㅠ 대신 공명라떼 존맛탱😍😍😍 까눌레도 기본 이상인듯^^ 친절하고 좌석도 많아서 혼자도 편히 갈수있어요! 담에 공명라떼랑 다른맛 먹어봐야겠어요~,비스킷 슈 맛있어요!,항상 애용하는 카페입니다~,사람이 많아요,스콘안좋아하는데 스콘 정말 맛있었고 커피는 원두선택할 수 있어서 좋았네요 자세한 블로그리뷰 링크입니다! http s://m.blog.naver.com/yoon2_verse/223164495537,카페 공몀의 시그니처 커피 공명라떼 (6500),처음에 홍대북카페 찾다가 연남동카페 카페공명을 방문했는데 대만족이여서 이번에 재방문했어요. 이번에는 신메 뉴도 먹어봤는데 다 너무 맛있고 최고예요! ✔️카페 분위기 저는 카페 분위기를 중요시하는데 매장이 넓으면서 좌석 도 편해서 좋더라고요. 자리도 다양하고 천장이 높은데도 울림이 크지 않아서 집중하기 좋아요. ✔️메뉴 후기 ...,커피도 디저트도 분위기도 모두 좋은곳,공간이 쾌적합니다. 공명라떼 맛있어요!,비스킷슈 무조건 드셔보세요••• 증맬루 맛있군요 그 머냐 베리에이드 존맛탱이었어요,공명커피는 시나몬맛이 꽤 나니 싫어하시는 분들은 주의하세요! 아이스아메리카노는 굿! 고소한 맛 괜찮았어요. 대 형카페라 잔잔한 분위기는 아니지만 대형카페만의 적당한 소란스러움이 있으면 저는 더 대화하기 좋더라구요 담에  더우면 또 들릴게요!,출판사에서 운영하는 카페라 책을 활용한 인테리어가 멋지고 유니크해요. 디저트가 엄청 다양해서 골고루 주문해 봤는데 전부 맛있네요! 안에 크림이 엄청 꽉 차 있어서 배부른데도 열심히 먹었어요ㅎㅎ 분위기도 좋고 디저트 맛있는 연남동 카페로 추천해요 :),스콘 맛집인데 오래 머물기도 좋은 대형 카페ෆ̈ 주말에 연남동 갈 때마다 사람으로 꽉 차서 못 갔던 공명을 드디어 다 녀왔어요 •̀ᵕ•́ ①우유 생크림 스콘 공명의 대표 메뉴。스콘 불호하는데 퍽퍽하지 않고 촉촉 부드러워요ꜝꜝ생크림도 차 갑지는 않지만 사르르 녹아서 맛있게 먹었어요。누구나 좋아할 것 같아요！ ②초코나무숲 스콘 신메뉴인것 ...,흑임자까눌레 맛있네용 다른것도 맛있고 커피도 맛있고 사람많아여,공명라떼는 커피양이 적고 크림이 많습니다 커피 마시고 싶을땐 비추 크림은 묵직하고 맛있는 크림입니다 물컵은  크고 물은 얼음물로 준비되어있어서 좋았습니다,비스킷슈 맛있었어요~ 😋,평일이었는데도 손님이 진짜 진짜 많았어요 다들 테이블에 스콘 한 가득 시켜서 드시는 걸 보니 인기가 많은 카페인 건 확실합니다 저도 스콘과 쿠키슈를 주문해서 먹었는데 확실히 스콘이 정말 맛있어요 특히 고구마랑 초코나무숲은 다른 데서 전혀 먹어보지 못한 스콘이에요 신메뉴 공명라떼와 샤인머스캣에이드도 먹었는데 의외로 에이드...,"자두에이드, 밀크티, 스콘 두 개 주문했어요 자두에이드는 자두가 가득해서 상콤달달했고 밀크티는 홍차맛이 진해 서 좋았어요🙂 스콘은 솔티드카라멜, 라즈베리잼으로 골랐는데 크림이 가득 들어있어서 달달하게 잘먹었습니당 👍 솔티드카라멜은 특히 카라멜맛이 엄청 진해요 스콘의 크림이나 잼이 달기 때문에 음료가 아아였으면 더 ...",오랜만에 좋은 곳에서 너무 좋은 시간 보냈습니다. 너무 좋아요!!,연남동 맨날 오고싶게 만드는 곳.. 베이커리 중에서 스콘 좋아하는데 스콘 종류 짱많고 크기 크고 종류마다 다 매력넘쳐서 넘 좋아요.. 크림이나 이런거 재료 아낌없이 듬뿍 넣어주셔서 먹는내내 행복했어요. 매장 넓은데 확실히 유명해서 그런지 사람들도 많더라고요. 디저트랑 커피 마시러 또올게요 :),공명에서 가산탕진 커피도 커피인데 샤인머스켓 에이드 도 덜 달고 맛있어요 다 먹고.. 빵도 묵직하고 우유 크림도 너무 달지 않고 좋네요 스콘 먹을꺼였으면은 아메리카노 시켜여야했는데 공명라떼도 먹고 아메리카노도 먹고 가산 탕진 이네요 다 못 먹으면은 포장도 해주신다고 말씀하시는데 남자분 말투가 ㅎㅎ 상냥해요 천장도 놓고 매...,여기 까눌레 맛집이네요.. 엄청 겉바속촉이에요 고구마 스콘도 달달하니 맛있었어요,디저트가 맛있어서 포장왔어요🫶🏼 다 먹어보고 싶네여,"동교동 카페 공명 연남점. 카페 분위기도 좋고, 무엇보다 다양한 디저트가 있어 눈과 입이 즐거웠습니다. 스콘 맛집 답게 기본적으로 맛있었던 스콘~ 그중 최애는 대파스콘, 버터솔트 였어요. 디저트 덕후들이라면 꼭 방문해보세요.",분위기 좋고 디저트 맛있음,인테리어도 깔끔하고 예쁘고 조용하고 자리도 넓어요. 공명라떼는 깔끔하고 휘핑과 시나몬의 조합이 👍👍 샤인머스켓에이드는 처음 맛보는데 너무 맛있고 시원합니다. 빵순이인데 뚱스콘도 슈도 맛있어서 순삭했어요!!,비스킷슈가 너무 맛있어요~다양한 스콘들도 있어서 재방문하고싶네요! 사람이 많아서 조용하진 않아요ㅠㅠ,"#연남동카페 중에 제일 추천하는 카페 갈때마다 디저트, 음료 업데이트 되어 있고 친절하고 넓은 공간에서 쉴수 있어서 누구랑 가도 다 만족하더라구요 이번에 새로 생긴 스콘이랑 음료 다 맛있어서 진짜 맛있게 먹고 왔어요",스콘 맛집,홍대 갔다가 우연히 들르게 됐는데 매장도 넓고 층고도 높아서 탁트인 느낌이 정말 좋았어요!!! 시끄럽지도 않고 조용조용한 분위기라 대화나누기도 좋았구요 ㅎㅎ스콘 종류도 많아서 먹고 싶은거 다시켜서 포장했네요! 첫방문이라면 공명라떼 꼭 드셔보세요 ~ 자주 갈 카페 생겨서 너무 좋네요🥹,디저트를 와장창 부숴봤습니다🙈 모두 존맛탱 ㅠㅠㅠㅠ 일단 매장 분위기도 넘 예뻐요,너무 맛있네요. 스콘도 부드럽고...다만 5천원이 넘는 가격은 확실히 비싸긴하네요ㅎㅎ,"✅일단 고구마스콘, 피칸쿠키, 마카다미아 쿠키, 슈 등 디저트류가 다 맛이 훌륭합니다. 특히 고구마스콘은 동물성 크림을 사용해서 그런지 물리지도 않고 확실히 맛있어요ㅠㅠ 가격도 이정도면 괜찮다고 느껴집니다 ✅커피가 정말 맛있는데, 원두를 고를 수 있어서 좋아요. 개인적으로 산미 있는걸 선택해서 뜨아로 마셨는데 지금껏 마신 아...",디저트나 커피맛도 좋았지만 넓어서 옆사람 신경 안써도 되고 책 때문인지 분위기가 가볍지 않고 고급스러운 느낌이 들었어요. 복잡한 연남동을 살짝 벗어나서 카페 공명 연남점 추천드립니다. 시그니처 공명라떼는 꼭 드세요!,"예전부터 공명 앞에 지나갈때마다 메뉴사진 보면서(외부 벽에 포스터를 잔뜩 붙여둠)와,,저 스콘 맛있겠다ㅠ 언젠간 꼭 가야지!! 했는데, 드디어 다녀왔다!!! 스콘 크기도 진짜 크고, 종류도 다양함~ 혼자 와서 스콘에 커피 마셔도 든든 할 것 같고, 여럿이 와서 다양하게 시켜서 나눠먹어도 좋을듯~ 홍대역 3번 출구랑 가깝지만 복작거리는 곳이 ...",분위기도 좋고 디저트도 맛있어요.,연남베이커리 맛집으로 뜨고 있는 카페공명 연남점에 도장을 깨러 다녀왔습니다. 디저트는 먼저 확인했던 크림이 가득 들어간 스콘 위주로 포장해봤고요. 음료는 달달한 시그니처 라떼와 과일이 올라간 에이드를 같이 주문했습니 다. 라떼 달달한게 참 먹기 좋은데 스콘과 함께하기에는 아메리카노가 더 잘 어울릴 것 같긴 합니다. 스콘 종...,"테이블이 많은데 그만큼 사람 정말 어마어마하게 많아서 자리 잡기 힘들어요💦 그래도 그만큼 커피도 맛있고 디저트 말해뭐해,,🤎",분위기가 멋져요.,😋👍,너무 맛있어요 할인 받아서 더 좋아요:) 가끔 할인 해주세효🙇‍♂️ㅋ,디저트 맛있어요,공명라떼 시나몬맛이 너무 심해서 못먹었어요ㅠㅠ,스콘 유명해서 궁금했는데 맛있어요~~!,비스킷슈 넘 맛있어요~ 크림 진짜 고급스럽네요~ 스콘도 엄청크고 크림도 빵빵하게 들어있어요~ 스콘들도 다 성공적! 에이드도 과일 가득. 공명라떼에 올라가는 크림도 부드럽고 커피랑 같이 먹으니 맛있어요~,,,
라헬의부엌 홍대점,1968041382.0,"홍대 수플레 맛집 라헬의부엌 홍대점 다녀왔어요. 핑크핑크한 분위기에 수플레, 브런치 플레이팅도 예쁘게 잘 나와 요. 사진 찍기 좋은 사진맛집입니다. 포토존도 예쁘게 꾸며져 있어서 좋아요. 수플레는 퐁신퐁신 부드럽고 주문하면  바로 만들어주셔서 따끈하고 맛있어요. 생망고 진짜 달콤하고 촉촉했어요. 추천입니다.",라헬의부엌 홍대점♡언제가도 예쁜 카페 공주들만 방문할것같은 예쁜 장소 폭신 폭신 수플레의 부드러운 솜사탕같은 맛있는 브런치♡맛있고 예쁘고 부드럽고♡매일 가고싶은 카페로 강추드리는 카페  라헬의부엌 홍대점 또 가야징♡♡,홍대 수플레 맛집이라고 친구들이 꼭 가보라고 해서 왔는데 왜 이제 왔죠ㅜㅜㅜ 퐁실퐁실 수플레 입에 넣자마자 사르르 녹고 너무 맛있어요🥹 라몽 수플레 소시지랑 샐러드랑 스크럼블 같이 나와서 든든하게 먹을 수 있어서 더욱 좋았어요! 인테리어도 이쁘고 포토존도 많아서 홍대 브런치 맛집으로 완전 추천입니다🫶,아니!~!~!여기는 꼭 가야돼요오오!~!~~! 여기 수플레 진짜 너무너무너무 맛있고 너무너무너무 부드러워요!!@!♡♡♡♡ 진짜 너무 맛있어요 꼭 가셔야해요! 카스테라처럼 빵이 그렇게 나올줄 알았는데 아니에요 ㅜㅠㅠ카스테라보다는 더 촉촉해서 더 부드럽고 입에서 살살 녹아요 ㅜㅠㅠ메뉴도 6가지류나 다양하게 있답니다!!! 정말 ...다음에 가면 ...,"우왕 수플레 폭신하고 사르르 녹아 넘 맛있어요^^ 🥹수플레에 바나나와 생크림 초코아이스크림 조합이 좋았어요. 초코아이스는 초코칩까지 있어서 더 고급스러운 맛! 초코 시럽도 뿌려 먹을 수 있어요. 브런치메뉴 3가지 먹었는데 하나는 빵위에 베이컨이 올라갔고 하나는 새우와 아보카도, 하나는 빵사이에 계란샐러드와 새우가 들어있어...",맛있었어요 ㅎㅎ 무화과수플레가 무화과가 믾고 정말 맛있어요 퐁신퐁신한 빵이라 느끼하지도 않고 맛있는데 무화 과도 듬뿍이라 좋았어요. 밤라쩨도 맛있고 청포도에이드도 맛나고 음료도 디저트도 맛있네용!,수플레 먹고 싶어서 방문한 '라헬의 부엌' 진짜 미친 것 같아요🤣 수플레도 너무 맛있고 음료와도 잘 어울려요!!! 홍 대에 몇 번 오면서 이런 곳이 있을 줄은 몰랐어요🤣 대박대박대대박입니다!! 2번 3번 또 와야할 것 같아요!!,갑자기 추워졌지만 공기 너무 맑고 좋아서 엄청 걸었는데-당이 확 차오르는 행복한 맛이네요~~~~>_<퐁실퐁실 팬케이크 부드럽고 크림도 달콤하고 바나나위에 크림브륄레 파삭 깨지는데 식감 너무 좋아요 강추합니다-!!!밀크티와 함께 잘어울려요~딸기도 딱 좋아요😋😋😋😋,인스타 핫플!! 수플레 맛집 1위!! 그 유명한 #라헬의 부엌 을 다녀왔어요~ 너무 아쉽게도 대표메뉴인 딸기수플레는 솔드아웃이라 지금 제철과일인 무화과수플레로 주문했어요🥰 웨이팅없이 들어가긴했지만 이미 매장내부 거의 만 석이라 밀린 주문에 음식 나오기까지는 2~30분 기다렸답니다🔥 날이 추워서 달지않은 티 종류 문의하니 티 ...,홍대에서 유명한 수플레 팬케이크 맛집을 다녀왔어요 그냥 인스타 맛집인줄 알았는데 여기 수플레 팬케이크 정말 맛있습니다. 무화과를 시켰는데 제철과일이라 그런지 생과일을 정말 듬뿍 주셨구요 수플레 팬케이크는 비린맛 하나 없이 정말 부드럽게 맛있네요 매장도 너무 이뻐서 사진찍으면 너무 잘나옵니다. 다양한 브런치 메뉴도 판매해...,수플레는 많이 안 좋아하는데도 먹으러 갈 땐 여기서만 먹어요. 좋아하는 홍대수플레 맛집👍❤️ 도톰하고 퐁신퐁신해서 취저고 아주아주 맛있습니다~ 카페도 예쁘고 포토존도 있어서 데이트 하기 좋아요🥰 강력 추천~!!!,홍대수플레 맛집이라고 해서 왔는데 무화과수플레 너무 맛있네요:) 부드럽고 무화과도 잘익어서 취향저격이에요^^  단짠단짠한 솔티카라멜 같은 빛과소금도 맛나구요:) 시23라떼는 저처럼 녹차라떼 러버들이 좋아할 맛! 핑크&화이트  인테리어도 넘 맘에 드는 공간이라 다음엔 다른 수플레 맛보러 올게요!,"라헬의 부엌 완전 홍대 수플레 맛집,,, 수플레 진짜 맛나요!! 계란 비린내 하나도 안 나고 수플레 완전 퐁실퐁실해요.  수플레 종류도 다양해서 선택하는데 넘 고민된답니다...😳 음료도 맛있어요. 또 직원분이 넘넘 친절하셔요. 에너지  넘치는 목소리로 맞이해주시고 주문도 친절하게 받으시더라고요. 매장도 넓고 예쁘게 꾸며져 있어요. 수플레 ...","라헬의 부엌 유명한 지는 알았는데 방문해보니 왜 유명한지 알겠네요💕 티 주문하니 정말 예쁘게 나오고, 음료도 정말 정성이 느껴지는 맛!! 수플레는 퐁신한 게 완전 제 취향 저격입니다💫 딸기철이 아니라 무화과를 올려주셨는데 무화과도 존맛탱 !!! 아이스크림이랑도 먹고, 생크림이랑도 먹고 완전 맛나게 잘 먹었어요❤️",수플레 진짜 맛있었어요!! 홍대입구역 브런치 카페 많이 가봤었는데 여기만큼 폭신 말랑거리는 수플레 본적없음😳😳😳 많이 달지도 않아서 커피&음료랑 같이 즐기기 딱 좋았어요ㅎㅎ,와ㅠㅠㅠ진짜 수플레 찐맛!!! 뜨겁고 찰랑찰랑할 때 먹으면 뷰드럽고 너무너무 맛있어요! 베이컨서니사이드업도 기대이상이고 세상제일 고퀄 ㅠㅠㅠ 매장이 셀카도 진짜 잘나와요💛 미쳐따미쳐따 딱 공주놀이하기 좋은곳 ㅠㅠ음료도 밀크티 맛도리!,꺅❤️ 최애 수플레맛집이쥬! 제철 과일이랑 나오는 메뉴 가장 좋아해요. 무화과 싱싱하고 엄청 많이 주셔서 팬케이 크 3장 먹는 내내 같이 먹었어요. 폭신퐁신 수플레 먹고 싶을 땐 라헬의부엌이 체고임다😊 처음 접선한 베이컨 올라 간 브런치도 괜찮더라고용!! 소스 발린 빵이 신의 한수였어요. 촉촉해서 좋았거든여 ㅋㅋ 인테리어도 사랑스...,매장이 너무 이뻐요^^ 그리고 다른 브런치카페에 없는 혹은 드문 수플레팬케이크가 있어요 수플레팬케이크 중에 최고 맛집이에요 입에서 살살 녹아요 다음에는 팬케이크만 2개를 주문해야겠어요 너무너무 맛있어요 ^^,가을에는 밤이죠! 밤 수플레가 있어서 주문했는데 밤이랑 수플레의 퐁신한 식감과 맛이 모두 잘 어울렸어요. 수플레 맛집이라고 찾아가도 계란 비린맛이 나는 곳이 더러 있었는데 여긴 깔끔하게 맛있더라구요. 딸기 라떼 비주얼도 👍,"수플레를 좋아한다면 무조건 한번은 방문해봐야하는 홍대 수플레 맛집이에요. 🥞라헬의 부엌은 8가지 종류의 수플 레를 맛볼 수 있는 곳인데요. 저는 이 중 무화과 수플레를 먹어보았답니다. 무화과 너무 달콤하고, 수플레는 퐁신퐁 신해서 입에 넣으면 녹아내렸어요. 너무 부드러워서 칼이 따로 필요없을 정도랍니다. 🥞 핫케이크 외에도 에...",수플레 맛집 ㅋㅋㅋ 홍대에서 데이트하기 좋을 거 같어요^^ 생망고가 통째로 나와서 달달한 망고와 부드러운 생쿠림과 수플레 조합이 나무 좋았아요 통창이라 밖을 보는 재미도 있고 음료도 다양해서 좋았어요,다 손수 만드신 재료들이라 많이 달지 않고 건강하게 맛있었어요! 메뉴 하나하나 다 정성 가득 들어간 맛이라 먹는 내내 힐링됐네요 홍대 수플레 맛집 답게 수플레의 부드러움에 반하고 맛에 반하고 ㅎㅎ 브런치 카페로 정말 강추에요,홍대수플레맛집으로 이미 핫한 라헬의부엌을 드디어 방문해봤어요!! 수플레진짜 너무사랑해서 라헬의부엌 수플레 엄청 기대했거든요!! 진짜 종류도 다양하고 퐁싱퐁싱 그자체..너무 맛있고 부드럽고 달콤쓰....♡ 완전 취향저격!!,수플레 팬케이크 비주얼도 예쁘고 너무 맛있었어요! 다른 곳보다 크림이 달지 않아서 좋았고 딸기 아이스크림까지 있어서 더 맛도리🍓카페도 예쁘고 다들 친절하십니다💖,"매장이 넓고 이뻐요 ❣️ 수플레와 샐러드 먹으면 건강하고 맛있는 한끼라 좋습니당 매장이 넓어서 자리는 있지만,  손님이 몰리는 시간엔 20분이상 기다릴수도 있어용 바쁜시간 피해서 오셔용",이번 시즌 메뉴가 오픈 된 것 같아 재방문 했습니다. 언제나 옳은 라헬의부엌~~~ 너무 맛있게 잘 먹고 갑니다 ^^ 싸장님 꼭 꼭 또 올게요 ㅋㅋ 감사합니다~~,"수플레케이크 좋아하는분들 꼭 가보세요 망고수플레 주문했는데 생망고가 통으로 들어가고 바닐라아이스크림도 쫜 득했어요. 수플레 간도 너무 딱 좋았는데 많이 달지않고 소금간이 느껴져서 너무 맛있었어요. 음료도 맛있었고 인공 단맛보다 과일청 맛이 많이 나는 청량한 에이드라서 취향저격, 추천해요-!",요즘 날씨가 많이 쌀쌀해졌음에 도착하자마자 따듯해서 좋았구요 매장 직원분들도 친절히 안내해주시고 가격 또한 착합니다! 연인과 함께 오셔서 즐겁게 대화 나누시다 출출하시면 크림 뷔렐레나 베이컨 서니싸이드업 드시면서 대화 나누시기 좋은 카페 입니다 구경도 맛도 힐링하고 갑니다 앞으로 더 번창 하세요~!,"이제 음료, 디저트도 맛있었지만 사장님이 너무 친절하시고 유쾌하신게 더 기억에 남았습니다 ㅋㅋㅋㅋ 음료에 대한 설명도 너무 친절히 잘해주셨고 먹고 싶은 마음이 들게 만드는 설명이셨어요..! 홍대가면 꼭 다시 방문할 것 같아요 ㅎㅎ",핑꾸핑꾸한 인테리어로 사진이 너무 잘 나와요🩷 수플레 팬케이크 너무 좋아하는데 초코와 바나나의 조합은 맛없 없💛 2층도 좌석 넓게 있어서 완전죠음🤗 * 이 글은 제품 또는 서비스를 제공받아 솔직하게 작성한 글입니다.,여기 완전 디저트랑 음료 맛집! 홍대 디저트카페 최강이네요. 수플레가 완전 부들부들 폭신하고 생크림이랑 아이스크림이랑 푸짐한 양으로 너무 달지도 않고 수제 디저트 맛집입니다. 음료에도 시원한 아이스크림에 플레이팅도 너무 예쁘고 단체석도 있고 자리도 많아서 모임하기에도 좋은 홍대 예쁜카페였어요.,라헬의부엌 수플레랑 커피 넘넘맛있어요 :)) 진짜 잘먹고왔어요 ~브런치카페 내부분위기도 예쁘고 아기자기해서 마음에들었구요. 테이블도많아서 여유롭게 즐길수있어서 좋았네요 >< 정말 라헬의부엌 브런치좋아하시는분들 가면 만족하실듯해요❤️,"너무 맛있어서 허겁지겁 먹었습니당,, 직원분들도 친절하시고 음료랑 브런치, 수플레 다 맛있어요 베이컨, 아이스크림, 계란 이것저것 추가해서 먹으니 배도 차네요 재방문 의사 무조건 있습니당 쵝오 🤤🤤🩷🩵",음료와 디저트가 맛있는 라헬의부엌 홍대점입니다! 수플레랑 케이크가 너무너무 맛있어요 ㅎㅎㅎ 달고나라떼는 이 름에 걸맞게 굉장히 달달합니다^^! 홍대에서 달달한거 땡기실때나 디저트 필요하실땐 라헬의부엌 홍대점 추천드립 니다 ㅎㅎ,두번째 방문이에요! 아직 밤은 안 나왔다고해서 크림브릴레로 먹었어요. 커스터드크림 너무 맛있고 수플레가 퐁신퐁신거려서 이층까지 들고올때 엄청 신중하게ㅋㅋㅋㅋ들고왔어요!!!! 딸기친구딸기는 딸기요거트 먹는맛이었고 비쥬얼도 너무 예뻤어요. 다음에 재방문할것같아요!!,"라헬의부엌 여기 찐디저트맛집이에요 인스타각인 비주얼, 환상적인 맛, 사랑스러운 분위기까지 다 사로잡은 곳입 니다 홍대에 이런 보물같은 카페가 숨겨져있었다니 이제 계속 갈 거 같아요 수플레는 진짜 퐁실퐁실한 게 입에 넣자 마자 사르르 녹을 정도로 부드럽고 잔뜩 올라간 딸기도 같이 한입 먹어주면 과즙 팍 터지면서 진짜 환상입니...",수플레가 맛있는 홍대수플레! 완전 퐁신퐁신 하고 양이 생각보다 상당함!! 조명이 너무 예뻐서 사진도 잘나오는 카페 ! 디저트 먹으러 데이트하기 너무 좋은 곳!!❤️,매번 궁금했었는데 너무예뻐요! 수플레 진짜 맛있고 부드럽고 예쁘고ㅠㅠ 왜지금왔나싶어요! 그정도로 너무맛있어요. 아점겸으로 먹었는데 든든하고 맛있어요:) 다음에 또 올예정입니다✨️,남편이랑 오랜만에 데이트 하려고 카페찾다가 여기가 수플레맛집이라고 해서 왔는데 진짜 맛있네요 입에서 사르르 녹아서 완전홀릭했어요 녹차르떼도 아이스크림도 다맛이고 분위기도 예뻐서 사진찍기도 좋아요😍,인생수플레... 너무 맛있어서 주말에도 또 방문예정 ㅠㅠ 눈물나옴,홍대수플레 맛집이에요 완전 🩵 비주얼도 맛도 최고에여 >_< 하트빨대도 넘귀엽구 음료에 아이스크림올라간거 시 그니쳐일만해요 !! 👍🏻 전 딸기라떼 추천할께욤 ✨ 수플레 몽실몽실해서 아주 제스탈이에여 ~~~,수플레 명가 라헬 오랜만에 옴 망고빙수 너무 맛있고 메론 수플레 시즌메뉴라 못 먹어서 광광 울어버림😭,홍대 브런치 먹으러 왔는데 라헬의 부엌이 있어서 들려봤어요. 와 근데 들어서자마자 가게가 너무 예뻐서 놀랐어요. 체리수플레 너무 폭신하고 맛있어요. 체리도 가득들어있고 진짜 맛있어요. 딸기친구딸기도 넘 맛있고 하트모양 빨대가 너무 귀여워요 !!,"비주얼도 맛도 분위기도 짱짱인 홍대 수플레 팬케이크/브런치 맛집이에요! 수플레나 크림이 너무 달면 금방 물릴 수 있는데, 여기 라헬의 부엌 수플레 팬케이크는 크림이 많이 달지 않고 양도 적당한 데다 수플레도 완전 퐁신퐁신해서 입에서 살살 녹아요 ㅠㅠ 수플레 이외에 브런치 메뉴들도 다양하고, 음료도 종류 별로 메뉴가 굉장히 많아서 ...",수플레팬케익도 맛있고 샐러드 브런치도 끝내줘요. 분위기도 좋아서 데이트코스로도 최고👍 수플레 먹으러 자주 갈 것 같아요💓💓,라헬의 부엌에서 처음으로 먹는 브런치인데 맛있었어요! 베이컨이 바삭바삭하고 빵에 있는 바베큐 소스도 맛있었어요. 토마토 빼 달라고 부탁드렸더니 다 빼 주셨는데 정말 감사합니다😍,수플레 러버여서 여기 꼭 가보고 싶었는데 기대했던 것보다 훨씬 더 맛있었어요! 양도 많고 퐁실퐁실한게 아직도 그립네요 ㅎㅎㅎ 다들 오셔서 꼭 드셔보세요😍,이것은 수플레인가 일반 팬케이크인가. 아쉬움이 남지만 사장님이 꽤 친절하셔서 뭐라 더 할 말이 없습니다,"에비타마고, 무화과 수플레, 아메리카노 주문해서 먹었는데 에비타마고 빵도 부드럽고 맛있어요. 퐁신퐁신한 수플 레 팬케이크에 아이스크림, 크림 곁들여서 먹으니 입맛 돌면서 순삭 하게 되더라고요. 가성비 있고 매장 깔끔하고  인테리어도 감성 있는 브런치맛집 다음에 또 브런치 먹으러 와야겠어요.",크림뷔렐레 너무 맛있쪄요~~~ 음료두 굳굳!!! 2층에 자리두 넓구 통창으로 되오 있어서 답답하지 않구 좋습니다~~,퐁신한 수플레가 맛있어요. 치킨샌드위치도 굿❤️,수플레팬케이크 넘 맛있어요~~~~ 종류 많아 고르기 힘들만큼 다 맛있어 보여요. 정말 탄력있고 퐁신퐁신 제대로예요! 배고픈 시간이라 브런치메뉴도 하나 시켰는데 맛있고 든든하니 좋네요. 커피맛도 굿이요~!,서울 여행가서 찾아보고 간 카페인데 그냥 그랬어요 메뉴를 흑당수플레로 주문해서 먹었는데 새로운 조합이라 신기 하고 맛있었어요 근데 먹다가 수플레가 너무 검정색이라 뭐지 하고 봤더니 수플레가 다 한 쪽 씩 탔더라고요 보통 이 런건 만들 때 다시 만들거나 해야 되는데 아무 말씀도 안 해주시고 주실 때 그냥 주셨어서 조금 그렇더라고요 ...,사장님이 추천해주신 무화과수플레 너무 맛있어요 ㅠㅠ 쫀득폭신한 맛난 수플레맛집 짱입니당 ㅎㅎ 홍대수플레맛집 요기에용 ㅎㅎ 크림도 쫀쫀해서 너무 잘어울리더라구요 또 갈께요~히히😉,드디어 수플레 맛집 라헬의 부엌 먹고왔다!! 가성비가 그렇게 좋은 편이라곤 할 수 없지만 비주얼이 좋고 맛은 짱임♥️♥️,포토존이 많았던 핑크핑크한 감성의 인테리어로 브런치먹으며 사진 찍기에 좋았어요!,기대를 많이 하고 갔긴했는데 모양이 너무 예뻐서 ..! 기대와는 조금 아쉬운 너무 물렁한 수플레였던 것 같아요🥹 맛 은 있었..?지만 식감이 아에 없었던 .. ㅠㅠ 수플레를 굉장히 좋아해서 국내외에서 많이 먹어봤는데 제꺼만 그런지는 모르겠지만 흔히 아는 수플레의 퐁실함이 너무너무 연했던 것 같아요😢😢 맛은 전체적으로 나쁘지 않았지...,부드러운 팬케이크 🥞 + 달달한 생크림 + 뜨거운 커피 ☕ = 하루 시작의 로망~ 평소 출근하느라 느끼지 못했던 여 유 쉬는 날 시도하고 성공했당^^ 곳곳에 포토존도 있어 소소한 재미도 느낄 수 있다,홍대 브런치 맛집답게 사람도 많고 수플레 넘 마싯어요 크림브륄레라 바삭하고 달콤하면서 부드러우면서 촉촉한 맛이 다 느껴져서 넘나 베스트였습니다 또 올게요^^,"홍대수플레맛집 발견했어요!💕 수줍은 망고라는 망고 수플레케이크를 먹어봤는데요 수플레는 부들부들 사르르 녹 고 망고는 달콤상콤해서 너무 맛났어요😭❤️❤️ 오병이어 미라클 밀크티맛났고, 딸기친구딸기라떼도 맛있었어요. 음료 위에 올라간 아이스크림도 고급진 맛이였답니당.! 카페 분위기도 너무 사랑스럽고 이뻐요. 사진 정말 여...",아기자기하고 예쁜 홍대 카페에요! 수플레가 넘 폭신하구 맛있어요ㅎㅎ,"수플레 엄청 부드럽구,, 입에서 녹아요🤍 무엇보다 사장님이신지 모르겠지만 너무 친절하세용",음식이 비싼느낌이에여 그리고 혼자서 일하니 대기가 너무 오래 걸려요 ~ 혼자 일하는데 기다리는게 당연하듯이 혼자라서 늦어서 어쩌고 해요 ~ 그걸 왜 소비자가 책임져야 하죠? 아무튼 전부 셀프고 비주얼은 좋고 사진찍기 좋네요,처음으로 라헬의 부엌 홍대점에 왔는데요! 수플레도 너무 맛있고 브런치도 너무 맛있어서 너무너무 만족했습니다! 베이컨이랑 후라이랑 아이스크림 추가해서 먹으니 더 풍족하고 맛있게 먹을 수 있었어요!! 라헬의 부엌 홍대점 내 마음의 저장!,전부터 여러 번 들어보고 지나치기만 했지만 방문하지는 못했던 라헬의 부엌! 너무 궁금해서 맛보게 되었습니다. 매 장에 들어가면 자리를 잡고 주문한 다음 음식을 받아가는 방식입니다. 2층에 좁지 않은 가게지만 사람이 많아서 자 리 잡기는 좀 힘듭니다ㅋㅋㅋ 맛은 음... 기대했는데 그에 비하면 생각보다 평범합니다. 그냥 팬케이크 믹스 ...,"직원분들이 너무 친절하세요 :) 디저트에 대한 안내를 친절하게 해주셔서 잘 고를 수 있었습니다. 1층, 2층으로 나뉘어져 있는데 각층이 다 청결하게 관리가 되어 있어서 좋았어요. 수플레 디저트도 너무 너무 맛있었답니다 :) 홍대수플레 맛집 찾고 계신 분들에게 추천해요",크림뷔렐레수플레 맛있어요 퐁신퐁신 비린내 안나서 좋고요 순삭,수플레팬케쿠 맛집맛집 아쥬 팬케쿠 맛도 좋고 과일도 듬뿍이러 만족햇다 겨울에 딸가 팬캐큐도 먹고 싶어 딸기라떼는 잘 섞어 먹어야 맛있음!!,수플레 처음 먹어보았는데 이젠 수플레만 찾게 생겼어요! 정말 입에서 사르르 녹네요 녹아 ㅠㅠ 너무 맛있었습니다! 자꾸 생각 나는 그 맛! 브런치 데이트로 너무 좋아요!!!!,양도 푸짐하고 맛도 너무너무 맛있는 브런치맛집 수플레맛집 홍대답게 외국에서 놀러온 외국인들이 많아서 외국인줄 ㅎㅎㅎㅎ 외국인이 많이 찾을만큼 핫한 장소 완전 강추드려용~~~~❤️❤️❤️❤️❤️❤️👍👍,매장 엄청 넓고 깨끗하고 쾌적하네요. 홍차종류도 다양하게 있고 멋진 티팟에 나와서 더 좋았어요. 브런치 메뉴도 맛있고 아인슈패너 베이스의 빛과 소금이라는 커피도 마셨는데 넘 진하고 맛있더라구요. 사장님도 친절하시고 사진찍기에도 멋진공간이 많아 넘 즐거웠습니다.,"홍대에 수플레 팬케이크 하면 라헬의부엌이에요❤ 다른곳도 가봤는데 여기만큼 하는곳이 없어서 수플레 생각나면 꼭 여기로 온답니당 퐁신퐁신 너무맛있어요! 생크림, 메이플시럽, 아이스크림 다양하게 같이 먹을수있구~ 메론도 제철과일이라그런지 엄청 달고 맛났어요!! 음료도 한라봉에이드 특별하고 강추!!",디저트와 음료를 엄청나게 많이주는데요. 그런데 엄청맛있습니다. 홍대에 있다면 꼭 오세요. ^^,수플레 살살 녹고 부드럽고 맛있어요!수플레 종류 많은 곳은 잘 없는데 라헬의 부엌은 종류 진짜 많아요. 그리고 음료도 너무 맛있음. 망고히비스커스 꼭 드셔보세요! 테이블도 많아서 좋아요.,수플레 팬케이크 너무 좋아해서 자주 왔는데 리뷰는 처음 남기네요! ㅎㅎ 메론 팬케이크 있는 거 신기해서 주문해봤는데 샤르륵 녹고 기분 좋아지는 맛이였어요. 🍈🥞 딸기라떼도 비주얼 쵝오 🍓👍🏻 인테리어도 핑크 차분 톤이라 예뻐서 친구들끼리 오기도 넘 좋아요 :) 저는 기분 꿀꿀할 때마다 오려고 합니다!,여기 수플레케이크가 진짜 너무 맛있어요💕 푹신푹신 수플레 매력을 극대화한 맛집! 다음에 또 생각날 것 같아요ㅠㅠ!!,와아앙ㅂ 수플레 너무 맛있어요 ~~ 흑당수플레 넘 맛있어요 !!! 펄이 딱딱해질까봐 걱정했는데 끝까지 말랑하구 맛있어욤 ❤️,수플레 팬케이크가 기가막히게 맛있는 “라헬의 부엌” 홍대점 분위기 진짜 쾌적하고 좋네요. 여러가지 맛 팬케이크 중이 멜론 먹어봤는데 싱싱한 멜론도 많나와서 더 맛있게 먹었네요. 딸기빙수도 달콤하고 맛있어요 :-),부드럽게 살살 녹는 수플레가 너무 인상적이었어요. 브런치가 먹고 싶을때 찾아가면 너무 좋을거 같아요~~~,부드러운 팬케이크 맛이에요  맛있어요,홍대에서 우연히 들어간 곳  스푸레~맛집이었어요  맛있거 잘 먹었습니다,여기 수플레 맛집입니다 💛💛💛 진짜 너어무 맛있어요 😍 분위기도 좋아서 자주 갈 거에요,팬케이크가 정말 맛있어요 다음엔 디저트용으로 초코바나나 팬케이크 먹으러 가보고싶네요,분위기 좋고 수플레케이크 맛있고 환상이에요 좌석 많고 브런치에도 모임에도 친구들 간의 만남에도 딱인 라헬의 부엌 홍대점 ❤️👍,너무 부드러운 디저트. 인테리어도 너무 이쁘고 아기자기해서 취향저격이에요. 다른 시그니처메뉴 먹어보러 또 방문해봐야겠어요!,홍대 수플레 맛집답게 비주얼부터 너무 좋은데요 너무 맛있고 또 인체리어도 이뻐서 데이트코스로딱!,"망고수플레, 에비타마고, 딸기라떼를 주문했는데 세가지 다 너무 맛있었어요! 망고수플레는 메뉴판에 있는 그림보다 더 생망고가 많이 나와서 놀랬어요!👍 망고랑 수플레 둘다 부드럽고 달달해서 순식간에 다 먹었어요😋 에비타마고는 계란마요가 아주 촉촉하고 속에 새우가 4마리 커다랗게 있어서 둘이 나눠먹기 좋았어요.",디저트도 맛있고 친절해요. 카페가 예쁘고 편안하게 이야기 할 수 있는 곳이네요.,"수플레랑 티 정말 맛있었어요!! 종류가 참 다양한데 메뉴판에 그림이 다 그려져 있는데다 사장님이 너무 친절하게, 오늘 좋은 재료가 들어와서 추천드리는 메뉴나, 찻잎 시향 등 안내해 주셔서 더 좋았습니다!! 또 와서 못먹어본 메뉴도 먹어보고 싶어요! 2층 자리로 갔는데 인테리어도 깔끔하면서 사랑스러운 분위기라 좋았습니다!!",너무깔끔하고 이쁜곳이에요 달달하고 맛있는 디저트만 있는줄 알았는데 영양만점인 샌드위치도 있어서 넘좋아여  자주자주 들르게 될듯요ㅎ,수플레 세 덩이면 많다고 생각했는데 1인분이네요ㅋㅋㅋ 친구랑 배부르게 먹으려고 두 개 시켰는데 적당히 먹었습 니다 첫 수플레를 넘 맛있게 먹어서 기분 좋았어요 딸기 아이스크림이 진짜 넘넘 맛있구 솔직히 코코아 케이크는 잘. ...! ㅎㅎ 수플레 맛집인 것 같습니다 음료는 무난해요 솔직히 가격대비 막~~ 적극추천은 못 하겠어요. 수플레 ...,왕진짜넘넘 수플레맛있는 집이에여ㅠㅠ넘 맛있어서 계속 감탄하면서 수플레 먹었어용ㅎㅎ아이스크림도 넘 맛있어서 계속 퍼먹고 수플레가 엄청 부드러워서 입에서 사르르 녹을 정도에요♡ 사람많은.이유를.넘 잘 알겠다 싶은 곳입니당!!,"아이랑같이왔는데 친절하시고,맛있었어요! 아이가수플레첨먹어봤는데 너무맛있다고 혼자거의저수플레2장반을먹 었다는.. 여기분위기도아기자기하니예쁘고좋드라구요! 담에홍대오면오고싶은곳이고담엔브런치메뉴먹으러방문하 고싶어지는곳이네요!",홍대 수플레 찾으면 제일 유명한 곳이라 다녀왔는데 수플레 퐁실퐁실하니 부드럽고 맛있었어요 ! 바나나브륄레도 달달하니 수플레랑 잘 어울리더라고요:-) 생각보다 매장도 넓어서 좋았습니다 !,여기 수플레 진짜 부드럽고 맛있어요! 생크림 우유생크림이고 에이드류는 실제 청이 들어간 찐맛!,"크림 뷔릴레 수플레와 아메리카노, 한라봉 에이드 이렇게 시켰는데 커피 원두 진짜 맛있고 수플레도 찐맛도리💛 조합 너무 좋았어요! 먹으면 입안에서 사르르 사라져요 ㅠ 홍대수플레 맛집 인정이요😆",음료보다는 팬케이크 맛집이에요~ 수플레 팬케이크가 완전 부드럽고 촉촉해요 다음에 녹차맛도 먹어보고 싶네요,수플레 부드럽고 폭신하고 달달하고 촉촉하고 진짜 짱맛..!!!!! 넘 맛있어요 양도 많규 ㅋㅋㅋㅋ 말렌카케이크도 파는 곳 별로 없는데 잇어서 바로 주문했네요 쫀득하고 맛있어요,"수플레맛집 ~~~~ !  디저트도 맛있고, 쉬림프 아보카도도 맛있었어요",멜로수프레가 입에서 살살 녹아요  멜론크림과 너무나 잘어우러졌어요!,예쁘고 핵꿀맛이고 아주 좋았어요 ㅎ,초코바나나수플레랑 베이컨써니사이드업 푸짐하고 맛있었어요!! 인테리어도 너무 이쁘고 데이트 장소로 좋아요👍👍,인생 수플레 만났어요.. 사실 수플레 제대로 먹어보는거 처음인데 이 이상은 못 만날 거 같아요!! 입에서 녹고 넘 부드러운게 맛있어요!! 그린티라떼에 녹차 아이스크림 올려주는 것도 넘 좋아요ㅎㅎㅎㅎ 체험으로 방문했는데 담번에 홍대입구역 오면 친구들에게 멋진 카페라고 데려오며 뽐낼 수 있을 거 같아요👍👍👍,매장 규모도 크고 브런치도 꿀맛이었어요 직원분들도 친절해서 기분 좋게 다녀왔습니다 재방문의사 높습니다 감사합니다^^,체리 수플레 팬케이크 먹었는데 완전 촉촉하고 부드러워요💖 덜콤하게 입 안에서 살살 녹는 팬케이크ㅠㅠ 라헬의부엌이 수플레는 짱인듯해요 건물 외관부터 핑크핑크 ㅎㅎ인테리어도 이뻐서 사진찍기도 좋아요..💖,수플레 팬케이크 맛집💚 사람이 항상 많아서 좌석 잡기가 어려운데 운 좋게 들어가서 앉았어요! 주문이 밀려서 대기하는 시간이 꽤 걸리니 여유있게 가시는거 추천합니다!!,커피에 브런치 하기 좋은곳! 수다타임으로 딱인곳이에요. 오전에 간단하게 먹고 친구하고 편하게 만날 수 있는곳인데! 맛까지 있어요. 1층과 2층으로 되어 있어서 자리도 넉넉하니 최고에요.,치즈퐁당수플레! 수플레 빵이 너무 부드럽고 치즈가 진짜진함! 오병이어미라클밀크티 딸기친구딸기! 딸기청이 밑 에 바닥에 깔려있어서 섞어먹으면 굿! 위에 아이스 크림 퍼먹다가 중간부터 섞어먹으면 맛남!,홍대에서 수플레맛집으로 유명한 라헬의 부엌~ 망고수플레 먹었는데 최고의 조합이었다🥭 매장도 알록달록 깔끔하고 넓은데 통창이라 쾌적했던 홍대 수플레맛집 라헬의 부엌💙💛❤ 브런치도 판매하던데 다음엔 브런치 혼내주러와야겠음🔥,홍대수플레 맛집이에요!! 무화과 수플레 주문했는데 무화과도 달달하고 싱싱해요 수플레가 너무 부드러워서 입에  넣으면 바로 녹아요 녹아 아이스크림이랑 생크림이 있어서 취향에 맞게 찍어드시면 맛있어요!! 많이 달지는 않아서  차랑 마시면 어울립니다
아오이토리,34658234.0,리뷰가 좋아서 지나가는 길에 들렸어요. 일본 베이커리집이라 평소에 접해보지 않은 메론빵등이 있어 좋아요. 맛도 좋네요. 테이블 3개와 바쪽에 앉을 수 있어요. 조금 협소하지만 아늑한 분위기가 좋아보이네요. 다음에 커피와 함께 빵 먹으러 다시 들리고 싶어요.,작고 충실한 빵가게네요~ 착한 슈톨렌도 있고~ 야끼소바빵 망설이다 샀는데 시그니처값을 하네요~,평소 일본 야끼소바빵을 정말 좋아해서 방문했는데 한국에서 느낄 수 있는 야끼소바빵이라서 일단 좋았습니다. 야 끼소바빵에 소세지도 있어서 좋았고 일본 야끼소바와 거의 비슷한 맛이었습니다. 다른 빵도 전체적으로 맛이 좋았 고 소금빵은 기존의 소금빵과는 다른 느낌인데 나름 특색이 있는 맛이었습니다. 푸딩도 일본에서 먹었던 맛이...,야끼소바빵이 유명하다고 해서 와봤는데 야끼소바빵 부드럽고 짜지도 않고 맛있어요! 치킨카레빵도 맛있음😆 진짜 일본빵집 느낌나고 다른 메뉴들도 먹어보고싶은..,가격이 조금 오르긴 했지만 여전히 저렴하고 맛있습니다. 한 번씩 들러서 먹기 좋아요. 식사 대용으로 하기에도 포만감 느껴집니다,밀크빵 담백하니 넘나 맛나요!!,야끼소바빵 역시 맛있습니다! 명란바게트도 별미네요,"일본빵 찐 맛집 야끼소바빵, 메론빵이 시그니처 가격도 착하고 하나하나 다 먹어보고싶다",정감 넘치는 일본베이커리카페🩷.. 들어가면 따뜻한 공기와 따뜻한 인사가 동시에 나를 맞이한다☺️.. 내가 일본사람으로 보이는지 일본말로 인사를 건네기도 함😍.. 식빵 식감 개성 있음🤎,맛나요 아우 겁나 맛나👍👍👍,"빵값이 비싸지않고 식사빵도 다양해서 좋았어요 크림빵, 초코소라빵, 멜론빵 등 먹어봤는데 크림빵은 크림이 좀 부족한 느낌이었고 멜론빵이 역시 제일 맛있었어요 근처에 오게되면 또 사먹으러 올거예요",아침부터 사람이 많고 메뉴들이 나름 저렴한 편이다. 소금빵 같은류는 약간 딱딱한감이 있지만 전체적으로 매우 맛있는편,가게가 생각했던것보다 아담한데 그래서 더 귀엽습니다 요즘 물가를 생각하면 가격이 엄청 저렴하고 빵도 맛있습니다,여기 빵을 먹으면 일본 여행에서 먹었던 빵 생각이 나서 여행가고싶어지는 맛 💛 메론빵은 다른 곳에서 먹어보고  실망스러워서 여기서도 안사먹을랬는데 유명하다고 해서 하나 샀는데 메론 향도 많이 나고 넘 맛있네요 ㅠㅠㅠ,단팥빵은 여기 크기와 맛이 맘ㅇ에 쏙 들어요 친절과 일본 특유의 느낌 커피랩에 가기전에 꼭 들려요 맛난커피와 빵 을 바로 옆에서 즐겨용 강추합니다♡♡♡,빵 맛있어요 새우카츠샌드 초코크로슈등 제일 좋아합니다,특별한 빵이 ~ 👍,빵 모두 다 맛있어요 :)),여전히 맛있어요,여기는 멜론빵이 정말 부드럽고 맛있어요! 특별한 빵이 많아서 정말 좋아요!,명란바게트가 제일 맛있어용..,야키소바빵으로 유명하다고 해서 다녀왔어요!  집에와서 먹어보는데 개인적으로 야키소바 빵보다 쵸코칩 멜론빵이 더 맛있었어요👍,야끼소바 빵이 제일 맛있어요,"야끼소바빵을 파는것으로 유명한 아오이토리 방문! 일본에서 먹던 야끼소바빵이 너무 먹고싶어서 찾아왔는데 콧페 빵 마니아인 나한테는 맛있어보이는 빵들이 많았다... 새우카츠, 가라아게 치아바타, 고로케샌드ㅠ 목표였던 야끼소 바 빵은 나는 쫄깃빵 파지만 여긴 부드러운 빵에 소세지 같은것도 풍부하게 들어간 야끼소바였다 살짝 달달하...",야키소바빵이 유명한데 다른빵들도 맛있어보여요. 시간맞춰서 가는게 좋아요,새우카츠버거 넘 맛있어요🫶🏻 진짜 올때마다 일본 빵집온거같아요✨ 조만간 다른거 먹으러 또 갈거에요,야끼소바빵 먹고 싶어서 찾아간 아오이토리 우와 다른빵이 사실 더 맛있어요 월요일이라 도장이 두배였는데 또 조만간 또 갈꺼 같아요,"인기 많은 일본풍 빵집이라서 다녀왔습니다. 커피도 향이 좋고 야키소바빵은 맛 자체는 기대보다 평범했는데, 야키 소바가 넉넉하게 들어가 있어서 맛이 심심하지 않고 소세지도 들어있어서 빵하고 잘 어우러졌습니다. 일본풍이라는 흔치 않은 컨셉의 빵+홍대에 위치한 조건치고는 빵의 가격들이 저렴합니다. 독특한 라인업에 종류도 다양해...",오늘도 이빵저빵 사서 가네요 깔끔하고 부드러운맛이 일품이라 여기 근처 올일 있으면 무조건 들려요 야끼소바빵보 다는 멜론빵과 다른 빵들이 더 맛있는거 같아요 오늘 무화과바게트 도전해봤는데 역시나 맛있네요 아이오토리는 사 랑입니다,일본인 빵 장인이 직접 만드는 일본식 빵집!🇯🇵,야끼소바빵 너무 맛있어요ㅜㅜ 직원분들 모두 좋은 서비스마인드와 친절해서 좋았습니다,"맛있어요! 베스트셀러 1, 2위인 빵을 샀는데 맛은 있었습니다.",멜론빵 좋아하는 친구가 추천한 아오이토리  야키소바빵&멜론빵 추천입니다 !,"오늘 6시32분에 결제를 할때 13550을 결제하셨는데 집 와서 가계부를 정리하면서 계산을 하니 가격이 안맞더라구요 빵들 가격은 야끼소바빵3200,멜론빵2000,푸딩2900,호두박힌단밭빵2900원해서 11000원인데 봉투 10원은 제외하고 2540은 왜 추가 결제가 됬을까요? 저는 빵을 4개만 샀는데^^ 내일 찾아갈게요",우연히 방문하게되었는데 저렴한데 맛있고 퀄리티가 정말 좋아요! 앞에 주차 가능한 곳들도 많아서 주차하고 걸어 왔는데 너무 좋네요🤍🥹,배고플 때 가면 위험... 먹고싶은 거 다샀네.... 하.... 야끼소바빵 하나 사러갔는데....,종류 다양하고 가격도 괜찮아요 !,야키소바빵 너무 맛있다 메론빵은 그냥 쏘쏘 했습니다 그리고 기본 바게트가 진심 맛있어서 매장에서 먹고 포장해갔습미닷,맛있고!   친절하고 이쁜 직원분들  잘 응대해주어 좋았습니다!,빵먹고 싶을때마다 찾는 빵점 장소.. 같이 온 친구들이 회사 가까이 있어서 감사하다고 ㅎ 고물가 시대에 이러한 양 질의 빵을 너무나 합리적으로 파는 베이커리.. 잘 먹고 갑니다,건강한맛이네요 기대했는데 실망ㅠㅠ,빵 정말 맛있어요. 프렌차이즈 빵집보다 맛도 훨씬 좋고 가격도 훨씬 저렴하고 홍대 올때마다 들리게 되는 것 같아요.,말차 메론빵이 맛있습니다 :),"간만에 빵점하러.. 홍대 쪽 가장 최애하는 베이커리.. 치아바타, 소금빵 등 넘 담백하고 촉촉 쫀득한 식감의 삥들…  올 때마다 항상 만족합니다",올리브치아바타는 늘 맛나요👍👍,빵투어 기록🥐 일본 동네빵집st이고 메론빵이랑 야키소바빵이 유명하다해서 먹어봄! 야키소바빵은 평범한 맛이고 메론빵은 크림 없이 담백해서 맛있었어요! 메론빵 추천👍,"빵값이 치솟는 요즘에, 가격도 맛도 정말 기분좋은 빵집이에요. 일본식 바게트가 맛도 가격도 정말 아름답습니다.","야키소바빵, 앙꼬버터, 크로와상, 잠봉뵈르, 치킨샐러드🥐🥖🥯🥗  빵 종류가 버라이어티하게 많지는 않지만 빵이 맛있어서 가짓수는 중요하지 않은 아오이토리!",말차소라빵 맛있어요~ 커스터드크림빵 맛있는데 크림양이 적어서 아쉽~,가게는 좀 좁아서 사람이 여럿있으면 움직이며 빵고르기 쉽지않다 맛은 보통 외관이 예쁘다 쿠폰도있다,전체적으로 가성비 좋고 맛이었어요 약속가기전 오전 일찍 가서 먹고갔는데 자리는 좀 협소하고 직원들도 바쁘셔서 혼자 여유롭게 먹고갈 분위기는 아니에요 야키 소라빵-처음 먹어보는데 약간 새콤한 야키소바랑 쫄깃한빵이 꽤 잘 어울리고 맛있었어요 초코소라빵- 초코도 진하고 맛있어요 홍차 밀크- 크림이 적은 게 조금 아쉽지만 괜찮았어요,만취상태롴ㅋㅋㅋ 빵 사긴 했는데 취한 와중에 직원 분들 친절했던 기억이 있고 아 야끼소바빵 도전해서 사본건데  맛도리 전체적으로 맛있다!!!,야끼소바빵 맛있어요!,푸딩 !!,야끼소바빵과 메론빵 땜에 방문! 진짜 몇년전부터 킵해놨는데 홍대까지 갈일이 없어서 드디어 가봤습니다😆 일본 편의점 아키소바빵보다 건강한 맛ㅋㅋㅋㅋ 그래도 맛있고 메론빵이 진짜 맛있어요!!!,"짐이 너무 무거워서,, 빵투어는 안하기로 다짐하고 가는데,, 안에 사람들이 많아서 검색하니 유명한 빵집이더라구요!!! 멜론빵 하나만 샀는데 맛있어요🤤 소보로빵이랑 비슷하네요ㅎㅎㅎㅎ 하나만 산게 후회돼요~~!!! 직원분들이 친절하셔서 좋았어요~",빵도 맛있고 직원들도 친절해서 좋아요,가격도 싸고 빵도 맛있어요,빵 맛있어요 종류가 다양해요,야끼소바빵이 맛있어요. 오랬동안 모았던 스템프 쿠폰을 사용해서 좋았네요.,야끼소바빵은 늘 그리운 맛이에요! 서울 들릴 때마다 근처 가면은 꼬옥 들리는 빵집. 여전히 맛있는 야끼소바빵!!!,"일본 빵집이에요! 야끼소바빵, 메론빵, 명란 바게트, 크림소라빵 등등 맛있는 메뉴가 많아서 고르느라 힘들었네요 😇 다음에 가면 명란 바게트 꼭 먹어보고 싶어요!","기대도 없이 들어간 빵집이라, 매장안에 있는 빵 종류, 직원들, 손님들 보고 깜짝 놀랐어요. 정말 다 맛있어 보여 이 것저것 담아 왔어요. 그런데 빵 맛은…..그냥 그래요. 딱히 맛이 없는건 아니지만, 그렇다고 그렇게 맛있나 싶어요.  사진 찍기 좋아하는 사람들에겐 먹힐지 모르겠지만, 빵집 성지?? 그건 좀 모르겠네요.",테이블 3개있어요. 대부분 야키소바빵을 필두로 포장해가십니다,야키소바빵이 생각나면 찾는 곳이에요 ㅎ 콘치즈 치아바타는 이번에 처음 먹어봤는데 치아바타 엄청 부드럽고 맛있 네요. 아쉬운 점은…1년동안 세번 방문했는데 세번 모두 매장 문이 활짝 열려있는데도 많은 빵이 포장 없이 그냥 나 와있고 파리가 날아다니는 걸 보면 입맛이 떨어져요~,맛있어요 :)),특히 크림메론빵이 맛있어요,야끼소바 빵 궁금했는데 드디어 먹어봤어요~!! 야끼소바가 빵이랑 은근 잘 어울리더라고요👍,다른 빵집에서는 먹을 수 없는 메뉴가 많아서 좋아요~,집앞 빵집 굿,야끼소바 빵 먹으러 갔습니다 맛있었어요!,😋👍,가성비 좋은 빵집이네요…! 무엇 하나 아쉽지 않은 맛입이다. 빵이 다소 단 느낌이 있기는 해요!,빵이 맛있네요… 멜론빵이나 야끼소바 빵 등 일본 스타일 빵이 많아요.,"미니소금빵은 버터맛이 거의 안나는 그냥 담백한 바게트맛이고, 바닐라라떼는 투샷인데 약간 밍밍.. 카라아게 치아바타는 쏘쏘 궁금했던 빵이 다 솔드아웃이라 다음에 한번 더 가보려고요",빵 맛은 그닥 빵이 폭신이 아니라 어제 빵인듯 눅져있어 실망입니다,메론빵에 메론향이 물씬 풍기네요.,야끼소바빵!!! 냠,"오픈당시에 가보고 아주 오래간만에 방문하였어요. 요즘 방송에 많이 나오더라구요. 점심식사한 후에 방문한거라 약소하게 야끼소바빵, 쁘띠 홍차밀크,꼬마소금빵만 먹었는데, 참 맛있었어요^^",아오이토리 짱,좋아요,자주가는 빵집. 명란바게트랑 새우카츠 맛있음,일본 장인이 직접 구워내는 빵집입니다. 주변 타 베이커리들 대비 맛과 가성비가 뛰어납니다. 일본 현지에서 먹던 야키소바팡과 메론팡이 생각날때 들르는 곳입니다.,몇년 전 야끼소바빵 덕분에 알게 되었다가 오랜만에 생각나서 다시 방문 했는데 여전히 맛있어요 야끼소바빵 뿐 아니라 빵이 상향 평준화 돼있어요.. 🥹.ᐟ.ᐟ 빵이 엄청 쫄깃하고 맛있습니다 일본에서 먹던 그 맛,월요일이라고 스탬프 두배로 받았어요😆 샐러드는 처음 먹어봤는데 맛있고 가볍게 먹기 좋았어요:) 야끼소바빵은 생각보다 평범했고 새우카츠랑 메론크림빵은 또 생각날 맛이었어요!,야끼소바빵으로 유명한 곳! 일본에서 먹었던 첫 야끼소바 빵 맛이 그리워서 갔는데 흠 ㅜㅜ 뭔가 아쉽다. 좀 더 자극 적이었으면 한다. 메론빵은 아직 안 먹어서 후기를 못 올리겠다. 에그마요? 같이 들어가 있는 새우카츠버거인가 저 거 꼭 드시길!! 진짜 부드럽고 맛있다,빵이 맛있네요 소금빵 일단 만족. 연유빵 쏘쏘~ 야끼소바빵은 망설여졌지만 유명하대서 사봄~,빵 맛있어요,안에 말차 크림이 있어서 너무 맛있어요 아이스 아메리카노 쭉쭉 들어가는 멋진 맛,다양한 빵을 즐길수있어요~,자주 가는 곳이고 같이 간 친구가 카레빵이 인생빵이라 합니다,ॱଳ͘ 진짜 모든 메뉴가 맛있는 빵집은 첨입니다 어떻게 이렇게 환상적인 맛으로 만드실 수가..! 특히 치아바타랑 새우카츠 버거 흡입했습니다. 다음날 먹어도 진짜 맛있는 빵집! 또또또갈래요,맨날 야끼소바만 먹다가 초코 크로슈랑 말차 멜론 빵도 사봤는데 너무 맛있어요~! 아오이토리는 빵이 부드럽고 순해서 좋아요ㅎㅎ 주말이라 그런지 평일에 방문할 때 보다 빵이 더 많았어요!,미숫가루는 얼음이 너무 많고 양이 없어요.. 빵은 꿀맛,오...가라아게 치아바타 맛있어요!!! 에어프라이어에 3분 돌려먹으니 엄청 바삭해용,올리브 치아바타 강추👍,가성비 괜찮고 빵이 맛있어요! 매장에서 먹을 수도 있어요~5000원 마다 쿠폰 찍어주심~ 쿠폰 다 찍어서 사용할때 고맙다고 도장한개 찍어서 쿠폰 주심 넘나감동^^,"카페 갔다가 나오는 길에 매장 외관이 클래식해보여서 맛집 냄새가 물씬 느껴져서 갔어요 일본빵답게 깔끔하면서  담백한 맛이 일품이더라구요 직원분들도 친절하시고, 빵도 맛있고 인생빵집 찾은기분입니다. 빵 퀄리티에 비해 가 격이 저렴해서 조금 놀랐어요 여기 가려고 홍대 또 가려구요 재방문의사 있습니다.",생맥주가 미쳤숩니다..!! 근데 가격이 좀 많이 있는 편이에요 ㅠㅠ,아오이토리 말모말모😊,처음 가봤는데 단골 예약이요..ㅎㅎ,야끼소바빵 먹고 싶어서 샀는데  의의로 카레빵이 너무 맛있내여 ㅎㅎ,마감 5분 전에 가서 거의 남아있는 빵이 없어 스콘 하나 샀는데 이게 또 그렇게 맛있을 일? ㅜㅜ 쨈이 필요없다더니 정말 너무 맛있게 먹었네요.,야끼소바빵 최고..😍❤️💖🥹,비오는 월요일 조금 이르게 방문했더니 빵들이 다양하게 남아있었어요 나름 신나게 담았네요 빵 다 너무 맛있어요 :),굿굿,빵순이는아닌데 아침안먹고 출근하는데 급 빵먹고싶다는생각에 오랜만에 아오이토리갔는데 여전히 직원분들은 친절하시네요^^명란바게트는 처음인데 제가 워낙 명란좋아라해서 맛나는데 살짝 비릿한 느낌때문에 호불호있을것같네요^^,,,
PITC,1403632278.0,"요즘 트리가 예뻐서 핫한 곳이에요 평일 일몰시간 한시간전에 방문했어요~ 핫플답게 사람들이 엄청많았구요, 트리 앞에서 사진도 줄서서 찍어요ㅋ 도로에 차들 많이 다녀서 조심하며 찍어야합니다~ 커피맛있구요, 바스크치즈케잌 도 진하고 맛있어요♡ 1층 야외좌석, 3층에 루프탑좌석있구요, 실내는 사람이 많아서 사진찍기힘들어요,, 실...","Sns에서 핫하길래 찾아갔는데, 트리는 예상대로 너무 예뻤고 중동 컨셉의 인테리어가 특색있었어요!! 사실 크리스 마스 트리만 기대하고 갔는데 루프탑에 있는 미디어월이 생각보다 강렬하고 예뻐서 놀람,,,🫢 크리스마스 시즌엔 트리가 눈을 사로잡겠지만, 다른 때엔 중동 컨셉인 이 카페의 특징을 살려줄 이 루프탑이 인기일 것 같은 느낌...","연남동 다른 인기 많다는 카페 가봐도 PITC 만한 곳 없어서 친구랑 재방문~~ 날 좋을 때 1층 테라스도 옥상 테라스 도 너무 좋아요. 단지, 저번 여자스탭분 커피는 진짜 맛있었는데, 이날 남자스탭분 커피는 맹맛 맛이 없어서 너무 아 쉬웠어요 ㅠㅠ 그 외에는 너무도 좋았습니다.♡♡♡♡♡","이미 핫할대로 핫한 핏크커피라서 기대하고 갔는데 역시 멋진 공간이었습니다 🥹♥️ 매장앞에 있는 대형트리가 정말 예뻐요! 벌써부터 연말분위기 뿜뿜이구요, 평일 오전에 방문해서 조금은 여유있게 즐길수있었어요! 트리가 있어서 저녁에 오면 더 예쁠거같아요! 시그니처 디저트인 쿠나파도 정말 맛있어요, 이색적인 메뉴라 더 좋았습니다! ...","pitc 연남동카페 찐내돈내산도 포함된 맛 후기 피스타치오 쿠나파 제발 꼭 주문해서 먹어줄 것!!! 고소하면서 짭잘한 맛이 바닐라 아이스크림이랑 사르르 어울려져서 먹기 좋음! 바질 라임 에이드 상큼 맛은 끝에 나고, 바질 향이 더 많 이 나요! 둘 다 내가 좋아한 맛임! 갸또 말차 쇼콜라는 꾸덕한 초코에 쌉사름한 말차 좋아하면 추천! 아인슈페...",카페 공간이 너무 예뻐요✨ 중동 스타일 건축 컨셉인데 공간이 호기심을 불러일으키네요 ㅎㅎ 3층까지있고 테라스 도 좋아요! 바질레몬에이드 많이 안 달아서 맛있구 쿠나파라고 아랍식 디저트 파는데 독특하고 맛있어요!!쫜득하면 서 고소하고 견과류 씹히는 맛~ 주변도 조용해서 힐링하기 좋네요:),"이렇게 예쁜 카페가 있었다니.. 인테리어, 분위기, 음악까지 넘 취향저격이고 예뻐서 사진 찍기 바빴어요! 디저트도  pitc 감성이랑 잘 어울렸고 맛은 말해모해였습니당 요즘처럼 선선할때 야외 테이블에서 커피하면 고민은 잠시 잊을  수 있을꺼 같아요:)",입구부터 테라스 조경 화장실까지 완벽한 곳. 커피맛은 기본. 커피 진짜 맛있어요~~~ 아이스 바닐라화이트 최고 ㅎ 사장님으로 보이시는 분께서 1층부터 3층까지 식물 잎 다듬고 다니시던데 카페에 대한 애정이 듬뿍 느껴졌습니다. 분위기 진짜 최고예요. 이탈리아에 와있는 기분? ㅋ 카페 사장님 분명 해외파일거라고 친구와 확신을 ㅋ 이런...,처음갔다 반해서 또 가고픈 카페에요… 진짜 인테리어 너어어어어무 예쁘고 고급져요. 화장실이며 공간 모두 깔끔 하고 공간들이 짜잘하게 나눠져있어서 좌석들이 프라이빗해서 좋더라구요. 그리고 여기 시그니처 디저트 쿠나파?? 이거 진짜 맛있음.. 남친이 이렇게 카페가서 디저트 흡입하는거 처음봤어요ㅋㅋㅋㅋㅋ 신기하게 생긴 꼬불이 ...,음료도 맛있었지만 건물이 너무 이뻐서 힐링되었어요~ 전시회 보러 온 느낌이라 음료값이 아깝지 않았어요! 분위기 도 고급지고 지인들과 담소나누기 딱 좋은곳이였어요:)),"Pitc 겨울에 트리보러 무조건 가게되는 연남동카페인데, 가을에 와도 너무너무 좋아요,, 가을이랑도 너무 잘어울리는 인테리어! 거기다가 쿠나파는 언제먹어도 맛있어요ㅠㅜㅜㅜ저거 생각나서 분기별루가야하는 연남동카페,,💓💓",쿠나파 정말 신기한 디저트네요💕 카이막은 살짝 너무 많아졌나 했는데 새로운 중동 지역 디저트 너무 독특하고 맛 있어요! 그리고 바질 라임 에이드 2번 드세요! 3번 드세요! 진짜 맛있어요💕👍 비가 와서 아쉬웠는데 야외자리 앉 아서 사진 찍으면 인생샷 건지겠어요,트리구경도 하고 커피도 마시고 카페데이트하기 좋았어요,와.. 여기 공간이 진짜 멋져요.. 연남동 근처에 이렇게 멋진 대형카페가 있다는 걸 처음 알았네요! 사진 찍기도 정말  멋지고 공간 자체가 넓어서 너무 좋아요~! 처음 먹어보는 쿠나파라는 디저트도 색다른 맛이어서 특별한 경험을 하 고 왔습니다. 상큼한 음료 궁금하시면 바질 라임 에이드 추천드려요!,카페 자체가 너무 예뻐요! 대형 카페임에도 불구하고 개인 카페 같은 그런 섬세하고 이뿐 느낌! 그리고 디저트가 정 말 제대로입니다ㅠㅠ 여기 퀴나페가 제가 실제로 터키가서 먹은 디저트 만큼이나 맛있어요 제대로 디저트 드시려면  여기로 ㄱㄱ,연남동 핫플로 유명하던데 드디어 방문했어요 ! 인테리어 너무 예쁘게 잘 되어있고 사진 찍기 좋아요 !! 3층짜리 대 형 건물에 테이블도 많고 특히 루프탑 분위기 정말 좋아요 ~~ 카페 안에 있으니까 외국 온 느낌이에요 ㅎㅎ 쿠나파 라는 디저트 처음 먹어봤는데 달달하면서 바삭?하니 맛있어요 ! 연남동에서 사진찍기 좋은 카페로 추천 합니...,인테리어 미쳤는데요 ?????????????? 감성 미쳤고 해외 느낌 나요 이국적이고 너무 너무 예쁩니다 👀✨ 쿠나파 라는 이색적인 디저트가 있는데 식감이 특이하고 버터 풍미 고소해요 아이스크림 곁들여서 달달하고 맛있어요 걍  모든 게 다 좋았던 카페.... 앞으로 홍대 가면 여기만 갈 것 같아요,진짜 카페가 너무 예뻐요! 쿠나파 처음 먹어봤는데 너무 맛있어서 놀랐어요. 그리고 인테리어가 너무 멋있고 고급져서 분위기 좋은 카페 가고 싶다고 하면 무조건 여기는 한번 가보세요♡ 날 시원해지면 루프탑에서 커피 먹고 싶어요 루프탑 짱이뻐요♡ 연남동 핫플..♡,진짜 최고에요! 힐링되는 곳입니다. 인테리어 분위기 짱짱짱 외국에 나온 기분 들고 고급 리조트 온거같아요. 작은  소품들부터 하나하나 너무 다 예뻐요. 시그니처블랙 커피랑 쿠나페 꼭 드셔보세요💓 포토존 넘쳐흐르는곳입니다!! !!!,대왕트리 보러 갔는데 진짜 예뿌고 커요 ㅎㅎ 음료가 전체적으로 가격이 좀 있는 편이지만 괜찮았어요!♥♥♥,"홍대입구, 서교동 근처에 이런 크고 멋진카페가 있는 줄 몰랐어요 쿠나파라는 디저트도 처음 먹어보는데 새롭고 맛있더라고요. 필터커피도 깔끔하고 좋았어요 인테리어가 멋있어서 해외에 온듯한 느낌이었어요","연남동 루프탑 카페 “PITC” 이국적인 인테리어로 외국에 온 듯한 느낌을 받을 수 있고 사진 맛집이에요. 루프탑에 마 련된 포토존에서 사진찍으면 인생샷 건질 수 있습니다. 디저트도 쿠나파, 레어치즈케이크가 준비되어있었는데 쿠나 파라는 이색적인 디저트를 맛볼 수 있어서 좋았어요. 심지어 엄청 맛있고 바삭해서 좋았어요. 커피도 시그니...",3층의 넓고 인테리어 멋진 카페✨ 인테리어가 뭔가 사막같아 궁금해 방문했어요 카페 피크 시간인 2-3시쯤에 와서 그런지 실내 자리가 많이 없었지만 운 좋게 잘 앉았습니다 누텔라 쿠나파 신기하게 생겨 먹어봤는데 식감이 냉채 ..? 그 천사채 씹는 맛인데 바닐라아이스크림이랑 정말 잘 어울려요 진짜 한입 먹고 우왕했어요 아아에 산미 없는...,"울동네 테라스이쁜곳 멀리갈필요없이 가을을 느낄수있는 테라스공간,커피도 맛있었지만,분위기가 조용해서 좋았어요~데이트하기 좋은장소~~^^",너무 멋진 카페입니다 ㅠ 재방문 각...디저트도 특색있고 야외 분위기도 너무 좋아요..! 겨울에도 오고싶은 곳😘,멀리서부터 존재감 뿜뿜 하는 카페예요~~!!💓 최근에 본 트리중에 여기가 제일 예쁜것같아여~!! 커피도 넘나 맛있 구요 ~~! 사진 백만장 찍고 갑니다^^,"안 이쁜 곳이 없는 카페. 1층, 야외석, 루프탑까지 감각적이고 멋져요. 커피도 디저트도 만족스러워요. 사람 덜 붐빌 때 가면 멋진 공간에서 맛좋은 커피와 함께 여유로움을 만끽할 수 있어요. 단골하고 싶은 연남동 핫플 카페임!",인테리어도 예쁘고 트리도 예쁘고 친절하시고 커피도 맛있어요!,인테리어가 너무 예뻐서 저장해놓았는데 드디어 다녀왔어요! 역시...예뻤고 채광이 너무 좋아서 사진이 잘 나왔어요. 시그니처 디저트 진짜 맛있구 음료는 밀크티인데 요건..쏘쏘했어요! 하지만 분위기 때문에라도 몇 번이나 오고 싶은 카페였어요 ㅎㅎ,카페가 무지하게 멋집니다~ 또오고싶은 곳이에요~,카페 분위기가 너무 좋아요 :) !  연남동에 방문하시면 한번쯤 추천드리는곳  개인적으로 따뜻한 티가 맛있네요,쿠나페가 진짜 맛있었어요! 연남동 디저트 맛집 찾으면 여기 추천해요! 쿠나페 식감도 특이하고 위에 올라가는 아이스크림이 진짜 쫀맛,쿠나파 먹고싶어 재방문했어요ㆍ 3층 야외테라스도 지금날씨에 딱이에요~,인테리어며 분위기 진짜 미쳤어요ㅠㅠ 외관부터 실내까지 이쁘단말만 몇번을 한건지.. 최근에 간 카페중에 제일 좋 았어요!! 처음 먹어보는 디저트도 엄청 맛있었고 추천하고 싶은 카페입니다🤍,피스타치오 쿠나파 맛있어요 트리 사진 찍으려면 줄이;; 음료는 무난,디저트 음료 짱 맛있구 인테리어도 맛집.. 인스타 인플루언서같아보이는 분들이 사진 열심히 찍으시더라구용!! 다 맛있지만 특히특히 누텔라 쿠나파 추천드려요~!!! 매장이 넓어서 사람이 많아도 대화하기 편할 정도로 시끄럽지 않고 적당히 조용한 공간이었어요>_< 연남동 카페 중에 이런 대형카페 넘 소중하네여,새로운 컨셉 대형카페가 연남동에 있어서 잘 다녀왔어요. 커피 맛도 다양해서 취향에 맞게 선택할 수 있어서 좋았습 니다. 좌석도 많아서 편하게 시간 보냈어요. 화장실이 남녀 구분되어있는데 각각 한 명씩만 갈 수 있는 구성이라 오 래 참았다가 가시면 꽤나 고생하시며 기다리시는 일이 있을 수도 있으니 바로바로 화장실 가시는 게 좋을 듯 ...,연남동에 이집트가 있었네여!! 너무 이쁜 공간에 맛있는 디저트까지 눈호강 입호강하고 집에갑니다옹~~,연남동 근방의 분위기 좋은 멋지고 커다란 카페예요! 특히 중동의 디저트 쿠나파를 맛볼 수 있어서 정말 즐겁고 행복한 경험이었습니다. 특별한 디저트와 음료와 함께 여유로운 시간을 보낼 수 있어서 정말 좋았습니다 :-),뷰가 너무 예쁜 연남동 카페💛 좌석도 편하고 내부가 넓어서 너무 쾌적하게 있다가 갔어요~ 그리구 디저트가 대박입니당 쿠나페라는 디저트는 처음 먹어봤는데 신선하고 색달라서 좋았어요~ 바삭한 식감에 아이스크림이랑 같이 먹으니 조합이 좋네요!! 매장도 청결하고 음료도 디저트도 맛있어서 재방문의사 있는 카페입니다~,특별한 메뉴 뉴텔라 쿠나페 정말 맛있습니다. 아이스 커피와 잘어울려요.,"1층 야외 좌석부터 2층, 3층 테라스까지 매장이 넓고 자리마다 개별적인 공간이 있어 시끄럽지 않게 대화하기 좋은 분위기입니다 PITC에서만 맛 볼 수 있는 쿠나파! 식감이 정말 신기해서 꼭 드셔보시길 추천드려요! 시원한 여름에 상쾌하고 시원하게 즐길 수 있는 레몬 레어 치즈 케이크와 바질 라임 에이드 강추입니다! 바질의 시원함과 깔...",가본 곳중에 시설 제일 좋은 것 같아요 디저트도 맛있어요,와 연남동 카페 중에 제일 이쁘고 제일 큰 것 같아요🤍🤍엄청 대형카페에 루프탑도 있어서 사진도 잘 나와유😙음료랑 디저트도 PITC에서만 맛볼 수 있어서 더 좋았어용ㅎㅎㅎ완전 연남동 핫플로 추천!!! 디저트도 존맛탱이엇어용~~~,인테리어가 아주 그냥 부티납니다. 소파도 편하고 완전 외국온 것 같은 느낌. 생각없이 갔다가 커피 맛있어서 놀랐어요. 디저트도 달달한 만큼 특이해서 좋았어요😊,"인테리어가 정말 멋진 곳 , 사막에 놀러온 느낌! 루프탑은 꼭 가보시길 바랄게요 💖","인테리어도 감각적이어서 외국에 온듯한 느낌이었어요 ㅎㅎㅎ 분위기가 좋아서 사진도 잘나오고, 쿠나파 라는 이 색적인 디저트를 먹었는데 맛있었어요~👏 연남동 루프탑 카페 찾다가 왔는데 루프탑도 예뻐서 핫플 될 것 같아요! !💓",연남에 이렇게 예쁜 디저트카페는 처음이에요💗 크리스마스 트리 너무 예쁘고 곳곳에 포토존 너무 많아요🥰 커피 와 디저트도 말모말모! 디저트 완전 맛집이에요!,너무 맘에 들었던 카페 🤍🤍🤍 일단 카페 자체가 너무 예쁘다 공간도 다양하고 여유로운 느낌 그리고 처음 접해본 쿠나파 라는 디저트도 너무 맛있었움 아이스크림도 맛있고 독특한 질감의 쿠나파랑 너무 잘어울림 커피두 귯 가까 우면 또 가고싶다🥲,카페가 진!!!!짜 예뻐요!!외관부터 포스 장난 아닌데 내부는 더 고급지고 깔끔하고 갬성 장난 아니에요 디저트도 특이한 거 많고 음료도 맛있어요ㅠㅠㅠㅠ루프탑이 진짜 역대급인데 날 선선해지면 루프탑에 앉아서 디저트 먹고싶어용 연남동에 이런 카페가 있다니 연남동 디저트 카페로 강추합니다 여기 무조건 인생사진 건져요!!!,"연남동 핫플에 다녀왔습니다!! 이색 디저트인 쿠나파 먹고싶어서 방문했는데, 생각보다 특이한 식가에 재밌고 맛도  있어서 반해버렸어요! 피스타치오 쿠나파 추천합니다. 라즈베리 치즈케이크도 엄청 새콤해서 더운 여름 입맛 돋구 기 딱 좋아요",연남동에 숨은 대형카페 터키 전통 디저트 쿠나파를 즐길 수 있는 곳 ! 푸릇푸릇한 식물과 건물 자체가 되게 예뻐요. 시원한 에어컨과 흘러나오는 음악 창밖 뷰가 예술이니 꼭 창석에 앉아보세요💗 원두를 고를 수 있었는데 호불호없 을 커피맛과 아이스크림 올라간 쿠나파 정말 맛있더라구요? 메이플시럽 올라가서 크로플 먹는 맛이었어요! ...,분위기가 미쳤어요 마포카페중에 탑입니다. 음료도 너무 맛잇고 특별한 디저트가 있어서 사람들한테 맛보여주기 좋 아요 같이온 친구들도 맛잇다고 난리낫어요 인테리어가 너무 멋지고 분위기가 좋아서 여기서 살고싶어요,"Nutella Kunafeh : 11,000원 Basil Lime Smash : 8,000원 Chocolate : 7,000원 인테리어가 참 독특하고 이쁘던 곳 옥 상도 잘 꾸며져있어서 사진 찍기 좋은 카페였습니다 디저트도 달달하고 맛있어요 또 방문하고싶은 곳이에요 ㅎㅎ  데이트로 강추,,,⭐",예쁘고 넓은 카페 찾는다면 연남동 루프탑 카페 PITC 추천해요!! 조용한 연남동에 있어서 분위기도 좋고 카페도 루프탑이라 너무 예뻐요. 특히 야외 테라스 공간이 엄청 예쁘더라구요. 디저트도 신기하고 맛있었어요. 커피뿐만 아니라 티 종류도 다양해서 티 좋아하는 사람에게도 추천해요!,연남동 루프탑카페 pitc 완전 갬성터지고 디저트도 특색있고 맛도좋아요,메리크리스마스♥,큰 트리와 내부 인테리어로 인하여 사진 찍기 좋은곳이나 생각보다 적은 테이블과 의자수로인하여 왔다 가는 사람 들이 많았음. 또한 일층같은경우 히터 자체가 안틀어져있는지 너무 추웠음.. 출입구가 두곳이라 일층에 앉은 사람들  모두 겉옷은 벗지않고 음료도 먹는둥마는둥 함… 따수운날 오시는걸 추천 트리로 인하여 오는경우는 따뜻하...,분위기갑 디저트랑 커피 말모! 너무 맛있고 야외테라스에 루프탑 자리까지 훌륭한 연남동루프탑카페PICT💕 포토존 곳곳에 있어서 사람들 사진 많이 찍고 특히 루프탑 공간은 날씨 좋을 때 앉아있기 딱인 공간이였어요. 사진도 진짜 잘나옴. 연남동 숨은 핫플레이스 추천추천!,인테리어도 너무 예쁘고 디저트도 완전 맛나요!!! 아무데서나 찍어도 인생샷 나오는 연남동 핫플답습니다 레몬레어치즈케이크랑 쿠나파 꼭 드셔보세욥! 다른 케이크도 먹고 싶어서 장마 끝나면 또 방문할거예요~,커피도 원두 선택도 가능하고 너무 맛있었어요! 디저트도 다른 곳에선 먹을 수 없는 특별한 디저트들이 있는데 식감도 특이하고 맛있더라구요! 매장 분위기가 너무 깔끔해서 모임 장소로 친구들과 오기에도 좋은 것 같아요:) 마포 연남동 근처 조용하고 고급스러운 카페 찾으시면 추천드려요!,여기 디저트도 진짜 맛있구 분위기는 너무 좋습니다 ㅎㅎ 근처에 이렇게 분위기좋은곳 없는거 같아요,"핏크의 쿠나파가 넘 고파서 저녁 늦게 고고! ""블루베리 쿠나파""와 ""리콜 드 만다린"" 시켜 먹었는데 눈과 혀 모두 호강 했네요 ㅎㅎ 갠적으론 ""리콜 드 만다린"" 보다 ""시그니쳐 블랙""이 더 맛있었는데 ""리콜 드 블랙""도 크림과 커피와 깔루 아밀크를 층층이 맛볼 수 있어 이 또한 신세계였다는~ 찻잔 가장자리에 촘촘히 오렌지껍질과 설탕을 묻혀놓...",필터커피와 아이스라떼 그리고 라즈베리 치즈케이크 주문했어요! 우선 라즈베리 치즈케이크가 시원상콤한게 넘 맛 있어서 좋았어요ㅎㅎ 다른디저트도 다 맛있을것같아서 다음에 방문해서는 쿠나파 먹어보려고요! 라떼도 고소하니  맛있고 필터커피도 디저트랑 잘어울려요☺️ 2층 소파자리 앉았는데 편하고 분위기도 좋고 잘쉬다갑니다!,새로오픈한 연남동카페라 해서 궁금해서 왔는데 여기 대박이네요오오옹 일단 대형카페 인테리어에 반하고 색다른 디저트의 맛에 반했어요! ㅎㅎ 쿠나파 터키 디저트라는데 정말 신기하고 맛있더라고요! 전 특히나 라즈베리치즈케 이크 추천해요 ㅎㅎㅎㅎ 밑에 타르트지처럼 빠삭하고 라즈베리 크림이 너무 잘어울려서 디저트로 딱 상큼하...,"분위기 대박좋고 인생카페 찾았어요 😁👍 일단 음식은 기본적으로 맛있고 분위기가넘사 ,, 썸탈때 오심 성공100%","pitc만의 디저트와 음료가 있어서 색다른 맛을 즐길 수 있네요🤭 라즈베리치즈케이크는 두말할 것 없이 맛있고, 쿠나바는 색다른 맛이었어요! 맛은 익숙할 수 있었을 지라도, 디저트로는 처음 맛보는 맛이었답니다! 시그니처 블랙도 색다른 파인애플 주스와 에스프레소의 조화😆","쿠나파가 맛있는 연남동 디저트 카페예요 세상 고급진 인테리어와 좌석, 분위기를 느낄 수 있어요✨ 개인적으로 태어나서 가본 개인카페 중에 화장실이 가장 깨끗했던 🫢 카페가 무슨 호텔같아요","연남동 한복판에 유럽이•••? 이 외관보고 어떻게 지나쳐요 너무이쁨 ㅠㅠ 내부도 고급스럽고 식물들이 엄청 많네요 인스타감성 미쳤어요,, 막찍어도 잘 나옴 ㅠ오늘 사진 많이 건지고 가네요 ㅎ 음료랑 디저트도 너무 맛잇어요🤍 쿠나파는 처음 먹어보는데 완전 바삭하고 단짠오져요 레몬케이크도 말모 ㅜ 존맛탱 또 먹으러 올듯🤍",평일 낮에왔는데도 사람이 많아서 자리가 딱하나 남아있었어요,"시그니처 커피는 칵테일같고, 카나파라는 디저트 특이하고 맛있어요","쿠나파와 카사타라는 디저트를 처음 먹어봤는데, 많이 달지 않고 식감도 좋아서 너무 맛있었어요! 커피는 향이 깊고 산미가 높지 않아서 좋았고, 바질 라임 에이드는 상큼하고 깔끔한 맛이였어요! 매장 내부 인테리어와 소품 하나하나 너무 예뻐서 사진도 잘 나와요!",퇴근하자마자 홍대카페로 데이트 다녀왔어요 ! 우선 카페 내부 인테리어가 이국적이어서 보는 재미가 좋았고 내부 도 상당히 쾌적하고 소파도 푹신해서 너무 좋았습니다 ! 특히 쿠나파라는 디저트는 제 인생 디저트가 되었습니다.. 바삭하고 따듯한데 위에 아이스크림이랑 조화가 너무 좋았어요. 이색적인 디저트 드시면서 멋진 인테리어 구...,특이한 디저트인 쿠나파를 먹어봤는데 신기한 식감에 맛있어요! 여기 오면 꼭 쿠나파 먹어보세요 아메리카노 완전 추천 원두 맛있어요,분위기 너무 좋고 감성 대박 !! 인테리어 하나하나 신경쓰신게 너무 느껴지는 곳이에요 ~ 라임바질에이드 너무 산뜻 하고 괜찮았네요 ! 연남동 디저트 카페 답게 쿠나페라는 이색디저트가 있더라구요 ?? 쿠나페 처음 먹어봤는데 식감  너무 신기하고 맛도 새로운 맛이었어요 !,일단 대형카페!! 연남동에서 이렇게 큰 루프탑카페라는게 좋아서 가게되었구요 장소만 보고 간거였는데 알고보니  디저트맛집이었더라구요 쿠나파 처음먹어보는데 진!짜! 맛있어요 누텔라맛ㅠㅜㅜ최고 그리고 루프탑에서 꼬옥 사 진찍으세요 너무너무 잘나옴!!,"연남동 핫플 Pitc 드디어 다녀왔어요!! 진짜 외관부터 분위기 너무 예뻐요,, 그리고 고급스러운 인테리어가 정말 어떻 게 찍어도 사진이 잘나오더라구요...💕👍 피스타치오 쿠니파 먹어봤는데 처음 먹어보는 맛?! 진짜 맛있었습니다!!!  그리고 티와 아메리카노까지,, 반드시 재방문 할거에요!!! 강추입니다!!!!!💝💝💝",카페 외관부터 진짜 안이쁜곳이 하나도 없구 디저트 처음 보고 처음 먹어보는건데 왜이렇게 맛있죠 ㅜㅜㅜㅜㅜㅜㅜ 피스타치오 먹었는데 다른것도 너무 먹어보고싶어요 진짜 어디서 찍어도 사진 너무 잘나오고 최고에요 🖤👍🏻,"공간이 너무너무 예쁘고 잘꾸며져있습니다. 자리도 많고 좋아요.  특별한 디저트도 있고, 있는 동안 힐링하는 느낌 드는 공간입니다!",힙한 홍대에서 조금 벗어나서 여유로워서 좋아요~ 더운 여름이 아니면 야외와 루프탑에서 차마시면 진짜 좋겠어요! 독특한 디저트가 있는데 새롭네요,인테리어도 넘 예쁜 곳! 유럽풍이라 어디 놀러온 느낌이네요^^ 테라스와 루프탑도 멋졌지만 음료와 디저트도 햅격! 맛있었어요^^ 연남동 놀러오면 또 가고 싶어요!,연남동에 이렇게 좋은 카페가 있는지 처음 알았어요 정말 보기 드문대형카페에요!! 디저트도 정말 특별해요🥹❤️  처음먹어보는데 피스타치오 완전 추천드려요🧡 시그니처 음료도 넘 잘 먹었어요! 사장님들 완전 친절하세요! 카페 도 진짜 짱짱 시원하고 루프탑까지있고 갤러리 온 느낌이에요!! 화장실도 호텔인줄알았어요 ㅋㅋㅋ 앞으로 정...,알바생이 친절함은 없었어요.,너무 예쁘고 좋아요♡,"와우, 인테리어 장난 없어요! 디저트도 튀르키에 전통 디저트의 힙한 버전이랄까! 너무 달달하게 잘 먹었어요! 이런 인테리어에서 인생샷 무조건 찍어야 됩니다! 😆",이런 카페가 있었다니 ..! 인테리어가 너무 예뻐서 집이면 좋겠다고 생각했어요 🤓 디저트도 특이하고 자리 간격이 여유있어서 편안하게 있다가 왔습니다 :),연남동에서 만난 너무 예쁜 대형카페 PITC. 특이한 메뉴들도 많고 인테리어가 너무 예뻐서 반해버렸습니다😍 공간 분리도 잘 되어 있고 단체석도 많아서 여러명이 방문해도 좋을 것 같았어요!!,건물이 너무 멋진 신상카페예요~ 내부도 구획이 잘되어있어서 오붓한 자리도 많구요. 터키식 디저트 쿠나파라는 처음 접한 디저트가 특색있어요.3층 루프탑도 꼭 올라가보시길,쉽게 접할수 없는 디저트도 있고 커피도 맛있어요  인테리어도 깔끔하니 널찍합니당,휴양지에 온 기분이에요 ❤️ 날씨도 좋고 공간도 예쁘고 커피랑 디저트도 너무 맛있어요 ❤️ knafah 피스타치오 casata 아이스크림 둘다 추천합니당 #마포구핫플 예약,🫶,넘넘 이쁘고 편한 카페😆 옥상도 이쁘고 사진찍기 좋았는데 습해서 실내에서 시간보냈는데 디저트도 고급스럽고 대만족 👍 화장실까지 센스미쳤어요,쿠나페 너무 멋있어요!!!>_< ㅎㅎㅎ  분위기도 너뮤 좋고  머무르기 너뮤 이쁩니다 ㅎㅎ 루프탑도 짱이쁨 하지만 너무 더움 ㅋㅋㅋ,비오는날 방문했는데 분위기 정말 좋으네요 오픈 후 계속해서 인기 많은 곳 디저트 너무 맛있어요!!!! 재방문 의사 확 실히 있어요^^,커피 음료 너무 맛있어요 디저트가 특히 맛있어요 스나파이거 대박입니다. 처음 먹어본 디저트인데 너무 맛있어요. 좌석도 편하고 분위기는 그냥 깡패임 꼭한번 와보세요,"쿠나파 바질 라임에이드랑 같이 먹으니 조화롭게 맛있었어요, 분위기 고급스러워서 막찍어도 너무 예쁘게 나오네요 ☺️👍🏻",분위기 좋자나용!! 진짜 감성 짱이에용 ٩(๑˃̵ᴗ˂̵)و 최고더라구용 ㅎㅎ 연남 대형카페여서 아늑하구 좋았답니당 ㅎㅎ 또가야징🥯❣️😉,분위기 좋아요. 디저트 독특하고 맛있어요. 커피는 산미가 살짝있지만 괜찮아요. 저녁에 야외에 있으면 운치있고 좋겠어요,연남에 이렇게 큰 대형 카페가 생겨서 좋네요! 공간도 널찍하고 자리도 많아서 머무르기 편안했어요 ㅎㅎ 특히 디저트들이 특이하고 어디서도 찾아보기 쉽지 않은 메뉴라 종류별로 먹어보고 싶어요!,분위기도 너무너무 좋고 매장도 너무 쾌적해요 (화장실도 굉장히 넓고 쾌적해서 더 좋았어요) 특별한 중동 디저트도 있어서 꼭 한번쯤은 경험해보시면 좋겠어요!,커피가 깔끔하고 매장이 크고 예뻐요. 집 앞에 이렇게 큰 카페가 있는 줄 몰랐네요. 동네까지 찾아와 주는 지인 데려가면 좋을 느낌 !,분위기 너무 좋고 아늑해요! 독특한 중동식 디저트도 특이하고 맛있어요,커피 맛있는거 같아요. 분위기도 편안하고 다만 시그니쳐블랙은 제 스타일은 아니었어요. 커피 고수님들이 먹는듯..?,"쿠나파도 맛있고 라즈베리 치즈케이크도 진짜 맛있어요!! 여기 디저트 맛집인줄만 알았는데 음료맛집임!! 시그니처 블랙도 추천합니다~! 깔끔한 티 좋아하시면 씨브리즈 아이스로 드셔보세요 더위 날라감ㅋㅋ 인테리어도 너무 예쁘고 또가고 싶은, 지인들한테 추천하고 싶은 그런 카페예요 (이미 추천함ㅋㅋ)","지나가다가 보면서 헐 여기 뭐지!! 했던 곳이였눈데 ㅠㅠ 들어가 보니 훨씬 예뻤어요!!!! 약간 미니 유럽 같은 느낌 💟 디저트도 증말 맛있움 ,, 라즈베리 치케가 전 아주 상콤하면서 맛있더라구용 >_< 사진도 잘나오구 넘 예쁜 곳입니당  ㅠㅠ 커피도 존맛 !!!",디저트랑 음료 되게 맛있고 비주얼 대박이에요!!! 특히 쿠나파 처음 먹었는데 특이하고 되게 맛있어요~ 카페가 되게  예뻐서 사진도 잘 나오고 짱 좋아요👍,"쿠나파 맛있어요! 그 전 가던 곳에은 자리가 없어 픽업만 가능한 게 늘 아쉬웠는데, 너무 예쁘고 독특한 분위기의 카 페에서 커피랑 같이 먹고 갈 수 있어서 넘 좋아요ㅎㅎ 시끄러운 손님만 빼고는 모든 게 흡족합니다. ^^ 다음에는 다 른 디저트 먹어보고 싶네요, 오늘은 쿠나파!",날씨 좋은날 갬성 카페 와서 예쁜 디저트랑 맛있는 음료 먹으니까 기부니가 좋아요~~ 오늘 특히 너무 더운데 카페 시원해서 짱 좋아요 ㅠㅠ 테라스도있던데 날씨 선선해지면 재방문해보려구용 추천드려요 👍🏻👍🏻👍🏻,생각보다 쿠나파 맛있어 재방문하고 싶네요. 쾌적한 카페에요~,중동디저트를 맛볼 수 있는 카페! 사진 찍을 수 있는 곳도 많아서 좋았고 좌석도 프라이빗하게 되어 있어서 더 좋았 어요! 데이트하러 가기 딱! 자세한 리뷰는 제 블로그 참고하세용 ㅎ
바나나하루키,37468319.0,토요일 두시쯤 방문했는데 대기없었어요🧸 바나나딸기 케이크 진짜 맛있어요 많이 달지도 않고 적당히 달고 사르르르르 녹습니다🍰,정말 좋아하는 바나나하루키! 깔끔하고 정갈한 인테리어에 케이크도 정말 예쁘고 맛있어요! 홀케이크는 선물하면 지인들이 다 좋아하더라구요! 케이크는 크림이 깔끔하고 많이 달지 않고 시트와의 조합이 환상적이에요~ 친절하고 따수운 사장님도 최고☺️🩷,상시 매장에 있다는 미니 케이크를 픽업하러 갔는데요 건물 내부에 있는 엘리베이터를 타려다가 고장이 나서 너무 무서웠어요...🫨 다행히 문이 다시 열려서 계단으로 어서 올라갔습미다! 어렵게 찾은 딸기 바나나 케이크 의 맛은 먹 어 본 케이크 중에 탑3안에 들정도 였어요! 미니케이크는 친구들끼리 모여서 디저트로 먹기 좋았어요 그렇게 ...,"레몬케이크, 복숭아케이크, 얼그레이티 먹었는데 레몬케이크랑 얼그레이가 진짜 맛있었어요 완전 깔끔한데 완전 맛있.. 복숭아케익은 밸런스는 좋았지만 전체적인 맛이 좀 약한 느낌이라 아쉬웠어요 케익이 8000원정도라 많이 비싼감은 있지만 레몬케익이랑 얼그레이티때문에 재방문 의사 있습니다 근데 혼자올래요 가게 조명이 음식...","여름의 맛 케잌입니다. 과일 큼직큼직하게 꽤 박혀있고 ㅎㅎ 무엇보다 크림이 너무 가볍지도, 과하지도 않는 딱 좋았어요!! 적당히 달콤~ 케잌 종류도 다양해서 다 먹어보고 싶어요~~",매장도 청결하고 케이크가 진짜 예뻐요 💗👍 예쁜데다 맛도 좋음,케이크와 에이드 다 맛있어요! 강추,매장 깔끔하고 생각보다 넓었어요! 커피도 괜찮구 얼그레이 케이크도 맛있게 먹었습니다 !!!🫶🏻,이름이랑 색감이 너무 예뻐서 친언니 생일을 맞아 여름의 맛 미니를 사갔습니다. 언니가 자기가 좋아하는 맛이라며  너무 맛있게 먹어서 뿌듯했어요. :) 담백한 커스터드크림맛에 큼직한 골드키위랑 샤인머스켓이 씹히니깐 자꾸 손이  갔어요. 눈도 즐거웠고 너무 맛있게 잘 먹었습니다! 💛,케이크가 너무 먹음직스럽고 예뻐서 먹기 아까웠지만 순삭했습니당🤤 깔끔한 화이트&베이지톤의 예쁜 감성카페! 협소한 공간이지만 테이블이 많아서 좋아요!!!!,시그니처 크림커피를 먹었어요 크림이 약간 크림치즈 느낌이 나서 맛있었습니다. 여름 케이크가 진짜 상큼하고 과일이잔뜩 들어있는게 최고였어요 과일 케이크 맛집인듯해요 얼그레이도 맛있었지만 과일케이크 최고존엄..,아인슈페너.크림라떼.디저트 모두 맛있게 잘 먹고 왔어요~ 포장해온 빈티지멜론은 맛있고 부드러워서 또 생각 날듯해요~~~ 매장도 깔끔하고 직원분들도 친절하니 좋아요~~,카페가 깔끔하고 케이크가 아기자기하니 정말 이쁘고 맛있어요,디저트도 맛있고 커피도 맛있어요! 또올거예요,생일날 방문한 바나나하루키 케잌사면서 귀여운초도 많이 팔길래 초도 사서 생일분위기 더 낼 수 있었어요. 센스있 게 라이터까지 주셨습니당 ㅎㅎ 이전 매장에서 맛있게 먹었던 기억이 있는데 넓은 매장으로 이전한 곳에 오니 또 감 회가 새롭네용 ㅎㅎ,음료 너무 맛있어요!!!! 케이크 맛집이에요 얼그레이 초코 완전 추천합니당 조만간 또 가서 다른 케이크도 먹어봐어겠엉요,맛있어요! 저희 가족이 다 좋아하는 곳이에요! 케이크 좋아하시는 분이라면 무조건 가보시라고 하고싶어요,디저트집 돌아다니는 거 좋아하는데 여기는 무조건 주기적으로 다녀요,바나나하루키... 무화과생크림케이크 잊지못해... 요건 얼그레이초코쉬폰케이크 ~,나는 뜨아 시켰는데 아이스라떼가 넘 맛있는 집이었다 흑,"5-6년 전 쯤 상수역 근처에 매장이 있을때 케이크를 너무 맛있게 먹었던 기억이 있었는데 그 후로는 상수 근처엔 갈 일이 없어서 못가다가 이번에 연남동 놀러갔다가 카페 어디갈지 검색했는데 아니 글쎄 바나나하루키가 있는거에요! ...!!!연남동으로 이전하신건지 .., 반가워서 방문했는데 역시나 케이크 개쫀맛이네오😌😌시트가 엄청 부드러...",맛있어요! 그새 가격이 사악해져서 좀아쉬워요 ㅠㅠ 1조각에 9천원,"케이크 너무 마싯어여,,,,!!!",케이크랑 커피 다 너무 맛있었어요~ 카페 분위기도 좋아요,레몬케이크 맛도리입니다 예쁘게 생겼어요  재방문의사: 연남동 카페 다 돌때쯤 있음,케잌이 예쁘고 맛나요,나름 단골이에요~ 항상 친절하시고 디저트 늠늠 맛있게 먹고와요,케이크가 너무 이뻐서 먹기 아까웠어요. 다음에 또 방문해서 다른 케이크 맛보고 싶어요!!,연남동 최애 케이크집🥹🤍 매장에서 하나 먹고 포장 3개 더해서 집에서 싹싹 긁어먹음ㅎㅎ 리뷰 쓰면서 또 생각나네요ㅠ,아메리카노가 맛있어요,🏡 홀케이크 사다가 마구 퍼먹고싶은 케이크 맛집 🍋 퓨어레몬 : 과육이 톡톡 씹히는 촉촉한 레몬케이크. 향부터 맛 까지 확실히 레몬인데 신맛이 빠지고 달달해요. 크림 산뜻해요𖤐 🧁 찐빵이 : 귀여운 댕댕이 얼굴모양 컵케이크. 진 하고 깊은맛의 발로나 초콜릿 브라우니 속에 딸기쨈이 들었어요. 생크림이 잔뜩 올라갔는데 전혀 느끼하지 않...,케이크가 다 맛있어 보여요,여기 케이크 찐 맛집이에여ㅠㅠ 자꾸 생각나는 맛🍰,"바나나 하루키… 상수에 있을 때부터 갔는데 케이크 맛집입니다 🍰 바나나딸기가 모두 든 저 케이크는 처음 먹어봤 는데 맛있었어요😖 항상 커피만 마시다가 따뜻한 밀크티를 시켜봤는데 맛있어요 추천드립니다 케이크의 생크림이 부드럽고, 케이크의 생과일이 맛있습니다 한 번 드셔보시면 다른 케이크와 달라요🤯 인테리어가 예쁘고, 화...",연남동에서 제일 맛있는 케이크집 🍰👍,케이크도 맛있지만 커피맛집이네요!!!! 오랜만에 기본에 충실한 너무 맛있는 커피 먹어 행복했어요,"레몬케이크,, 비주얼도 예쁘고 넘 맛있어오 정말,,,😋 얼그레이 초코?도 맛있어요 ㅎㅎ 흑임자는 생각했던 맛은 아 니어서 살짝 애매했답니다 다음에는 꼭 딸기 생크림 먹어보려고요!",디저트 맛있어요!!바닐라 라떼도!!,연남에서 가보고싶었던 카페중 한곳인 바나나하루키! 근처에서 맛있는밥먹고 다녀왔는데 좋은선택이었어요☺️ 우선 카페가 3층이라 층수는 높지만 엘베도있고 오히려 창가에서는 높은곳에서 내려보는것도 좋을거같았습니다👍 루 이보스랑 히비스커스는 진하면서 부드러운맛이여서 호불호가 적을듯해요☺️ 케익은! 카페이름처럼 바나나가 ...,맛있어요,평일 낮에 갔는데도 원하는 케이크가 품절이더라구요 .. 매장도 넓고 깨끗하고 좋아요. 하루키만의 케이크는 독보적 .. 🤍,사장님도 친절하시고 오래전부터 단골입니다!!! 정성가득한 케이크와 커피 항상 맛있게 먹고옵니다,"가격대는 높긴 하지만, 레몬케이크 안 느끼하고 맛있어요 , 🍋!",가장 부드럽고 촉촉한 케이크 맛집입니당,이번에 바나나먼데이 랑 흑임자 너무너무 맛있어어요 다음주 토욜에 또 갔는데 늦게가니 품절되어서 아쉬웠네요 ㅠㅜ 그래도 항상 친절하셔서 너무 좋습니다👍,너무너무 맛있어요!🍰🫶🏽♥️,케익 너무 아기자기 하고 예쁘고 맛있어요!!,"최애 생크림 케이크 맛집❤️ 여러번 방문했는데 리뷰쓰는 건 첨이네요. 케이크 굉장히 맛있어요, 특히 크림이 정말  맛있음! 음료는 커피랑 소다 마셔봤는데 무난무난했어요~ 인테리어도 화이트톤에 깔끔 심플하고 이뻐요. 케이크 좋 아하시면 꼭! 한 번 방문해보세요~",케이크 달지 않고 맛있어요 ~~~깔끔하고 좋습니다.,케이크맛집이에요 ㅎㅎ 커피도 맛있는데 처음에 가게가 어딨는지 찾아가기가 힘들었어요ㅜㅜㅋㅋㅋ😭😭,케이크 너무 맛있어요 !! 가게도 깔끔하고 친절하셔서 좋아요,"커피도 맛있고, 케익도 맛있어요~ 분위기랑 음악두 좋네요~^^",새로생긴 건물이고 3층이라 가봤음. 매장이 작은편. 옹기종기 모여 앉았는데 좀 시끄러웠음.,레몬 케잌 맛있다는 후기들 보고 시켰는데 그냥 그랬고 바나나먼데이가 더 맛있었어요. 그런데 평소에 대화하고 즐거운 시간 보내실 때 시끄러우신 분들은 피하세요. 저희한테 시끄럽다고 하셨어요..ㅎ 네이버 지도 후기 좋은 게 신기하네요..~ 불안한 분들은 카카오맵 후기도 보고 가시길..ㅎㅎ,케이크가 맛있어요 특히 시트가 훌륭,맛있우용,여러 케이크 먹어봤는데 레몬케이크 말고는 그냥 그렇긴 합니다 레몬케이크는 정말 맛있어요,귀여운 갱얼쥐와 친절해요~ 레몬케이크 맛있습니다,디저트가 모양도 깔끔해서 이쁘고 맛있어요,케이크도 너무 맛있고 사장님도 너무 친절하세요! 강아지 컵케이크 귀엽구 맛있어요,사람이 너무 많아서 정신없엇음.. 디저트 맛잇어요,친절해요,항상 케이크도 맛있어요. 처음으로 찐빵이 메뉴 먹어봤는데 생각보다 더 귀엽구 맛도 좋았어요 🥰,"으음 예전에는 먹고 극찬했는데, 기억이 좋아 다시 갔더니 예전만은 못하다는 느낌이 들어요 케이크 시트가 촉촉하지 않네요...슬픔",맛있어요~^^,"음료, 케이크도 맛있고 사장님도 친절하셔서 좋았어요",주말에 사람 진짜 많아요. 케이크 판을 몇번이나 갈아치우는지 구경하는 재미가 있어요. 커피맛은 잘 모르겠으나 시즌메뉴인 미드나잇피치케이크는 나쁘지 않음!,딸기 케이크 맛있어용,좋아요,"퓨어레몬케이크는 비주얼도 예쁘고 맛도 너무 좋았어요! 상큼하고 달달해서 질리지 않는 맛! 밀크티, 아메리카노도  맛있었네요 ㅎㅎ 주말이라 그런지 사람이 많아서 카페 내부가 좀 시끄럽고 소리가 울리는 느낌?은 있어요! 조용하 게 얘기하기는 힘들어요 🙂",굿,컵케이크가 맛있었어요~,케익 넘맛있어요!.ᐟ.ᐟ 아아도 기대안했는데 산미없고 존맛,메론 케이크 처음먹어보는데 향도 좋고 과육도 씹혀서 좋았어요^^!,깔끔하고 케이크도 맛있어서 좋았어요! 다만 아쉬운거는 카페 분위기가 어수선하고 시끄러웠어요ㅠ,디저트는 맛있었는데 자리도 남았는데 2시간 됐다고 나가라고 해서 아쉬웠어요,"성수역 근처에 있을 때 방문했다가 주소 바뀌고 처음 갔는데 컵도 귀여운 걸로 바뀌었어요‼️ 그리고 그 전에도 매장이 깔끔한 느낌이었는데 지금 매장이 더 하얗고 더 깔끔해진 느낌? 메론 케익 엄청 맛있고, 자리가 많아져서 좋아요(그만큼 시끌시끌해진게 단점)",맛있긴한데 시트가 원래그런건지 촉촉함없이 퍽퍽해서 별로였어요..,찐빵이💛 귀여운데 맛도 좋은 케이크!  커피도 맛있어요:),연남동 카페 찾다가 강아지 케이크 보고 너무 귀여워서 바로 방문했습니다. 음료도 너무 맛있었고 머핀이 그렇게 달지 않는 편이라 초코 음료랑 같이 먹어도 부담은 되지 않았습니다,굿,진짜 케익 맛있있어요!!!,가격대비 쏘쏘해요,굿,친절하고 맛있어요. 다른 카페 갔다가 지나는 길에 포장.,굿,디저트도 맛있고 분위기도 조용해서 좋아요,케이크가 부드럽네용,케이쿠가 기엽고 맛이써융,굿굿,5년째 방문하는곳 입니다 퓨어레몬 먹고 너무 맛있어서 생일 케익은 주로 여기서 사요.  먹어보면 맛을 알게되고 그 후론 동물성생크림으로만든 케익만 찾게될거예요🙈,so,굿,디저트도 맛있고 귀여워요,강아지 컵케이크🐶 너무너무 귀여워요👍🏻✨,케이크 귀엽고 맛있어요!!,좋아요,바나나 케이크 못 먹어서 아쉽지만 jmt,레몬케이크 맛있어요,레몬케이크 맛있어요,바나나하루키 정말 케이크가 맛있는 곳이였어요,퓨어레몬 케이크 예뻐요.,케이크가 이쁨 맛은 그냥 그럼,불친절한게 아쉬운....ㅠ,굿,👍🏻,,,,
고요베이크샵,1176174041.0,고요비님은 안계셔서 아쉬웠지만 맛있었어요! 대파크림치즈 소금빵 강추합니다!!! 야외에 분수대도 설치되어서 예 뻐요~~ 다음에 또 갈게요~ 🐶멍멍! 으르렁~ 왈왈! 멍멍멍! 멍멍! 으르렁~ 왈왈! 멍멍멍! 멍멍! 으르렁~ 왈왈! 멍멍 멍! 멍멍! 으르렁~ 왈왈! 멍멍멍! 멍멍! 으르렁~ 왈왈! 멍멍멍!🐶,소금빵이 궁금했는데 품절돼서 대체제로 스콘으로 먹었어요. 스콘도 속이 촉촉하니 맛있었어요! 카페 분위기가 너 무 좋아서 기분이 좋고 사진찍기도 좋아요! 날씨 좋을때는 2층 야외석에 앉아서 음료랑 빵 먹고 싶은 분위기 맛집이 에요,"커피맛은 기대이하 였지만, 인테리어는 깔끔하고 소녀취향이라, 사진도 예쁘게 나오고, 조용함. 빵도 개별포장 되어 있고 케이스안에 들어있어서 위생적으로 깔끔하다 베이킹룸이 따로 있어서, 판매하는 모든 빵은 여기서 직접 굽나 봄. 맛은 보통.. 야외 테라스 좌석에서 분수대 물소리 들으며, 멍때리기 좋다. 서교동 왔다가 들렀는데, 근처에 ...","15만 유튜바 사장님의 카페🫶🏻 구독만 하다가 오늘 처음 방문했는데 사장님이랑 사진 찍었습니다~ 주말이라 사람이 많아서 자리 잡기 어려웠어요 그래도 나중에 눈치보다가 테라스 자리 겟! 가을 날씨 느끼면 테라스에 앉으니 너무 좋더라고요 레몬 생크림 케이크, 아메리카노, 치즈 바스크 케이크 다 넘 맛있어요 ㅠㅠ 다음에 홍대 갈 일 있...",유튜브 보고 찾아간 곳이였는데 솔직히 말하면 조금 실망스러웠어요. 매장에서 소금빵을 한입 먹는데 잘 뜯기지않 을 정도로 질겨서 데워주실 수 있냐 여쭤봤는데 안된다고 하시더라구요. 매장에서도 따뜻하게 먹을 수 있으면 더 좋 을것 같아요. 유튜브에서는 마지막에 버터 코팅칠 해주시는것 같던데 이번에 구매한건 윗부분이 퍼석해 보이...,매장이 깔끔해요. 디저트 먹으며 조곤조곤 수다 떨기 좋아요. 소금빵이랑 에그타르트 말차 아아를 시켰어요. 소금빵 은 주변에서 먹던 것과 다르게 좀 더 기름지고 고소해요. 빵을 찢을 때 잘 찢어지지 않고 겉면이 버터 코팅 되어 있어 요. 아아랑 찰떡 궁합. 에그 타르트는 무난했어요. 말차는 달달했습니다.,유튜브로만 보던 매장을 실제로 오니까 신기하고 이뻐요! 하도 영상을 많이 봐서 첫방문이 아닌거 같은기분,고요비님 유튭 보다가 멀리서 찾아왔어요!!! 고요비님은 직접 못 만나서 아쉽지만.. 소금빵 기대 보다 더 더 맛나네요 🥐🫰🏻 영상으로 많이 본 말샷추까지 같이 먹어쥬니 느낌이 이상해써요ㅎㅎ 고요비님도 만나고 맛난 빵도 또 먹으러 올게요~~~,화곡동에있을때부터 많이다녔는데 넘맛있고 좋네요! 자주올게요 사장님^_^,"여기서 먹은 바스크치즈케이크랑 에그타르트 맛이 여태 먹어본것중 가장 맛있었어요.. 지방에 살아서 서울 갈때 꼭 들리는데 이 두개 먹으러 또 가고싶어요 정말 ㅠㅠ.. 바치케는 너무 꾸덕하지도않고 너무 부드럽지도 않은 그 중간식 감이 딱 제스타일이였어요,, 에그타르트는 크기가 크고 타르트지도 너무 페스츄리 같은느낌도 아니구 걍 맛있...",이 전 가게 인테리어 할 때부터 유튜브로 봤었는데 드디어 날 잡고 왔어요!! 레몬케이크랑 토샷추 맛있고 온 김에 황 치즈랑 대파크림소금빵이랑 이 것 저 것 포장해가려고 아이스박스까지 차에 챙겨왔어요!!! 고요비 ㅈㄴ 멋있어!! 내 적 친밀감은 있는데 부끄러워서 말도 못걸었어요 ㅠㅠ,"커피랑 음료도 무난하게 맛있고 스콘은.. 버터가 적게 들어간 건지 모르겠는데 버터향이 없고 버석거렸습니다. 가격이 저렴한 편이지만 맛있는 건 아닌 것 같습니다.. 주말에 방문하니 사람이 많더라구요. 가게 내부는 소리가 울려서 대화하기 좋지 않고, 외부가 더 편하고 분위기가 좋았습니다. 인스타용 사진 찍고 싶은 젊은이들에게 추천합니다.",주말에 방문했을땐 만석이여서 한 10분 조금 넘게 대기했는데 대기하는 사람이 많아서 앉아계신분들 앞에서 서성이 는 사람 입장도 앉아계시던 손님 분들도 되게 서로가 민망했던것같아용 요즘 추운날씨라서 안에서 기다리는 대기장 소 또는 웨이팅 기계 설치해두면 다른곳 둘러보고 오다가 연락 받고 왔으면 더 좋을 것 같아오 웨이팅 하는 방...,너무 맛있어여 저는 특히 레몬이 너무 맛있어어!! 소금빵도 여러종류로 있고 죤듯쬰득해용,당케 제 돈 주고 사먹어본적 단 1도 없는데 매번 유튭볼때마다 궁금 했는데 마침 근처 지나는 길이여서 들랐 었는데  개맛있어요 소금빵도 맛있긴한데 당케가 미칬다요 리뷰 쓸 생각 없어서 먹었는데 너무 맛있어요 긎하게 찍어서 그 렇지 보기도 좋고 맛도 좋고 또 지나가면 또 산다 진심❤️,개인적으로 산미있는 원두를 선호하는데 여기는 산미가 없어요! 참고하세용 디저트는 다 너무 맛있어보였고 종류도 많았어요 바스크치즈케이크는 너무 단단하지도 너무 촉촉하지도 않은 호불호 없을만한 굽기였고 맛도 좋아요☺️ 두번째 방문인데 디저트 먹으러 또 오려고요,유튜브에서 자영업자의 고단한 일상과 함께 제빵과정을 가감없이 재미있게보여주시니 볼때마다 군침이 촥... 오픈하자마자 가서 나도 모르게 계획했던거 보다 오바해서 구매해버렸네요. 지방에도 택배서비스 개시 할 날을 기대해봅니다 고요비 화이팅!!,가게 분위기가 예쁘구 디저트가 맛있어요!! 음료도 나쁘지않은 퀄리티라 좋았습니다;)  어정쩡한 인스타 카페보다는 확실히 맛과 퀄리티가좋아요♡ 공간도 예쁘고 잘 관리되어있어서 만족스러웠어요!,디저트가 전부다 너무 맛있어요 !!사장님 안계셔서 슬펐어요ㅠㅠ 고요비 ㅈㄴ멋있어!!!,토요일에 먹고 반해서 또 샀어요ㅋㅋ 알바 끝나고 나오니 바로 뒤가 고요베!! 요번에는 당케2개 당케 진짜 🐕 존맛  냉장고에 당케10개 쟁여두고싶댜... 소금빵은 토요일에 사먹었을땐 파샤샥 하니 맛있었는데 오늘은 살짝 눅눅 질깃 ? 한 너낌,"소금빵 전문점 답게 빵이 너무 맛있어요! 토마토바질,마늘소금빵 미쵸따.. 포장까지 야무지게 했습니당","유튜브만 보다가 사장님 실물로 보고시퍼서 달려갓어여 ㅠㅠ 근데 빵도 마싯고 최고 ,,, 담엔 친구랑 갈게여 ❤️",구베샵때부터 동생한테 포장부탁만하다가 오늘 첫 방문해봤는데 가게가 넘 이쁘고 고요비님도 이쁘시고 빵이랑 쿠키도 맛있고 커피도 맛있어서 다 좋았던것같아요♡ 조만간 오늘 먹고싶었는데 못먹었던 메뉴들 먹으러 다시 방문예정입니다!ㅎㅎ,친구한테 추천받고서 가봤는데 말차쿠키 맛있었어요!,치즈 좋아하는데 엄청 진하고 맛있어요!,에그타르트 맛있어용~~~~,매번 유튜브보면서 꼭 먹어야지 했던거 냅다 먹었습니다ㅎ 비록 고요비님은 뵙지 못했지만 너무 맛있었습니다🥲 채용신검하느라 한끼도 못먹다가 첫끼로 든든하게 배채우고 갔습니당ㅎㅎ 토샷추 최고👍당충전 완빵하고 대파크림치즈 소금빵 말모말모!! 지방러 얼른 상경해서 단골될게요❤️,유투브로만 보다가 실제로 오게되니 너무 좋네요ㅠㅠ 남들은 부산으로 피서를 가는데 저는 서울로 휴가를 온 김에  여긴 꼭!! 들리고 싶어서 왔어요 토마토바질소금빵 너무 맛있어요!! 적게 일하시구 많이 버세효🤍,디저트가격대는 무난하고 맛도 전체적으로 무난함. 인테리어는 전체적으로 쾌적하고 깔끔햇음 커피만 단독으로 먹 으로올만큼 맛잇진 않고 디저트와 먹기에 무난함,오랜만에 대크치 먹으러 갔습니당 남친이 앙버터가 맛있다고 하네요! 저번에 커피가 좀 이상했었는데 이번엔 맛있었어용,유튜브 초창기때부터 봤었던 사람인데 드디어 가봤어요.. 🥺🥺 대파크림치즈 소금빵이 진짜 좋은뜻으로 미친놈이 니까.. 꼭 드셔주세요… 바스크치즈케이크도 짱 맛있고요!! 커피 위에 올라가는 크림도 달달해서 맛있고 토피넛라떼 도 짱짱 맛있어요!! 💗💗,아메리카노 넘 밍밍해유  에그타르트는 달달하니 맛나네요~~  아메리카노 손 보셔야할듯해요,코시국인가 대구에서 저도 자영업한다고 있는데 손님없어 의욕처질때 킬링타임을한 고요베이크샵에 드디어 다녀가 네요! 테라스에서 열심히 작업하던 사장님과 착하고 친절한 직원분들따라 오랜만에 보는친구랑 맛있는 디저트도 먹 고 딱 유튜브에서 군침흘리면서 상상하던 그맛이네요>.< 집에 포장해가니 가족들도 맛있다고하는데 어르신...,대파크림치즈 소금빵이랑 앙버터 소금빵 먹었는데 진짜 정말 너무 짱 맛있었어요😘🥰😍 (눈물 흘리면서 먹음🥹 🥹) 패션후르츠에이드 마셨는데 새콤달콤해서 더운 여름에 최고였고 친구가 바닐라 라때도 부드럽고 맛있다고 했 네욥!!🥹💖 가게 풍경도 너무 이뿌고 가을에 테라스 나가서 먹고싶어요😝 더더 대박나길!!❤️‍🔥,오랜만에 들렸는데 빵 종류도 많아지고 맛있어요,황치즈파운드 생각보다 맛있어요~  뽀또 ? 맛이 생각나는맛 이예요~ 토샷추도 괜찮습니다~,"작은 카페만들기부터 쭈우욱 함께했던 구독자로서,,,너무 좋았어요 이렇게 멋진 카페라니 그것도 연남동에!! 가봐야 지 하면서 지방사람이라 쉽지않았는데 드디어 방문❤️🍀금요일 오후였는데도 사람이 많았어요-! 고요비님 실물도 영접 ㅎㅎ 생각보다 키가 크셔서 놀라써여 아진짜요?!ㅋㅋㅋㅋㅋ를 남발하시던 고요비님ㅋㅋㅋㅋ 커피는 진...",고요비 죈나 멋져..❤️❤️❤️❤️ 팬이라서 그러는게 아니라 진짜 디저트가 다 맛있어요!!!! 특히 대파크림치즈소금빵 기절쌈바리,"처음 방문했는데 인테리어가 이쁘고 디저트가 맛있었어요~ 에그타르트 좋아하는데 먹어본중 제일 맛있어요! 음료 는 자몽에이드 마셨는데 제 기준 탄산이 약하게 느껴져 조금 아쉬웠어요; 테라스가 예쁘게 되어있어 좋았고, 직원분 들도 친절하셨어요~ 다음에 디저트 먹으러 재방문의사 있어요! :)",유튜브로 봤을때 너무 가보고싶었던것 드디어 갔는데  너무 멋있었어요ㅠㅠㅠㅠ 소금빵 최고👍🏻 사장님 보고싶었는데 아쉽게 떠났습니당 번창하세요🔥,합정왔다가 들렸는데 커피랑 디저트 맛있어요 가격도 적당해서 부담없어요 ~~~!!,첫판 먹고 너무 맛있어서 한판 더 먹었습니다🍪🐷,매장이 예뻐요 합정 홍대치고 조용한 분위기라 마음에 듭니다 커피도 맛있었어요!,에그타르트 짱맛.,커피 케이크 다 맛있어요 2층 테라스 자리 추천👍,계단에 미끄럼방지 역할을 하는 무언가를 보완하셔야 할 것 같습니다. 2층에서 내려갈때 넘어지는 분을 2분이나 봤 어요. 저도 내려가보니 미끄러지기 쉽다고 느꼈고요. 흔한 일인지 직원분도 즉시 와서 괜찮은지 확인하시더라고요.  이정도면 바로 보완을 해야하는 거 아닌가 해요. 경고 문구라도 붙여 놓든지... 빵과 커피는 비싸지 않고 맛있...,토피넛 라떼가 겉보기에는 밍밍한 색깔인데 맛은 정말 진하고 맛있어요🥰 소금빵 자체도 버터를 많이 써서 바삭고 소하고 대파크림치즈도 과하지 않아 잘 어울렸어요. 좌석이 아담하게 붙어 있는 편이라 여유롭게 있길 원한다면 사 람이 많은 시간은 피하는 게 좋을 것 같아요. 대부분의 디저트가 단맛이 강해서 커피와 함께 먹거나 여러 사람...,대파크림치즈소금빵 이제껏 먹어본 대파크림치즈중에 젤맛있어요,구베샵 브이로그때부터 너무 가고 싶었던 곳이였는데 영상에서만 본 곳을 직접 보게 되서 너무 설렜어요! 문을 열자 마자 고요비님을 보고 너무 좋았지만조용히 그동안 먹고 싶었던 제 베스트 메뉴랑 커피를 마시고 왔어요! 화요일 애 매한 시간대였는데도 손님들이 많아서 겨우 자리 잡고 먹었어요!토샷추 처음 마셔보는데 너무 맛있어요! 가기...,빵 먹으러 갔다가 너무 맛있어서 항상 또 포장해가는 집🍞,대파크림치즈 소금빵 인기있어서 함 먹어봤어요! 왜 인기 있는지 알것 같더라구요! 디저트 먹고 친구랑 수다떨러  가기 좋은 곳 같아요! 근데 카공하시는 분들도 계시더라구요!! 그리고 소금빵 종류가 비교적 다양하게(?) 있어서 소 금빵 좋아하시는 분들은 여기 근처에 볼일 있으시면 들려서 드셔도 좋을 것 같아요,"우유크림스콘 곧 끝난다 해서 급하게 달려왔어요‼️ 우유크림 너무 맛있구 큼직해서 다 못 머굼,,ㅜㅜ 바나나푸딩도 진짜 마싯어요❤️❤️ 주말 점심시간엔 야외 테이블 빼면 만석이라 일찍 와야 될 것 같아여",고요비 ㅈㄴ멋있어,주말 오후에가서 자리잡기 너무 힘들었어요 ㅎㅎ 거의 만석이더라고요~!까치산에 있을때랑 비교하면 베이커리 종 류도 훨씬 다양해졌고 카페 내부도 넓어져서 좋았습니다. 토샷추..! 처음 먹어봤는데 완전 제 스타일이에요 ㅋㅋ 다 음에는 오픈런해서 좋은 자리에서 여유롭게 즐겨야겠어요 :),대파크림치즈소금빵 대박 맛있습니다,간단히 에그타르트 먹다가 눈돌아가서 6개 포장해서 집에서 먹었습니다....식어도 맛있고 다음날 먹어도 맛있고 그낭.. 맛있어요..!!!! 말샷추도 맛있었습니다!,"단독으로 되어 있는 곳이에요! 생각보다 커서 놀랬어요! 평일 저녁 때 방문한거라 좌석은 많이 여유 있었어요 사장 님 있을 줄 알고 갔는데 못 봬서 아쉬웠어요🥹 홍대 상권인데도 디저트,음료값 너무 저렴해서 놀랐고그렇다고 맛이 떨어지는 것도 아니고 너무 맛있게 잘 먹었습니다 당근 컵케이크 꼭 드셔보세요! 크림치즈와 씹히는 당근의 ...","정석적인 소금빵 맛이에요. 가게도 귀엽고, 홍대인데 아메리카노 4천 원, 소금빵 3천 원이라서 가격도 합리적이라고 느꼈어요.",소금빵 포장했는데 겉바속촉이예요. 기대보다 맛있어서 좋았습니다. 매장에 테이블 많은데 사람도 많더라구요 다음엔 매장 이용해 볼게요,너무 이쁘고 아름다웠던 카페예요,주인장이 유튜버 고요비래요 어제 소금빵이 품절되어 오늘 방문했어요 다양한 소금빵이 있어서 3종류 사고 황치즈 파운드도 추가 구매했어요 아이스라떼가 시원하고 맛있었어요 건물도 이쁘고 가격도 괜찮은 편이고 스텝들이 엄청 친절했어요다음에는 매장에서 커피 마시고 싶어요 날씨가 좋을땐 야외석도 좋을 것 같아요,주말이 확실히 사람 많고 시끌시끌 하네용 그래도 자리 금방 나는 편인것같아요 그리고 바치케 너무 맛있어요 자꾸 생각나는 맛,"와 커피 넘 맛있고 디저트도 넘 맛있어요 ㅎㅎㅎ 맨날맨날 오고싶은데 너무 멀어서 자주 못 와요,, 흑 그리고 사장님 너무 이뻐요!!!! 실물이 훨씬 이뻐!!!🥰",소금빵에 버터를 아끼셨는지 버터가 녹은 기공이없네요 바게트에 마늘만 바른맛이예요 겉에는 질겨서 잘근잘근씹 어야했고 커피도 쓴맛을 넘어서 탄맛이 너무났습니다기대하고 갔는데 정말너무 실망스러워요,합정역에 매주 들를 일이 생겨서 겸사겸사 오고 있어요! 옛날부터 고요비 유튜브 엄청 챙겨봤었는데 이렇게 빵 먹으 러 자주 가게 되다니🥹 아 너무 좋아요... 갈때마다 사장님 계셔서 심장이 콩닥콩닥대고... 팬싸갓을때 눈 질끈 감었 던 딱 그 감정이라 저 고요비 오타쿠 맞는듯요 ..😆😆 (책임져..) 아직 많은 종류를 먹어보진 않았지만 앙버터...,마치 프랑스 파리의 고요한 아침이 연상되는 분위기였습니다. 베이커리와 케이크도 이것저것 먹어봤는데 너무 맛있더라구요.,진짜 치즈스콘 맛도리 치즈파운드도 궁금해지는데 그건 다음에 꼭 먹을게여!!!고요비님 너무 이쁘시구 다른 직원분들도 친절하셨어요!!!진짜 당근크림치케도 딱 제 입맛에 맞구 저랑 입맛 비슷하신 분이 빵 만들어주셔서 감사할 따름입니당🥐🤤 다른 빵들도 다 추천합니당!!!!,요비님 오늘낮에 방문한 대구에서 온 팬이에요>< 사실 베이킹워낙좋아하고 집에서 만들어보기도하는데 좋아하는 일만 할 순 없자나여 고요비님은 덕업일치(?)의 삶이시고 힘든일도 물론 많으시죠ㅠ ㅠ책임감은 말도 다 할수있을 까요 그냥 머리비워내러 갔던곳에 요비님이 있어서 좋았습니다..진짜 다른거 없고 고요베이크샵이 너무 가보...,산미없이 고소한 커피를 좋아하는데 여기가 딱 그래요! 살짝 연한편인 것 같아요 여기 대파크림치즈소금빵이 진짜 맛있어요! 나갈때 하나 더 포장해갔네요 😊 매장도 2층짜리라 넓어서 좋았어요 날씨 시원해지면 테라스에서 먹으면 너무 좋을 것 같아요~,웨이팅 없어서 좋았어요 자리도 많고 인테리어 깔끔하고 좋아요,"저번 디저트 포장해온걸 벌써 다 먹어서 냉장고에 디저트 채우려고 또 달려갔습니다~~! 집에서 먹으려고 쿠키랑 파 운드 케이크 종류별로 싹쓸이 하고, 매장에선 저번에 못먹었던 앙버터소금빵이랑 대파크림치즈소금빵 그리고 초코 바나나케이크를 먹어봤는데, 앙버터 소금빵 미친 도른맛.. 너무 맛있었어요 ㅠㅠ 😳 소금빵이 부드러워서 더 ...",직원분들도 친절하고 디저트 종류도 다양해요 분위기나 인테리어도 좋았어요,친구가 추천해서 대파크림치즈 먹으러왔다가 두개 더 사버렸어요.. 오픈런했는데 브런치느낌으로다가ㅠㅠ 너무 행 복한 일요일 아침이되었네요 바질크림치즈 최애 메뉴가 되어버렸어요! 공간도 넓고 아늑해서 편하게 즐기다갑니다 🫶,"화창한 오후에 잘 어울리는 카페입니다. 실내조명도 살짝 포근한 느낌의 색감이고(넘 하얗지 않은), 빵도 다양해요.  소금빵의 여러 변주가 있었어요. 커피 무난하고 산미 강하지 않습니다. 블루베리에이드도 적당히 달아서 설탕맛 나 지않고 좋아요. 야외공간도 있어서 날씨가 선선할 때 가면 넘 좋을 것 같아요.",말차브라우니 맛있어요!!,"코로나 시기에 지역은 다르지만 같은 사업을 비슷하게 했어서 더욱 관심을 가졌었던 고요베이크샵. 지금 제 가게는 회복이 안되어 폐업을 했지만, 여기는 유튜브로 대박이 나서 화곡동의 조그만한 가게에서부터 합정의 단톡주택으로 확장이전까지 한 초대박난 가게🥲 매번 어떤 소식으로 업로드 올라올 지 유튜브도 계속 켰다껐다 했었던 기...",붐비는 시간대라 여유있게 있지는 못 했어요~ 그렇지만 커피랑 빵은 맛있어요~,대파크림치즈 소금빵 젤 맛있어요~^^,토샷추는 저에겐 좀 너무 달달한것 같아요. 주말이라 사람이 엄청 많았지만 2층에 자리가 나서 좋았습니다. 1층에  작은 분수 앞에 다음에 한번 앉아보고싶네요. 소금빵은 기본이 제일 맛있는것 같기도!,"”맛과 가격, 인테리어 까지 후회하지않는 카페“ 홍대입구역과는 꽤 멀어요! 걸어와야 하긴 하지만 그만큼 카페가 크 고 2층 루프탑에 앉아있는게 바람이 솔솔 들어와서 시원해서 좋았어요! 음료도 가격이 괜찮고 커피도 괜찮았습니다 🍫초코브라우니를 먹었는데 안에가 촉촉해서!! 맛있었어요 설탕 단맛보다 초코의 단맛이 느껴져서 좋았어요...","유튜브로 보다가 연남동에 확장 오픈했다고 해서 찾게 되었어요. 빵 진열대가 유리문으로 덮여 있어 깔끔한게 좋았고, 매장도 예쁘네요. 2층 테라스 갔다가 햇살 넘 강렬해서 1층에서 스콘 맛나게 먹고 왔어요ㅎㅎ","친구가 카페 공사할 시절부터 유튜브 보고서 가보자고 했던 카페인데 이제서야 오게 됐어요😆 소금빵을 먹어보고  싶었는데 솔드아웃이라 아쉬웠어요 그렇지만 패션후르츠에이드가 진짜 맛있었고, 사장님을 비롯한 직원분들이 정 말 친절하세요 앞으로도 번창하세요👍","구독자라 찾아갔는데, 머쓱하고 다 여자분들이라 말도 못걸었네요.. 대따넓고 작업하기 좋은.. 쾌적해요. 다음에 일찍퇴근하면 가려구요 ㅎㅎ 와중에 유튜브 은색버튼 간지..",인테리어가 예쁘고 빵이 맛있어요!!!,룸으로 들어왔는데 분위기 좋았어요!! 소금빵은 바삭 쫀득하고 애그타르트는 바닐라맛 가득한 필링 덕분에 달달하고 바삭해서 두개다 맛있었 습니다!! 고요비 ㅈㄴ 멋있어~,빵은 맛있게 먹었네요 다만 직원분들이 바 안에서 이야기 하시느라 못보셨는지 손님이 와도 인사를 안 하시더라구요 그 점은 아쉬웠네요 저만 그렇게 느꼈나 생각했는데 리뷰들 보니 간간이 비슷한 상황들이 있네요,"ㅈㄴ멋있는 고요비카페 ,, ✨️✨️ 평일 점심 쯤 다녀왔는데 사람 많이 없었구 디저트도 많아서 고를 수 있다는 점이 넘 좋았!! 아는 척 못하구 카페만 조용히 이용하고 왔는데 엄청 기대하기보단 맛있는 디저트카페입니다 !! 말샷추는 진한 편이고 대파크림소금빵은 상상하는 것처럼 맛있는 맛 소금빵자체도 맛있어효😋 아는 맛이 더 무섭다 ,, ...",대파크림치즈 짱.. 🤤 직원분들께서도 친절하세요!💗,"🙆‍♂️대파크림 뭐시기가 제일 유명하고, 스콘 자체가 끝맛 텁텁하지 않음. 음료 너무 비싸게 받지 않아서 좋음. 스콘에 아아 조합이 최고 🙅‍♂️테이블이 너무 작음🤔",말샷추 진짜 맛있어요 대파크림치즈소금빵 너무 궁금해서 간거였는데 세상 만족!!  또 가고싶어요ㅠ,"토요일 12시 30분 방문했는데 모든 디저트 넉넉하게 준비되어있었어요!! 바나나푸딩, 초코바나나케이크 등등 새로운 디저트들도 많이 나왔어용 대파크림치즈소금빵 쫀득하고 크림도 맛있고 완전 추천합니당",빵 종류가 많고 맛있어요 🥯🤎 음료는 아아를 시켜서 비교는 못하지만 빵순이시라면 매우 추천드립니다! 매장이 넓고 혼자 오시는분들도 많으시더라구요~ 2층 테라스도 날이 좋으면 앉아서 여유롭게 티타임해도 좋을것 같아용 👍,특히 대파크림소금빵이 너무 맛있어요,고베샵 꼭 와보고 싶었는데 뉴베샵으로 이사하고서야 드디어 방문했어요...💖 대파크림치즈 소금빵 맛있다는 후기 가 많아서 기대했는데 진짜 맛있더라구요... 담백 고소한 소금빵이랑 대파크림치즈가 너무 잘어울렸어요!! 구베샵때 부터 고정메뉴였던 레몬케이크도 상큼 달달하니 맛있게 먹었어요!! 커피도 진짜 맛있어서 아아메 마시고 라떼...,분위기 편하고 대파빵부터 파운드케이크 다 맛있네요 야외 공간도 날씨 좋을때 있기 좋구 주변 카페보다 전체적으 로 가격이 좋네요ㅎㅎ 토피넛라테 따뜻하게 밤에 마시니 넘 좋네요 집이랑 가까워서 자주 갈거 같아요,"블로그에서 많이 언급되는 세가지 디저트를 주문했는데, 너무 맛있었어요! 솔티카라멜스콘: 엄청 달 줄 알았는데, 생 각보다 안 달았어요! 단 거 싫어하는 저도 기분좋게 단맛을 즐길 수 있는 디저트였어요! 황치즈파운드: 담백해서 토 피넛라떼랑 먹으면 찰떡 궁합! 황치즈 좋아하는 사람 강추! 크림치즈당근컵케이크: 본인 픽 최애 디저트!! 크...",와 마늘소금빵 존맛이에염 여기 남친이 유튜브 초창기?부터 봤다네요ㅎㅎ 카페 인테리어도 넘 이뻐요,강아지랑 테라스에서 행복하게 즐기고 갑니다❤️ 얼그레이도 바스크 치즈 케이크도 부담스럽지 않고 커피랑 먹기 딱 좋은 달달 부드러움~이었어요!! 저는 소금빵이 제일 맛있더라구요! 다음에 또 놀러 가겠습니다!,제 취향은 아니었습니다만 토마토바질크림치즈는 맛있었고 얼그레이차도 맛있답니다,2층 테라스가 멋져요,"✅ 대파크림치즈소금빵 : 제발 먹어주세요.🙏🙏너무 맛나요... 🤤🤤여기 소금망 맛집이야... 소금빵 맛있어! 크림 치즈 맛있어! 먹을때마다 이러고 있습니다. 그 대파의 시원함?과 짭짤함이 크림치즈 느끼한걸 잡아주고, 거기에 크 림치즈의 달달함까지 궁합이 미!쳤!어!요! 2번째 방문이라 거의 먹어봤는데 딱 하나만 먹어야 한다고 했을때 ...",고요비 ㅈㄴ 멋있어 사장님이 친절하고 소금빵 꼭 드세여!! 빵쟁이는 빵쟁이가 알아본다 매번 소금빵신메뉴 나올때 마다 순위바뀌는건 안비밀 쵝오,까치산에서 매장을 넓혀 홍대로 확장이전한 [고요베이크샵]. 매장은 더 넓어져서 쾌적해졌네요^^ 쿠키종류도 더 다양해진거 같아요~ 그런데 까치산에 있을때보다 먼가 케잌이나 스콘의 양이 조금 작아진거 같은 느낌이 ㅎㅎㅎ 맛은 그대로인거 같은데 ㅎㅎㅎ 넘 오랜만에 먹어서 그럴수도 있다는 ㅎㅎㅎ,예전부터 와보고싶었던 고요베이크샵 토피넛라떼도 맛있고 빵도 맛있어용,서울 카페는 기대안하는데 여기는 대존맛 자리도 많고 고요비님도 있고 (고요비님이 웃어주셔서 감동) 다음에 또 놀 러올 확률 128%,카페가 진짜 너무 예뻐서 재방문 의사 있습니다^^ 디저트는 특히 토마토바질크림 소금빵 추천합니다! 먹어보고 반해서 추가로 포장해갔어요👍,몇번째 방문하는데 빵이랑 음료가 너무 맛있어요!!!!,대파 소금빵 맛있어욤,"워낙 까치산에서 유명한 고요베이크 샵이 서교동으로 이전해서 알고 있었는데 주변에 볼일이 있어서 간김에 들렸습 니다! 다양한 제과제품들과 소금빵들이 있었는데요-! 황치즈파운드 맛있었고, 소금빵은 워낙 더 맛있는 빵집이 많아 서 다음에 가면 파운드나 케이크를 더 담아올 것 같아용! 황치즈 파운드 짭쪼롬하면서 달달한 맛을 잊응수 없...","유튜브 보면서 꼭 가보고 싶었는데 드디어! 빵+라떼 다 맛있어요🥐🥯🥨 대파크림치즈 조화가 완벽🤤 (저거 혼자  다 먹고 온 거 안 비밀,,ㅎ) 초코칩 스콘도 추가로 포장해왔는데 초코칩 완전 많고 빠삭빠삭한 취향저격 스콘이었습 니다🍪"
마크스로프트,1130943497.0,"정말 인테리어, 분위기, 맛, 친절함 뭐 하나 만족스럽지 않은 곳이 하나도 없었던 곳!!!🩵  뉴욕의 로프트에서 크리스마스 보내는 기분으로 좋은 재료로 만든 맛있는 빵 먹으며 부내나는 엑설런트 아이스크림 라떼 마시고 있자니, 정말 머무는 내내 여행느낌으로 행복했습니다..🫶♥️",홍대입구역 부근에서  초강강강강추하는 분위기있는 카페😍 흘러나오는 음악도 완벽하고 햇살이 은은히 들어와서 셀카도 완전 잘나와요😉 정말 맛있는 커피와 잠봉뵈르 그리고 다양한 디저트까지 완벽합니당❣️,"잠봉뵈르, 샤인머스켓 에이드, 초코라떼에 하겐다즈 아이스크림까지 특별한 메뉴가 엄청 많아요👏👏❤️❤️❤️ 샤 인머스켓 쳐돌이는 샤머 페스츄리 먹을까 고민하다가 딸기 크로와상 골랐어요 다 너무 맛있음🥰🥰 대형카페라 앉 을 자리도 많고 넓어서 좋네요 환한 통유리 굿👍🏻👍🏻👍🏻",오 여기는 디져트 맛집인것같아요 크루아상 진짜 맛있고 음료는 맛없는 곳들이 많아서 기대 안했는데 진짜 맛집 커피도 맛있고 스무디가 진짜 너무 맛있어서 놀랐어요 진짜 성공적이었다💚 다음에는 쪽파소금빵? 먹으러 가야겠다~,"다양한 베이커리, 디저트가 있는 카페에요~ 공간마다 분위기가 다르고, 외부에 테라스도 있어요 채광이 좋은 2.5층 에 앉았는데 디저트랑 커피, 음료까지 맛있어서 좋았어요~ 🤎고소한 아이스아메리카노 수제로 만드신 많이 달지않 고 상큼한 🍋홈메이드레모니 크림도 부드럽고 폭신촉촉달달한 🍓딸기케이크 겉바속촉 고소함 가득한 🥐아...","패스츄페너, 딸기라떼, 메론케이크, 쪽파 크림치즈 소금빵, 마크스도넛 요렇게 시켰는데 빵이 다 맛있더라구요❤️ 소금빵이 맛있었고 겉은 달달바삭 속은 폭신촉촉한 도넛도 맛있었어용! 매장도 넓구 쾌적~ 패스츄페너는 음료가 엄청 달달하니 참고하세영","복숭아 타르트가 있다고 해서 홍대부근에서 저녁먹고 찾아가봤습니다. 매장은 2층까지 있었는데 주문도 2층에서 가 능했고, 자리도 2층 자리가 더 넓고 많았습니다. 디저트 진열대에 놓여있던 복숭아 타르트를 보니 비주얼이 엄청 좋 았고, 커피와 복숭아 타르트 딸기케이크를 주문했습니다. 자리가 많았는데 카운터 가까운 넓은 테이블이 에펠...","외관부터 깔끔해 보여서 들어갔는데 내부 인테리어도 너무 예쁘게 되어 있고 음료, 디저트류 모두 맛있었어요! 특히 케이크가 넘 촉촉하니.. 빵에 진심인 것 같은 느낌이라 ㅋㅋ 다음엔 다른 빵도 먹어보고 싶습니다~","디저트, 분위기, 공간, 맛 완벽한 곳. 정말 디저트 흥 1도 없는데 여긴 무슨 빵이 아니라 모형 같이 너무 이쁘고 심지 어 맛까지 좋아요. 거기다가.. 사장님은 또 어찌나 친절하신지.. 음료는 생과일로 쓰시는지 과육이 보입니다. 공간도  넓고 깔끔해서 너무 기분 좋은 곳이에요.",커피도 디저트도 너무 맛있어용 🥹♥️ 딸기철 이제 시작이라 안달면 어떡하지 했는데 크.. 진짜 딸기 디저트 짱맛 꼭  먹으세용 ㅜㅜ!!🍓♥️ 매장에 트리도 있어서 예쁜 사진 찍을 수 있어용 ㅎㅎ,"돌아가는 트리 실존 딸기철에 맞춰서 나온 딸기 프리지에까지 ㅜㅜ 채광이 들어오는 통창의 마크스로프트,,,, 딸기 케이크 단면보고 감탄했는데 먹어보고 여기 찐이구나 함 조온맛 딸기 먹으러 와야됨",크리스마스 분위기 제대로 즐기루~~ 디저트도 맛있고 종류도 많아서 좋아융 무엇보다 카페가 깨끗해서 좋았어요!,홍대 카페 디저트 맛집 마크스로프트💗 매장인테리어도 감성있고 사진도 너무 잘나와요😊시그니처 라테인 마크스라테 강력추천 ㅎㅎ달달한데 텁텁하지고 않아요👍 잠봉뵈르 샌드위치는 담백해서 라테랑 잘어울려요🫶🏻홍대 데이트하기 좋은 마크스로프트 분위기 깡패 체고에유😭,공간 구석구석 인테리어도 감각적이어서 어디 앉을지 한참 고민하다 날이 좋아서 야외 테라스에 자리잡아 앉았어요 . 👀 비주얼 극강 메뉴들로 눈도 즐겁고 맛도 너무 좋아서 아주 만족스런 브런치 먹고 왔어요👍🏻 직원분 넘 친절하시 고 플레이팅 완전 진심으로 세심하게 해주셔서 더 기분이 좋아지는 시간이었어요. 딸기라떼랑 한라봉스무디 ...,매장 구조가 특이하고 분위기가 독특해여~ 여행온느낌! 디저트도 다른데 없는거라서 특별했는데 맛있었고 시그니 처 음료 두가지 시켰는데 너무 맛있어서 놀랬어요~! 분위기도 좋아서 대화 나누기 편했고 평일에 갔는데도 외국인  손님들이 많았어요. 다음에도 또가고 싶은곳! 대만족~,딸기생크림케이크 빵이 엄청 촉촉하고 부드러웠어요 ㅠㅠ 쪽파크림치즈소금빵 무조건 추천드립니다 너무 맛있어요 !!! 크림치즈가 고소하면서 쪽파랑도 잘 어울리더라구요 당일에 만드신 건지 파가 엄청 신선했어용 ㅎㅎ 커피도 너무 맛있었습니다 🤍,너무 맛있음 주의!!! 공간도 예쁘고 디저트는 환상이고.. 매일가고싶은 곳,크리스마스 감성 가득한 홍대카페💕 디저트도 맛있고 음료도 하겐다즈 아이스크림이 올라가 너무 맛있어요~,홍대 카페 마크스로프트 들렀습니다ㅎㅎ 빵이랑 디저트 종류가 다양하고 특이하게 메론과 복숭아타르트가 있어서  복숭아타르트 시켜봤는데 맛있었어요😍👍🏻 홍대 카페 중에 넓고 특색있는 카페 찾으시는 분들은 마크스로프트 들 리시면 후회 안 하실거 같습니다ㅎㅎ,크리스마스가 느낌나는 홍대 카페추천,"2층 테라스에서 먹었는데 바람도 불고, 메뉴도 맛있고 덕분에 기분이 좋네요😌 복숭아타르트은 달콤 상콤 딸기라떼 달달하니 컨디션 업되고 티는 꽃향나서 마음이 평화로우져요💐",분위기가 이렇게 좋다니♡♡♡  야외공간도 있어서 모임하기도 좋구요  내부에는 분위기 갬성있는 공간도 많아서 좋아요♡♡♡,건물이 통으로 한 카페에요 :) 테이블 곳곳의 매력이있지만 개인적으로 채광이 드는 2.5층(?) 메인 테이블이 가장 매 력적이었어요! 비주얼만 좋은 디저트 카페 아니고 비주얼도 좋은 디저트 카페에요! 시그니처 디저트처럼 테이블 마 다 있던 복숭아 타르트는 일단 복숭아 자체가 너무 맛있어서 좋았어요! 아메리카노도 추가 주문 해서 마셨는...,늘 방문하는 마크스로프트 아이에게 먹일수있을만큼 신선한 재료를 사용하는것같아요 빵들을 당일 판매 후 폐기한 다고 하더라고요! 강츄 입니당,메뉴가 하나하나 다 미쳤어요 너무 맛잇어요 ㅎ 인테리어도 너무 이쁘고 꼭 뉴욕 놀러온거같은 기분이예요,"카운터가 2층에 있어요 일반 베이커리는 1층에 있고, 요기 시그니처인 멜론케이크랑 복숭아타르트는 2층에 있네요  멜론케이크 맛은 있는데 가격대비 양이 너무 작은듯 해요 진짜 세입먹으니 끝이라 아쉬웠어요 그래도 좌석이 많고  의자도 보기보다 편해서 복숭아 타르트도 먹으러 한번쯤 더 오려구요",아아 아몬드크로와상 멜론케이크 먹었어요  카페 공간이 너무 좋아요 음악도 좋고 넓고 테이블도 많고 분위기도 좋구 직원분도 짱 친절 하시구 ❤️ 멜론케이크 신메뉴 추천해주셔서 먹었는데 짱 맛있었어요 추천!! #홍대신상카페,"홍대에 숨겨진 베이커리 맛집을 찾은거 같습니다! 홍대 브런치 카페를 찾다가 와보게 되었는데, 시그니처 메뉴인 복 숭아 타르트는 새콤달콤한 복숭아랑 안쪽에 커스타드 바닐라 크림(?)이 너무나도 잘 어울리는 디저트였어요! 그리 고 전 개인적으로 저 쪽파가 데코로 되어 있는 스프링어니언크림소금빵이 제일 맛있었던거 같아요. 달짝지근...",복숭아 한개가 통으로 올라간 통복숭아 타르트가 맛있습니다. 안에 채워진 커스터드크림과 복숭아의 맛이 잘 어우러집니다. 아쉬운 점은 타르트 부분이 너무 두껍고 식감상 오히려 맛에 방해가 되는 것 같아서 남기게 됩니다. 커피도 디저트와 잘 어울리는 튀지않는 맛이고 공간 자체가 채광도 좋고 예쁩니다.,복숭아는 약간 부드러우면서도 씹는 맛이 있습니다. 씨를 빼고 커스터드크림이 들어간 통복숭아입니다. 밑에 있는 타르트는 꾸덕한 버터바느낌도 납니다. 맛있습니다^^,복숭아 타르트 너무 맛있어요!!! 타르트 위에 복숭아가 통으로 올라가서 아주 푸짐합니다 복숭아도 달고 부드럽고 맛 나용 그리고 잠봉뵈르도 재료가 가득 들가서 넘 알차게 잘 먹었습니다~~~~^^,"공복에 피뽑고 당이 필요할 때 먹고 엄청난 수혈효과. 복숭아타르트 예쁘고 맛있지만, 담엔 그냥 복숭아를 사먹겠다고 다짐. 커피도 맛있게 잘 마셨습니다",매장이 엄청 넓고 케이크도 맛있어요 :),해 드는 통창 옆에 앉아있으니까 기분이 너무 좋더라구요 빵이랑 음료들도 전부 맛있었어요! 종류가 워낙 다양해서  여러가지 추천드려요 조금 더 선선해지면 야외테이블도 좋을 것 같아요,복숭아타르트 대존맛! 당도높은 복숭아를 엄선했고 속에는 커스터드크림이 신선하고 퀄리티 좋아요! 과일음료들도 인위적 단맛이 적어서 취저였네요 분위기까지 감성진 홍대 디저트 맛집이었어요,분위기도 너무 좋고 빵도 맛있어요❤️,"커피는 물론이고 디저트도 맛있는 #홍대카페  복숭아 타르트랑 페스페츄너, 잠봉뵈르 다 잘한당👏",복숭아모양 케잌인줄 알았으나 생딱딱이복숭아였네요. 커피맛있었고 복숭아 타르트 신선한 맛이었어요.,"홍대에 새로 생긴 대형 카페가 있다고 해서 왔는데 인테리어도 넓고 깨끗해서 우선 좋았어요! 그리고 복숭아 타르트  비주얼,,,✨ 맛도 좋고 사진도 잘 나와서 또 올 거에요 !","가게 인테리어도 예쁘고, 음료도 맛있고, 디저트도 독특하고 맛나요!!! 진짜 리얼 감성 맛집이에요. 빵도 다 예쁘고 맛나서 기분 좋았어요 ❤️❤️❤️ 별 다섯개!!!","옆에 떡볶이집 갔다가 계획없이 방문한 카펜데 꽤나 만족~근데 소리가 잘 울려서 그런지 매우 시끄럽긴해용,,,,, 뺑오쇼콜라는 좀 눅눅했지만 맛있었어요 다른 빵이랑 케이크도 넘넘 궁금",빵이 짱 맛있어요 복숭아타르트가 시그니처메뉴인듯?!!! 빵이 엄청 맛있아사 담에는 빵만 엄청 먹고싶어여,디저트 천국인가요ㅠㅠㅠ 빵이 다 맛있어보여서 고르기 힘들었어요ㅠㅠ 복숭아 하나 통채로 올라간 복숭아타르트 미쳤어요!!!! 안에 커스터드크림이 들어있어서 달고 부드럽고 난리남ㅋㅋ 복숭아타르트는 꼭 먹기!!!! 쇼콜라 도넛도 진한 초코가 취향저격이었구요. 분위기도 좋아서 재방문 의사 1000%입니다!!!,"인테리어 공간, 음료, 빵과 디저트까지 군더더기 없이 전체적으로 심플하고 깔끔한 카페. 좋은 재료를 선별해 만든다고하니 안심됐고 직원분들도 친절해 좋음.",복숭아타르트맛집🍑 딸기요거트가 넘 맛있고 베이커리 종류 많아서 좋았다💕,커피굉장히 진했어요 그래서 잠 못잘뻔 ㅎ,베이커리와 디저트종류도 다양하고 퀄리티가 너무 좋아요 특히 복숭아 하나가 다 올라간 타르트는 사진찍기도 좋고 맛도 좋으니까 꼭 드셔보시는걸 추천합미다,데이트하려고 방문한 카페인데 매장 분위기💛 건물 하나가 카페인 홍대 대형카페인데 매장 테이블 간격도 넓고 완벽해요!!!  음료도 맛있고 빵 종류도 많아서 개꿀이에요!!,내부 굉장히 넓고 분위기 좋네요! 음악분위기도 거의 유럽느낌 ㅎㅎ 커피도 맛있고 디저트도 예뻐서 친구들이랑 수다떨러오기 좋은장소같아요!,훤하게 탁 트인 공간이 있어서 너무 좋아요. 올만에 만난 대학동기들 데려오기 좋은 공간인것 같아요.ㅋㅋㅋ,디저트랑 음료도 넘 맛있구 디저트 비주얼이 대박이에요! 분위기도 조용하고 좋아서 홍대 베이커리로 추천해요!💖,"채광 짱짱해서 너무 예쁜 카페! 낮 시간에 창가 자리에서 사진 꼭 찍으세요. 마크스라떼 적당히 달면서 진한맛이고, 여기 빵 진짜 진짜 진짜 맛있음 !!! 쪽파소금빵 존맛. 메론케이크 너무 귀엽고 맛났음. 뱅오쇼콜라도 포장해 갔는데 결대로 파사삭 하는 게 진짜 맛있었습니다…👍🏻❤️",마크스아이스티 너무 맛있어요!! 새콤달콤하고 커피대신 먹기 짱짱! 좌석도 널직하고 가게도 커서 대화하기 좋아요 앞으로 홍대 오면 카페는 여기로 와야겠어요ㅎㅎ,복숭아가 통째로 커스타드 크림이랑 같이 있어서 너무 맛있었어요😍 잠봉뵈르도 넘넘 맛있었고 아이스티도 달달해요😀 카페가 생각했던 것 보다 훨씬크고 좌석도 많아요~~~,정성 가득 들어간 느낌의 디저트 너무 맛있었어요,복숭아 타르트 맛보러 갔는데 인기가 어마어마해서 오후2시쯤 품절!! 그래도 메론케이크도 정말 맛있고 수박쥬스도 짱맛이에요,디저트 맛집이에요 빵이고 케이크고 하나하나 다 맛있고 커피는 또 왤케 맛있죠...신상카페인것같은데 사진도 잘나와서 자주 들릴듯합니다 ㅎㅎ,무화과 크로와상 샌드위치 보자마자 이거다! 했어요 분위기도 너무좋고 빵도 재료가 아낌없이 들어가고 맛있어서 만족해요,"프랑스 음악이 울려퍼지는 백색 공간의 베이커리 카페. 숙련가의 손길이 들어간 퀄리티 좋은 빵과 브런치, 밀세트가 준비되어 아침부터 밤까지 언제 어느때라도 방문하기 좋은 곳이었어요 공간은 1층과 2층, 테라스까지 넓게 사용 가 능! 불편한 좌석이 없어 편히 쉬다 갈 수 있었고 커피와 빵 모두 맛있게 먹어서 강력 추천하고 싶은 카페! 특히 ...",처음왔는데 넓고 커피가 맛있네요,디저트도 음료도 존맛도리입니다... 비주얼과 맛 둘 다 놓치지 않은 카페예요 ㅠㅠ 홍대 올 일 있으면 다음에 또 오고 싶어요 ㅠㅠ 사장님도 장말 친절하셔서 편안하게 머물다가 왔습니다 ㅎㅎ,복숭아타르트 꼭 드세요 ✨ 복숭아가 엄청 달고 안에 크림이랑 타르트가 너무 잘 어울려서 정말 맛있어요 ㅠㅠ,디저트가 비싼만큼 맛있어요! 특히 쪽파크림치즈소금빵이 맛있어요,"1,2층 분위기 진짜 대박!! 카페가 너무 예뻐서 들어가자마자 반했던 곳!! 오픈런을 해서 빵종류가 많이는 없어서 아쉬 웠어요ㅠㅠ 카페전문 유튜브 유리소리TV",1층에 베이커리류 2층에 케이크 있는데 패스츄리 계열이 맛있었습니다,디저트가 진짜 맛있어요~ 마크스 라떼 추천이요👍,예쁘고 맛있고 다 해요 !!!ㅎㅎ 홍대입구랑 가까워서 걸어오기도 편해요^^,"음료, 디저트 다 맛있었어요👍🏻 복숭아가 제일👍🏻👍🏻 아침 일찍 오픈해서 이른 시간에 가기 좋아요🙂",인테리어가 아주 멋진 갬성 카페네요 음료도 맛있고 분위기 너무 좋습니다  시원한 에어컨👍👍,베이커리 종류가 너무 맛있어요,타르티지까지 맛있는 과일타르트는 정말 오랜만이러 남김없이 싹싹 잘 먹었어요 :) 홍대 놀러가면 또 갈 카페에요!,매장이 깔끔하고 커피가 너무 맛있어요! 빵도 먹고가면 데워주셔서 맛있게 먹었습니다,음료는 맛있었고 메론빵? 그거는..ㅎ 맛고 없고 비싸기만ㅎㅎ,아기랑 같이 왔는데 빵이 정말 신선하고 맛있어요! 유기농 재료 쓴다고 하더라고용~ 공간도 넓고 분위기 좋네요! 앞 으로 홍대 핫플 될것같아요!,여기 매장은 무조건 한사람당 1음료를 해야한다 디저트를 2개나 시켰는데도…그건 좀 불편해서 다음엔 안 올거 같다 그래도 복슝아는 맛있고 사장님도 친절했지만 그래도 다시 가고 싶진 않다 😅,디저트종류도 많고 커피도 빵도 맛있어요 인테리어도 이쁘구 직원분들도 너무 친절하셔서 기분좋게 먹고나왔어요 ㅎㅎ,디저트도 커피도 분위기도 너무 이국적이라 인상깊었던카페에요,두 번째 방문인데 역시 맛있습니다!:),커피도 맛있고 빵 비주얼이 너무 좋아요~~ 대파 소금빵 미쳤다...,이 근방 코스 짤때 꼭 추가해야하는 장소 ^^ 갔다오면 기분 좋아집니다,멋진 인테리어 구경하면서 라떼를 마시니까 넘 시원하고 좋았어요 ㅎㅎ편하게 마시다 갑니다~,힐링되는 느낌 물씬 나는 카페였습니다 카페 매니아들께 추천하고픈 곳이에요,로맨틱한 분위기에서 힐링 즐기고갑니다 ㅎㅎ 커피도 너무 맛있고 디저트도 좋아요^^,카페 인테리어도 너무 이쁘고 커피는 고소함과 부드러움까지 느껴지면서 시원하고 맛있어요,힐링되는 자리에서 향만큼이나 맛있는 커피까지 ㅎㅎ 여기가 정말 카페맛집이에요,빵 맛집이라고 해서 들렸는데 마일드한 빵 좋아하는데 이 곳에 많아서 좋네요,매장 분위기가 넘 좋아요! 사진도 잘나오고 굿굿 음료도 맛있네요 다음에 또 방문할게요,"상상했던것보다 훨씬더 좋았음 ^^ 맛,분위기,친절,비주얼 뭐하나 놓치지않으셨네요",빵들이 고급진 느낌 뿜뿜이라 매장에서 음료랑 같이 먹기좋고 매장도 예뻐요,뷰 너무 좋고 카페도 쾌적하니 틔여잇는 느낌들어서 너무 좋았고 힐링 됐어요 ㅎㅎ,🤍🌱,다른 빵 먹으면 배가 아픈데 마크스로프트빵 먹으면 속이 편해요!  유정란으로 만든 계란빵 맛있고 신선해요!,공사할때부터 눈팅만 하다 오늘 처음 와봤는데 오늘로 인생빵집 하기로 했습니다 정말 말이필요없어요 너무 맛있고 응대도 시원시원 하시고 다 맘에 들어요 앞장서서 소문내고 다닐께요 잘 먹었습니다,디저트랑 음료가 다 맛있어요! 매장도 아늑하고 밝고 대화나누기 좋았습니다:),넘넘넘 맛있어요 제가 있는곳과 어느정도 먼거리 감수하더라도 계속 방문하고싶네요!,조합이 상당히 인상적이네요 주문한번 기가막히게 잘한것같고 사장님께서 넘 잘만들어주시네요,음료랑 디저트 모두 맛있어요!:),말해뭐해 너무 맛있습니당 ㅎㅎ분위기도 너무 좋고 힐링하기 넘 좋아요~~,빵들이 정말 가득있어요! 종류도 많고 커피랑 너무 맛있게 잘 먹고갑니다 ㅎㅎ,"신랑이 커피를 무척 좋아하는데, 여기 정말 맛있대여 분위기도 너무 좋아요",빵 맛집 다 가봐도 맛있다는 집은 손에 꼽는데 여기 너무 맛있게 잘먹었어요,"복숭아타르트 13,000원인데 가성비는 그닥.. 밑에 타르트 있고 안에 커스타드 크림 넣었다고 복숭아 하나에 13,000원은 좀.. 그리고 1인 1메뉴인데 디저트는 제외 무조건 음료 시켜야됨 혼자 오면 2만원 써야됨",분위기 넘 좋고 카페 음악도 분위기 있고 카페 내 인테리어도 예뻐요.굿~~~^^,신경 많이써주시네요 ㅎ 친절한곳이구요! 한번 맛보면 다른데 안갈듯~,빵맛에 제대로 꽂힘.. 어떡하죠 여기 때문에 빵을 못끊어요 ㅋㅋㅋ분위기도 너무 청량감있고 좋아요,커피도 맛있구 매장도 이쁘고 빵도 다 맛있어서 넘 행복합니다,복숭아타르트 냠냠,특색있는 카페네요 분위기도 너무 이쁘고 디저트도 정성이 느껴져요 ㅎㅎ,너무 맛있어요!! 남친이랑 다녀오기 좋네용! 취향저격인 메뉴가 너무 많아요 ㅠ_ㅠ,좋아요
스트로베리32 연남본점,1299745145.0,"망고케이크1호+망고우유 예약하고 오픈 시간 맞춰 갔어요. 비쥬얼 대박✨ 보냉백(+4,000원/아이스팩2개포함) 추 가해서 들고 왔어요. 민트색보냉백 이뻐요. 거리가 있으신분들은 보냉백 미리 챙겨가서 픽업하심 좋을듯 해요. 일단 망고가 신선해요~~~👏 크림부분은 입에서 사르르 없어지는 크림은 아니구 일단 신선한 크림! 이집 전부터 ...",남편 승진 겸 기업대학원 졸업 축하 및 스스로 병원에서 큰 일 치른거 위로하고자 당일 예약해서 샀어요. 수강 신청 이나 피켓팅처럼 정사이즈 케이크는 바로 마감되어 미니로 했는데 둘이 이틀 동안 나눠 먹기 딱 좋네요. 구매 가능해 서 운 좋고 감사하고요. 케이크 받아들고 남편과 함께 간 근처 도구리 팝업 스토어에서도 신주단지 모시듯 조...,전주사는아이 저번에 성수점에서 구매해서 맛있게먹어서 수학여행간김에 또들른다하여 거리가좀더가까운 연남점 에서 미니로구매했어요. 숙소에서먹을거라ㅎㅎ 우유도2병같이 구매했네요.ㅎㅎ 먹어보고싶다하더니 담에 딸기도 사러간다고 하네요ㅎㅎ 잘먹었습니다. 아이가 디저트란디저트는 몽땅 사왔네요.이러다 서울로 이사가자고 ...,"망고가 많아서 좋아요 😄 순삭했어요 망고 상태에 따라 다르다해서 조금 걱정했는데 아주 달고 맛있었어요 ㅎㅎ  망고1호 ,미니 두개 구매했어요 보냉백 달라고 두직원분 둘다에게 요청했는데 필요없다고 1시간이면 괜찮을거같다 고 안주심 집에 가는데 2시간 안걸리는데 고정도 잘 되어있고 굳 비주얼 좋고 맛도 좋고 다음달엔 딸기 사러 ...",700일 기념케익으로 먹고 싶어서 1주일전쯤 예약하려고 하니 다 마감이 되어서...ㅠㅠㅠ 사장님께 카톡으로 문의드 리니 당일 예약을 받고 있다고 하셔서 11시 땡하자마자 폭풍 예약을 한결과 당일 성공!!!!! 당일에 예약만 해두면 시 간은 언제오든 상관없다고 하셔서 저녁즈음에 방문하였다 미니 사이즈가 있길래 오래두면 안될거 같아서 미...,"21년 딸기케이크부터 지금까지 가족들이 요기꺼 넘 좋아해서 일년에 3~4번씩은 먹었었는뎅, 이상하게 이번 토요일에 산건 크림이 사르르 녹지않고 입에 미끌거리게 남는대요. 혹시 크림 비율이 달라졌다거나... 과일은 여전히 맛있었습니다.ㅠㅠ",너무 달지 않고 상큼하니 맛있어요. 냉동망고 아니고 생망고 짙은색 풍미가득합니다. 얼핏 아이들은 단무지케이크 냐고 물었지만 ㅋㅋㅋ 호텔망고케아크 부럽지 않은 부드럽고 기억에 오래 남을 맛이예요.,어머니 생신 케이크로 구매했습니다. 생크림이 달지 않아 망고맛을 흐리지 않아 맛있었습니다! 다른곳 케이크는 달 아서 항상 남았는데 4명이서 미니사이즈 순삭했습니다!🎂👍🏻👍🏻 망고가 위에 안에 가득해서 먹는내내 행복했어요 🥰 딸기 시즌이 시작되면 딸기케이크도 먹으러 올래요~,두번째 방문이에요. 저번에는 큰걸로 시켰는데 너무 맛있어서 둘이서 그자리에서 다 먹고 이번에도 그럴까봐 아예 미니사이즈로 샀어요. 망고가 엄청 달고 맛있어요. 망고에 생크림찍어먹는거같아요. 진짜진짜 너무 맛있어요. 겨울에 딸기하면 딸기도 예약하고 포장해갈려구요.,케이크 시트랑 생크림이랑 너무 달지 않아서 맛있었어요! 망고가 달고 생크림이랑 잘 어울렸어요 다음번에 딸기 시즌 때는 딸기맛도 먹어보려고요🫶🏻,아니 너무 맛있어요 유튜버가 먹는거 보고 진짜 먹고 싶어서 특별한 날도ㅠ아닌데 예약하고 픽업해왔는데 진짜 살살 녹는다는 말이 이 망고케잌을 두고 하는 말이네요 진짜 맛있어요 아이들도ㅠ너무 잘먹고 정말 또 먹고싶네요,12:30 픽업 예약 했는데 거의 오픈 시간에 맞춰 갔눈데 픽업이 가능 했어용 엄마 생신이라 좀 특별 한걸로 해드리고  싶어서 주문 했는데 너무 너무 만족 스러워요 고급 스럽고 ㅠㅠ 망고 우유 도 할까그랬어용 ㅠㅠ 담에는 크리스마 스 주간엔 딸기케이크랑 딸기우유 구매 하려고용 번창하세용 🩷,"사장님,,,사실 비쥬얼만 예쁜 인스타 맛집 같을 거라고 생각했지만,, 그래도 비쥬얼에 끌려서 속는셈 치고 한 번 먹어 보자 하고 샀는데요ㅠㅠ 증말,,,,,,진짜 그렇게 생각한 제가 너무 어리석었네요... 정말 너무너무 맛있고, 저희 부모님 이 진짜 단거 입에도 안 대시고 당연히 케이크도 안 좋아하시는데 부모님께서 진짜 너무 좋아하시고 맛있다...",너무너무너무너무 맛있어요!!!! 망고케이크가 너무 먹고 싶었는데 11월이라 가능할까? 싶었는데 검색하다 발견했어 용 철이 지나 맛있을까 걱정도 조금 있었는데 걱정이 무색할만큼 맛있었습니다!! 살짝 시큼한 망고도 조금 있기는 했 는데 대체적으로 다 상태도 좋았고 시트도 촉촉했어요 크림도 입에 남지 않고 많이 달지 않아 딱 좋았습니다 ...,망고가 가득들었어요!! 재구매인데 역시 맛있어요!!,망고 케이크는 언제나 💛💛💛💛,"기념일이 있다면 매번 찾게되는 최애 망고케익!! 생크림이 하나도 안느끼하고 신선한 망고는 듬뿍 들어가있어서 정 말 맛있어요ㅠㅠ 한번도 안먹어본 사람은 있어도, 한번 만 먹어본 사람을 없을듯한! 한번 맛보면 무조건 단골되는 생크림 케이꾸 맛집입니당🧡🧡 무조건 꼭 한번은 드셔보시길 추천드려용 (다만 케익 픽업은 미리 예약하셔...","토핑망고가 정말 너무 셔요 ㅠㅠ 갈변때문에 작업하신거 같은데 , 진짜 너무 심 ㅠㅠ 레몬즙인지,,,, 같이먹은 지인  두명도 다 같은얘기해요,,, 아쉬워요, 케익자체는 너무 맛있어요, 담달에 딸기 나옴 또 사러갈게요~",절대 비싼가격아니고 너무 맛잇어요 완점 망고철은 아니라그런지 신것두 섞여있었는데 ㅠ 그래도 맛있엇어요 빵자체도 엄청 맛도리 ㅠ,"원래 망고를 엄청 좋아하는 편은 아닌데 이상하게 며칠전부터 망고케이크가 너무 먹고 싶어서...당일 예약 풀리는 거 기다렸다가 예약했어요ㅎㅎ🌝 샀던 당일엔 못 먹고 냉장고에 넣어놨다가 다음날에 먹었는데 크림이 하나도 안 느 끼하고, 망고랑도 너무너무 잘 어울렸어요ㅠㅠ 케이크 시트도 촉촉하고 부드러워요🥺👍🏻 보시는 것처럼 케...",진짜 못먹었으면 큰일 났을뻔 했어요. 너무 맛있어요! 내년에 또 먹는날을 기다리며,제 시간에 가지 않았는데 친절하게 맞아주셔서 정말 감사했어요! 안에도 망고가 가득하고 크림도 망고도 정말 맛있네요 아기들도 좋아해서 다같이 먹었어요,주문할때마다 늘 만족스러웠는데 이번엔 망고가 덜익은건지 시고 떫었어요. 사진 가운데 짙어보이는 몇개를 제외한 케이크 상단에 토핑된 망고 전부가 그랬습니다. 다행스럽게도 안쪽에 들어간 망고는 괜찮았어요. 망고시즌 끝나기전에 한두번 더 사러갈건데 그때는 망고 잘 익은거 받고싶어요.,"단걸 별로 안좋아하는데, 여기는 크림이나 빵이 많이 달지 않고 과일 본연의 망고맛이 잘 느껴져 좋았어요.",생각보다 달진 않았지만 맛있었어요!,맛있게 잘먹었습니다~^^ 망고가 예쁘게 잘 썰어져있고 양이 많았어요~ 딸이 좋아했어요~^^,망고를 먹는 건지 케이크를 먹는건지.. 너무 맛있음🎂🧡,미니로해서 아쉽긴하지만 맛있게잘먹었습니다~,쭤럿  먹고싶다요요요,망고 케이크 달지않고 맛있어요,부모님 생신이여서 몇년전부터 유명한 망고케이크를 사드리고 싶어서 오늘 드디어 사서 같이 먹었는데…이번에 사온 케이크가 너무 맛있다고 여기서 자주 사먹자고 하시네요ㅠㅠ 너무너무 잘먹었습니다!,시트랑 크림이랑 망고랑 딱 적정해서 느끼하거나 물리지않아요.  나눠먹은 사람들 모두 맛있다고 좋아했어요.  응대하시는 직원분더 참 친절하세요,망고가 가득가득 들어 있는데 얼린 것 같거나 뻣뻣하지 않고 너무 부드럽게 녹아들어서 깜짝 놀랐어요. 망고가 달달 해서 크림이 달았으면 부담스러웠을 텐데 무겁고 느끼하지 않은 딱 적당히 어울리는 맛이라 아주 만족스럽게 먹었 습니다! 보통 이렇게 과일이 많이 들어간 케이크는 시트가 푸석하고 맛이 없는 경우가 많은데 역시... 너무 부...,"망고가 가득하고, 너무 달지 않아 가족행사때 주저없이 구매해요. 좀 비싸다고 생각하다가도 사진처럼 속까지 가득한 망고를 먹을 땐 아깝지 않아요.",언니랑 디저트 여행을 했는게 여기 꼭 먹어보자하고 당일 예약했어요. 미니였는데 생각보다 되게 묵직해요. 언니랑 저 둘다 케이크는 느끼해서 많이 못먹는편인데 이거 미니지만 배부른상태에서 한판 다 먹었어요. 진짜 망고 그득그 득 들어있고요 진짜 줠라 맛있어요,당일예약도 가능하고 미니사이즈도 충분히 커서 좋아요!,너무 맛있는 망고케이크였어요. 위에는 좀 얇게 썰린 망고인데 비주얼 담당용이고 밑에(안쪽까지) 묵직하게 망고 조각들이 들어 있어요. 모양내기용 과일데코로 크림과 빵만 퍼먹게 되는 케이크가 아닌 이름 그 자체의 망고생크림케이크를 먹을 수 있어 좋았습니다! 케이크 큰 사이즈 혼자서도 처리 가능할듯.. 저는 또 사먹을거 같아요🧡,1호인데 양 진짜 많아요! 망고도 진짜 많이 들어가있어요. 그리고 진짜 30분 얼먹해야 더 맛있을 것 같아요. 잘 먹었습니다:),"입짧은 햇님님이 늘 맛있게 드셔서 궁금했는데, 엄마 생일을 맞아 드디어 구매해봤어요!! 가족들 반응이 다 너무 좋 았어요❤️ 망고가 찐 망고라며, 알차게 단면까지 듬뿍 들어가있어요💛 처음이라 미니 구매했지만, 다음번엔 무조건 큰거로 구매할꺼에요! 직원분도 넘 친절하시고, 순서대로 계산도 착착 별로 기다리지 않고 빨랐습니당! 번창...",맛은 말해뭐해고.. 들었을때 이 묵직함ㅠㅠ 친구 생일이여서 미리 예약하고 방문 쇼케이스사이로 신분증이 빠졌는 데 직원분께서 바닥에 엎드려서 찾아주시고ㅠㅠㅠ죄송해요..😢😢😢😢 결국 못 찾았는데 찾게되면 연락주신다고 ㅠㅠ 하.. 진짜ㅠㅠ죄송해요,"예약하고 픽업했어요~^^ 특별한날 선물하기 좋아요!! 케익 비싸다고 생각했는데,생각보다 망고가 많이 들어있어서 가격도 알맞은것 같아요~ㅎㅎㅎ 엄청 달줄 알았는데 크림이 느끼하지않고 부드럽고 촉촉해요. 먹어봤던 망고케익 중 최고예요!! 곧 망고케익 없고 딸기케익 시즌 돌아오는데 딸기케익도 먹어보고 싶네요!!🤗 망고는 내년에 ...",생일이어서 예약하고 바로 겟 픽업만 가능하게 되어 있고(매장이용불가) 사이즈 두개 중 하나 케이크 자태부터 영롱 함 생각보다 달지 않고 전반적으로 부드럽고 맛있음 씹을게 없음 담에 또 구매해야지,소문으로만 듣다가 사먹었는데 너무 맛있게 잘 먹었어요 생망고 듬뿍 좋아요,망고 시즌이 거의 끝나가서 간만에 주문했어요. 망고가 많이 들어 있어서 묵직하고 양도 많아요. 미니 사이즈 사도  서너명 같이 먹으면 딱 좋네요. 하루 지나고 먹으니 더 맛있는 것 같구요. 딸기 시즌 되면 딸기도 꼭 먹어보려구요,"지인이 너무 맛있다고 추천해주고 저도 찾아봤는데 평이 너무 좋아서 추운날 사러갔어요. 설명도 잘해주시고 비주 얼도 너무 예쁘고 기대했는데 크림이 입안이 코팅된것처럼 미끌거리게 남더라고요...솔직히 여기 케익이 아니더라 도 한, 두번 먹어본것도 아니고 이런적은 처음이라 조금 당황스럽네요. 문의드리니 설명은 해주시는데...딱히....",망고케이크 기대하고 갔는데 !! 아니나 다를까 너무 맛잇엇습니다 크림도 빵도 촉촉 하니 너무 부드럽고 망고도 달 달하니 맛잇엇어요 가격이 아깝지 않는 맛이에여~ 겨울 딸기케이크 먹어보고 싶어서 담달에 한번더 예약 할생각입 니다,기대를 안고 한시간을 가서 만난 망고케익 생각보다는 작았지만 4가족이 아쉽지않게 나누어먹을 수 있었어요 망고는 풍성하게 먹었는데 빵은 단맛빠진 카스테라맛..뭔가 심심하고 담백한 느낌...망고 와 빵이 좀 각각인듯 어우러지지는 않아 아쉬웠어요,친구 생일을 맞이해서 주문해서 애지중지 하면서 먼길을 들고 갔어요. 친구가 너무 좋아 했어요. 비쥬얼을 감탄하면서 먹었습니다.,정말 맛있었어요 망고도 엄청 많이 들어가는데 망고가 달달해서 정말 계속 먹게 되네요.. 케이크 겉에도 망고가 잔뜩인데 안에도 잔뜩 들어있어서 망고를 정말 좋아하느 입장에서 이 케이크는 정말 천사같은 케이크입니다.. 맛있게 잘 먹었습니다,"할머니 생신이셔서 특별한 케이크를 준비하고 싶었어요. 망고케이크 1호 사서 5명 가족들과 잘 나눠먹었습니다. 망 고와 생크림 모두 신선하고 맛있었어요. 과일이 아주 듬뿍 들어있었고, 값어치를 한다는 생각이 들었습니다. 또 일반 적인 디저트 케이크보다 훨씬 덜 달아서 어른들이 특히 좋아하셨어요. 제 입맛에는 조금 더 달았으면 좋았을 ...",인생 망고케이크에요!! 여기 알기전에 다른 곳 망고케이크 사먹었을때는 보기만 예쁘고 망고맛이 밍밍해서 별로였 는데 여긴 카스테라 시트도 부드럽고 생크림은 달지않고 너무너무 맛있고요! 무엇보다 망고맛이 진짜 최고에요~~좋 은 과일로 듬뿍 넣어서 정성스럽게 만드신게 느껴져요. 매장 외부가 눈에 확 띄게 예쁜데다 실내도 엄청 깔끔...,망고가 위에만 있는게 아니라 속까지 가득 있어서 너무 행복했고 너무 맛있게 먹었어요 ~~!,저번에 딸기케이크 넘 맛있어서 망고케이크도 깊은 신뢰감을 갖고 1호 두개나 구매해버렸어요!! 하나는 제거 하나는 선물용✌️ 비주얼도 대박이고 역시 존맛탱이네요🤤 선물 받은 분들도 넘 맛있다고 했고 전 망고를 별로 안좋아하 는데도 한조각 넘게 순삭했어요!👍 망고 좋아하시는 분들은 필수 코스입니다❗️,연남점에서 두번째 구매했습니다! 우유맛 진한 크림이 너무맛있고 망고도 달달하고~ 전체적으로 부드럽고 깔끔하게 먹기좋아요. 망고를 별로 좋아하지않는데 포망고케익은 진짜 순삭입니다 ㅜㅜ 가족들 모두 맛있게 먹어서 제가 더 기분좋았어요 ! 담에 또 이용할게요~!!,망고가 많아서 물리지 않고 너무 맛있어요 생크림도 느끼하지 않아서 부모님도 너무 좋아하셨어요ㅎㅎ 강추입니다👍,잘 익은 망고가 잔뜩 들어가 있어서 정말 맛있어요,임신했는데 망고케이크가 너무 땡겨서 한시간 반 거리 픽업하러 갔어요 그럴만한 가치가 있습니다!!!미니랑 1호랑 사이즈 차이는 크게 나지 않는 것 같고 다음 딸기시즌이 되면 딸기케이크를 먹어보고 싶어요 안에까지 듬뿍 들어간 망고를 보니 가격이 조금 이해가 가지만 조금 비싸감은 있어요ㅜ 그래도 존맛,망고가 진짜 많이 들어있어요! 선물용으로 강추!,망고케익에 망고가 많이들어있어요 가족들이 좋아해서 특별한날이 아닐때도 가끔 먹습니다 딸기케익은 안먹어봤는 데 계절바뀌면 먹어보고싶네요,친구 생일케이크로 주문햇는데 날씨탓에 차갑게 못먹엇는데도 너무 맛있었어요. 예전부터 알던 매장이지만  이번이 첫 주문이엇는데 딸기철에 딸기케이크도 꼭 주문해야겠어요. 친구가 너무 좋아해서 기분이 좋았어요👍🫶,미니 구매했는데도 망고 양도 엄청 많고 묵직했어요 앞으로는 여기서만 망고케이크 주문하려고요 크림도 하나도 안 느끼하고 맛있었어요,진짜 맛있어요! 갑자기 망고케이크 먹고싶어서 달려갔는데 역시 굿👍,망고가 진짜 달고 맛있어요ㅠㅠ 생신파티였는데 다들 케이크 맛있다고 칭찬을 엄청 하셨어요~~ 망고도 생각보다 많아서 놀랬고 달달한 망고였어요ᰔ,"가성비 맛 모두 좋아요! 망고가 후숙도 잘되었고, 아주 넉넉하게 들어가 있어서 맛있게 먹었어요.:)",안달달한 케익이에요! 특별하긴하지만 엄청 맛있거나 하진 않았어유~ ㅜㅜ,"입에서 살살녹고, 망고가 엄청많이 들었는데도 엄청 달지않고 정말 혼자서 1케이크 할 정도로 맛있게 먹었어요",가족 모두 맛있게 잘 먹었습니다,1호 망고 픽업 하였습니다 진짜 망고가 가득 들었는데 케이크랑 잘 어울리고 딱 깔끔하고 재료의 단 맛이 잘 살아 있어서 너무 맛있어요,와 가격이 하나도 안아깝게 느껴지는 케이크였어요 가족도 다 만족!! 느끼하지않고 담백하니 망고 그잡채 굳굳,빵도 부드럽고 망고도 빵과 조화가 너무 잘되요 넘 많이 달았으면 금방 물릴수도있을텐데 적정부드러움과 단정도가 너무 잘어울렸어요 ^^남자친두도 넘 맛있어했어요 <<,망고케이크..? 아니요. 이건 그냥 망고에요. 부드러운 망고랑 부드럽고 촉촉한 시트가 입안에서 그냥 녹아요. 망고가 진짜 푸짐해서 남녀노소 다 좋아할것같아요. 케이크 많이 먹으면 달고 물려서 못먹겠는데 여기 케이크는 달지 않고  과일이 많이 들어있어서 디저트로 먹기 딱 좋았어요. 추천!!,"진짜진짜 맛있는 케이크예요!!! 일단 한국에서 먹어본 망고 중에 최고이고!! 케이크시트 부드럽고, 크림도 대박!!! 단 골예약입니다^^",생일케이크로 딱이었어요! 망고 그자체인 망고케이크 너무 맛있었어요🥹 밖에 오래 들고 다니다가 먹어서 차갑게 못먹었는데도 맛있더라구요💛 다음에는 차갑게도 먹어봐야되니까 또 주문할거에요!!,특별한 날 특별한 케이크💛💛💛⭐️⭐️,맛있습니다! 들고 갈 때 무거운 이유가 있었음 망고 엄청 많고 달아요,정말 망고망고한 케익이예요 너무 맛있어요,되게 맛있어요 가족들도 맛나다ㅐ여,엄마 생일케이크로 예약했는데 너무 맛있게 잘먹었어요!!!생망고라니💛진짜 망고가 아낌없이 들어있더라구요!!!! 다음에 딸기 케이크도 꼭 먹어보려구요!!!!노랑노랑해서 사진도 엄청 예쁘게 잘나왔어요!!!!,"일단 케이크 비주얼이며 맛이며 .. 최고입니다! 중간에도 망고가 그득그득 들어있어서 진짜 맛있게 먹었어요☺️ 다음 에는 딸기 도전 ㄱㄱ 예약, 픽업 전문매장이라서 협소했지만 빠르게 픽업하기 매우 좋았고 외관도 예뻤어요 ㅎㅎ 그 리고 예약 시간상관없이 예약날 아무시간대나 픽업할수 있는게 정말 좋았습니다!",언니 생일 선물로 주문해봤는데 언니가 너무 좋아했어요. 망고가 가득해서 무겁지만 알차서 가격대비 좋은거 같아요,몇번 사먹었는데 이번엔 망고에 줄기? 있고 별로였어요...빼내고먹기싫어서 망고 버림... 망고 당도도 낮아요. 재구매의사없습니다.,남자친구의 생일때 꼭 망고케익을 맛보여주고 싶었어요!! 단거 안먹고 생크림도 잘 안먹는 남자친구인데 스트로베 리32 망고케익을 먹어보더니 크림도 맛잇고 시트도 부드럽고 망고가 가득있어서 너무 맛있다고 좋아했어요💛💛  딸기케익도 맛있을거 같다며 딸기시즌에 딸기케익 먹어보자고 하더라구요!! 성공적인 생일케익이였어요!😚💛,너무 맛있어요 과일도 한가득 들어있습니다,망고케이크 진짜 정말 너무너무 맛있어요!!! 생크림도 동물성이어서 느끼함 전혀 없고 케이크가 과일자체의 달달함  정도여서 더 맛있는거같아요! :) 딸기철에 딸기케이크사러 갈꺼에요!,기념일 케이크로도 좋습니다 미니 사이즈도 있어 먹기에 부담 없어요!,여기 홀케이크 먹고 너무 맛있어서 다음날 미니케이크로 하나 사가요~ ㅎㅎ 진짜 맛있어서 엄청 퍼먹은거같아요,딸기케잌이 먹고싶었는데 딸기철이 아니라 아쉽게 망고케잌으로 사봤어요.. 근데 완전 만족.. 망고 60 크림 30 빵 10의 비율 실홥니까.. 엄마도 저도 엄청 맛있게 먹었어요!! 망고철 끝나기 전에 한번 더 먹고 딸기도 뿌시려고요..,첨 먹어보는데 넘 맛있어요 계속먹고싶은맛~~,"케이크가 너무 맛있어서 순삭이었어요👍 망고가 많고 크림,빵이 부드러워서 먹기 편했어요😍",굉장히 굉장하네요!! 엄청 맛있어요^^ 우와~~~,딸기만 주기적으로 먹다가 망고는 처음 먹어봤는대 망고도 맛있네요!!,엄청 맛잇어요!! 근데 빵이 엄청 맛잇는데 너무 없어서 빵만 사다가 먹고싶어요ㅠㅠ겨울엔 딸케도 사먹었었는데 갠적으로 딸케가 더 맛잇어요ㅎㅎ올 겨울에 또 사먹어야징ㅎㅎ,예쁘고 맛있고 다하는 망고케이크💛 망고러버 아이들이 엄청 잘 먹네요😋,덕분에 즐거운 생일 보냈습니다. 언제 먹어도 역시 맛있네요~^^,"둘이서 다 먹을 수 있을까 고민하다 미니 주문했는데 정말이지 2023년도 가장 쓸데없는 고민이었어요... 심지어 음 료 없이도 먹겠더라고요. 일단 망고 하시는 동안 몇 번 더 먹고, 겨울에 딸기 시작되면 또 먹으려고 벌써부터 드릉드 릉하고 있어요. 망고 좋아하시면 절대 후회없음... 하...",다음 망고케이크 시즌을 기대해요.,망고가 셔요ㅠ 기대와는 달랐어요.,와 이번건 망고가 너무 시큼..ㅠㅠ 이번 케익은 실패!!ㅠ,일단 픽업갔을때 매장이 완전 청결 그리고 망고향이 가득!!! 그리고 너무 친절하셨어요 케익이 은근히 무직하더라구 요 생일케익으로 예약하고 픽업했는데 생일자가 집가서 먹어보니 케익 너무 맛있고 짤라보니 안에 망고가 완전 가 득하다고 이런 케익 처음이라며 너무너무너무 좋아했어요 ㅠㅠ 이거 케익해주고 싶었는데 해주고나서 저도 ...,망고케익 넘 달지않고 정말맛있어요,남자친구 생일케익으로 구매했어요~ 너무 맛있었다고 해서 저도 기분 좋았네요~ 다음번에도 또 구매하겠습니다😊,너무나 맛있는 망고케잌맛집 ㅎㅎㅎ  오랜만에 왔어요!! ㅎㅎㅎ언니생일이라 왔어요 가족들 생일이 다 겨울이라 이제 시작입니다!🙈,크림이 많이 달지 않고 잘익은 망고가 아주 많이 들어가 맛있게 잘 먹었어요,맛있엇어요 망고에 심지가 들어있긴 했지만 그래도 맛있어요,망고가 달달해서 좋았어요 :) 다만 위에 올라간 망고는 조금 셨어요 그래도 케이크 시트 자체가 너무 맛있어서 재구 매할 것 같아요 😀,너모너모 맛있어요❗️❗️❗️😢 어버이날 기념이라 샀는데 왜 이제야 사먹었는지 매달 사먹었어야 했는데... 5월 15 일이 마지막인데... 앞으로 딸기케이크는 여기서만 사먹을 것입니다. 비주얼도 미쳤어요💦 가족들도 너무 맛있다고  난리 났고 망고도 사먹어야 한다네요🤭 미니사이즈 사서 혼자 처묵하고 싶다...🤤,"과일 듬뿍 들어있고 빵, 크림 부담스럽지 않고 다 가볍게 쑥쑥 넘어가는 맛!! 남친 생일로 샀는데 과일 킬러 남친 맛있다며 1인 1판 ㅋㅋ 두명이서 먹을거면 미니사이즈도 충분!",진짜 맛있었습니다!! 인생 케이크!,동생 생일에 했는데 맛잇어여 추천합니다,케익은 말모~ 스트로베리32죠~^^
베베베 신촌점,1476308702.0,"넘 예뻐서 홀린듯이 들어간 카페 프레첼, 베이글이 진짜 다양 🥨🥯 탕후루 프레첼이 넘 궁금했으나 넘 짜고 단거 잘 못먹어서 건강해보이는 아몬드 크림치즈 프레첼이랑 에브리띵 베이글을 골랐는데 대성공!! 아크프는 건강하고 적 당히 달달~ 고소했고, 에베는 귀리랑 깨 등 건강한 곡물이 붙어있어서 뭐 안발라도 맛있었다. 다이어트할때 ...",현대적인 감각의 넓은 인테리어도 마음에 들지만 무엇보다 시그니처가 아닌 플레인 계열을 선택했는데도 온전히 느껴지는 쫄깃한 식감은 그 자체로 감동이었습니다. 커피도 맛났고... 글로우서울의 공간은 역시 믿고 갑니다. 잘 먹었습니다! :),이건 뭔가요? 무화과크림치즈 프레츨 먹는 순간 지나갈 때마다 그겠는데? 했음 백화점 쪽 가다가 지난번 보고 저긴 꼭 가야지! 신촌에 생기다니.. 6시 지나서 가서 빵 종류가 다 있지 않았지만 있는 것 중에 나름 기본빵 위주로 골라봄( 플레인 오리지널 위주로 일단 먹어보는 1인) 프레첼도 베이글도 다 괜찮음 유명한 런x xxx보다 조직감은 조금...,신촌에도 생긴 용산 유명카페 베베베. 다양한 베이글과 프레첼이 컨베이어벨트를 따라 돌아가는 모습이 인상적이었 던 곳이었어요 공간은 2층부터 4층까지 큼지막했고 대형테이블과 4인 테이블이 놓여져있어 쾌적하게 머무르기 좋 습니다😊 시그니처는 프레첼에 설탕물을 입힌 탕후루가 있어 독특했던 것 같아요 설탕코팅이 두꺼운 부분은...,층도 많고 음식도 다양하고 특색있는 메뉴들이 많습니다. 자리가 엄청 많은 편은 아니지만 그만큼 테이블 간격이 꽤나 있어 그점이 오히려 맘에 듭니다,"신촌에 새로 생긴 베이글 프레첼 맛집 카페입니다. 매장이 엄청 크고 감각적으로 예뻐서 구경하는 재미가 있습니다. ✨ 무엇보다 빵순이 취향저격하는 맛있는 베이글이랑 프레첼 종류가 많더라구요🥰 탕후루 프레첼같은 신기한 메 뉴도 있어서 재밌는 공간이에요!! 🥯 로겐베이글+크림치즈랑 🥨 무화과월넛크림치즈 프레첼 먹어보았는데, ...",맛있는 빵 한가득에 인테리어 분위기도 너무 좋아요! 프레첼이 이렇게 다양한 종류가 있을 수 있나 처음 알게되었어요! 총 4층이라 좌석도 많고 층별로 분위기도 달라서 좋아요!,왕 신기한 탕후루 프레첼.. 단짠단짠에 극치! 존맛,회사 근처에 아주 멋진 카페가 생겼어요! 가격도 나름 괜찮고 맛도 있는 곳이에요. 가끔 점심에 빵 땡길때 들릴거에 요. 매장 컨셉이랑 분위기도 좋아서 직원들이랑 다 같이 한번 가야겠어요!,친구랑 같이 오랜만에 신촌 백화점 왔다가 들렸어요 💜 신촌카페 중에 이런 분위기는 처음이에용 그리고 시금치바 질베이글이 정말정말정말 맛있어요 ㅠㅠ 🥹🥹☺️ 감동적이었어요 글구 대형카페라서 친구랑 앉아서 수다떨기도  넘 좋았어용 😍😍 재방문 의사 10000% 입니당 담엔 탕후루 프레젤 먹어볼거에용,지나가다가 크리스마스 트리를 보고 홀린듯이 들어왔는데 맛집이네요 무화과 프레첼 너무 맛있고 음료도 맛있어용 다음에는 베이글 먹어보고싶어요,매장이 넓어서 너무 좋아요 2-4층까지 앉을 자리가 많고요 독일식 베이글과 프레첼 달달한것부터 짭조름한 빵들까지 다양하더라고요 ㅎㅎ 탕후루 프레첼 넘나 영롱.. 맛이 궁금!,"화덕에서 구운 쫄깃한 식감의 베이글👏🏻 시그니처메뉴 탕후루프레첼, 극강의 단짠조합이라 너무 제 입맛에 딱 이더 라구요💖 매장은 4층까지 있어서 더욱 좋았어요!! 프레츨 가격도 가성비 좋아서 자주 방문할것같아요!🥹",새로 생긴 곳인지 눈에 띄어서 방문했어요. 빵이 좀 식었어도 쫄깃하고 맛나네여 프레첼은 크림치즈 꼭 같이 먹는 걸 추천드립니다,매장이 넓고 분위기가 좋아요. 빵종류도 많아서 좋아요. 빵 덮개가 있으면 더 좋을 거 같아요,"매장 인테리어 힙하면서 베이글이랑 프레첼도 존맛..,둘 다 쫄깃 식감이고 종류 많아서 좋음 금귤망고 크림치즈 진차 최고...",베이글 프레츨 종류도 다양하고 같이 마시는 음료도 맛있게먹었습니당 일단 앉을자리도 4층까지 많아서 너무 좋구요 인테리어도 완전 힙힙!,테이크아웃이라 1층만 봤는데 답답하지도않고 상품도 예쁘게 진열되어있어서 너무 예쁘네오 한남동에서 맛있게먹 었어서 생기자마자ㅜ왔습미나! 직원분도 친절하시고 자주 올거같아요!!,다양한 프레첼이 있어서 골라먹기 좋아요. 가장 기본적인 메뉴를 골라서 먹었는데...... 빵이 너무 퍽퍽해요. ㅠㅠㅠ 딱딱해서 먹기 힘들었어요.,2층은 나만 알고싶은 새로생긴 카공스팟 🤭 3층은 수다를 위한 층,신촌에 위치한 신상 베이커리 카페 탕후루 프레즐도 정말 맛있어요,신촌 핫한 신상 프레첼 카페 너무 좋아!,탕후루 프레첼이 궁금해서 갔는데 베이글에 반해서 베이글 먹었어요 ㅎㅋㅎㅋㅎ 베이글 너무 쫄깃하고 맛있어요!! 초코라떼도 크림이 특이하고 맛있어서 다른 카페 초코라떼랑 달라서 좋아요 꼭 드셔보세용,베이글 종류도 많고 말랑한 편입니다,"신촌에 새로 생겼다고 해서 기웃기웃 했는데.. 오메나 내인생 베이글 만났어!!!! 하트 백만개 날리고싶은데, 뉴욕 갈 필요가 없음","탕후루프레첼로 유입되고 나서 전메뉴 도장깨기 중 !! 날이 급격히 추워져서 따뜻한 라떼랑 같이 먹었는데 모든 빵종 류 다 너무 맛있고, 편안하게 즐기다 갑니다 ☺️👍👍 +안비밀 사진도 잘나온다는 사실 꼴꼴꼴...","신촌 카페 중에서 빵 제일 맛있는 곳,, 지금이 세번째 방문인데 프레첼 핵맛집입니다...(진지) 고르곤졸라허니 프레첼 강추입니다!","커피 저렴하고 프레첼, 베이글 종류 많아요~!!","레몬딜에이드 개존맛 샌드위치랑 같이 먹으면 천국,,신촌에 베이커리하면 여기임  개존맛 여기 빵 만드는 사람 솜씨가,,b","신촌카페 중 가장 독특한 컨셉을 가진 곳! 후렌치 후라이 모양의 프레즐,,, 너무 신선하고 좋아요!!! 친구들한테도 많이 추천하고 다니는 개성있는 신촌카페입니다!",신촌 카페 자주 가는데 새로 오픈해서 가게되었는데 모던하며 독일 컨셉의 무드와 포인트가 인상적인 카페였어요. 1층 컨베이어 벨트에 빵이 디피되어 있는부분도 특색있어 매력적이었고 무엇보다 다양한 종류의 베이글과 프레첼이 있으며 맛있어요!!,종류별로 먹어봤는데 베이글 전부 맛있고 매장이 4층까지라 좌석 걱정 없이 앉을 수 있겠어요.,인테리어 힙하네요.. 베이글이랑 프레첼 종류 다양하고 아몬드 크림치즈 프레첼이랑 아아 맛나요!,"저번에 친구들이랑 왔다가 한번 더 들렸어요 ! 신촌 베이글 맛집 ㅠㅡㅜ 근데 여기 프레첼도 옴총 맛있는거 모두 알 았으면 좋겠당..🥰🥰 오늘은 집가서 간단히 먹으려구 간식용으로 프레첼 샀는데, 담엔 친구들이랑 같이 점심 무러  오려구용 재방문 의사 10000% 신촌 베이글! 프레젤 맛집!! 😚 베베베","홍대베이커리 최고 베베베 🥯 빵도 먹고싶었는데 이번에는 커피만 마셨는데.. 베베베는 왜 커피도 맛있나요 ?? 💘 홍대베베베 정말 맛있고, 인테리어도 좋으니 꼭 방문해보세요~!~!✨","신촌 빵지순례 필수코스❤️ 흔하지 않은 프레첼 메뉴 찾아 신촌까지 왔습니다. 존맛탱 베이글, 프레첼 뭐하나 안빠 지고 메뉴가 너무 맛있는데 저렴한 가격까지 안성맞춤입니다,,, 재방문의사 10000%👍👍 다음엔 포장 테이크아웃  잔뜩 해가려구요!","신촌에 방문 했다가 우연하게 방문한 베베베 ! 신촌카페 중에 최고인거 같아요 👍🏻✨👍🏻 베이글도 촉촉하고~ 다양한 메뉴로 여러가지 베이글을 먹을 수 있어서 만족해요 !! 아메리카노, 음료도 편하게 마실 수 있었어요☕️ 재방문 의사 💯",요즘 주말마다 빵집 투어 중인데 신촌 빵지순례로 베베베 가따와써용 분위기 넘 조쿠 베이글 개존맛입니다.. 직원분들도 넘 친절하시구 아주 굿뜨 다른 지역에도 베베베 있는 거 같던뎅 또 방문하고시퍼요~~!! 굿굿!!,"신촌 베이글 맛집 !!!! 베베베 🥨🥨 몇번이나 재방문 하는 베이글 맛집이예요.. 뭔가 다른 베이글매장들 보다 더 쫀뜩쫠깃한 느낌이예요 🫢 스모크페퍼 프레첼 특이하고, 맛있게 먹었어요 ! 항상 주문 하는 메뉴 입니다 ! 신촌가면 항상 방문 하니 다른 분들도 방문해보세요 !! 👍🏻✨",두번째방문이에요. 맛있어서 또 갔는데 역시 신촌맛집••• 베이커리뿐만 아니라 커피도 맛있어요. 너무 유명해지기 전에 더 자주가야겠어요!,맛있어요 베이글맛집,신촌에서 잠깐 시간 비어서 또 간 베베베!! 제 또간집임당~~ 저녁 약속 있어서 빵은 못 먹어서 넘 아숩.... 신촌 베이커리로 요즘 인스타에 뜨던데 나만 알고싶어요.......... 암튼 최고오~~,신촌에서 맨날 투썸이랑 스벅만 가다가 오랜만에 새로운 카페...! 프레즐로 간단하게 요기도 할 겸 노트북 들고 다녀왔는데 너무 좋았습니다!,베베베 매장이 제가 사는 동네에서 멀어서 자주 가기 어려웠는데 신촌에도 배베베가 생겨서 바로 방문했습니다.  신촌에 맛집 베이커리 카페 찾으시면 베베베 가셔도 후회 없을 거 같긴해용 ㅋㅋㅋ,프레첼은 처음 먹어보는데 쫄깃하고 모양도 너무 이쁜거 같아요!,맛있어요 매장이 이뻐요,#신촌#카페 신촌에 이런 카페가 매일가도 행복할듯,이제 신촌 카페 어디갈지 걱정 안해요. 빵 종류도 많고 음료도 맛나고 건물 전체라 편하게 있다가 갈 수 있어서 좋아요.,"신촌에 새로 생긴 프레즐 & 베이글 베이커리 카페! 프레즐 식감이 쫄깃하고 맛있네요, 인테리어도 힙하고 이뻐요.",신촌카페중 가장 넓고 쾌적해요 🙃🥰🙃🥰🥰🥰,베이글 맛집이네요😌 기본베이글이 진짜 맛있어요 최고💯,신촌 베이글 하면 베베베..!!!! 개존맛탱,"신촌에 다양한 베이커리 카페가 많지만, 이렇게 특색있는 베이커리 카페는 처음이에용❤️❤️❤️자주 이용할래요","신촌에 데이트하러 왔는데, 신상 카페가 생겨서 가봤습니다. 베이글 전문 카페라니 너무 맛있네요. 메뉴도 엄청 다양하고 특이하게 컨베이어 벨트에 빵이 진열되어 있습니다.","신촌 카페는 여기만 가는듯  식사, 디저트 다 해결 가능한 곳!",신상 신촌카페 베베베 ! 이태원에도 있는데 2호점인듯 ? 근데 컨셉이 두개가 아예 다름 !! 여긴 좀 더 모던한 바이브 인듯 ㅎㅎ 젤 맛있어 보이는 빵두개 겟겟,"신촌 카페 베이글/프레젤 파는 곳 잘 없는데, 인근에서 빵 땡길 때 가기 너무 좋죠! 커피도 맛있으니 친구들이랑 잠깐 들려 수다떨기에도 좋답니다 :)","신촌 프레첼 맛집 바로 여기예요 여러분 !!!!! 너무너무 맛있고 프레첼 샌드위치는 처음 먹어봤는데 매일 생각나는 맛,, 진짜 맨날 사러갈게요 딱 기다리세요 호호",신촌에 프레첼 맛집 생겼다구 해서 빵지순례 다녀왔어요! 매장 진짜 너무 너무 이쁘구 베이글이랑 프레첼 다 왕왕넘존맛이에요!!! 가격대도 저렴하고 재방문 할겁니당 ㅎ,커피도 맛있고 프레첼도 진짜 너무 맛있어요. 크림치즈도 꾸덕하고 전혀 느끼하지 않아요. 미친 존맛 신촌데이트 할려면 여기로 오세요. 분위기도 미쳤어요.,신촌에도 베이글사먹을집이 생겨서 좋네요! 공간도 넓어서 친구들 다같이오기도 좋을것같아요. 프레첼도 맛있어서 포장추천!,신촌을 걷다가 아무생각없이 들어간 까페인데 생각보다 맛있고 잘 되어 있어서 놀랐습니다. 오픈한지 얼마 안된곳 같은데 신촌카페 치고는 퀄리티가 높더라고요. 자주 방문하겠습니다,일찍가서 빵은 많이없었지만 아쉬운데로 있는 베이글 먹었습니다 나온지 얼마안되서 그런지 맛있었어요 남자직원분 너무 친절하고 귀여워요.. 다음엔 탕후루 꼭 먹어보고 싶네요 .,커피도 맛있긴한데 베이커리류가 진짜 맛있어요! 신촌가시는분 추천임당,신촌카페중에 빵에 진심인 카페인듯.. 베이글 프레첼전문인데 모든 메뉴가 먹음직스러움 방문겸 빵하나 포장해갔는 데 모든메뉴 도전욕구 샘솟는 너낌,신촌에 새로 생긴 베베베 매장이 있길래 가봤는데 그냥 새로생긴 빵집인줄만 알았는데 인테리어도 그렇고 빵도 그렇고 특별하고 맛있었어요ㅎ,탕후루프레첼 맛있네용,"벌스데이 프레첼 무엇,, 너무 맛있다,,","신촌에 최애 빵집이 드디어 생겼네요,, 직장이 한남이라 그 쪽 매장으로 자주 갔었는데 집 근처에 생기다니,,, 여기  진짜 맛있어요 신촌카페 자주 자주 가도록 하겠습니가.",프레첼 왜이렇게 맛있죠...? 자꾸 생각나요 커피도 가성비 좋아요 맛있어요,프레첼 맛있는 신촌 카페 없었는데 생겨서 좋아요,"베이글 최애 맛집,,, 한남동에서 한번 맛봤는데 신촌카페에도 생겨서 넘 좋습니",신촌 베이글 너무 맛있어요 빵지순례하기에 너무 좋고 특히 인테리어가 너무 이뻐서 와이프가 좋아했어요,신촌 카페 에서 제일 넓고 쾌적해서 좋아요 빵도 맛있고 빵때문에 다시 재방문했어요! 빵지순례👍,친구랑 오랜만에 만나서 빵지순례 하러 왔다갑니당!!! 프레첼이 너무 맛있어서 기분좋았어요!,신촌 카페 중 원픽! 분위기도 독일식 느낌의 유럽에 온 듯한 느낌과 대화하기 좋은 곳! 재방문의사 확실합니다.,맛있습니다,신촌카페중 분위기는 탑일듯 빵도맛있고 너무좋아요,신촌에 이런 프레첼이 너무 너무 마시떠요 ㅋㅋ 카페분위기도 쨩쨩,베이글 맛있어오,베이글 맛있어요,"신촌 카페에 진짜 괜찮은곳 찾았네요ㅎ 빵도 넘 맛있고, 분위기 깡패예요",프레첼 ~~나의 사랑 프레첼  신촌 커피숍 !!! 중에 최고에요,좋아요,좋아요,신촌에 특별하고 색다른 프레첼 베이글 전문 카페가 생겨서 좋네요ㅎㅎ 4층 모두 모던하고 멋진 분위기의 공간에서 편안하게 먹고 마시며 쉬어가기 좋아요~^^,좋아요,넓고 좋아요,맛있어요,굿,신촌에는 역시 베이커리 전문점인 BBB!!! 가도가도 너무 맛있는 베이글 맛집! 솔직히 런던베이글보다 더 맛있게 느 껴지는 소심한발언을 하겠습니다! 맛있습니다!,"신촌 자주 안가는데, 오랜만에 간 신촌! 문득 베이글이 먹고싶었는데 하필!! BBB라는 베이글 전문점이 오픈해서 바 로 달려가서 먹었습니다! 매장 앞에서 문득 든 기분이 신촌 베이커리 전문점이 되겠다라는 생각이 들 정도로 매장도 이쁘게 꾸몄고, 베이커리 냄새도 너무 발길을 이끄는 곳 이었다. 매장 들어가서 무화과프레즐이 눈에 확 들어...","신촌에 갔으면 역시 베베베는 꼭 방문하는 스타일이다! 베이글 뿐만 아니라, 나는 샌드위치도 너무 맛있고, 편히 쉴 수 있는 공간이라 자주가는 편이다. 커피 또한 맛있게 마시고, 즐겁게 즐기다 갑니다. #신촌카페 #신촌BBB #베베베","벌써 두번째 방문입니다💜 오늘도 역시 라떼는 존맛,,,, 이번 가을 메뉴인지 치즈밤 프레첼을 먹어봤는데 짭짤한데  고소하니 너무 맛있습니다,,,, 진심 베이커리에 진심인 곳입니다 신촌역 카페로 왕 추천 드립니다,,,⭐️","🥯🥨신촌 카페🥨🥯 한남동에서 맛있게 먹었던 베이글 맛집인 베베베가 신촌에도 생겼다고 하여 다녀왔습니다. ✅ 시그니처인 탕후루 프레첼 ⭐️⭐️⭐️⭐️⭐️ ✅ 총 4층으로 구성된 넓은 공간 ✅ 사진 찍기 좋은 인테리어 (독일 컨셉) ✅ 비교적 저렴한 음료 가격 (3,800원 ~) ✅ 친절한 직원들 기존 한남점에 없던 프레첼 메뉴들이 신선...",초파리가 무화과프레첼 위에서 정모 중이라 진짜 너무 깜짝 놀랐어요.. 특별한 맛도 아닙니다..,,,,,,,,,,,,,,
슈크렌느,1256673550.0,"와! 망원 신상 카페인데, 타르트 파이 원탑이네요. 와인에 무화과 왕관 파이, 말차에 보늬밤 왕관 파이, 카푸치노를 주문했는데! 버터향 가득 풍미 좋고 각 본연의 재료가 풍부하게 느껴져서 정말 최고였어요~ 이렇게 맛있는 파이가 있군요! 직원분들도 정말 친절하시고 인테리어도 예뻐서 좋았어요. 카푸치노도 디저트랑 잘 어울려서, 전체적...",망원동은 디저트성지가 워낙많아서 디저트투어를 할 정도인데 파이맛집은 못들어봤는데 슈크렌느 진짜맛있어요  바삭파이에 크림이 잔뜩들어있어서 겉바속촉 장난아니에요 가을 지나기전에 보니밤파이는 꼭 드셔보세요🤭,매장이 너무 이뻐요. 디저트가 왕관 파이인데 정말 잘 어울려요. 파이도 종류가 여러개라 고민했는데 딸기초코생크 림이 너무 맛있어보여서 먹었더니 역시 맛있었어요. 다음엔 샤인머스캣도 ㅎㅎ 아메리카노와 카라멜마끼아또와 같 이 먹었는데 아주 맛있었습니다. 매장 분위기 너무 이뿌고 사진도 잘나와요^^,디저트가 넘 유혹적이어서 홀린듯이 들어왔습니다! 딱 디저트 나오는 시간에 와서 갓 나온 딸기에 피스타치오 먹을 수 있었어요ㅎㅎ 다른거 시킬까했는데 사장님이 친절히 금방 나온다구 알려주셨습니당ㅎㅎ 매장두 크리스마스 분위기 나구 넘 조아요!!,"#딸기에피스타치오왕관파이 들어간 재료만해도 호화로운 할리데이 케이크입니다! 통 생딸기, 피스타치오몽떼, 생 딸기퓨레 , 캬라멜 피스타치오, 치즈케잌, 아몬드크림, 페스츄리파이 Let's go~! #밀크티 페스츄리파이에 포근한 밀 크니, 둘이 우정 영원해~! 특히나 오늘은 딸기 파이이기 때문에 더더욱 좋은 조합이에요! 환상의 짝꿍이라고 ...","왕관파이가 너무너무 맛있는 망원동 신상카페! 제가 먹었던 파이 중에 손꼽을 만큼 너무 맛있어요💕 파이가 생각보 다 엄청 크고 든든하더라고요! 특히말차보늬밤에 밤크림과 말차크림, 보늬밤이 잔뜩 들어가 완전 제 취향이었어요 ㅠㅠ🥺🥺 카페 인테리어도 너무 예쁘고 음료도 정성들여 만든듯한 느낌 잔뜩 났어요.👑👑 파이 또 생각날 ...",딸기에 피스타치오 파이 먹었는데 이건 꼭 드셔보셔야되요 세상에 이렇게 맛있는 과일파이는 처음이에요 꼭 드셔야되요 꾸덕아인슈페너라떼는 이름 그대로 꾸덕한 크림이 완전 취저에요 꾸덕 그잡채^^,"슈크렌느 왕관파이 홍차사과파이랑 요거트샤인머스캣파이 그리고 꾸덕 아인슈페너 라떼 아이스 후기 망원동 파이 맛집임!!! 파이가 8천원 대라서 비싸다고 느낄 수 있지만, 막상 크기 보면 엄청 큽니다..!! 다른 곳에선 이 정도 크기면 만원 그냥 넘겨받을듯(디저트 덕후라 다 알짓) 둘 다 맛이 깔끔하고 달달했어요! 연하게 달달하면서 깔끔한 디...",입구부터 분위기 오졌다😆 이런카페 너무 좋아요 깔끔하고 예쁘고 사진 잘 나오는 감성카페에요! 디저트도 예쁜데 맛도 있고 행복한 시간 보냈습니다  번창하세요~!!😄,"제가 먹어본 파이집 중 가장 크림이 가벼웠던 곳! 사실 생크림감성 별로 안좋아하는데 요즘 인스타에 많이 떠서 왔더 니 과장 1도 없이 푸짐하고 적당히 달달하면서 계속 입에 당기는 디저트였어유! 아참, 여기 파이 크림에 러스크 찍 어먹으면 존맛탱인데 홍차에 퐁당퐁당해도 짱.... 그냥 이건 먹어봐야한다능..! >_< 이근방 자주 오는데 사장...",새로 오픈한 곳인데 망원동에 없는 특이한 디자인의 디저트가 있어서 차별화되서 좋았아요 왕관모양의 파이! 안에  크림이 가득한데 향긋하면서 맛있었어요~ 위에 올라간 과일도 신선해서 좋았어요!,"과일 디저트가 땡겨서 찾아간 곳! 그냥 보아도 과일 왕창, 크림 왕창, 파이지 바삭 그자체..🫶🏻 프레쉬하고 달달한 샤인머스캣과 요거트 크림이 잘어울리고, 느끼지하지 않아서 물리지 않더라구요! 또 먹고 싶어요ㅠ 인테리어도 감성있고 예뻐서 좋아용>_<",와 파이가 부드럽고 정말 맛있어요 ❣️❣️❣️ 음료도 물론이고 신상카페라 엄청 깔끔하고 관리가 잘 되어 있더라구 요 사장님도 너무 친절하시고 그릇부터 포크 나이프까지 하나하나 디테일히게 신경쓴 부분이 보여서 너무 좋았어요 ❤️❤️ 저는 사과파이가 제일 맛있었어요 번창하세요~~~><❤️❤️❤️,망원동 파이맛집이에요🤍🤍 파삭한 파이에 딸기와 초코조합이 너무너무 맛있습니다.. 신메뉴 나와서 재방문한건 데 가장 맛있었어요🥺 먹으면서 감격! 혼자먹기엔 크고 둘이 먹기 딱 좋은 사이즈예요! 크리스마스 스페셜로 케이 크만한 사이즈도 출시하시길 바라는 마음입니당🫶🏻🫶🏻 가족들이나 친구들이랑 와인과 함께 나눠 먹고싶은 파...,솔직히 어떻게 찍어도 사진이 너무 잘 나와가지구요❤️ 자연광 맛집이라고 해야할까요? 게다가 파이는 엄청 커요 ㅋㅋㅋ 한 끼 식사대용으로도 충분하더라구요 친구랑 먹고나서 새로운 맛집 찾았다고 담에 또 가자고 수군수군 그러고 나왔어요😊 특히 시즌별로 다른 파이가 나온다고 하는데 어떤 파이가 나올지 두근두근 기대가 됩니다‼️❤️,인테리어도 너무 이쁘고 야외 공간은 내부와 또 다른 느낌으로 저녁에 봐도 너무 이쁠 것 같아요! 왕관파이가 너무 이쁘고 생각보다 커서 선물용으로 준비하기에도 좋아서 포장도 하기 좋더라고요. 혼자 조용히 즐기기에도 좋고 셀카 찍기에도 이쁜 망원동 예쁜카페 또 방문해봐야겠어요.,길가다가 너무 이쁘고 맛있어보이는 카페가 있어서 방문하게 되었는데 카페가 너무 고풍스러워 보이고 파이도 너무 맛있어요. 맛도 맛이지만 사장님도 너무 친절하세요. 사진도 음식처럼 맛집이에요. 사진 못 찍는 편인데 너무 이쁘게 잘 나와요 ㅋㅋ,왕관파이 진짜 맛있었어요~! 말차에 보늬밤 먹었는데 안에 크림이 두 종류 들어있는데 조합이 진짜 좋아요 재료의 맛이 풍부하게 느껴지는 진한 맛이었어요!! 사장님이 매일 파이를 구우시는데 그래서 그런지 크러스트부분이 바삭촉촉한게 신선한 느낌이라 좋았어요~ 추천!!,"망원에서 밥먹고 골목 돌아다니다가 밖에 붙어있는 파이 포스터보고 궁금해서 들어왔는데 직원분도 친절하시고 무엇보다 커피도 파이도 너무 맛있어요🥹 밤 디저트 좋아하는데 말차까지 들어있으니까 최고예요...ㅠㅠㅠ 파이지는 엄청 고소하고 파삭하고, 속은 많이 달지않고 담백달달해서 좋아요.☺️☺️☺️ 근처에 살면 자주 왔을 거 같아요....",테라스공간 진짜 멋지고 사장님 친절하시고 무엇보다도 타르트가 맛있어요!! 타르트 보기도 멋진데 맛도 좋고 보늬밤 무화과 둘다 시즌에 맞는 맛도리 디저트라서 행복한 저녁이었습니당ㅎㅎ,왕관모양파이라니!!! 생각도 못했는데 너뮤 이쁘고 맛있어요👍 이번주에 나온 딸기초코파이 먹었는데 딸기와 초코의 조합이 왼전 대박에요!!! 자몽에이드도 달지않고 자몽맛 완전 찐해서 자몽 좋아하면 강추합니다!!👍👍,"왕관파이가 특이해서 방문해봤는데 왕관모양 타르트 파이였어요! 와인 무화과 파이를 먹었는데 생크림, 와인 무화과절임, 아몬드크림 조화가 잘 맞아서 맛있게 먹었습니다ㅎㅎ 서비스 쿠키도 베이직하게 괜찮은 맛이었어요! 오픈한 지 얼마 안 되신 것 같은데 번창하세요👍👍",귀여운 사과가 올라간 왕관파이 너무 귀여워요❤️ 속에 크림과 사과쨈이 잔득들어서 더울 맛있었어요 원두커피와  함께 꼭 드셔보세요!! 맛있게먹고갑니다 번창하세요❣️,"2번째 방문입니다! 집 근처에 새로 생겨서 오며가며 보다가 방문하게 되었어요. 아시다시피 망원동엔 워낙 디저트파 는곳이 많아서 도장깨기중인데, 왕관모양이 특이해서 궁금하더라구요! 처음 방문했을때는 시그니처인 홍차에 사과 를 먹었구요. 이번에는 시즌메뉴인 말차에 보늬밤을 먹어봤어요. 홍차에 사과는 안에 사과잼이 있고 홍차 크...",친구가 추천해줘서 가봤는데 새로생겨서 일단 깔끔해용ㅎㅎ 사장님도 넘 친절하시구 무엇보다 디저트가 맛있어요 ㅠㅠ 저 파이가 당연히 눅눅할거라고(?)생각하고 먹었는데 바삭하다못해 파삭하고... 크림도 맛있어요ㅠㅠ 좀 달아 서 커피랑 먹으면 딱이에요 보늬밤도 먹고싶은데 배불러서 포기했어요..... 웨이팅지옥 망원동에서 조용하고 ...,새로 생겨서 궁금하여 방문 한 곳입니다! 아는 동생과 커피 마시러 방문 하였는데 디저트가 크고 맛있아 보이더라구 요! 그래서 커피와 함께 주문하여 먹었습니다 ! 안에 분위기도 좋고 일하시는 분들도 다들 친절하시고 조용하니 너 무 좋았습니다 제가 먹은건 사과홍차 파이였는데 너무 맛있었숩니다 ! 안에 크림이 엄청 부드럽고 홍차향과 ...,망원동 신상 디저트카페! 분위기도 좋고 깨끗해요. 그리고 처음 보는 디저트인 왕관 모양의 파이가 있네요 ㅎㅎ 과일도 싱싱한거 쓰셔서 맛있고 파이지도 패스츄리 느낌이라 바삭해요. 추천합니다~!,지나가다가 우연히 발견한 디저트 카페..!! 찾아보니 오픈 한지 얼마 안 된 곳 이어서 유명해지기 전에 호다닥 방문했 어용 늦은시간에 방문해서 하나 밖에 안 남아서 슬펐지만.. 무화과 좋아해서 다행..!! 진짜 보는것도 이쁜데 너무 맛 있고.. 무엇보다 많이 안 달아서 좋았어요..!! 다른메뉴도 먹으러 또 방문할게요~!,왕관 모양의 파이들이 너무 예뻤어요😊 크림도 가득하고 바삭한 파이랑 잘 어울리는 조합🩷 매장 인테리어는 정말 인스타 감성 뿜뿜하고 조용하며 대화하기 좋은 곳인거 같아요😊,지나가다 가게가 이뻐서 들렀는데 사장님이 친절하시고 포근한 분위기라 쉬어가기 좋았어요! 특히 타르트 파이 빵 부분이 진짜 바삭하고 맛있어서 다음에 다른 지인이랑 다시 방문하고싶은 곳이에요,친구랑 지나가다가 홀린듯이 들어온 카페인데….아니 진짜 너무 맛있어요 바질토마토 파이 무조건 드셔야합니다 서 비스로 쿠키도 주셨는데 파이가 진짜 미쳤어요 음료 안먹어도 파이는 무조건 드셔야합니다 제발 오세요 진짜 제발  너무 맛있어요 인테리어도 예쁘고 파이가 진짜 맛있어요 맛있어요 300번 가능 사장님이 진짜 너무 친절하시...,"들어가자마자 연말분위기가 낭낭해서 기분이 좋았어요! 디저트 예쁘게 생겼는데, 맛까지 좋더라구요!! 사장님도 엄 청 친절하셨어요!!!❣️❣️ 다음에 망원 오면 재방문 의사 완전 있습니당",직원분들이 친절하시고 매장 인테리어는 깔끔하고 고급스러워요. 매장 내에는 조용한 피아노 노래가 틀어져 있어서 좋았어요. 독특한 파이 처음 접해봤는데 사과가 들어가서인지 상큼하고 달아 맛있었습니다^^,파이도 맛있구 커피도 맛있고 카페도 아늑하고 너무 좋아요!! 햇빛이 잘들어와서 따땃해요💕,바질토마토파이 달지도 안고 상큼하고 바질맛때문에 느끼하지 않아서 너무 좋아요.. 커피도 맛있어요.,분위기 좋구 맛도 좋구👍 번창하세요. 주차도 가능하다고 하니 넘 좋네용,크리스마스 트리가 눈에 띄어 들어갔는데 트리도 커서 이쁘고 인테리어 곳곳이 너무 이뻐요 조용히 얘기할수 좋아요~,와인에 무화과 타르트 새콤달콤하고 진짜 맛있었어요! 요거트에 샤인머스켓 타르트는 크림이 좀 느끼한가 싶었는데 샤인머스켓이 새콤해서 딱 잡아줘서 좋았어요! 홍차에 사과파이도 귀여운 사과 올라가있어서 귀여웠는데 살짝 취 향탈 느낌? 저는 완전 맛있었어요! 음료수도 맛있었고 아인슈페너에 서비스로 주신 쿠키 찍어먹으니까 완전 ...,"진심 파이 맛집입니다! 파이 너무 맛있어서 자꾸 생각나요👍👍👍 크기도 큼지막하고 모양도 예뻐서 선물하기도 좋을 것 같고요~ 파이 종류 대부분 먹어 보았는데 진짜 다 맛있어서 순위를 꼽기 어렵지만 취향껏 추천해 보자면, 바질토마토와 와인무화과가 막상막하입니다ㅎ",15시 방문! 무화과 파이 품절. 얼그레이 크림에 사과 파이. 너무 달아서 깜짝 놀랬지만 맛있었어요! 실내가 아주 조용하고 무척 친절하십니다 :),너무너무 맛있어여‘!! 디저트 최고에요!!! 디저트 포장주문했습니다~~ 커피맛도 조아요~~~❤️❤️ 분위기 맛집 이랍 니다~~,망원에 이렇게 고급스러운 카페가 생겼다니... 음료는 아아로 드시고 무화과랑 보늬밤 완전 강추드립니다,파이가 귀엽고 맛있어용 뀰비앙코 라떼 강추합니다! 분위기도 좋아요!,"서울 여행와서 들린 카페인데 너무 친절 그잡채,,,❣️파이도 카페 시그니처 모양이더라구요! 6시 안 돼서 갔는데도 파이 종류가 다 있는게 아니라 아쉽긴했는데 진짜 맛있었어요,,,, 적게 일하고 많이 버세요 사장님🤭",무화과 파이에 신선한 무화과 엄청 꽉 차게 들어있어서 놀랐어요! 사과 파이도 진짜 맛있고요. 사장님 친절하셔서 한강 놀러올 때 또 오고싶어졌어요!!,지난번에 먹어보고 너무 맛있어서 또 포장해 왔어요~ 이번엔 시즌메뉴로 먹어보았는데 진짜 역시 감동...!!! 지금까지 이런 파이는 없었다! Pie 맛집 I am 신뢰에요❤️ 기념할 일 있어서 초도 살짝 꽂아 보았는데 너무 예쁘네요ㅎㅎㅎ 앞으로 미니케익 대신에 슈크렌느 파이 사면 될 듯👍👍👍,지나가다 깔끔한 인테리어에 눈에 띄어서 들어기봤어요. 디저트도 많이 달지 않아서 좋고 커피도 맛있네요,"파이라고 들었는데 정말 독특하고 맛있어요. 커피는 신맛, 탄맛 반반 섞인 딱 적당한 맛이네요. 직원분들 완전 친절 하고 편안한 분위기네요. 파이는 또 생각남.",외관이 조큼..탕후루가게들같은 느낌의 영한느낌이라.. 몇번을 지나가면서 갈까말까 고민하다가 들어가봤는데 파이는 속도 가득 크림이고 맛있네요! 다른 맛들도 구매하러 가볼예정입니다,대박미쳐습니다 바질토마토파이라는게 낯설었는데 한입먹으면 바질맛이 확 올라와요 파이 안에도 토마토 들어있음 커피도 레전드 ; 좋은커피콩 쓰나봐요 향이 엄청좋아요 재방문할예정입니다,파이 너무 맛있고 예뻐요😍 특히 바질과 토마토 들어간 파이는 처음 먹어 보았는데 굉장히 맛있고 홍차에 사과 파이는 달달하니 디저트로 딱이네요👍👍👍 곳곳에 예쁜 소품 많아서 사진 찍기도 좋은 듯:),"우선 카페 내부가 너무 예뻐요...! 고급진 분위기에 매장도 좁지 않아서 좋았습니다.  그리고 음료 맛도 향긋하고 좋았습니다. 차를 주문했는데, 은은해서 쿠키 맛이랑 잘 어우러졌어요! 쿠키는 정성이 많이 들어간 맛이었습니다. 버터도 많이 들어가고, 한 겹 한 겹이 씹으면서 느껴져서 고소하고 맛있었어요:)",디저트랑 음료가 예쁜데 양도 많아서 하나만 먹어도 배불... 그리고 제일 중요한 맛도있어요! 넘 달지도 않고 맛있어 요 재방문 의사 1000% 인테리어도 깔끔하고 좋아요 사장님도 친절하시고 파이 안에 절인 과일이 더 들어가 있어서  진짜 맛있어요!,디저트 예쁘고 맛있어요! 직원분들도 친절하세요💖,망리단길 카페 슈크렌느에 방문해 샤인머스켓 파이를 처음 먹었는데 정말 맛있게 잘먹었습니다👍 과일 신선도가  굉장히 좋습니다,집근처에 이런 예쁜 카페가!! 샤인머스켓 좋아해서 먹어봤는데 넘 맛있었어요!! 카라멜마끼아또도 크림 풍부해서 데이트할 때 딱 좋을 것 같아요ㅎㅎ,우연히 들린 카페였는데 디저트랑 음료 모두 맛있네요! 무엇보다 디저트가 정말 예쁩니당,곧핫플될거 같아서 미리남겨봄 ㅎ ㅎ ㅎ 사장님 파이만드시는솜씨가 진짜 미쳤어요.. .ㅠㅠ양도많고 맛도좋고 다들가보세여,새로 오픈했나봐요. 인테리어두 이쁘고 조명도 좋아서 사진찍기 좋아요. 포장해서 가려다가 이뻐서 자리에서 앉아서 파이 하나 금새 먹었어요. 바질토마토 먹었는데 맛있어서 사과랑 포도는 따로 포장해갑니다!,얼그레이크림이 진하고 매우 부드러우며 향긋한 사과가 입안을 사악돌면서 기분좋게만들어줘요🥰 커피또한 산미없이 고소해서 디저트와 매우 잘어울려요 창가자리는 햇빛이잘들어 사진이 매우잘나와요❤️,보늬밤 진짜 맛있어요ㅠㅠ 크림이 넘 맛있어요 방석도 있구 자리가 불편하지 않았음! 망원동 올때 또 방문할거예요~~~,저번에 보늬밤 포장하고 이번에 바질 토마토 포장해가요 재료가 빵빵하게 들어가있고 보는것보다 양이많아요 혼자 절반 먹고 남겨놓으려다 맛있어서 한번에 다먹어버리는 맛~,꾸덕 아인슈페너라떼 맛있어용🍰,회사 점심먹고 지나가다 디저트가 예뻐서 포장해갓는데 마싯네용 념념굿 디저트 입간판도 예쁜데 실물도 예쁘고 과일과 크림조합이 갠춘해요,디저트가 훌륭합니다,앨리스가 이상한 나라에 가듯 우연히 들린 카페인데 맛있는 아인슈페너 라떼와 얼그레이 밀크티를 접하게 되어 넘  좋아요 다음에는 찾아와서 파이도 먹어봐야겠어요 잘 먹었습니다,"사장님 넘 친절하시고 , 음료랑 디저트 다 맛있어요! 😆",파이가 너무 맛있고 사장님이 너무 친절하세요!! 서비스로 주신 쿠키도 맛있었습니다!!,기대 안하고 먹어봤는데 너무 맛있네요 :),"버터의 풍미가 가득한 페스츄리 안에 크림이 꾸덕꾸덕한게 정말 맛있어요! 굳이 비교하다면 몽블랑하고 맛이 비슷 한데, 몽블랑은 밤크림 안에 밤이 한알밖에 없잖아요? 이 파이는 밤이 위에만 있는 것도 아니고 안에 엄청 숨어있어 요! 달다싶을때쯤 씁쓸한 말차 크림이 완화시켜주어서 추천합니다! 꼭 가보세용!",메뉴에 끌려서 홀라당 들어갔는데 진짜 맛있어요😳 사장님이 친절하셔서 더 좋아요,진심 맛있어요 여기 꼭 한번 가봐야됨 친구랑 같이 파이 먹다가 싸울뻔 ㅋㅋ,사과파이와 커피가 아주 잘 어울립니다.,디저트 맛있어요!!사장님도 친절하시고 분위기도 좋아요ㅎㅎ담에 기회되면 또 방문하겠습니다~,파이가엄청 크고 맛있어요!,리뷰에서 파이 보고 방문했는데 만족스럽습니다~! 파이 작을 줄 알았는데 생각보다 크네요ㅎㅎ커피도 깔끔하고 사장님도 친절하셔서 기분 좋게 이용했습니다~,파이가 너무 맛있어요!:)🩷 버터향이 가득 느껴지는 맛있는 파이👍👍,망원동 골목구경하다가 들어간 까페인데 내부도 이쁘고 디저트도 진짜 많아요 점심먹구 배불러서 아메리카노만 시켜서 넘 아쉽습니당 다음엔 디저트 먹으러 올게요!!,인테리어도 멋지고 커피고 맛있고 파이도 맛있어요 과일도 신선합니다,보늬밤^^ 너무 이쁘고 조용하고 맛있어요.,"저는 포장했지만, 매장도 예뻐요",점심에 오고 저녁에 또 온 카페…다른 맛도 맛있을까 싶어서 먹봤는데 진짜 다 맛있어요 맛 하나씩 다 도장깨기 해야할거같아요ㅠㅠ 제발 와서 파이는 꼭 드셔보세요 친구랑 하루에 두번이나 간 카페ㅠㅠ,다음에는 보늬밤 먹으러 와볼게요 🙌🌰,파이 정말 맛있네요!! 분위기도 좋구 다음에 또 와야겠어요!!,디저트도 맛있고 친절하셔서 너무너무 좋았어요~,예쁘고 맛있고 친절하세요 ㅎㅎ 잘 먹구 갑니당,사장님 완죤 친절해요 ~~디져트 맛 있고요 이뻐요,카페 인테리어가 이쁘고 분위기도 너무 좋습니다~!,깔끔하고 파이도 너무 맛있어요. 왕관모양 파이 너무 귀여워요~,동네에 새로 오픈한 파이집 너무 맛있어요 🫣 다음에 또 방문 할게요 ❤️,독특한 모양의 파이가 예쁜데 양도 많고 맛있어요! 커피랑도 아주 잘 어울립니다. 새로운 메뉴도 계속 준비하고 계신 것 같은데 기대됩니다!,망원동 새로 생긴 파이집 파이 크고 진짜 맛있어용,모양도 예쁘고 맛있어요. 카페가 엔틱하고 예쁩니다 :),바질토마토파이가 맛있어요!,사장님도 친절하구 디저트도 맛나요~!,크기도 크고 파이안에 홍차크림이 꽉 차있는데 향도 풍부하고 너무 달지도 않고 맛있어요! 다른맛도 먹어보고 싶습니다,망리단길에 새로 생긴 까페인데 진심 갬성 미쳤음.,사장님이 너무 친절하시고 맛있어요! 입맛 없을 때 밥 대신 좋네요! 또 방문하겠습니다 :),집근처에 이런카페 생겨서 너무 좋아요|~~,맛있어요!,가게 분위기도 좋고 사장님도 너무 친절하세오!!!,맛있어요~!!,굿,굿,,,,,,
파이인더샵,1166022931.0,"연남동 데이트 맛집 파이인더샵 다녀왔어요💞 연남동에서 디저트, 라떼 맛있기로 소문난 카페인데요! 크리스마스 기념으로 예쁘게 꾸며놨더라고요. 포토존에서 사진 찍으면 인생샷 건지기 정말 좋아요 ㅎㅎ 분위기 있게 나오더라 고요. 시그니처 라떼인 피넛버터라떼, 파이라떼 먹었는데요. 라떼류 위에 크림이 쫀득하고 고소했어요. 라떼...",진하고 부드러운 초콜릿 브라우니 위로 새콤달콤한 라즈베리크림이 올라간 쇼콜라베리파이♡ 호텔도슨의 웰컴투더플레저돔 퍼퓸의 진한 머스크향과 고급스럽게 잘 어울려요,"연남동에서 유명한 파이맛집 파이인더샵에 처음 방문해봤습니다. 용산점에서 애플사워 크림 파이가 너무 맛있어서 연남동에 볼일 있어서 간김에 디저트랑 커피 마시러 가봤는데, 인테리어 장식이 너무 잘되어 있어서 분위기도 좋고 공간이 넓어서 대형 카페 수준이었습니다. 외부 테라스 자리도 앉아보고 싶었는데 겨울이라 다음에 날이 좋으...",연남동 카페 파이인더샵! 데이트하기에 정말 좋아요. 인테리어 진짜 너무 예쁘고 사진이 다 잘나와요! 커피도 맛있고 종류가 다양해서 좋아요. 파이도 종류가 다양하고 다 맛있고 예뻐서 결정하기 어려웠어요. 외국인들도 많고 데이트 하는 연인들 많네요. 연남동 홍대 분위기 좋은 카페로 적극 추천합니다.,파이인더샵의 쫀득한 버터바와 르콘토엘의 바삭한 페스츄리를 함께 맛볼 수 있는 사과파이 맛나요♡ 단짠 매력의 피넛버터라떼도 에스프레소 본연의 뉘앙스가 살아있어요!,"연남동 골목에 있는 대형카페에요 작은식물원같은 지하공간부터 야외테라스, 갤러리같은 공간까지 공간마다 다른 컨셉이라서 사진찍기도 좋아요 소이라떼와 쫀쫀한 수제크림이 매력적인 고소하고 달달한 🤎파이라떼 커스터드크 림과 카라멜조합으로 달달하게 즐길 수 있는 🤍크림브릴레라떼 고소하고 가득한 피칸이랑 달달카라멜소스...","파이 좋아하는 동생이랑 같이 방문했어요! 파이들이 하나같이 비주얼도 예쁘고 맛있어보여서 고르기 넘 힘들었어요 ㅠㅠ 저는 초콜릿 바나나 파이랑 스트로베리 치즈 케이크 파이, 대파 감자 파이를 주문했는데 다 맛있었어요! 스트로 베리 파이는 상콤달달하구 바나나는 엄청 달달하고 바나나맛이 진해서 맛있었어요. 대파 감자 파이는 식사 대...",저녁에 가니까 파이가 별로 없어서 남아있는 거 먹었는데도 맛있었어요!! 말차 마카다미아 파이에서 생초콜릿이랑 브라우니의 조화가 너무 좋네요. 크리스마스라 설치된 트리도 넘 이쁘고 사진도 잘 나와요~~,오랜만에 연남동에서 데이트 하다가 가게 된 카페인데 이날 르콘토엘 콜라보 파이가 있어서 한번 먹어봤는데 진짜 넘넘 맛있었어요🥹🩵 다른 파이도 맛있었지만 개인적으로 애플 크리스피 츄이 파이 이거 정식 메뉴로 등록해서 팔 아주시면 안될까요🙏 그리고 다른 파이들도 비주얼이 엄청나서 진짜 뭘먹어야 할 지 모를 정도였어요🥺🥺 ...,"기본 아메리카노부터 피넛버터라떼 모두 맛있었고요, 디저트파이랑 식사파이 둘다 맛볼 수 있어서 더 좋아요 :) 특히 트러플 향 은은히 나는 트러플머쉬룸키슈가 아주 맛있었고, 애플파이같은 느낌의 크리스피 츄이파이도 좋고, 스트로베리 치즈케이크파이는 달콤했어요 ^_^",평일 저녁 7시 30분쯤 갔더니 파이가 거의 다 빠져서 종류가 몇개 없더라구요ㅠ 그래서 남아있는 파이들 중에 골라 봤는데 전부 다 맛있었어요❤️ 초코크림파이는 빼로로로쉐처럼 고급스러운 초코맛이었고 치즈파이는 버터바+치즈 케이크 느낌이라 쫀득하면서도 부드러워서 맛있었습니다! 그리고 대박이었던건 흑임자라떼!!! 입이 하나도 텁...,예전에 방문했다 자리가없어서 그냥나왔던 기억이있어서 다시한번방문했어요 평일오전 시간이라 자리도많고 조용 해서 좋더라구요 특히한디저트메뉴도 많고 요즘같은 계절 실외석도 분위기가좋아 다들외부좌석에 많이들 계시더라 구요 독특한 케잌디저트빵 좋아하시는분들 들러보심좋일듯하고 커피도 맛있으니 단디저트와도 찰떡이였어요,🫐: 블루베리보단 밀크티 맛이 강합니다 밀크티 특유의 적당히 단맛이 매력적입니다 🍓 : 달달 상콤한 바닐라 크림 과 수제 딸기잼을 중간에 있는 쌉싸름한 다크 초코가 맛의 균형을 굉장히 질 잡아줍니다. 진짜 베스트입니다. 제가 먹었던 파이 중에 맛의 밸런스가 제일 좋아요. > 마지막 시트 직전에 모든 파이에 버터바가 들어가 있는데 개...,지하1층에 비밀공간처럼(아님) 식물원 컨셉의 공간이 있어요 식물이 엄청 큰데 생화였어요 관리를 엄청 잘해주시는 듯! 여기서부터 믿음이 가죠? 말차 마카다미아 파이 존맛입니다 사이사이 마카다미아가 콕콕 박혀있는데 너무 꼬소 하구 식감두 좋고 미쳤어용 다들 오세요~,이번에 안국 르콘토엘이랑 콜라보한 파이가 정말 맛있어요! 아삭한 식감에 쫀득한 버터바와 바삭한 페이스트리까지 진짜 조화로운 맛... 26일까지만 만날 수 있다는 게 너무 아쉬울 정도에요! 물론 다른 파이도 진짜 맛있습니다! 식사대용으로도 먹기좋은 파이와 따뜻한 스프세트 메뉴도 강추요!,인테리어도 분위기도 최고였던 홍대카페❤️ 두번째 방문한건데 전보다 파이도 더 다양해지고 다른 파이집과는 비교 할 수 없을 정도로 토핑이 뚠뚠해서 파이는 여기밖에 못먹겠어요! 진짜 파이나 디저트 좋아하는 분들은 꼭 가보셔야 할 홍대수제파이 전문점! 다른 맛도 먹으러 또 갈게요 ☺️,연남동 파이인더샵하면 모를정도로 예전부터 핫한 카페죠! 지난번에 방문했는데 사람이 너무 많아서 돌아갔던 기억 이 나요 ㅜㅜ 이번엔 주말 오픈에 맞춰서 가서 편하게 있다가 왔습니당 ㅎㅎ 비쥬얼만큼 맛도 있고 카페 분위기도 넘 좋아서 계속 앉아있어도 좋았어요! 사진남기기도 좋구요 ㅎㅎ 수제파이라 더 맛있었던 연남동 핫플 파이인더...,쫀쫀하고 부드러운 크림이 살포시 올라간 파이라떼와 버섯 풍미 가득한 키슈파이의 조합이 좋아요! 시원하고 달달한 리치 에이드와 은은한 단맛이 매력적인 복숭아 타르트도 맛나요!,오래전부터 단골이고 연남오면 디저트는 무조건 파이인더샵 이였어요! 예전에 비해 다양한 맛이 추가된것 같고 무엇보다 한결같은 맛이 마음에 들었어요! 그리고 지하부터 테라스까지 하나도 빠짐없이 자리가 예뻐 사진도 잘 나온다는거! 추천,"와 여기 꼭 가세요 파이가 진짜 맛있어요 지하부터 2층까지 있는데 테라스도 있고 넓어서 좋아요 연남에 카페 너무  많아서 카페면 맛이 거기서 거기지 했는데 여기 파이는 진짜 너무 맛있네요,,,, 음료는 그냥 다른 곳이랑 비슷했고 파 이가 진짜 짱이에요,,, 재방문 의사 10000% 곧 다시 방문하겠습니다 💟",연남동에서 파이와 커피가 가장 맛있는 곳으로 부족하다!! 3층 공간 구석구석까지 너무 예뻐서 다 포토존!! 저녁에  살짝 해질 때 다시 와서 사진 찍어봐야겠어요. 달달한 파이 좋아하시는 분들에게 추천 드리며 커피는 따뜻한 아메리 카노로 파이의 깊은 맛을 함께 즐기면 좋을 것 같아요,유명한 파이집이라고 해서 다녀왔어요! 커피도 쫀쫀하면서 고급지고 크림을 잘만드셔서 부드러웠어요👍 그리고 파이도 다양한 층들이 오묘하게 맛이 나면서 입안이 풍부해지는게 맛있었어요🤤 피칸파이가 독특하면서 달달한게 굿🫶,연남동카페 파이인더샵 두번째 방문인데 저녁에 오니 뭔가 더 예쁜느낌? 디저트 역시나 맛있구요 파이도 더 맛있어진 느낌이에요! 달지않고 담백함이 포인트인데 진하고 쫀득꾸덕한 말차파이 대박이고 루꼴라는 두번째 먹는건데 역시는 역시라고 너무 맛있어요!! 생일케이크로 받고싶습니당😘,넘넘 예쁘고 맛있었던 연남동카페 파이인더샵 디저트맛집 알아보고있다면 무조건 여기 ㅇㅇ 대형카페라서 자리도 많고 쾌적하다 특히 테라스석이 요즘 날씨에 가기 딱좋음 ㅠㅜ 한적하게 데이트하기에 너무너무 좋고 여유로운 느낌 굿이다 그리고 공간마다 분위기가 다른 인테리어도 넘나 좋음,연남동 대형카페 파이인더샵이에요 연남동 골목에 있어 한적하면서도 여유로운 분위기가 느껴지는데 날씨가 좋아 서 테라스에 앉아 있기에도 딱이에요 가을맞이 신상 파이들과 음료들 주문했고 파이지가 고소하면서도 딱딱한게 딱  제스타일이었어요💛 토핑까지 재료를 아끼지 않는 게 느껴지는 곳이었어요,연남동파이카페로 유명한 파이인더샵 두번째 방문! 저번에 왔을 때랑 또 다른 느낌이네요. 블랙베리밀크티파이 맛있게 먹었어요. 크림브륄레라떼는 달달한 크림라떼 좋아하시면 추천이요!! 테라스 있는 대형카페 가고 싶다면 가보세요~,연남동에 이런 대형카페가 있다니🤭 주말 점심에 데이트하기 딱 좋은 장소예요. 특색있는 디저트도 많고 테라스도  예뻐서 자꾸 생각나는 그런 곳! 개인적으로는 스트로베리 치즈 케이크랑 잠봉 키슈 파이 추천합니다.,여기 찐 파이 맛집이네요~~~바삭함과 부드러움이 가득 있어서 씹는 순간 눈이 띠용~~해지는 맛이에요. 커피랑 음료도 진짜 넘 맛있어요!! 게다가 분위기도 너무 좋아서 데이트하러 와도 좋을 것 같아요.,"가격빼고 모든 것이 완벽한 카페 😭💕 요즘 날씨에 즐기기 좋은 야외 테라스, 공간별로 다른 컨셉의 자연친화적이 면서 실험적인.. 임팩트가 있는 감성, 16종의 수제 파이와 커피까지 ㅠㅠ 오늘의 발견은 키슈파이 종류 ! 연남동에 서 꼬옥 가보셔야 하는 카페로 추천❣️",좋아요 크리스마스 분위기도 물씬. 파이들 종류도 다양하고 퀴시도 있어요 연님동 단골 카페입니다,인테리어가 멋져서 포토존이 많아요:) 애플파이가 쫀득하고 바삭하고 디저트 하나하나 정성스러워 보여요😍 맛도 좋고 사진찍어도 예쁘네요,파이 디저트가 맛있어서 좋아하는 연남동 파이인더샵! 원래 디저트류만 먹다가 이번에는 트러플머쉬룸키슈파이도 먹어봤는데 이거 진짜 브런치메뉴로 너무 좋은 것 같아요. 그릭요거트 복숭아 파이도 고소한 파이지 밑에 쫀득한 버 터바도 깔려있는데다가 달달상콤한 복숭아랑 그릭요거트까지 즐길 수 있어서 밸런스 엄청 잘맞음. 그리고 카...,너무나 행복한 '파이인더샵'의 방문기입니다 울남편과 같이 다녀왔는데 너무행복해서 기절!!!수준이었다ㅎ 자주자주 브런치하러 가야할 집이라 ~~~강추!!!,"파이가 유명해서 방문해봤습니다! 주말 5시 정도에 갔는데 파이가 3~4종류 밖에 안남았었어요ㅜ 먹고싶은파이 드 시고 싶으면 일찍 가는거 추천해드려요 바나나초코파이 먹고싶었는데 다 나가서 아쉬웠어욤 트러플머쉬룸키슈파이 🥔🧀 안에 감자,버섯,치즈 조합이 좋았어요 식사대용으로 드셔도 좋을것 같았어요 버섯에서 트러플향이 나...",검색하다가 디저트좋아하는 내가 느낌적으로 찾아간곳~역쉬~빙고빙고~케쿠맛집~발견 기분이가 좋다~좋아~내가  좋아하는 말차케쿠 꾸덕꾸덕 안좋은기분도 마법처럼 풀리는 맛 신대륙 발견~연남동 나에 단골 카페 될것 같다~🥰 🥰🥰,너무너무너무너무 맛있어요 또 먹으러 올래요 ~~~~! 촌년들 신세계 영접 ㅠ ㅠ 존맛탱,파이지도 신선하고 레이어된 재료들이 조화로워서 맛있었어요! 다음에 다른 맛도 먹어보고싶어요,말차라떼 따뜻하게 맛있게 마셨고요. 파이들이ㅜ너무 예쁘네요. 애플샤워크림 파이 맛있어요. 사과도 상큼하고 그 릭요거트 파이는 복숭아 향이 최고 예쁘기도 하고 맛있는 파이 인더샵 분위기에 무너지는 곳,"유명한 파이집이래서 찾아가봤는데, 주택가에 뜬금없이 딱 있더라구요ㅎㅎ 가는 길이 조용해서 오히려 도란도란 이 야기하면서 방문할 수 있어 좋았어요. 종류도 많았는데 욕심내서 3개 샀거든요. 크기가 꽤 크고, 먹다보니 물려서 반 정도씩만 먹고 남겨버렸습니다ㅜㅜ 개인적으로는 맛차피칸파이였나? 이게 가장 좋았고, 오히려 기대했던...",수제파이 종류도 다양하고 맛있었오요!! 특히 피칸파이.. 너무 맛있고 파이 아래부분이 바삭해서 너무 맜잇음!!,파이가 이렇게 다채로운 메뉴가 될 수 있는 걸 처음 알았어요..모양도 너무 예뻐서 먹기 아까웠지만 너무 맛있었어요!! 파이도 종류가 많아서 결정장애였지만ㅋㅋㅋ 덕분에 다음에 또 갈 거 같아요! 크림브릴레랑 아이스 라떼 먹었는데 커피도 고소하고 넘 맛있네요👍👍,"연남동 골목에 있어서 한적한 분위기라 여유롭게 힐링하고오기도 좋았고, 무엇보다 인테리어가 넘 잘 꾸며져 있어 서 야외에서 한참을 즐기다 왔어요✨ 수제파이도 찐득하고 꾸덕한 식감이라 디저트 좋아하시는 분들에게 추천추천 !!! 힐링하면서 당충전하기 딱 좋았던 연남동 디저트 카페였습니다🌿🍩",연남동 파이맛집으로 재방문했어요 호텔도슨 콜라보도 하고 있어서 신상도 맛있어 보이더라구요~! 입구에 트리도 예뻐서 연말 감성 즐기러 가는 것도 추천드립니다 ㅎㅎ,시그니처 파이라떼와 크림브륄레라떼에 잘 만든 파이 한조각 먹으면 하루의 피로가 싹! 기분 좋은 맛❣️,"두번째 방문~ 진짜 다맛있음,, 모든 종류 다먹어볼때까지 올듯 근데 식사류 파이보다는 확실히 디저트류가 맛있음",공간이 넓고 디저트종류도 많고 커피도 맛있고 넘 좋아요 평일 이른 시간이라 한적하니 좋았어요,파이인더샵 최고입니다ㅋㅋ 인테리어가 전시회이라고 해도 되겠어요 공간 어느 한곳 대충 만든 곳이 없네요 지하  이층 각 공간마다 컨셉도 달라서 돌아다니면서 구경하는 맛도 있어요ㅋㅋ 그리고 가장 중요한건 파이 존맛!! 파이  밑바닥은 바삭한데 흑임자 크림은 고소해서 너무 맛나여ㅋㅋ 다음에는 홀케이크 예약해야겠어여ㅋㅋ,"홍대수제파이 맛지 홍대입구역카페 파이인더샵! 홍대 연남동이라는 핫한 곳에 있는 보기 드문 3층으로 된 대형카페 ~!! 인테리어도 너무 멋지고, 음료도 너무 예쁘고 맛있어요~! 수제파이 비주얼은 사진으로 찍은 모습도 예쁘지만 실 물은 더더더 이쁘답니다~!! 바삭! 꾸덕한 느낌의 파이는 진짜 너무 맛있답니다~!!! 또 갈게요~~",여기 파이는 밑에 타르트지 부분쪽이 쫀득 쫀득하고 바삭해서 위에 크림이랑 같이 먹는 식감이 너무 좋아요! 재료도  많이 들어가서 묵직해서 그런지 포만감도 큰 것 같아요ㅋㅋ 커피는 살짝의 산미와 고소한맛이 가득해서 맛있었고  특히 크림브륄레라떼는 위에 크림이 제 취향이었어요!,연남동에서 진짜 완벽한 디저트 카페를 찾은 기분이예요 조용한 주택가 근처 대형카페라 근교 카페에 놀러온 기분이 들어요. 정원도 너무 예쁘고 디저트 타르트도 진짜 존맛탱,홍대카페 파이인더샵 케이크랑 파이도 넘맛있고 이번에 새로나온 크림브륄레커피가 달콤하고 진짜 맛있어요. 크림 도 보드러우면서 몽글몽글해서 커피랑 잘어울려요!! 역시 유명한 이유가 있어요 연트럴파크 산책하다가 카페가고  싶으면 슥 들렀다가 맛있는거 먹고 포장하고 집에가면 힐링 될듯요 !!직원분들도 친절하구요ㅋㅋㅋ 크림브륄...,"파이맛집이라고 해서 예전에도 와봤는데 하나하나 다 맛있어요~ 음료도 특별하고 맛있네용 오늘은 키슈파이 주문해봤는데 식사대용으로도 좋네요. 인테리어도 예쁘고 조용한 곳에 위치하고있어서 대화하기도, 노트북 작업하기도 좋아요.",파이 종류도 진짜 다양하고 너무 맛잇엇어요!,홍대부터 연남동까지 걸어다니다가 디저트카페 검색 해보고 핫플레이스인거 같아서 방문한 파이인더샵! 내부도 엄청 넓고 깨끗해서 데이트하기 좋아요. 파이들도 전부 맛있게 생겨서 고르는데 오래걸렸지만 피칸파이가 인기메뉴여서 픽했는데 카라멜소스가 많이뿌려진 편이라 달달한거 땡길때 먹으면 좋을거 같아요.😊,처음 가봤는데 인테리어도 예쁘고 디저트도 맛있어서 마음에 들어요 🩷 야외 자리도 있어서 지금 날씨에 앉기 딱입니다~! 연남동 카페로 추천해요!,연남동 파이인더샵 인테리어 대박이에요! 각 층마다 다른 분위기로 꾸며져 있어서 구경하는 재미가 있어요! 심지어 테라스 좌석까지 너무 예뻐서 날 좋을때 강추합니다 파이 타르트는 쫀득한 버터바를 레이어드해서 꾸덕하고 식감이 대박이에요🫢 음료도 너무 달지 않아서 타르트랑 먹으면 조합이 대박이더라구요!! 분위기 좋고 디저트도 다 ...,줄서서 기다리다 겨우 앉았어요,매장도 예쁘고 디저트 종류도 많아요  야외도 지하도 예뻐요,주말 2-3시여서 사람 엄청 많았는데 그래도 자리는 겨우겨우 찾았습니다 ㅎㅎ 유명한 파이는 거의 다 팔려있었어요 ㅠㅠ 빈 트레이만 덩그러니… 그래두 맛있개 먹었습니다. 헤이즐넛 브라우니가 맛있었어요~~,"저녁6시쯤 다되서가니까, 남아있는게 거의 없어서 말차마카다미아가 딱 하나 있길래 포장해왔습니다. 제대로된 맛 을 먹어본 것 같아요. 다른곳은 수제라 해도, 재료를 건강한걸로 쓰는지 의심되기도하고,, 식용색소여부 등등, 맛 자 체도 아이스러운 유치한 맛 장난감같은 느낌인데 이곳은 뭔가 음식에 장난한맛같은게 아니라, 베이커리집에...",시트러스셔벗에이드 8500 청포도젤리에이드 7800 헤이즐넛브라우니 파이 8500 풀드포크 파이 7300 연남동에 이 렇게 근사한 대형 카페가 있네요. 분위기 좋고 디저트 맛도 좋아요. 고기가 들어간 파이는 처음이라 풀드포크파이 선 택해봤는데 비주얼도 좋고 맛도 최고예요. 고기도 잡내없이 신선하고 매콤달콤한 양념에 체다치즈가 녹아드...,크리스마스 시즌 컨셉으로 꾸며져있어서 사진 백장 찍고왔어요 ㅋㅋ 보통 이런 포토존맛집이면 메뉴가 부실한 핫플이 많은데 파이인더샵 파이 퀄리티 장난아니네요 마침 호델도슨이랑 콜라보하고 있어서 하이틴 영화에서나 볼 수 있을 법한 조각케이크도 있었어용 연말파티할 때 여기서 홀케이크 예약할까봐요!,요즘같은 날씨에 테라스에 앉아서 커피한잔 하기 좋은 곳임. 디저트로 파이가 맛있어서 포장까지 하게되는 디저트 맛집!!,"친구따라 가다가, 입구부터 깜놀~! 외국인들이 입구의자에서 사진 찍고 있었는데~ 정말 멋진 공간이다 싶었다~ 들 어가면서 더 놀램~ 다시 오고 싶은 파이 맛집~ 정말 맛있다~ 커피6잔에 파이 4개 시켰는데, 가장 맛있는 일순위가 모두 달랐다~ 나의 결론은 모두다 수준급이상~!!! 오랜만에 친구들6명이 만났는데~~~ 공간이 다양하고 좌...",3-4시 쯤에 갔더니 파이가 많이 빠져서 없는 것도 있더라구요..ㅜ 남은걸로 먹었는데 정말 맛있었어요! 다음에 일찍 가서 다른것도 먹어보고싶어요,연남동에 파이전문 카페는 별로 못본것 같은데 이런 주택가 골목 사이에 대형 파이카페가 있다니 너무 좋아요👍🏻 지 하1층부터 2층 그리고 야외테라스 까지 엄청 넓고 너무 깨끗해요! 파이들도 맛있어 보이는게 많이 있었지만 늦게 가 서 거의 솔드아웃 이여서 아쉬웠어요ㅠ (담에는 일찍 가보는걸루...) 파이는 '스트로베리 치즈케이크 파이'를 ...,연남동카페중에서 디저트가 가장다양하고 맛있는곳!! 타르트에 버터바가 모두 층층이 들어있어서 쫀득하고 맛있어용ㅜㅜ 분위기도 넘좋구 인테리어가 공간마다 다 달라서 사진 백장넘게 찍구왔네요ㅎㅎㅎ 나중에 날시원해지면 테라스에 앉아서 디저트타임 가지러 또방문할게용~~~,특별하고 맛있는 파이들이 있고!! ㅎ 2층 건물로 앞마당도 있어서 너무 좋아요~ 바람 솔솔 맞으며 힐링 하기 너무 좋아요!!,"연남동 파이집 정착하겠습니다. 인테리어부터 맛까지 전부 완벽한 디저트가게에요❤️ 맛도 충실하고 같이 주신 디 저트 안내카드를 보면서 해당 부분을 더 잘 느낄 수 있게 해주세요, 무엇보다 파이 조각이 커서 1개만 먹어도 디저 트 배 차기 좋습니다. 이름과 딱 어울리게 맛있고 재료가 풍부하니 맛있습니다. 무엇보다 파이지가 바삭하고 ...",우선 공간이 너무너무 이쁘고 커요! 이름만큼이나 파이들 종류가 많아요 단 너무 좀 달아서… 커피랑 먹어야 더 좋 을듯 해요 스트로베리치즈케이크파이는 위에 딸기잼이 적거나 없이 먹는게 갠적으론 더 맛나네요 레모라임쁘따파 이는 새콤달달입니다,지난번에 친구들이랑 왔을때 넘 조앗어서 엄마랑 또 왓어여!! 직접 만드는 수제파이도 존맛이구 지난번세에 왓을때보다 신메뉴도 많아지고 시그니처 라떼인 파이라떼도 넘 맛잇엇어여!! 더위 꺾이면 꼭 테라스에서 먹을거에여 🥹🥹❤️,sns에서 유명한 곳이라 방문했는데 정말 너무 맛있었고 대파 감자파이가 진리였어요 또 먹고싶어지는 맛 자주 방문 할 것 같아요,커피 맛 좋고 파이도 달지 않고 맛있었어요...😊 입구에 있는 파이랑 샵 # 로고가 특이하고 멋져요👍👍👍,오랜만에 만난 친구랑 홍대 연남동 나들이! 골목사이에 이리 큰 디저트카페가 있을줄이야! 어디를 찍든 사진맛집 카 페라는고~~ 감성인테리어에 맛난 디저트는 사랑이랍니당. 특히 여기시그니처 파이라떼! 커피러버에게 사랑이에오.  달달한 디저트랑 고소한라떼의 조합은 굿굿이었지요.,야외 정원이 마음에 들었어요 음료도 맛있고 디저트는.눈으로 보는 재미가 있네요,디저트용 파이도 식사대용 파이도 바삭하고 맛있습니다. ^^,연남동에는 디저트카페들이 많이 있지만 파이인더샵같이 넒은곳은 드문데 넒기도 하고 층마다 각기다른컨셉이고 포토존도 여러곳이 있어요. 공간도 멋지지만 매일 만드는 수제파이가 정말 맛이있어요. 시그니처 라떼와함께 밀키 초코크림파이와말차카다미아 파이를 먹었는데 부드러운 크림과꾸덕하고 쫀뜩한맛이 어우려저서 잊지못할 ...,매장이 청결하고 넓어서 좋았어요! 커피 맛있었어요 ! 파이는 음 다음번엔 다른 파이 먹어보려구오,파이 엄청 꾸덕하구 달달함 최상치…😳 커피는 디카페인은 조금 맛이 별루였어용 ㅠ 좀 더 고소했음 좋았을텐데 기본 카페인 들어간 커피는 굿굿~~ 파이 다 넘 맛잇어보여 고르기 힘들었습니다. 카페 분위기도 좋고 야외에 앉았는데 ㅋㅋㅋㅋ 테이블이 뚫려있어 커피를 쏟았지만 엄청 친절하게 치워주셔서 감사했습니다..🥹,"파이로 이미 너무나도 유명한 파이인더샵! 드디어 방문해봤어용 😘 평일이라 웨이팅없이 들어갔는데 들어가자마자 에어컨 풀로 작동되어 있어 너무 시원했고 다양한 디저트들에 눈돌아가고,,,, 어딜찍든 포토존인 인테리어까지 괜히 유명한게 아니구나 싶더라구요..🫶 스토로베리 치즈파이 새콤한 딸기향과 치즈가 조화가 잘되서 마지막 한...",파이가 진짜 수제파이전문점답게 맛있어요. 바삭바삭한 식감과 고소함 그리고 위에 달달한 크림까지 대박이더라구 요. 심지어 진짜 다양한 파이메뉴들이 있어서 취향껏 고르기도 좋았어요. 청포도 에이드도 맛있었으나 크림 브륄레  라떼는 처음 먹어보는데 먹어본 커피 중 한손안에 꼽을 정도로 존맛탱!! 인테리어도 너무 멋있어서 꼭 와보시...,연남동 카페 파이인더샵 넓은 공간과 냄새 좋고 맛 좋은 파이들 공간마다의 개성이 있으며 화장실에 에어컨까지 사 소한 부분까지 편리함을 제공해 주고 파이 하나하나 자세한 설명과 이미지 이해를 도와 한층 더 맛을 올려주며 이곳 저곳 이쁘게 사진 찍을 수 있는 포토존들이 많은 연남동 카페 파이인더샵 이였습니다! - 자세한 내용은 블로그에서 -,연남에 이런 곳이 있었는지 처음 알았어요 그냥 인스타 감성 카페가 아니라 찐으로 인생파이 맛집!! 파이 하나 하나  다 정말 맛있는데 스트로베리 치즈 케이크 파이 진짜 꼭 드셔보세요,"인테리어가 너무너무 예쁜 연남동카페✨ 1층 테라스, 지층, 지층테라스, 2층, 2층테라스 이렇게 공간이 나뉘어져있 고 테이블도 많아요!!! 1층에 카운터랑 디저트가 있는데, 디저트 종류 진짜 많구, 무엇보다 맛이 미쳤음,,, 한입먹고 반해서 다른 종류 다 먹으러 가보랴구요!!! 파이의 재료가 다 너무 조화롭고, 특히 파이지가 미쳤어요 짱맛탱 ...",한적한 연남동에 위치한 대형카페 파이인더샵. 지하1층부터 2층의 공간도 멋스럽고 특히 테라스도 너무 관리가 잘 되어있다. 날이 뜨거워서 잠시 놀다가 실내로 들어갔지만..^^;;;;평일인데도 손님 많고 북적북적~침착함을 잃지 않았던 직원분들의 서비스가 최고!!,음료랑 디저트도 다 너무 맛있고 인테리어가 구역별로 다르고 깔끔하고 너무너무 멋져요. 서울에 이런 대형카페가 있다는 게 좋고 키워드도 더 많이 고르고 싶은데 5개밖에 선택이 안되서 아쉽네용. 날이 좀 산선해지면 테라스에 앉아서 먹기 정말 좋을 것 같아요 나중에 꼭 다시 방문할 예정입니다!!,연남동 주택가에 이렇게 숨겨진 파이 맛집이 있는줄 몰랐어요!!! 😛인기가 많아서 늦게가면 솔드아웃된 파이가 많 아서 일찍 가야할 것 같아요. 다음에는 일찍가서 애플🍎 사워크림 파이랑 스트로베리🍓 치즈 🧀케이크 파이 꼬옥 사수할 거에요..! 매장도 넓고 쾌적해서 얘기하고 음식 즐기기에 좋았어요. 포토존이 정말 다양하더라구요. 저...,예쁜 파이가 있는 예쁜 파이가게,햇빛 화창한날 야외에서 즐겁게 보내다왔어요🙂 파이들은 한입씩 모두 먹어보고싶게 생겼구 인테리어도 멋있네요~ 다만 화장실이 한칸뿐이라 대기가 무지길다는🤣,파이가 역시 찐하니 맛있듬 가격이 사악하지만 먹게되는 매력,"홍대연남동 디저트맛집 쌉인정이에요,,, 파이는 매일매일 당일 제작해서 판매한다는데 와우 제가 먹었던 디저트 중 에 가장 기억에 남는 맛이랄까,,,🥰 그리고 카페 내부도 대형에 지하부터 2층, 테라스까지 다~~완벽한 컨셉 디자인 이라 담에도 또 들릴꺼에요!!! 진짜 파이 겁나 맛있움!!!","핫한 파이인더샵을 드디어 방문해 봤네요. 입구부터 완전 사진스팟이에요!! 들어오는 입구에서 인생샷 다들 꼭 남기길💚 파이종류가 아주 다양해서 눈이 쉴시간이 없어요. 선셋레몬음료도 비주얼이 엄청 납니다. 저희는 식물 가득한 공간에 자리 잡았는데, 조용하고 식물멍하며 좋았습니다.","파이가 유명해서 와봤는데 파이 종류도 많구, 특히 신메뉴 애플 크리스피츄이파이가 너무 맛있었어요!! 인기가 많아서 늦게오면 파이가 없을수도있으니 서둘러서 오셔야할것같아요ㅎㅎ 그리구 매장도 넓어서 편하구 시간보내기 좋았어요😖 커피랑 파이랑 같이 먹으니 최고! 사진찍기 좋아서 데이트 장소로도 제격🫰🩵",파이인더샵 두번째 방문이에요 처음에 파이가 너무 맛있어 보여서 왔던 곳인데 맛도있고 한끼대용으로도 괜찮은  디저트카페이기도 하고 매력있는 공간을 가지고 있어서 사진 찍는데도 너무 좋아요!! 집앞이라 앞으로 더 자주 애 용 예정입니다💚💚,파이종류 정말 많고 맛도좋아요~~ 원두 선택도 할 수 있어서 좋은것같아요!!,두번째방문인데 케이크 및 타르트 종류 특히나 넘 맛있고 테라스도있어서 요즘같은 날씨 즐기기 넘 좋아요,"홀파이 포장 예약방문했어요! 골목에 위치하지만 길찾기 어렵지 않고, 매장이 무척 크고 야외 자리가 많아서 날 선선 해지면 매장에서 있고 싶어요 ㅎㅎ 파이가 밀도가 높고 달달하니 맛있어서 생일에 예약주문해보시면 좋을 것 같아 요 ㅎㅎ 파이지가 단단해서 플라스틱 포크로 먹을때는 조금 힘들지만 그만큼 맛있어요! 생일 맞은 분이랑 같...","매장에 직원이 5~6명 정도 인데 들어가자마자 잡담하는 소리도 크고 손님보자마자 인사한것도 아니고, 한 1~2초 정 적 흐르더니 그때서야 ""어서오세요""하더라고요. 그것도 한명이 하니까 마지못해서 하는 듯한 말투가 기분이 썩 좋지 않았습니다. 떠들 때 목소리 크기가 7이면 인사할때는 3밖에 안되더라고요. 자유로운 분위기는 좋지만 그들...",10월29일 오후1시시간대 근무하는 남자~ 😱😡😱😱😡🤬👹 사람 기분 팍 상하게하는 재주 있는편인듯~~~~ 안 가면 그만이지 머?????이런곳에서 다시는 돈 쓰지 말자~~~~🤫🤮,파이도 맛있는데 금액도 괜찮구 포장을 너무 이쁘고 센스잇게(아이스팩까지ㄷㄷㄷ) 해주셔서 선물용으로 자주 사가 게 되는 찐맛집:) 물론 카페 인테리어도 넘 이뻐서 완전 포토존입니당ㅎㅎㅎ 오래 오래 팔아주세오 파이들ㅠㅠㅠ,아메리카노는 그냥그랬지만 파이맛집이네요. 특히나 오리지널 피칸파이 먹어본 중 최고였어요.,"홍대 한복판에 이렇게 큰 대형 카페가 있었다니요!!! 거기다 인테리어 분위기 음악도 최고!! 수제파이 전문으로 디저트 비주얼도 끝내주네요!! 달달부터 쌉쌀, 매콤까지 제대로 즐기고 갑니다~~ 사진찍기좋은 포토존도 너무 많아요!! 행복♡ 계절마다 분위기가 달라진다니.. 방문할 목적이 생기는 카페네요~",하... 너무 더워서 힘들었는데 카페 들어가자마자 시원해서 극악이었네요👍👍 그리고 인테리어 멋져요!! 완전 인스 타그래머블한 곳!! 사진 찍을 맛이 나더만유~~ 파이는 밀키초코와 딸기치즈케이크 파이 두 종류 먹었는데 둘 다 꾸 덕하고 맛있었어요! 최고~~ 크림브륄레라떼는 진짜 설탕 코팅 되어있더라고요ㅋㅋ 재밌고 달달해요. 레몬에...,지하 자리는 좀 불편하지만 케이크랑 음료 둘다 맛있어서 불편한 점은 잊었습니다! 그리고 직원분들도 친절하셨습니다!,"첫 방문이었는데, 연남동에 이런 대형카페가 있는 줄 몰랐어요! 카페 자체도 커서 좌석도 엄청 다양하고, 디저트 종 류도 많고, 하나같이 다 맛있어서 넘 좋았어요💜 투움바 파이는 포장해왔는데요! 짭짤하니 식사로도 충분할 정도로 맛있으면서 든든했어요. 양송이 버섯에 닭다리살이 들어간 파이라니!!!! 지하에는 식물원 처럼 꾸며진 공간도...","정말 맛있는 케익도 많고, 카페 내외부 분위기도 정말 좋더라구요. 커플, 친구 들과 좋은 시간내기 좋아 연남동 방문할때 들리면 좋을꺼같아요 분위기 케익 커피 갑 또 방문하고 싶어요~~",홍대수제파이 전문점답게 종류도맛고 맛도좋았습니다!!! 달달하고 아삭하고 버터바파이까지 같이 먹으니 최고 ! 선센레몬에이드 너무 시원하고 새콤달콤하고 제 입맛에 잘맞았습니다. 다음엔 아메리카노와 다른 파이와함께 즐기러 가겠습니다 🧡,인테리어도 진열된 디저트의 모습도 힙했다,파이맛집 왠일로 대기없이 들어갔어요 식사대용으로 먹기좋은 파이도 있어서 좋네요 커피도 디카페인있어서 좋아 용!!!,저녁에 갔는데 파이 찐맛집. 비가 그렇게 왔는데도 손님 많이 와서 다 팔렸더라고요ㅠㅠ 애플파이도 먹고싶었는데 다 팔려서 초콜릿 바나나 파이 먹었는데 도른놈... 진짜 너무 맛있어서 정신없이 먹었네요... 다음에 가서도 또 먹고싶어요ㅠㅠ 다음에는 애플파이 꼭 도전...!!
943 킹스크로스CAFE,1883832743.0,홍대에서 가까운 거리에 있는 카페 해리포터 컨셉이라해서 궁금해서 들린곳 층층마다 느낌있고 구경하는 재미가 있 었어요 위자드 버터 궁금해서 주문했는데 너무 달아서 먹다가 포기 캬라멜 마시는 느낌 달달이 좋아하시는분께 추 천 내국인보다 외국인이 더 많이 찾아오는 곳~~ 옷도 입고 찍는 포토존도 있어 재미난곳,해리포터 팬이라면 필수방문 카페일것 같습니다! 해외 관광객들고 많았고 층마다 이동하며 사진찍을수 있어 좋았어 요. 지하1층~3층까지 이용 가능해서 주말임에도 자리걱정없이 입장 가능하지 싶습니다. 달달한 음료 마시며 지인들 과 달달한 시간 보내고 왔습니다!,해리포터 덕후들을 위한 카페인데 저작권때문에 해리포터는 존재하지 않는…. 그래도 마법사 테마 카페라는 특별한 컨셉 덕분에 저는 만족스럽게 즐기고 왔습니당ㅎㅎ 건물 통채로 사용하는거라 사진찍을것도 많아요! 근데 층수를 올라갈수록 퀄이 좀 떨어지고 관리가 덜 되는 느낌이 있었어요😢 음료도 비주얼은 좋은데 위자드버터는 너...,"해리포터 컨셉이라는 킹스크로스에 처음 방문해봤습니다. 슬슬 10월말과 연말이 다가오고 있어서 그런지 할로윈과 크리스마스 장식들을 해놓고 있었습니다. 현재 1-4층만 이용이 가능했고, 평일 저녁이라 그런지 한적했는데 그래도 외국인들에게 많이 알려졌는지 외국인손님들이 꽤 방문을 많이 했습니다. 버터맥주를 주문했는데, 사진 찍느...",1층부터 4층까지가 모두 해리포터 테마로 꾸며져 있네요 포토존이 가득이라 사진 찍는 거가 너무 즐겁고 커피가 생 각보다 맛있어서 깜짝 놀랬어요! 음료 나오는 시간이 좀 늦긴 하지만 한참 놀다보면 진동벨이 울립니다 ㅋㅋㅋ 외국 인들이 엄청 많네요 신기해요!,"쇼콜라가 넘 딱딱해서 아쉽긴 한데 맛있었어요 ㅎㅎ 분위기 너무 좋고 해리포터, 마법사 좋아하는 분들에게 딱입니다! 데이트로도 좋아요",해리포터 컨셉 너무 예쁘네요 ㅎㅎ 웨이팅 좀 있긴 한데  한번쯤 들려보기 좋은 곳이에요!  아기자기해서 볼거리도 많아요 굿굿,"홍대 해리포터까페 943킹스크로스~ 이색까페라 엄청 기대기대ㅎ 지하부터 4층까지 잘 꾸며놓아 사진찍기에 아주 좋다. 음료는 위자드초콜릿과 꾀병스무디,드래곤블러드 주문! 달지않고 맛있는 초콜릿 맛에 초코모자가 상당히 이 쁘다~아이들이 좋아하는 젤리빈과 젤리가 올라간 소다맛 스무디와 딸기만 음료~ 맛도좋고 보기에도 이쁘고~...",초등고학년 딸이랑 같이갔는데 너무좋아했어요 해리포터 옷도 입어보고 사진도 많이 찍어왔어요 층마다 구경하는  재미가 있네요,해리포터 덕후 초딩딸과 함께 오래전부터 오고싶던곳~! 목요일 평일 늦은오후 생각보다 한가로와 웨이팅 없이 바로  주문 신나게 사진찍고 즐기고 있어요. 젤리와 초콜릿모자 토핑 음료로 우리딸 행복해집니다 ㅋㅋ,"해리포터 좋아하는 초등딸아이와 함께 왔는데 너무 즐거워하네요. 층마다 테마별로 만들어놔서 여기저기 사진찍을 곳이 많아 재밌어요..시간가는줄 모르고 있다가네요...꾀병스무디,위자드 그린티 마셨어요...데코 너무 귀여운거아닌가요..조금 달긴하지만 눈으로 입으로 즐기면서 마셨어요..딸아이가 다음에 또 오고싶다네요",특색있고 재미있는 공간이었어요. 해리포터를 좋아하는 조카가 특히 좋아했고 사진찍기 재미있는 곳이었답니다. 하 지만 겁많은 저희 딸은 무섭다고 1층과 4층만 그래도 좀 안무서웠다고 하네요. 아이가 겁이 좀 많다면 4층이 밝은 분 위기라 이 곳이 제일 앉아있기 괜찮을 것 같아요. 입장료가 포함 된 음료 가격이라 가격은 좀 있지만 그래도 ...,분위기도 이쁘고 좋아요! 즐거운 시간 보냈습니다!,"사진찍을 곳이 많고, 재밌어요! 해리포터 좋아하는 사람이라 와야지 와야지 하다 이 쪽 올일이 있어서 방문했는데 너 무 만족하고 갑니다. 직원분들도 친절하셔요~~~! 가격이 좀 있지만 가격값을 합니다~",해리포터 왕팬이라 가봤습니다. 층별로 컨셉에 맞게 잘 꾸며져있고 4층에서는 기숙사별 교복도 입어볼 수 있어서 신선했어요.,해리포터 컨셉에 충실한 테마카페였어요! 포토존도 많아서 사진도 너무 잘 나오고 작품을 너무 좋아하는 사람으로서 이곳에 오니 애정이 뿜뿜하게 되네요. 즐거운 시간 보내다갑니다!,"초등아이들과 함께 방문해서 즐거운 시간보냈어요. 몇 달 전 유니버셜 스튜디오 다녀왔지만 또 그거랑 다른 재미가 있어요. 특히 4층에 있는 사진 꼭 찍으시고 영상 다운받으세요! 4컷,2컷 다 찍어봤는데 인생네컷과 달리 멀찍이 찍는 거라 2컷이 훨씬 멋있어요. 다운받은 영상은 해리포터 속 움직이는 액자와 비슷한 효과가 나서 소장가치 있...",오전에 방문했더니 사람이 많지 않아 사진찍기에 좋았어요! 조금 가격대가 있는편이지만 포토존이나 해리포터 분위기를 좋아하신다면 이벤트처럼 오기에 괜찮을 거 같아요. 음료도 무난무난 괜찮아요!!,"기대 안하고 갔는데 포토존도 많고, 음료도 맛있었습니다.  대화하기 좋은 좌석과 분위기라 즐거운시간 보냈던 것 같습니다. 또 방문할게요",입장료가 음료에 포함되어있어요! 층별로 테마 잘꾸며놓았어요! 꼭 오고싶었는데 상상이상이라 넘좋네요♡ 해리포터덕후들은 꼭오세요😆,카페 검색하고 특이해서 가보고 싶어서 와봤어용ㅎㅈ,분위기도좋고 음료도 너무맛있어요~ 웨이팅 없이 바로먹을수잇어서 더 좋았어요  분위기 쨩!!,해리포터덕후라면 누구나 가보고싶은카페! 컨셉카페치고는 음식도 먹을만한 편이에요! 사진찍기 좋은 곳입니다!ㅎㅎ,"서울 여행 첫날, 서울 와야 갈수있는 해리포터 카페 인테리어도 멋지고 해리포터 좋아하시는 분들께는 너무 좋은곳 인거 같아요👍🏻",인테리어 너무 본격적이구 예뻐요ㅠㅠ 디저트도 진짜 이뻐욤 꼭 방문해보시길...!,음료가 너무 멋지게 나와서 마시기 아까울정도^^ 해리포터 좋아하는 아들램이랑 같이 갔는데~ 아들램이 너무 좋아 해서 저도 좋았어요♡ 사진찍을 수 있는 포토죤도 많고 구경하는 재미도 솔솔😆,예쁘고 좋아여 비싸긴 한데 낟밷 음료가 좀 많이 달다는 후기가 많은데 좀 딜긴 해요 ㅠ,초등 생활이 마지막인 아이들과 즐거운 추억을 만들수 있는곳이에요! 해리포터를 좋아하는 아이들은 꼭 한번 오기를 강추합니다!,해리포터 테마카페에요 분위기 좋고 사진찍기 좋아요 소시지랑 빵도 맛있어요,해덕이라면 누구나 좋아할만한 공간이에요 배경음악부터 해리포터 연회장이 떠오르는 ㅎㅎ곳곳이 사진 스팟이어서 시간보내기 정말 좋아요,한번쯤 와보는거 좋아요!~ 이색 데이트랄까요 ^^*,해리포터를 좋아한다면 버터비어와 드래곤레그 먹으러오세요~~ 공간마다 연말 해리포터속 분위기 낭낭 좋아용!!!,주말에 아이들과 같이 왔어요. 아이들이 좋아하는 해리포터카페♥️ 아이들뿐만 아니라 저도 즐겁게 구경할 수 있네요 ~ 음식도 세트메뉴 주문하니 크게 부담되지 않은 것 같아요~ 재미있는 경험입니다~,맥주도 바로 나오고 가게 분위기도 시즌에 맞춰 이쁘게 꾸며져 있어서 놀러오기 좋았습니다 다음에도 방문하고 싶어요,마법 좋아하는 어린이랑 왔어요. 음료도 특색있고 아이가 마시고 싶어하는 딸기쥬스인 ’드래곤 블러드‘가 7세 미만에게는 할인도 되어서 넘 좋네요! 인테리어도 이 세계관에 흠뻑 빠질 수 있게 되어있어 즐거운 시간 보냈어요,해리포터 너무 좋아하는데 귀여운 메뉴도 있고 옷도 입어 볼 수 있고 너무 재밌고 특별한 추억 만들었어요 꾀병스무 딬ㅋㅋㅋㅋ 꾀병스무디랑 버터맥주는 필수>_<,해리포터 좋아하시는분들께 추천드려요  외국인들도 많이오는 이색데이트 카페입니다,기대했던 만큼은 아니였지만 친구는 좋아했어요,아쥬 멋진곳이에요 일요일 저녁에갔는데 한적하고 조용히 머물다 갈수있었어요 음료는 많이 달지만 전 단게 조아요~~지하부터 4충까지 볼게 넘 많아요 전 4층이 젤 조아요,멋진 분위기를 즐길수있어요 해리포터 재미있게 보신분이면 재미있는 시간을 보낼수 있어요😊,해리포터 컨셉이 멋있어요❤️ 커피한잔당 만원이라 가격이 조금 아쉬워요,해리포터 컨셉의 카페 ~! 지하는 무서웠어요 !,가성비 오지게 별로임........... 그린티 라떼.... 무슨 독인줄...ㅋㅋㅋㅋㅋ 그린티라떼인지 흙더미 같은 초코가루?만 한 가득ㅋㅋㅋㅋㅋㅋㅋㅋㅋ 친구는 망고 에이드 시켰는데...ㅋ.. 그냥 에이드에 망고 젤리 같은게 풍덩...? 퓨레라고 하 긴하는데... 인테리어도 외관에 비해 실망이고...진짜 별거 없음ㅠㅠㅠㅠㅠㅠ 썰렁하고 천장도 낮아서 무슨 반...,우선 갑자기 마법사학교 입학한 느낌 그리고 지하1층부터 4층까지 보는 재미가있고요 주말인데 자리가 생각보다 많 았어요 커피도 막 좋은건 아니여도 커피맛났고요 무엇보다 시원했어요 이게 최고임👍 포켓몬고는 스탑3개인 포세 권! 마침 미뇽이 2마리 나왔네요 미뇽잡으러 갑니다 이만👋 추가 - 역시 마법학교인가… 포켓몬카드 깠는데 ...,"쾌적하고, 자리도 꽤 많아서 (2층-카페느낌/3층-푸드코트 느낌/4층-제일 컨셉이 잡혀있는 곳) 좋았어요:) 해리포터 느낌 좋아하는 초등학생 동생들이 너무 좋아하더라구용 ㅎㅎdragon leg 맛있네요 추천합니다-!",음료가 입장료 포함해서 비싸지만 해리포터 좋아하는 덕후들이라면 한번 쯤 꼭 가볼만하답니다  층 마다 테마가 달라서 인테리어 구경하는 재미와 사진찍는 재미가 쏠쏠하고 외국인 관광객들이 대다수 입니다! 꼭 한번 와볼만한 테마카페에요 헤헤,해리포터 덕후로서 볼 것도 많고 재밌었어요! 컨셉 굳!!,해리포터 덕후라면 한번쯤은 들려야 할 곳잇거 같아요~좋은 추억 남기고갑니다,생각했던것보다 너무 괜아요~~ 아이와 함께 왔는데 너무 좋네여,다양한 소품들이 많아서 보는 재밌고 층 장소마다 테마가 달라서 너무 신기해요!! 한번 와 볼만한 곳!! 저는 좀 어두 운 지하가 시원하고 좋더라구요 엄청 시끄럽지도 않습니다! 근데 입장료가 음료값에 포함되어 있어서 경험삼아 좋 았다? ㅎㅎ 젤리 좋아하시면 리뷰 쓰고 젤리빈 받아보세요!,헤리포터속에 들어온 느낌이예요ㅎ너무 신선하고 메뉴도 장소도 잼있어요!ㅎ,해리포터 팬이라면 꼭 방문해야할 카페입니다 !!!! 해리포터 영화 속에 있는 듯한 착각을 줄 정도로 너무 잘 꾸며진 카페에용 !! 버터크림 맥주도 넘 맛잇게 마셧어용 가격대가 좀 있지만 ㅎ그만큼 즐길거리가 많아서 전 만족했습니다,타지에서 놀러왔는데 이색적인거 끝판왕이에요 ㅋㅋㅋㅋㅋㅋㅋ 해리포터덕후아니여도 좋아요 ㅋㅋ 가격대는좀있지만 아깝지않음,"날이 너무 더워서 우연히 들어왔는데, 멀리서 일부러 찾아온 외국인 손님도 사진찍느라 바쁘고 콜드브루 라떼도 맛 있네요! 해리포터 테마의 카페중에 제일 정교하고 분위기도 좋은 것 같아요😄 직원분들의 친절함까지 완벽..!!",친구가 찾아서 와봤는대 음료도 너무 맛있고 데코도 너무 예뻤어요! 해포 덕후면 무조건 와야할 것 같이 인테리어도 너무 잘 되어 있었습니다! 4층에 크리스마스 트리도 너무 예뻤습니다!,해리포터 좋아하는 아이에게 최고의 장소입니다 ^^ 사진찍기도 너무 좋구요. 특별한 음료도 정말 좋아하네요~ 음료 주문시에 대기가 좀 있었지만 싹 잊혀졌어요!!,해리포터케이크 사러왔는데 인테리어가 너무 멋짐요 해리포터그잡채,해리포터 테마 까페. 초등하교 아이들이 딱 좋아할 장소입니다. 입장로 포함이라 약간 비싸지만 독특한 메뉴들이 있습니다. 아이들과 방학때 한번 가보세요,위저드 버터는 머리가 깨질정도로 달다고 했고요 버터맥주는 달달하니 맛있었지만 폭발비슷하게 해서 옷에 묻었어 요 ㅋㅋㅋㅋㅋ 줄서서 주문하고 진동벨들고 지하1층부터 4층까지 돌면서 앉고싶은 자리 잡아서 앉아서 기다렸어요 ㅎ 노래가 듣고있다보면 해리포터 배경음악처럼 박진감넘치는 음악이 나옵니다 외쿡인들도 많고 군데군데 ...,943킹스크로스카페 재미있고 분위기있는 카페네요,해리포터를 좋아하는 아이가 있는 가족이라면 꼭 와봐야 하는 곳이라 추천드립니다~~,카페 분위기가 너무 좋아요! 음식 값이 조금 나가지만 입장료라고 생각하면 싼 편입니다. 둘이서 식사메뉴 하나 차 하나 시켰는데 배부르게 먹고도 남았어요!,딸기크림이 들어있는 포터 케익 넘 맛있어요,구경하고 사진찍고 재밌어요😀,여기 오려고 한시간이나 지하철 타고 왔네요~ 메뉴도 특별하고. 인테리어도 넘 이뻐서 꼭 와볼 만한 곳인거 같아요~~,테마가 많고 독특해요! 처음 오면 재밌게 즐길 수 있을 것 같아요,언니들과 생맥주와 음료를 같이 마실수있는곳을 찾다가 가게되었어요 ~ 건물이 유럽풍이구 인테리어도 층마다 틀리네요~ 가격이 좀 비싸긴한데 그만큼 자리에서 편하게 이야기하고 즐거운 시간보냈어요~^^,해리포터 좋아하는아이들이라 너무신기하고 재밌어했어요. 층마다 컨셉도있고 음료도맛있어서 돈이안아깝네요,분위기 미쳤다!! 음료 가격은 사악하지만 즐길 것이 많이 돈이 안 아까운 곳! 자세한 리뷰는 아래 블로그에 남겼습니다 https://m.blog.naver.com/hyeoni0o0/223256338209,분위기 짱 좋았고 음료도 맛있어서 좋았어요! 재방문할생각임다❤️❤️,특유의 분위기가 있어서 멋있어요. 해리포터를 좋아하는 딸이 너무 좋아하네요♡음료도 특별해요!!,여름방학 아이와 가기 좋은 곳 추천해요~해리포터를 좋아하는 아이라면 더더욱 강추합니다^^ 각 층마다 분위기가  달라서 사진찍기 좋고 음료수도 달달하니 맛나요~ 줄은 좀 기다렸지만 아이가 만족해서 저도 만족합니다^^,오픈런 수준이라 사람이 없었어요 외국인들이 많이 오는 것 같아요 Server here is extremely bad-mannered. Be prepared!,딸아이가 가자고 노래불러서 온곳~~ 특별하고 재미 있네요,해리포터 분위기를 느낄 수 있어서 재밌고 좋았어요! 각 층마다 컨셉이 달라서 컨셉별로 구경하는 재미도 있고 음료도 맛있지만 특히 위자드쇼콜라에 장식되어있는 초콜렛 모자가 귀엽네요 ㅎㅎ 아이들이 와도 즐겁게 구경 할 수 있을 것 같아요~,아이와 정말 즐거운 시간 보냈습니다. 가족들이 함께 할 수 있는 이런 공간이 있어 정밀 감사하네요.:),인테리어가 너무예뻐요 오픈시간 맞춰서가면 사람들없어서 편하게놀수있어용 음료랑 디저트는 쏘쏘했어요 !,꾀병스무디 애들이 너무너무좋아해요^^당충전최고~~~커피도맛있고^^ 사진도 너무 예쁘게나오네요~~~사업 번창하세요~~,해리포터 좋아해서 해리포터 카페 왔는데 사진 찍을곳도 많고 넘 이뿌네요!!,2번째 방문이예요. 캐나다에서 지인 가족이 와서 데리고 왔네요^^ 아이들 너무 좋아해요. 그리고 이번엔 다른 음료 주문했어요. 사진찍기는 여전히 좋아요^^ 음료도 다 맛있고요. 리뷰쓰면 젤리빈도 받을 수 있어요^^,해리포터 느낌 물씬 나고 좋아요~~ㅎㅎ 평일 낮에 와서 사람도 많이 없었어요!!,너무 이쁘고 친절해요 에어컨 안틀어져서 더웠는데 말하자말자 틀어주셔서 시원하게 있을 수 있었어요. 사람이 많 아서 좌석이 많은데도 자리가 없는데 그래도 회전율 높아서 금방 앉을 수 있어요. 너무 잘 보고갑니다.,인테리어 대박이에요!! 포토존에서 옷 빌려서 사진도 찍을 수 있어요~ 음료가 맛있진 않지만 비주얼이 예쁘고 입장료 포함이라 비싸지 않아요,컨셉이 확실하고 재밌는 볼거리랑 포토존이 많아요! 놀고 가기 좋습니당~,해리포터 좋아하시는 분이라면 방문 추천합니다! 인테리어도 괜찮고 포토 스팟이 많아서 사진 남기기 좋습니다:) 시그니쳐 음료도 맛있습니다😋,옷 입고 사진도 찍을 수 있고 분위기가 너무 좋아요! 해리포터 좋아하면 강추!,가격이 좀 비싸지만 입장료라 생각하고 재밌게 사진찍으며 놀았어요!ㅎㅎ 음료는 많이 단 편이네요~,해리포터 좋아해서 왔는데 인테리어 느낌만 낸거 같아서 아쉬웠는데 그래도 사진 찍기 좋았어요. 특히 4층에 옷 입고 사진 찍을 수 있어서 좋았어요.,"예전엔 입장료개념이없었던것 같은데, 메뉴 가격이 통일됐네요. 인테리어 잘해놔서 특이한 카페 가고싶을때 들르기  좋긴한데 음료가 너무 늦게 나오고 동선이 좋지 않아요",드래곤플레이트 아이들이 좋아하네요,해리포터 영화가 생각나는 멋진인테리어에 깜놀했어요~^^ 눈도 즐거운 메뉴도 있어서 아이와 맛나게 먹고 갑니다.,인테리어들이 이쁘게 되있어서 사진찍기 너무좋어요! 위에 인생네컷처럼 따로 사진뽑는것두 있어서 넘좋구 망토걸 치는것도 신기해서 입고 사진찍으며 놀았네욤ㅎㅎ음료도 너무너무 맛있어여 그리구 1층에 빨간색으로된 음료수 넘 맛나용 따로인터넷엔 없는 자체제작음료수인지ㅠㅠㅠ몇개씩더살껄 후회되네요 담에 언제가될진 모르지만 ...,신기한 음료수가 있고 진짜 해리포터 영화에서 보일법한 인테리어가 잇어서 사진 남기기도 좋아요🤭,아이랑 왔는데 분위기가 신기해서 좋아하네요 ^^,공간도 넓고 잘 꾸며져있어서 구경하는 재미가 있었어요!,홍대에 놀러가서 들린 킹스크로스 카페 해리포터 세계관을 좋아 하는 분들은 한번 가볼만해요,해리포토를 너무 좋아해서 방문했습니다! 외관과는 다르게 해리포터보다는 뭔가 할로윈+크리스마스 느낌인 것 같 아요. 주문받으시는 분이 불친절하셔서 좀.. 기분이 좋지는 않았어요 해리포터 케이크는 생각보다는 맛있었습니다.,"해리포터 팬이라면 가볼만함. 분위기는 spooky, but 음료가 too sweet",아이들이 해리포터를 좋아해서 왔는데 분위기가 너무 좋네요. 큰 지팡이에서 사진도 찍고 이색 음료수도 먹고 해리 포터를 조금이나마 느낄수 있어서 너무 좋았어요.,카페가 이뻐요~ 옷도 입어볼 수 있어요,해리포터 좋아하는 조카들과 즐거운 시간 보내고 갑니다.,엄청 이뻐요!! 음료도 맛있고 또 올것같아요 !,해리포터 좋아하는 아이들과 함께왔는데 넘 좋아해요 해리포터 옷입고 사진찍을수도 있어서 좋아요,해리포터팬이라 처음엔 라이센스 이유로 반감이 좀 있어서 안갔다가 이번에 가보게 됐어요. 확실히 해덕이 전세계 적으로 있어서 그런지 외국인 손님이 많습니다. 해리포터 느낌의 카페이긴 한데 그렇다고 해리포터 테마카페라고 하기엔 아쉬움이 많은 해리포터st 카페에요. 소팅햇이 올라간 음료가 가장 해리포터스러워서 시키긴 했는데 ...,분위기도 좋고 해리포터 덕후 딸이 넘 좋아하네요. 외국인이 더 많은 핫플이에요💕,몇번 방문 했지만 인테리어 멋져요 근데 바쁘신거는 아는데 직원분들중에 좀 불친절한 분도 계시더라고요 안바쁠때에도 뭐 물어보기 눈치 보였네요,분위기 완전좋아요! 그치만 가격이 쫌 비싸용... 그래도 입장료랑 음료 가격이면 나름 요즘물가치곤 괜찮은듯! 어두우니 조심!,해리포터를 좋아하는 우리 딸을 위해 왔어요. 음료도 예쁘게 세팅을 해주시네요. 다시 와도 좋을 듯 해요^^,외국인 친구들 놀러올 때마다 데리고 가는 해리포터 테마카페!!! 버터맥주는 전과 다르게 안 녹는 크림이 들어가서 맥주 마시는데 어려움이 있었지만 맛있긴 맛있습니당 ㅋㅋ 컨셉 하나는 확실한 943! 비싼만큼 재미지네요 늘 ㅋㅋ,자주 오고싶은곳입니다
일쩜오플로어,38015815.0,"미쳐땅….👍🏻 가격이 비싸서 처음에는 흠칫, 머뭇 거릴 수 있으나 크기도 안에 들어가는 과일양과 퀄 그리고 맛까지 느끼다보면 일반적인 조각 케이크나 큰 홀케이크 보다 훠어어어얼씬 훌륭합니다♥️🫨👍🏻 한조각 실물이 사진보다 진 짜 커요! 과일이 다양해서 먹을때마다 음음 소리가 절로 나옵니다!! 진짜 또가야지…보물을 발견한 이 기분? ...","생각했던 것보다 롤이 엄청 커서 놀랐어요! 후르츠롤 포장해와서 먹었어요 메론, 귤, 용과, 망고, 딸기, 샤인머스켓이  한가득 들어갔어요!!! 재방문의사 100%",중딩 아이 서울로 디저트사러가는걸 평소에도 좋아해요. 수학여행간김에 디저트를 한가득 사가지고 왔네요.ㅎㅎ 맛있대요.ㅎㅎ 잘먹었습니다. 디저트때문에 서울로 이사가자고 할판이예요.ㅎㅎㅎ,과일이 통으로 가득가득 들어있어 너무 좋았고 맛도 엄청 단맛은 아니라 물리는게 덜했어요 다만 크림이 과일에 비 해 좀 부족해서 퍽퍽하게 느껴지더라구요 과일을 크림에 찍어먹는 느낌이랄까요 바쁜 와중에도 사장님이신지 직원 분이신지 엄청 친절하세요~,대왕 후루츠 롤크레이프🍈 과일이 듬뿍이라 과일 먹고 싶을때 롤크레이프 사먹을래요~~ 크림이 느끼하지 않아서 커피나 우유 없어도 술술 들어가요.. 두명이서 하나 나눠먹으니 식후 디저트로 좋아요! 다른 맛도 궁금해서 또 갈게요😽,"1) 망고샤인 먹었습니다 처음에 망고 먹고 너무 셔서 뱉었습니다 썩은줄 알았습니다,, 샤인도 그저그런맛 빵과 크 림은 무난하네요 과일빼고 골라먹었습니다 2) 헤이즐넛슈패너 위에 가루 비쥬얼 충격에 헤즐넛향이랑 슈패너 크림,  커피랑 따로 놀아서 먹기 힘들었습니다🤮 광고 사진 조심하세요.",케이크 가격이 왜그래 하지만 양과 비주얼을 보면 인정할만한 가격 적당히 단 맛에 가득 찬 과일들이 들어있음 크레 이프가 쌓여져있어서 취향저격임 커피랑 딱 먹으면 적당함,"하나에 9,500원이면 비싸다고 생각했는데 실제로 보면 가성비 갑이에요! 크기도 엄청 크고 과일 짱 많이 들어가요🍓🍊🥭",맛을 기대했는데 무화과만 맛있었다. 피스타치오크림과는 영 내 취향이 아님...ㅠ,비주얼 대박디저트ㅋㅋㅋ맛있어요:),체리초코롤크레이프 먹었는데 크림 하나도 안느끼하고 안에 과자도씹히고 맛있어요 ㅎㅎ 에이드 추천이용!,무화과 롤크레이프 맛있어요,여기 진짜 맛있어요 !!!!! 크레이프롤이 생각보다 되게 큰데 생각보다 안달아서 안물리더라구요ㅎㅎㅎ 넘 잘먹었습니당♡,첫 방문인데 너무 친절하시고 선물용 빼빼로도 너무 귀여워요ㅠ,유튜브에서 보고 폭력적인 비쥬얼에 감탄을 금치 못했는데 맛은 비쥬얼을 따라가지 못한... 과일의 당도는 좋았으나  크림이 먹을수록 입안이 기름기로 코팅되고 느끼해서 간신히 먹었어요. 아아와 함께먹으니 크림이 입안에서 녹지못 하고 막을 만들어서 갈수록 먹기가 힘들더라구요ㅠㅠ 마카롱을 못먹어봐서 궁금하긴합니다. 직원분들은 정...,포장이 꼼꼼해서 집까지 무사히 잘 왔구 너무 맛있네용 크림이 하나도 안느끼하고 고소하고 과일 아삭아삭 너무 신선해요❤️,생크림롤에 생크림이 식물성이긴한데 과일이 많고 과즙터져서 느끼함 잡아준 케이크는 평범하고 롤이 더 특색있는듯 매장안 4~5팀만 가능해서 먹고가려면 타이밍 잘 맞추시길,후르츠롤크레이프 너무 맛있어요 부모님이랑 오빠가 단거 안좋아하는데 이케이크는 맛있게 먹었어요 단거 안좋아 하시는 부모님 생일케이크로 딱이에요,진짜 너무 좁은데 너무 맛있었어용ㅎ,여름되면 생각날 거 같음 담에는 초코 도전!,와 여기 크레이프케이크 진짜 대박이에요ㅠㅠㅠㅠ 가격만 봤을 땐 넘 비싸다고 생각했는데 크기보니까... 와우 ㅋㅋ ㅋㅋㅋㅋㅋ 복숭아 크레이프케이크 시켰는데 복숭아도 정말 많이 들어있고 진짜 맛있어요ㅠㅠㅠㅠㅠㅠ 담에는 다 른거 먹어볼거예요 기본 케이크도 크기 진짜 크고 위에 과일 듬뿍 올려져있어요. 하ㅏㅏ 둘이서 크레이프케이...,수년 전부터 너무 만족하며 간 곳입니다 디저트 완전 맛있고  케이크도 짱 맛있어요,두번째 방문만에 드디어 자리가 있어서 먹어 볼 수 있게 되었습니다 매장에는 그렇게 편하지는 않은 조그만 두 테이 블과 매장 밖에 조그많게 두 테이블까지해서 총 4테이블 정도로 매우 협소해서 운이 좋아야 자리를 겟할수 있더라구 요... 마카롱과 케익 그리고 인스타에서 핫한 롤케익까지 파는데 다양한 종류의 롤케익이 있었고 말차딸기롤...,후르츠롤크레이프로 입덕한 일쩜오플로어. 딸기치즈롤크레이프랑 초코딸기롤크레이프도 먹어봤는데 다 맛있어요. 크레이프 안에 들어있는 과일도 정말 싱싱하고 크림도 부담스럽지 않아서 좋습니다!,가게는 아주 좁지만 디저트는 정말 맛있어요!  재방문 의사 있습니다 :),케이크가 생각보다 엄청 큽니다 과일도 신선했고요,거의 한달만에 또 왔는데 가격이 쎄긴해요 ㅎㅎ;,정말 디저트가 예쁘고 맛있는 곳이에요🧡,"<주문한 메뉴> - 아이스 아메리카노 5,000원 - 아이스 바닐라 카페라떼 5,800원 - 초코딸기케이크 롤크레이프 8,800 원 인스타에서 롤크레이프 보고 맛있어 보여서 다녀왔는데, 매장이 생각보다 협소하더라구요 .. 😅 그래도 날씨가  좋아서 테라스에서 먹었어요 🙋🏻‍♀️ 크레이프에 딸기도 달달하고 커피도 무난하게 맛있었어요!",생각보다 과일이 다채롭고 많아서 좋앗어용 매장은 정말 작으니 포장해서 드시는걸 추천ㅠㅠ 시끄러운거 싫어하시는 분들은 매장식사는 비추천입니당ㅎㅎ,매번 유튜브로 보고 궁금해서 왔는데 설명도 친절하셔요,정식 명칭은 기억ㅇㅣ 안나는데 여기 마카롱도 진짜 맛있고 크레이프도 진짜 맛있어요!! 커피는 산미가 없는 고소한 원두이고 전체적으로 양도 많고 너무 달지않고 맛있어요! 매장은 테이블이 2개/테라스에2개 있는데 포장도 추천! 크레이프는 생각보다 엄청 커서 놀랐어요! 연남동 방문 시 꼭 드셔보시길..!!강추!,유튜브보고 못참고 찾아간곳인데 ㅎㅎ 진짜 실물도 최고였어요..🙊🔥 제가 선택한 후르츠롤크레이프는 생각보다 맛이 막 특별하진 않았지만 그래도 여러가지 과일을 함께 맛볼 수 있어 좋았고 마카롱은 크림이 조금 느끼한 편이었 지만 비주얼만큼은 최고였어요 ㅎㅎ👍 낮에 사러가서 좀 늦게 먹을 수도 있을것같다 하니 보냉신경써주시고...,리오픈후 매장내 편하게 이용할수있눈 테이블좌석이 생겨서 너뮤 죠아요!!! 디저트는 여전히 짱짱맛bb,밥먹고 배불러서 후식 못먹을줄 알았는데 잘들어가네요 너무 맛있어👍🏻,주말에 방문했더니 웨이팅이 있더라구요 ! 가게가 협소해서 수용인원이 많은 편이 아니라 3-40분 기다렸던 거 같아 요 포장하시는 분들도 많았음 ! 크레이프케이크는 접시가 작아서 잘라먹기 좀 불편했아요ㅜ 그리고 살짝 의문인게 마카롱 같은 건 비닐포장이 되어있으니까 상자포장시 추가금액이 발생할 수 있다고 생각하는데 케이크는 왜 ...,락앤락에 포장 보냉백에 담아와서 다음날 먹었는데 좀... 무슨맛일까 싶었어요. 구매 당일 아니면 가게에서 먹어야 맛있나봐요,1.5floor 저번에 처음 먹고 잊을 수 없어서 왕복 2시간 넘게 걸려서 사왔어요 아직 집 가는 중이지만... 맛있게 먹을께요ㅠㅠ,넘맛있어요...,"케이크를 생과일로 만드니 너무 맛있습니다. 커피도 브랜드 커피보다 훨씬 맛있어요. 다만, 연남동 대부분의 가게가 그렇듯 공간이 넓지 않아서 자리가 없을 수 있어요~",크레이프케이크 한 번 꼭 먹어보고 싶어서 방문했어요. 매장엔 테이블 2개 있고 협소해서 테이크아웃 위주더라구요. 크레이프케이크 한 번쯤 먹어볼만 한 것 같아요. 크림이랑 딸기가 맛있었어요!! 매장에서 먹으면 1인 1음료 주문이에요. 아메리카노 산미가 없어서 맛있었어요.,🎉,딸기가가득한크레이프케익너무맛있어요꽉차는맛입니다 아아양도엄청많아요 다른메뉴들도궁금해서재방문해봐야겠어요,또 가고 또 간 집,예전부터 가보고 싶은 곳이라서 드디어 마음 먹고 갔는데 일단 테이블이 실내에 4개 야외에 2개 있는데 가게 자체가 작아서 먹고 가기는 그렇고 항상 테이크아웃으로 가져가야할 거 같더라구요ㅠ 그래도 마카롱이랑 빵은 맛있었어요!!! 솔직히 빵 보고 간건데 빵은 너무 달았고...마카롱이 더 맛있었어요ㅎㅎ..,🎉,과일이 가득 들어있고 크림이 후루룩 들어갑니돠 🤤,사진은 잘 못찍었지만🥲 진짜 맛있고 케이크 디자인이 특이해요ㅎㅎㅎ 두번째방문인데 과일 시즌별로 올거같은 느낌ㅎㅎ,양평에서 쉬는 날 피해서 온다고 벼르고 벼러서왔어요 !!! 그래도 사장님의 배려로 잘. 사서 가요 ~~ 역시 사딤하고 쪽같은 비쥬얼이라 넘 안심 하고 가요 ^^  두시간 비를 뚫고 온 보람이있습니다,연남 오면 꼭 들러야 하는 디저트집🍨 초코딸기롤크레이프는 초코칩이 씹히는게 아주 극락입니다🍪,📍포장 전문 매장이라 매장 내 테이블이 협소하고 테이블이 두개라서 금방 자리가 찹니다-! 앞에 한팀 있고 20분정 도 웨이팅 후에 앉았습니다 📍전날 인스타에서 미리 예약하면 담날 시간 지정해서 픽업 가능하더라구요! 참고해주 세요🥰 👉🏻8800원짜리 과일 가득한 롤크레이프라니 원래같았으면 비싸다며 뒷목잡고 넘어갔을 가격인데 친...,인스타에서 사진보고 킵해둔 곳이에요! 빨리 소진되는 것 같아서 걱정했는데 요새는 낭낭하게 만들어 두시는 것 같 아요! 주중 저녁 8시쯤 갔지만 종류별로 있었어요! 포장 전문인지 테이블은 정말 간이테이블로 2개 있어요! 매장에 서 취식하려면 웨이팅을 감수해야해요. 롤크레이프는 많이 달지 않고 적당해요! 포크가 플라스틱이라서 크레...,제가 방문할수있는날은 오픈하지않아 어렵게 겨우 날짜가 맞아서 맛본~ 크림이 느끼하지않고 크레이프가 평범하지 않은 진짜 맛집이에요 재방문 의사 100%,매장은 깔끔하지만 테이블이 2개 밖에 없어요 하지만 테이크아웃 하면 아메리카노가 할인 돼서좋구요.ᐟ 포크도 챙겨 주셔서 날씨 좋은 밖에서 맛있게 먹었어요,지인짜 맛있었어요 ♥️ 웨이팅 설 수 있음 ㅠㅠ 🩷🩷,포장해와서 먹음. 진짜 딸기가 엄청많고 크레이프케이크가 롤 크레이프케이크라니 독특했고 이쁘고 맛있었다,마지막 하나 남은 후르츠롤크레이프케이크 포장해서 먹었어요. 과일 신선도와 당도가 끝내주네요. 무슨 케이크 안에 귤이 들었냐고 했는데 아주 탱글탱글하면서 달콤한 과즙에 바로 여물었습니다. 다른 메뉴들도 너무 궁금하네요!,너무 맛있어요…ㅠㅠ,우선은 출입구 옆에 취식이 가능한 좌석이 2자리가 있긴 합니다만.. 서로 간격이 너무 딱 붙어있기도 하고 매장을 오 가시는 손님들과 아이컨택을 계속 하게 될 수 있으니 웬만하면 포장해 가시는 것을 추천합니다. 화려한 뚱카롱과 롤 크레이프 케이크를 판매하는 곳이에요. 미니 케이크도 판매하시는데 이 날 라인업에 없어서 구매하지 못했네...,🎉,좋아요,굿,굿,굿,신나는 디저트파티...♡ 너무맛있어요,체고예요...체고다....짱이다....,매장에서 먹고 오려고 했는데 자리가 없어서 아쉽지만 그래도 딸기치즈 롤크레이프가 있어서 포장해왔습니다! 포장해와서 먹는데도 존맛ㅠ 너무 맛있게 잘 먹었습니다!,좋아요,여기 디저트 진짜 너무너무너무 맛있어요. 경기도 사는데도 시간 내서 오는 디저트 샵 ㅜㅜ 뚱카롱도 맛있는데 이번에 새로 나온 롤크레이프가 진짜 대박이에요 흑흑 ㅜㅜ 매장이 협소해서 사람이 많으면 좀 대기해야 하지만 그런건 전혀 문제가 되지 않는 맛이에요. 좋은 재료를 쓰시는 게 느껴져요. 다음에 또 올게요❤️,생크림이 많아서 느끼할지 알았는데 전혀 그렇지 않네요. 팬케이크시트라 헤비하지도 않고 안물려요. 하나 다 먹기  힘들것 같았는데 금방 다 먹었어요. 다음엔 먹방처럼 하나씩 사서 다 먹어보려고요! 매장이 협소해서 테이크아웃만  가능해요. 참고하세요.,크레이프롤 너무 맛있어요!! 과일이 한가득 ㅠㅠㅠ 안에 먹고 갈 곳은 없지만 너무 맛있어보여서 한개 포장해서 먹었어요 ❣️ 다음에 기회되면 다른 맛도 먹고싶어여 ㅎㅎ,인스타보면서 너무 가보고싶었던곳이었는데 겨울가기전에 먹을 수 있어서 다행이에요😂 테이크아웃전문매장이라 안이 좁은게 아쉽긴하지만 크레이프도 쫀득하고 딸기도 맛있었어요!,모든 종류의 크레이프를 하나씩 다 먹어봤는데 개인적으론 말차가 젤 맛있는거 같네요! 그렇다고 다른 종류가 맛이 없다는건 아니고 네종류 모두 맛있습니다! 딸기를 좋아한다면 고민하지말고 드셔보시길~~!,크레이프케익은 예약했고 화이트데이기념 귀염뽀짝한 마카롱 있어서 구매했어요.마카롱도 케익도 맛있게 잘 먹었어요!,테이크아웃 전문점이에요!ㅎㅎ 말차딸기모찌롤 사서 늦게까지 돌아다녔는데 케이크가 말짱했어요ㅎㅎ 모찌롤 독특하고 맛있어요😋,마싯어요 제가 실수로 남은 거 냉동보관해서 ㅠㅠ 너무너무 아쉬웠어요....,대체적으로 맛있었어요 조개롱 엄청 큰데 5천원이라서 가성비가 좋은걸지도..? 내부 자리는 협소에서 못 앉을 것 같아요!,사장님~ 딸기치즈롤크레이프 정말 맛있게 잘 먹었습니당 🤠🍓🍰 처음 가봤는데 한정수량이고 인기가 많아 입이 딱 벌어지는 비주얼만 믿고 매장에서 먹을거 하나랑 포장까지 한꺼번에 두 개 구매했어요!!! 포장한거는 냉장고에 보관 후 이틀 뒤에 먹었는데 딸기는 여전히 달달하구 크레이프도 눅눅한 느낌없이 오히려 매장에서 먹었을 때...,딸기 맛있어요~!,음.. 눈으로만 먹는거 추천 맛은 .........케이크안에과일만 맛있어요,나여기맘에들어쒀,"정말 맛있어요. 포장도 해오고 싶은 맛! 매장에 두 테이블 밖에 없어서 웨이팅 하면 늦에 연락이 올 수도 있어요..ㅠㅠ 다행히 저는 금방 전화가 와서 앉아서 먹었지만, 다들 너무 매장이 좁으니 포장해가시더라구요!",좋아요!,크림브륄레에 카라멜 소스다 들어있어서 신기했어요,긋,좋아요,마카롱 가격은 조금 비싼감이 있어요 맛도 가격만큼은 아닌것 같아요 그래도 크레이프는 존맛탱구리였습니다,마카롱천국입니다. 딸과 데이트하다가 일부러 찾아간 곳인데 줄서서 샀어요. 딸기시즌이 안 끝나면 좋겠어요.,딸기가 어마무시하게 들어가있고.. 맛있어요.. 다음엔 종류별로 사오고싶네용,디쟌은 이뿐데 생크림이랑 빵 다 너무너무너무 달아요.. 한입먹고 당황... 이렇게 달아도 되나요... 건강을 해치는 맛인데요 이건.. 이렇게까지 안달아도 될거같아요..!,보이는거만큼맛도 최고네요!!!,인스타에서 보고 넘 와보고 싶었던 가게입니다 매장이 작아서 포장하는 분들이 많았어요 마카롱 맛있어요,우유크림이 많이 안달고 부드러워요~ 과일도 한가득이요 가격이 좀 쎄지만 그만큼 재료가 많이들어있어요 추천입니다!,진짜진짜 과일도 신선하고 맛있어요 ㅠㅠ 늦게가서 딸기치즈는 못먹고 후르츠 먹었는데 진짜 만족했어요 과일이 신선한게 느껴졌습니다,ㅇㅇ,케잌먹고 싶었는데 주말 2시에 방문했는데 케잌 이미 솔드아웃. 크레이프는 과일도 가득가득 크림도 가득가득!!,"이렇게까지 인기가 많은 곳인지 몰랐어요. 12시 45분쯤 도착해서 첫번째로 들어갔는데, 이후로 점점 웨이팅이 늘어 나더니 카페에 들어간 이후에 계단 밑까지 쭉 늘어선 줄을 보고 일찍 가길 잘했다 생각했어요!! 크레이프롤 치즈맛과  딸기가 너무 잘 어울려요. 산미없는 아메리카노 좋아요! 개인적으로 마카롱은 버터필링이 좀 느끼해서 아쉬웠어요.",과일이 많이 들어있긴 한데 개인적으론 롤크레이프보단 그냥 일반 케이크나 아예 그냥 크레이프가 나을듯한 느낌,상상한 딱 그맛 딸기치즈는좀 느끼하지만 맛나요,과일이 정말 듬뿍 들은 크레페 롤케익이여서 좋았어요 크림도 맛있고 과일과 조합이 좋아요~ 근데 눅눅한 크레이프 식감은 좀 아쉬웠어요 취향차이일 것 같긴 해요 그리고 믹스베리 히비스커스(?)도 시켰는데 너무 시고 애매한 맛이 라 제 입맛엔 많이 별로였습니다 저는 후르츠롤크레이프보다 딸기치즈롤크레이프를 더 추천해용 테이크아웃...,매장에 테이블이 두개뿐이라 가서 먹는다기 보다는 포장을 하는 게 더 좋을 것 같아요. 디저트 넘 맛있었어요.,크레이프 마카롱 케이크 맛집 ❤,압도하는 비줠!.!,크레이프는 너무 맛있어서 찍을 시간도 없었어요 ㅋㅋㅋ,맛있어요!,맛이 있는지는 ...,3시에갔는데 딸기케이크 못샀어요,인스타로만 보다가 드디어 사본 일쩜오플로어! 딸기마카롱에 딸기가 싱싱달달해서 맛있어요. 마카롱 가격은 조금 있지만 보장되는 맛인것 같아요! 근데 꼬끄가 쫀득하진 않았어요(냉동안하고 먹긴했어욤),,
철부지붕어빠,1168064769.0,오랜만에 인공적이지 않은? 싼 맛의 슈크림이 아닌 그렇게 달지도 않은 슈크림 붕어빵을 맛 봐서 기뻤어요 재료를 아낌없이 써주셔서 정말 놀랐어요~~!!! 속이 꽉 꽉 찬 붕어빵 !!!,붕어빵 맛집이라는 소문 듣고 왔는데 역시나 붕어빵이 맛있고 사장님이 친절하세요! 락스타 사장님이 힘을 숨김.... 엄청난 곳이에요! 저만 알고 싶은데 이미 유명하더라구요... 엘비스프레슬리 노래 무한제공 사건... 롹앤롤~~~,산책하다가 그 귀하다는 붕어빵 ...그것도 맛있는 붕어빵을 먹었어요 완전 럭키! 먹느라 사진이 없네요 붕어빵은 길 거리 느낌이 아니라 완전 고급진 붕어빵이에요 팥앙금 든거 1000원인데 가격 더 올려도 좋을듯 싶어요,속이 잔뜩 들어있는 붕어빵과 아메리카노 조합이 좋았습니다. 우연히 지나다 들었는데 사장님의 친절함과 엘비스프레슬리 음악에 운치있었어요. 고맙습니다.,친절하신 사장님과 이런저런 이야기도 나눌수있었고 괜히 붕어빠가 아니네요. 붕어빵도 바삭하니 맛있게먹었습니다. 번창하시고 연구개발을 위한 더 넓은곳으로 확장하셔요^^,첫번째 방문 했어요 내부는좋은데 사진을 담지못했지만 좋았어요 내년석진생일때도방문하겠습니다,아니 진짜 붕어빵 미쳤어요😭 사장님도 너무 친절하시도다… 붕어빵 사러 자주 와야지,좀 어이없는 일을 당했네요... 오픈 시간대에 오랫동안 줄 서있다가 거의 다 왔을때 주문 미리 받길래 메뉴 먼저 얘기 했고 카드 찾으려고 보니 카드가 갑자기 없어져서 당황한채로 카드 찾느라 정신없었어요 그러던 와중에 점원이 다 시 와서 특전 미리 준다길래 일단 특전을 받고 계속 카드 찾고 있었는데 갑자기 앞사람꺼 카드를 우리한테 줬...,붕어빵 체고 맛있어요..🥰 이 여름에도 열심히 걸어와서 먹을 맛… 오늘은 밤이라 커피 안마셨지만 커피도 얼매나 맛있게요..! 사장님 넘 친절하시고 너무 좋아용 👍👍 맛별로 다 먹어봐야대.. 하나 못골라요,붕어빵이 색다르고 맛있었어요,굿,붕어빵 진짜 맛있어요!! 제 인생 붕어빵집 됐어요 🥹🥹 통모짜붕어빵 꼭 드셔보세요!,SF9 휘영 생카로 다녀왔어요👍 사장님이 친절하시고 붕어빵도 진짜 맛있게 구워주시고 뜨거우니 조심하여 먹으라 는 센스까지 덕분에 숲길에 위치한 좋은 공간을 알게 되었어요,👍,커피도 굿 붕어빵도 굿 너무맛있어요👍🏻👍🏻 붕어빵사진이 잘안나왔지만 사장님 친절하시고 좋아여💕 단골될래요~ ~,커피 너무 맛있고요. 차원이 다른 고급지고 맛있는 붕어빵. 친절한 사장님..,"에스프레소와 붕어빵의 신박한 조합도 맘에들고, 붕어빵 속재료도 꽉 차있고 커피도 맛있어요!!",붕어빵 바삭하니 너무 맛있더라구요 락음악이 계속 나와요 사장님도 락커세요,"슈크림2개, 통모짜1개. 포장했는데 쭈글쭈글해짐. 바삭함 사라져 아쉽",아담한 가게예요 붕어빵 맛있어요,사장님 너무 친절하시고 멋지세요 컨셉도 멋지고 특이해서 좋았습니다 커피도 좋았고 붕어빵도 정말 맛있었습니다  둘이 이렇게 잘 어울리는지 덕분에 알았어요 포장도 가능하니 방문해보세요,너무 맛있고 친절하십니당!❤️,통모짜붕어빵맛있어요ㅜㅜㅜㅜㅜㅜ,슈크림빵 구욷,붕어빵 정말 맛있어요ㅠ 종류별로 먹어야 더 맛있어요.,붕어빵 너무맛있고 사장님 멋있고 친절해요,사장님 친절하고 분위기도 좋아요 붕어빵도 맛나요 ㅎ,모짜렐라치즈붕어빵이 제 입맛에 엄청 맛있었어요~,사장님도 친절하시고 붕어빵도 맛있어요!,굿,굳이에요,좋아요,좋아요 좀더 일찍여셨으면 하는 소망,굳,음료가 ㅋ,,,,,,,,,,,,,,,,,,,,,,,,,,,,,,,,,,,,,,,,,,,,,,,,,,,,,,,,,,,,,,,,,,,,,,,,,,,
파이홀,21306384.0,"파이와 쿠키 종류가 다양해요 저는 바노피라는 바나나와 카라멜이 조합된 파이 먹어봤어요 타르트지 위에 바나나가 씹히고 카라멜층이 도포된 위에 흰 크림, 그리고 그 위에 코코넛가루가 뿌려져있습니다 카라멜크림이 단맛이 강하 기 때문에 단 디저트 좋아하는 분이면 취향저격이실듯! 1시쯤 되니 사람들이 물밀듯 들어와서 전후로 가시는...",기대이상으로 너무너무 맛있어요 무화과로 만든 디저트가 맛있는곳이 많지 않은데 잘익은 무화과로 만든 디저트라  진짜 대만좃 무엇보다 사이즈도 큼직하고 커피맛도 좋아요 바나나치즈는 무난해요 다른 디저트도 종류별로 먹어보 고 싶어요,들어가자마자 아기자기한 인테리어에 보는재미가 있었어요 :) 귀엽고 포근한 매장이었구요. 얼그레이 가나슈는 생각만큼 많이 달지도 않고 따뜻한 아메리카노와 조화가 잘 어울렸어요. 파이가 느끼하지도 않고 많이 달지도 않고 딱 좋아요 :) 평일 낮시간대라서 사람도 많지않고 좋았습니다 :),"신촌역 인근 파이 맛집입니다. 파이홀입니다. THE PIEHOLE 가게 외관부터 힙합니다. MZ들이 지나칠 수 없는 간판 입니다. 내부엔 젊은이들이 바글바글합니다. 파이 메뉴를 살펴봅니다. 레몬머랭파이, 미시시피초콜릿머드, 오레오 말차가나슈, 얼그레이가나슈 등 다양합니다. 빵돌이 눈 돌아갑니다. 네명이서 방문했는데 각자 1인 1파이 하...","가게 간판을 보는순간 저절로 걸음을 멈추게 하는 진정 디저트 맛집으로 보였어요!!🩷 평일 오전대라 그런지 사람 이 없어서 좋았구요 주말에는 데이트 하기 좋을거 같아요!!!👫👫 무엇보다 파이 맛집에 걸맞게 파이와 아메를 시켰 는데...아메는 거들뿐 파이가 파이 했습니다🙊☺️ 바바나치즈케익이 맛있다하여 시켜보았는데요,,, 세상에 너...",파이맛집인거 같아 가봣어요 매장에 사람많구 의자는 딱딱한 나무에여 레몬머랭은 엄청 셔서 자꾸 윙크하는 맛이고 피스타치오는... 특유의 향?때문에 반도 못먹고 남겻어요ㅜㅜ 저는 한번 간걸로 만족할래요 바닥부분 빵? 과자부분이 얇은건 좋았어요,커피도 맛잇고 파이도 맛잇고 쿠키도 맛잇어요!!!점심약속 전에 가서 가볍게 쿠키만 먹었는데 파이 종류별로 다 맛 보고 싶은거 참느라 혼났어요 ㅋㅋㅋㅋ,얼그레이 부분도 맛있는데 가나슈가 진하고 더 맛있어요. 커피는 진하진 않은편인데 디저트랑 먹기엔 괜찮았고 간얼음이였어요!,"인테리어도 예쁘고 음료, 디저트 모두 만족스러웠어요. 테이블 간의 거리가 있고 음악이 시끄럽지 않아서 이야기 나누기에 좋았어요!","파이 종류가 다양하고 디카페인 커피도 괜찮았어요. 파이는 라임크림이랑 제주녹차허니카모마일을 시켰는데 라임 은 꽤 상큼하고 꽤 빨리 녹고, 제주녹차가 더 맛있었어요. 다만 카모마일 크림은 진짜 가볍고 어우러짐이 좋았는데, 녹차부분이 진짜 꾸덕하고 묵직해서 잘 물려요. 인기가 많아서 자리 잡기가 쉽진 않지만 인테리어도 예쁘고 ...","베리사워에이드,아아, 메이플피칸크림파이 먹었는데 다 맛있었어요 ㅎㅎㅎ 사람이 진짜 엄청 많고 메일플크림이 진 짜 맛있네요~~ 인기 많은 것들은 일찍 솔드아웃되는거같고 자리도 2층인데 그만큼 사람이 많아요 베리에이드도 상 큼하니 맛있어요!! 단점은 화장실이 여자는 1칸이라는거? 남자는 모르겠네요 다음에 방문에서 다른 종류 먹...","진짜 진짜 맛있음… 파이&타르트 처돌이로서 분명히 말하지만, 국보로 지정해야 하는 맛집임. 어떻게 이렇게 맛있을 수가 있지??????🫶🏻",왜 인기 많은지 알겠어요 케이크 진짜 맛있어요 살짝 시끄러워서 감안하구 가야해요.,바노피 케이크랑 피스타치오 케이크 주문. 바노피는 바나나크림 타르트에 화이트 초콜릿이 올라가 있었는데 화이트 초콜릿이 좀 건조하고 맛없는 초콜릿이었어요. 피스타치오 케이크도 위에 크림이 많이 느끼했어요. 이번 케이크 초 이스는 실패한 느낌이 좀 있네요. 다음엔 다른 맛있는 맛으로 골라야겠어요.,한창 디저트류에 관심이 많아져 여기저기 종류별로 먹어보곤 했거든요.(일부러 멀리서 찾아갔습니다) 두가지 종류  포장해와서 집에서 먹었는데 오레오말차가나 맛있어요. 말차 특유의 쌉싸름맛과 오레오 조화가 괜찮았네요. 피스타 치오크림은 도저히도저히..냄새도 좀 역하고 니글니글해서 못먹겠더라구요. 한번가본걸로 만족했습니다. 둘...,인테리어도 이쁘고 복숭아 파이도 너무 맛있어요~ 그런데 컨츄리송을 너어어어어어어어무 크게 틀어놔서 귀가 아프더라구요. 엄청 시끄러움. 파이는 넘 맛있어서 또 포장하러 가려구요.,복숭아 파이 먹고 싶어서 갔는데 품절이더라구요 ㅠㅜ 오레오말차파이 먹었는데 이것도 너무너무너무 맛있었어요 찐!!!!한 말차맛 ㅠㅠ 당 충전 완료... 여기를 왜 이번에 처음 가봤지!?! 싶을 정도로 너무 맛있었습니다 파이 전부 다 먹어보고 싶어요!!!,"제가 넘넘 좋아하는 파이맛집이에요! 재료도 너무 신선하고 다양하고,, 갈 때마다 다른 맛 시도하는데 다 맛있어요 ㅋㅋㅋㅋ",신촌에 가면 잘 들르게됩니다~ 파이홀은 선택지가 넓고 맛있어요~~,진짜 너무 맛있는 디저트 맛집💚 벌써 4번째 방문!! 아주 맛있습니당,파노비 파이 맛있어요  꾸덕꾸덕 카라멜과 신선하고 달콤한 바나나의 조합! 짱!!,먹어보고싶어지는 파이들이 한두가지가 아니었는데 하나만 사와서 아쉬웠습니다 ㅠㅠ 포장도 귀여워 저처럼 케이크보다 쿠키나 파이 선호하는 사람들에게는 최고의 디저트집🩷,파이맛집이에요 분위기도 외국 가정집 같아서 포근하고 좋아요😶‍🌫️,"고굼파이는 매장에서 먹고 가구 나머지 파이들은 포장이엇는데 역쉬,,, 말모 신촌 최애 디저트 카페💓 매장에서 먹 고 가면 이렇게 플레이트 이쁘게 해주셔용✨ 글구 포장도 혹시나 미리하면 상할까봐 나가기 전에 번호 말해주면 알 뜰살뜰하게 챙겨주시는 세심함까지...! 리뉴얼하고 매장 공간 넓어진거도 넘 좋구 계절마다 나오는 메뉴들도 ...",케이크랑 파이 늘 맛있어요,평소에 말차종류를 별로 안좋아하지만 너무 맛있다고 해서 주문해봤는데요 후회없습니다! 집갈때 하나 포장해가야겠어요:),와 대박 진짜 ㅈㅁㅌ. 또 가서 다른 거 다 먹어 보고싶네요. 갠적으로 루바브파이 최고. 한국서 쉽게 만나기 어려워서 있으면 꼭 드세요. 초콜릿피칸인가도 진짜 맛있어요. 커피랑 최고. 인기 많다는 무화과파이는 솔직히 별로여서 저는 비추! 레이디그레이밀크티?는 베이스가 말린 무화과인게 그 맛이 너무 강해서 좀 별로였어요.,몇없다고 생각하는 신촌개인카페중 타르트맛집임당. 항상 사람이 많아서 자리잡기 힘들다는것만 빼면 좋아요,타이 라임 티 처음 먹어보는데 신기한 라임 맛이라 저는 좋았어용 !! 글고 얼그레이 초코 맛있어요 ♥ 피넛 파이도 좋았는데 쪼꼼 느끼해용 !! 전 호였습니당 ♥️,파이가 꾸덕꾸덕하고 넘 맛있어요😆🥧☕️,가게 진짜 귀엽구 파이 지쨔 맛있어용 🥹🥹🥹🥹🥹🩷 적당히 달달해서 넘 조아용!!!  그리구.. 라임티가 진짜진짜 맛있었어요 최고🥹!!!!!!!!!!!!!!!!!!! 요거 마시러 또 오고파요💚💚💚💚💚💚💚,레몬머랭 파이가 젤 맛있었어요. 캐모마일도 좋았고 가게 느낌이 따뜻하고 귀여워요.,화장실이 매장 내에 있어서 참 좋습니다.,"1층과 2층사이에 계단앞에 포토스팟이 있고, 2층에 넓은자리가 있고 디저트맛집임",파이 종류가 다양하고 완전 맛있어요 주기적으로 가줘야되는 곳이에요!!,"애플크럼블 파이를 포장해서 갔는데, 더운 날씨라서 그런지 집에 도착해보니 파이가 다 흐물흐물해져있더라구요ㅠ ㅠ (타르트지 해체 중이었음…) 더운 날씨에는 포장하시려면 딱딱한 질감의 파이를 추천해요! 애플 파이 속에 애플 조각이 엄청 큼지막하게 들어있었어요. 저는 디저트 먹을 때 엄청 조금 조금씩 포크로 떼어먹는데 애플 조각...","다양한 종류의 파이가 많고, 다 맛있어요! 2층도 있어서 꽤 넓어요~",파이홀 2017년쯤 처음 가봤었는데 타르트 먹고 반했던 기억이 있어요..! 이번에 신촌 놀러가면서 파이홀 다시 가봐야겠다 싶어서 갔는데 종류도 엄청 많아지고 여전히 맛있더라구요ㅠㅠㅠ고소한 복숭아 넘 맛있었어요 다음에 가면 얼그레이가나슈 먹을 거예요!!,파이 너무 맛있어요🩷,스콘이 거의 파이 크기랑 비슷해요... 진짜 너무 추천합니다! 샤인머스켓 아래 요거트 크림 치즈? 엄청 맛있어요 😋,한달에 한번씩 세브란스 병원 진료 때문에 신촌에 오면 꼭 들러서 파이를 홀로 사가요. 아이가 제일 좋아하고 아이  못지 않게 남편도 좋아해서 순삭합니다. 애플크럼블을 제일 좋아하는데 솔드아웃이라 다른거랑 조합해서 가져가봅 니다. 맛있게 잘 먹을게요! 신촌 들르실일 있으면 꼭 가보세요❤️💚❤️💚,"아아(4,500) 꾸덕브라우니(5,500)+아이스크림(2,000) 라임크림타르트(6,800) 브라우니 처음 먹는데 진짜 꾸덕하고  달고 아이스크림이랑 너무 잘어울렸어요. 아이스크림 양이 적어서 좀 아쉽긴 한데 그래도 라임크림이랑 같이 먹으 니까 단+상큼 이라서 맛있게 먹었어요!",커피도 맛있고 디저트도 맛있어요 ㅎㅎ,친절하구 너무너무 맛있어요 독보적인 맛,녹차가 맛있어요,ㅍㅏ이 너무 맛있어요 🩷🩷,예전 이자리말고 연대근처에 있을때가고 다시 방문했어요 맛이 그대로네요 종류는 더 많아진거 같고요 직원분이친절하시고 좌석도 넓고 좋네요 2층은 안가봤는데 어떨지 궁금합니다. 파이가 퍽퍽하지않아서좋았어요,케이크랑 파이 종류가 다양해서 좋아요 손님들 항상 많은 인기카페..,다양한 파이가 있는 곳. 디저트 맛집이네요,언제나 사람 바글바글 ㅎㅎ 신촌 디저트 맛집입니다 직원분들 늘 친절하셔요!,다른 케이크집 가려다 우연히 갔는데 아늑한 분위기 좋네요 과일 파이보다는 스콘이 훨씬 더 맛있었어요 스콘이 파삭한 느낌이에요 워낙 과일 든 걸 안 좋아해서 그런데 다음엔 다른 파이 맛봐야겠어요 스콘 맛집👍,파이들도 맛있지만 저의 추천은 꾸덕 브라우니에 아이스크림 추가입니다~ 나뚜르 아이스크림이라 아이스크림도 맛있어요! 친구들이랑 인스샷 찍기도 좋습니다 ㅎㅎ,디저트가 너무 이쁘고 맛잇어요 ㅠㅠ 여자친규나 여자인 친구랑오면 좋을거 같아요,스콘 맛보려고 또 갔는데 버터갈릭스콘은 맛있지만 그냥 그랬고 얼그레이가나슈 파이 대박!ㅋ 진짜 맛있어요 개취지만 역시 과일파이보다 훨씬 맛있는데 얼그레이의 진함이랑 쩐득한 초코 바삭한 도우 3박자 최고네요 많이 달지않아 좋고요 고메비스킷이랑 준 베리크림쨈도 맛있어요,디저트 커피 다 멋있아요~,신규때부터 좋아하던 카페... 여전히 너무 맛있는 얼그레이파이 ㅠㅠ 선물하기도 좋아서 품절되기 전에 달려갔었는데 저녁 방문인데도 아직 많이 남아있어서 오늘은 좀 럭키했습니다 ㅋㅋ,파이 넘모 맛있고 맛도 다양해서 재방문해서 다른 맛도 먹어보고 싶어요! 매장이 2층까지 있고 인테리어도 귀여워서 꼭 다시 오고 싶습니다,역시 파이홀 맛있어요! 오랜만에 먹었는데 더 맛이 깊어진 것 같네요,캐이크 메뉴 전부 도장깨기 해보고 싶어요 .. 오늘은 초콜릿 피칸파이 !!,파이가 정말 많아요!!! 다 먹어보고 싶어요ㅜㅜㅜㅜ,허니카모마일 파이 맛있어요! 파이가 맛있고 분위기가 좋아서 자주 방문하는 카페,"신촌에 핫한 카페라고 해서 방문했는데, 음료가 정말 맛있었어요! 라벤더라떼는 정말 말그대로 라벤더가 들어가서  향이 좋았고, 진짜 레몬에이드는 정말 레몬이 들어가서 상큼 제대로더라고요!👍👍 재방문의사 100입니다 ㅎㅎ",이대역에 있는 악세사리집인데 영수증은 다른 데로 뜨네요 이제 업종 정리하시나봐요 양말도 1000원에 세일하시고 악세사리와 헤어제품도 세일하세요 이대전철역 안에 있어서 급하게 양말이나 소품살 때 요긴했어요,토요일인지 계속 만석! 오랜만에 갔는데 케이크는 맛있어요! 아메리카노는 물처럼 싱거웠다!!ㅋㅋ,좋은 시간 보냈어요 외국인이 이지만 직원분들이 귀엽고 다 친절해요! 추천~,정말 맛있습니다!!!,신촌에서 맛있는 파이 먹고 싶을때 방문하는 곳이예요,파이 많이 달지 않고 맛있어요!,와~ 사람 많아용 ㅎㅎ 주말이라 그런가 ㅎㅎ 조카들이랑 저까지 다섯명이 갔는데 간신히 앉았어요 ㅎㅎ 2인 자리 붙 히고 의자하나 빌려왔어요.. 4인 테이블에 한분 두분 앉아계신분들이 많네요… 디저트도 맛있고 음료도 맛있었어요 ~ 1인 1음료에 먹어보고싶은 디저트도 많이 주문했더니 배가부르네요. 그래도 맛있었어요 ㅎㅎ 근데 자리잡...,"우하.. 여기 파이도 맛있지만, 비스킷 미쳤네요!! 대존맛에요~ 고매비스킷 시키면 라즈베리쨈 주는데 이거 미친 존맛 이에요!! 그리고 얼그레이초콘비스킷도 얼그레이크림이 찐이에요!! 우하!! 저녁 늦게까지.. 비스킷이랑 파이가 많이 있어서.. 달달하게 먹고 가기 좋구 포장도 꼼꼼하게 잘 해주고.. 집에 갈때 꺼내 주신다고 맡아 주시기 까지!! ...",디저트 너무 맛집.. 와 너무 맛있어요..,가게는 아기자기하고 동화같이 귀여워요 근데 애플파이랑 커피 그냥그래용 사과필링이 질척여서 아쉬워요 크럼블은 맛있어용,허니카모마일 생소한 메뉴라 맛이 예상 불가능했는데 먹자마자 합격… 어떻게 이런 메뉴를 생각해내시는건지 맛있어요🌼,맛있었어요~ 2층도 있습니다,오 맛있음 라벤더 라떼 강추,파이맛있어요 맨날먹고시픔😭,분위기가 정말 좋았어요:),제가 좋아하는 여성분께 드렸는데 좋아해주셨습니다😊 감사합니다🙏,파이랑 음료 모두 맛있는데 파이 크기가 너무 작아요...ㅠ,타르트 존맛탱이에요💗분위기도 좋아요👍🏻,"✅️ 유명한 파이맛집이어서 자리가 거의 만석에 가깝더라구요. 방문하실 예정이시라면, 점심 먹고 바로 런하시는 걸 추천드립니다. ✅️ 다양한 맛의 파이가 진열되어 있었으나 그 중 몇개만 담아왔는데, 세 개 다 성공해서 눈이 휘동그 레졌달까요. 로투스파이,녹차파이,딸기파이 진짜 다 맛있어서 다른 맛도 먹어 보고 싶다는 생각이 절로 들더...",사진 찍기 좋고 디저트가 맛있어요! 예전보다 훨씬 많이 변하긴 했는데 여전히 좋네요♥,오랜만에 방문하였는데 코로나 기간을 이겨내고 가게가 확장하게되어 너무 잘된것 같아요 맛도 여전히 정말 좋네요,파이 맛집입니다. 제가 대학생때 부터 다니던 집이에요. 늦게가면 맛있는 파이가 금방 나가요. 달콤한거 생각날때 꼭 들려서 먹는 집이에요. 신촌의 명물이라고 생각합니다.^^,"과일, 초콜릿, 홍차, 오레오 등 모든 파이류의 재료가 풍성하고 모양도 가지각색 독특합니다! 1층과 2층을 사용하는 카페라 넓고, 앉을 수 있는 테이블 많지만 그 만큼 손님들이 정말 많아요! 방문한 날이 특히 토요일 낮이어서 그런지 마침 나오시는 분들이 계셔서 간신히 앉을 수 있었습니다. 2층 올라가는 야외에 그려진 시그니처 캐릭터가 귀...",사람이 많음,소문대로 역시 케이크 너무 맛있네여~😋 다음에는 초코맛 먹어보고 싶어여~ㅎㅎ,일단 파이 종류가 다양해서 좋았고 인테리어가 너무 깨알같이 귀여웠어요 친구생일이여서 초랑 불이 필요했는데 귀여운 초 팔아서 다행이었고 성냥 주셔서 대만족,이번에 처음 가봤는데 파이 맛있더라구요! 직원분들도 친절하셨고 커피 디카페인 변경 가능해서 좋았어요☕️ 카공보다는 대화하기 좋은 분위기였어요 ◡̈,"처음 가 본 파이맛집 파이홀~! 이미 친구들에게는 유명한 곳이었어요. 공휴일이었지만 사람이 무척 많았던 카페 파 이가 수제라 그런지 멋있었고, 제가 먹은 카페모카도 너무 쓰지 않고 달달 + 부드러워 파이와 잘 어울렸습니다. 맛있 어요.👍",파이가 정말정말 맛있음 실패하지 않는 추천,파이 종류가 엄청 많고 다양하다. 에그타르트는 겉바속촉으로 느끼하지 않고 크리미한게 맛있었다. 커피도 산미가 강하지 않아서 고소한 커피 좋아하는 분들 추천!,저는 파이도 좋지만 비스킷이랑 스콘이 더 맛있더라구요! 저 위에 쨈들이 정말 맛있어여!! 음료도 맛있고ㅡ 늦게까지 사람들도 많고 많은 사람들이 포장해갈만 해요!! 2층에도 자리 잇는거 첨 알았어여!,값은 비싸지만 정말 파이 맛있어요 재료 신선 시트지 엄청 얇고 과하지않은 재료의 신선함을 담은 파이,케이크는 맛있는데 아메리카노는 넘 싱거워요 화장실은 덥다,신촌의 파이 성지 🍭맛 몰랐는데 저 파이 안좋아 하는 줄 알았는데 좋아합니다 들어간 크림이 모두 진합니다 과일 들어간 것 위주로 먹고 포장도 했는데 과일퀄리티도 좋구 요거트 크림도 꾸덕하면서 꽉 찬 느낌!! 정말 클라스가 다 른 느낌이에요 🍭인테리어 엔틱하며 빨간머리앤이 나올 것 같은 분위기도 약간 있어요 🍭서비스 외 기타 자...,"장소가 아기자기해요! 종류들이 다양하고, 파이가 정말 맛있어요.",파이 너무 맛있어요~~,"커피, 디저트 분위기 말해뭐해👍",로투스카페오레파이 맛있습니당☕️,"파이가 진~~짜 꾸덕하더라구요! 칼로 써는데 들어가지도 않을 정도였어요 ㅋㅋㅋ ㅠㅠ 파이 종류도 정말 다양하고, 커피도 그만큼 다양한게 좋았어요. 너무 달지 않게 맛있어서 더 좋았네용! 스콘도 포장해왔는데, 가볍지 않고 밀도 높아 꾸덕한 식감이라 넘 맛있었고 같이 주신 잼이랑 같이 먹으니까 진짜 대존맛♥️ 가까우면 자주 갈텐데 멀어...",❣️,파이 너무 맛있었어요 커피두 맛있구 다음에 또 가서 파이먹고싶어용 2층 자리 많아서 좋아요!,예쁜것 많아여~~,파이 맛있고 카페 너무 이뻐요~!,스콘도 파이도 맛있어요,되게 예쁜 카페였어요~,선물용으로도 좋아요,예쁘게 담아 주셨으나 집에 오니 크림이 무너져서 ㅠㅠ. 맛이야 좋지요 ~~~,
하우에버 연남,1865456225.0,"알록달록한 리뷰 사진에 반해서 왔습니다. 웨이팅은 없었어요. 층마다 다른 색상이 매력적입니다. 작은 포토존이 있 어 사진 찍기 괜찮아요. 1층부터 루프탑까지 테마도 여럿 있습니다. 테이블은 1인부터 4인까지 다양한데 콘센트 수 는 한정적이에요. 메뉴는 빵에 끼얹는 레인보우 크림 빼면 평범합니다. 해당 크림이 4,000원 추가금을 요구하...","디저트 맛집인 연남의 하우에버예요. 여기는 무지개 크림으로 유명하지만, 포토스팟도 예술인 곳입니다. 저는 개인적으로 벽화랑 공간을 둘러보는 재미도 있었구요. 특별히 날 좋은날 옥상에 가서 커피 한잔 하고픈 생각이 들었어요. 이상한 나라의 엘리스 컨셉이라고 하는데, 말 그대로 이상한 나라에 온 기분? 동화같은 느낌이라 재미있었어요.","와! 화려한 컬러 가득 이색적이고 특색있어서, 정말 특별한 곳이에요. 디저트도 음료도 화려하지만, 기본기가 탄탄한 느낌이라서! 음료들의 재료도 고급스럽고 진해서 좋았어요. 그린 컨투어는 보성 유기농 녹차로 고급스러우면서도 부드러웠고 베리 블러쉬는 참 진한 수제 딸기청이 들어있어서 만족스러웠어요 ㅎ 기본 카스테라는 맛있는데 ...","알록달록 쨍한 색감에 힙한 카페에요, 층마다 색이 달라 구경하고 선택하는 재미도 있구요! 특별한 디저트가 있어 신기해요 인스타 갬성 제대루💗 크림도 크게 달지않고 카스테라에 부어먹으니 폭신하게 먹을 수 있어요 라떼도 맛있고, 팝핑체리 추천! 톡톡 터지는 맛이있고 상큼해서 좋아요 👍",비비드한 컬러로 꾸며져있는 이색카페!! 하도 핫해서 방문했는데 여기가 키즈카페인가 제가 다 신나고 재밌었으요~ ~ 사진찍기도 넘 좋고 쨍해서 다 잘나오드라고요 조명도 잘되있그 1층.2층.3층.루프탑까지 있어서 자리도많고 데이 트나 아이들과 오기도좋을거같네요ㅎㅎ 크림 붓는거 너무 해보고싶어서 했는데 빨리 부어야 무지개색으로 ...,홍대입구역 3번출구에서 5분거리에 위치한 하우에버 연남! 삼화페인트와 협업을 하여 방방마다 강렬한 색으로 입혀 진 이상한 나라 엘리스가 살것만 같은 디저트카페입니다. 총 3층과 루프탑으로 이루어졌는데 화려함을 끝을 달리는 유니크함으로 이미핫플로 자리매김했어요. 2층에 가셔서 주문을 하시면 되고 크림이 가득든 카스테라와 샤워...,"사진으로 보고 혹해서 가보려고 네이버지도보며 가다가 길 잃을 뻔, 찾기 어려웠어요 ~^^ 바닥에 페인트 쫙 쏟아 부은 듯 빨강주황색 보이기 시작하면 거기가 바로 하우에버☝️ 마고 로비 튀어나올것 같은 선명하고 강렬한 컬러감 이 끝내주더라구요 🤩🤩🤩 1층 그린핑크 2층 민트레드 3층 블루오렌지 그중 레인보우 루프탑이 형형색색 ...",인스타 보고 너무 특이해서 방문했는데 인테리어 색감 진짜 예뻐요 메뉴도 카스테라에 이런 물감처럼 생긴 크림 붓는 아이디어는 누구 머리에서 나온건지 증말 천재같단 생각 맛은 뭔가 미국스럽기도 하고 맛있게 잘 먹었어요,되게 힙한 카페를 알게되서 너무 좋아요! 층마다 존마다 쨍한 색깔이여서 힙한 포토존인거같아요 ㅎㅎ 카스테라에  무지개 크림을 부으는 쾌감이란...더 이쁘게 따르지 못해서 아쉽지민 너무 이뻐요~🤣❤ 카스테라는 엄청 부드러워 서 맛있게 잘 먹었습니다😋,극강의 컨셉츄얼 카페ㅋㅋㅋㅋㅋ사방이 다 엄~~청 알록달록해서 무채색 옷을 입고 가면 채도를 모두 뺏긴 기분이다. 어딜 배경으로 사진찍어도 완전 유니크함!!시그니처 무지개크림에 카스테라도 그렇고 음료들도 그렇고 생각보다 많이 달지 않아서 부담없고 좋았다. 직원분도 짱짱 친절하심!!,레인보우 크림 명성대로 넘 예쁘구..ㅎㅎ 음료는 예상외로 맛있어요!! 달다구리 좋아하시는 분들에게 강추!! 특히 플로츠 너무 예뻐요~~ 색과 다르게 완전 우유크림이라 개인적으로는 일븐 카스테라와 궁합이 젤 좋은것 가타요😘,연남동에 힙하고 이색적인 카페가있다고해서 데이트하러 주말에 다녀왔어요! 입구부터 인테리어 색감이 진짜 눈에 확들어올정도로 알록달록🩷🩵💙💚💛 디저트 비주얼에 반하고 메뉴들도 다른카페들이랑 다르게 처음보는 메뉴 들로 가득있어서 신났어요ㅎㅎ 인스타에서보고 카스테라에 예쁜 크림을 올려먹는걸 보고 꼭 해보고싶어서 ...,홍대 근처에서 유명한 신상카페라서 들렸는데 카그테라도 짱 좋아하거든요. 이렇게 비쥬얼최상이면서 맛도 좋은 곳은 처음인거 같아요! 사진 찍을만한 공간도 너무 많아서 내돈내산최애 맛집카페로 등극💘,연남동골목에서의 특별한경험:) 컬러마다 다른 하나하나의 공간이 너무 이쁘고 사진찍을맛납니다:)  커피 진짜 고소하고 맛있구요~ 크림도 생각보다 안달고 천연색소라 안심하고 먹었어요! 시그니처 카스테라 꼭 먹어쥬세염,"분위기이쁜 카페 여러가봤지만 하우에버처럼 층마다 다른색감과 디저트, 음료까지 색감 등 독특한 카페는 처음봤어 요!! 먹는게 너무 독특하면 맛이 그냥저냥인 경우가 있는데 맛까지 괜찮아서 좋았구 제가갔을때는 사람이 많지않아 서 먹다가 다른층 잠시 가서 사진찍었어요ㅎㅎㅎ 새감이 이뻐서 사진잘나오고 카페가 아니라 전시회 간줄 알...",계속 인스타 광고에 뜨길래 궁금해서 와봤눈데 이렇게 독특하다니 실제로 보니까 더 휘둥그레 지는 카페👍 제일 기 본 카스테라에 시그니처 크림으로 했는데 맛은 그냥 그럭저럭 이었어요 넘 기대해서 그렁가.. 남친응 옆에서 물감 놀 이 하는것 같다고 ㅋㅋㅋㅋㅋ 그래도 한번 와볼만 해요! 층마다 색이 다 달라서 보는 재미도 있고 인테리어가 ...,"하우에버 연남🌝 카스테라 인생샷 찍기에 넘나 좋습니다. 저는 멜론통통 카스테라, 레인보우 샤워크림, 베리블러쉬 , 팝핑체리 음료를 주문했습니다. 퐁신퐁신한 메론맛이 가득한 카스테라에 레인보우 샤워크림을 한가득 뿌려주니 마치 예술작품처럼 카스테라가 완성됐습니다. 퍽퍽하지 않고 촉촉한 카스테라라 부모님도 한입드셔보시곤 ...","알록달록 동화같은 카페🩷 여기 완젼 제 서타일!! 동화찢고 나온것같은 인테리어도 넘 맘에 들었구요. 카스테라 위에 무지개가 떴어요!! 넘 신기하고 예쁜데 카스테라 안에 크림이 들어있어 맛까지 훌륭했답니다. 눈으로 먹고, 입으로도 먹고!! 행복했어요😊","와 진짜 인테리어도 끝판왕,,포토존 왕많고 비비드한컬러에 진심 사진 잘나와여 디저트도 존마탱.....크림도 생각보다 많이 안달고 식용크림이라 안심하고 냠냠 사진도 기깔나게 ㅋㅋㅋ더 맛나보이게 잘나옴 인스타각🖤🖤🖤",컨셉 확실한 하우에버 나도와찌!🤭🎀💕🎄 인스타에 마니 나오길래 ㅡ 너무이뻐서 꼭 와보고싶었어요! 정말 연남 동의 핫플이네요! . 음료도 맛있구 카스테라가 아쥬 잼있고 이쁘게 먹을수 있어서 좋았어요🎄💕 . 공간 한곳한곳이 다 특색 있고 여자들이 좋아하는 사진이 잘나와요 ㅎㅎ . 아직도 하우에버 안가봤니?? 우리모두 연남동 핫플! ...,눈이 호강하는 감각적인 디자인의 카페였어요! 3층까지 자리도 널널하구 각 층마다 다른 컨셉을 구경하느르 어디앉을지 고민이 많았습니다.⭐️크림를 부어먹는 카스테라는 요기만의 시그니쳐인만큼 저절로 카메라를 들게하네요🥹맛도 폭신폭신하니 넘 맛있었어요,연남에서 현재 제일 힙한 카페인 하우에버에 다녀왔습니다. 하우에버는 artsy하고 힙함을 잔뜩 담은 인테리어가 특 징인데요. 인테리어 뿐만 아니라 다양한 맛의 카스테라에 레인보우 크림을 뿌려 먹으면 미친 비주얼 뿐만 아니라 너 무 맛있어서 좋았습니다. 카스테라 별로 안좋아하는데 여기 카스테라는 맛있네요. 같이 시킨 블루소다 플로츠...,"하우에버연남에 왔어요ㅎㅎ 더티트렁크, 말똥도넛, 겟댓샷으로 유명한 CIC F&B와의 콜라보로 <이상한나라의 엘 리스> 컨셉의 화려한 인테리어와 맛있는 디저트가 있는데요 그중에 오리지널 카스테라로 먹어봤는데 맛이 너무 달 달해요~^^ 무엇보다 인생샷 맛집으로 유명한데, 르세라핌 홍은채님도 왔다 가셨다하셔서 뭔가 더 이뻐보이네...",유니크 하고 장소고 꽃마다 색감이 달라서 다양한 매력과 다양한 사진을 건질 수 있습니다! 디저트 또한 무지개 색  크림이 너무 유니크에서 사진도 잘 나오고 디저트를 팍팍 하지 않게 먹을 수 있어요🩶 덱스와 르세라핌 홍은채 님 도 오셨다는데 역시 그럴만한 이유가 있네요👍🏻👍🏻,"홍대 디저트카페 맛집 찾아보다가 크림부어먹는 디저트 영상보고 먹어보고 싶어서 방문했어요! 그냥 카스테라가 아 니라 카스테라 맛도 여러가지에 안에 크림도 채워져 있고, 뿌리는 크림도 5가지정도 맛을 선택할 수 있어서 좋았어 요 ㅎㅎ 크림 부어서 먹는것도 재밌고 너무 예쁘더라구요! 이외에도 베이글이나 케이크도 있어요 음료는 아인...",연남동에서 제일 힙하고 트렌디한 디저트 카페가 아닌가 싶은데요‼️ 부드럽고 촉촉한 카스테라와 비주얼 끝장인 레 인보우 샤워크림까지💕💕 카스테라 때문에라도 다시 갈 것 같아요🥰 거기에다 음료까지 독특해버리니 안 가고 배 길 수 있나요… 비비드한 컬러의 인테리어와 디저트 색감이 찰떡이라 사진 찍기에도 너무 재미있고 잘 나와요ㅎㅎ,힙한 인테리어에 색감이 좋은 디저트와 음료가 좋은 하우에버 연남점! 사진도 다 잘나오고 음료도 맛있고 층마다  다른 색감의 인테리어가 정말 예뻐요 ㅜㅜ 인생샹 찍고 싶으면 여기로 가세요!!!,분위기 감성이 가득한 디저트카페네요 ^^ 사람들과 이야기할 공간이 많고 사진찍기 좋아서 좋네요 ^^ 카스테라에 크 림을 이쁘게 부을수있어서 신기하고 좋네요 음료는 나쁘지 않았아요.,레인보우 카스테라🌈🩷 핫플 드디어 왔네요  색다른 메뉴가 준비되어 있는 곳이예요! 크림 추가 필수😆⭐️ 커피는 시그니처 카페라떼 추천해요! 진하고 맛있는 라떼예요. 추억만들기 좋은 곳🙆🏻‍♀️,지인 sns를 보고 예뻐보여서 왔는데 맛도 최고 인테리어도 최고 무엇보다 직원들이 정말 친절하시고 좋아요!! 데이 트 장소로 강추! 예쁜 디저트랑 맛있는 음료와 커피 드시러 오세용👍🏻❤ 진짜 나만 알고 싶은 예쁜카페 인정입니다!  너무 예쁘고 이색적인 디저트에 재미도 플러스 된 이곳 정말 강추드려요!!,연남동 핫한 디저트 카페 하우에버 방문했어요. 무지개 크림 부어서 먹는 카스테라 새로운 경험이었어요😆😆 인테 리어도 컬러풀해서 사진도 잘 나오고 힙한 느낌이었어요! 사장님도 친절하시고 예뻐요😊,무지개 색의 크림을 카스테라에 부어서 먹는 이색 디저트 카페에요! 비비드 컬러의 컨셉으로 구역이 나누어져 있어요. 사진 찍기 좋은 카페인 거 같습니다 ⭐️,화려한 색으로 유명한 만큼 내부 전체가 알록다록하고 컨셉이 확실했음 다영한 컬러와 맛의 시그니처 크림은 카스테라와 같이 먹기 전부터 먹고 나서까지 눈으로 즐길 수 있게해줌! 직원분들도 매우 친절했고 독특하고 다양한 메뉴들도 많아서 사진찍기에도 좋은 곳 이었음🤭,인테리어가 독특하고 색감이 이뻐요!! 무지개크림카스테라도 신기했어요 ㅎㅎㅎ 인스타 찍을 사진 예쁘게 나와요!!  특히 3층이 각기 다른 색으로 꾸며져있어 원하는 색의 공간에서 시간을 보낼 수 있어요 지금은 날씨가 춥지만 날이  풀린다면 다양한 색으로 꾸며진 테라스 옥상에서 즐기는거도 좋을거같아요,이번에 두번째 방문했는데 역시나 핫한 곳이네요~♡ 메뉴 종류별로 시켰는데 하나하나 다 너무 맛있고 카페 너무 예뻐요~~정말 연남동 올때마다 들리고 싶은 곳입니다~^^*,와.. 저 여기 반했어요♡ 홍대 오랜만에 결혼 후론 첨이었는데. 요기 완전 제스타일입니다ㅜ 맛도 굿 사진찍은 공간 도 굿 카스테라 다른 맛도 궁금해질 정도ㅎㅎ 넘 부드럽고 아이들은 퍽퍽함 먹지도 않는데 요긴 그냥 잘 먹어요ㅎ  이쁜 사진까지 스튜디오마냥 찍고 눈도 행복 입도 행복 즐거웠어요♡♡,친구들이랑 오기 젛아요 재밌는 수다 떨다 갑니다 ㅎㅎㅎ😃😃 특별한 메뉴들이 많아서 좋아요~~~ 오랜만에 친구 들 좋은 시간 보내서 너무 추억에 많이 남을거 같아요 시그니처인 레인보우 샤워크림은 카스테라에 _ 무지개색 크림 을 부어 먹는 메뉴로 신비롭고 예술적이고 확실히 다른 카페에서 보기 힘든 메뉴가 많아서 독창적인 커피를 ...,"사진찍는 거 좋아하시는 분들은 정말 추천! 찍을 장소가 너무 너무 많아요! 인생샷 보장! 시그니처인 레인보우 샤워 크림은 카스테라에 무지개색 크림을 부어 먹는 메뉴인데 비쥬얼 최강이더라구요💚 확실히 다른 카페에서 보기 힘 든 메뉴가 많아서 독창적인 커피를 맛볼 수 있었어요 카스테라는 초코, 우유, 딸기, 멜론, 치즈맛이 있고 안에...",진짜 색감도 너무 예쁘고 각자 색감 취향에 맞게 갈 수 있어서 너무 좋은 것 같아요! 무지개 크림은 진짜 딱 인스타 감성이라서 저에겐 너무 시각적으로 좋았답니다!,색깔도 너무 이쁘고 특히 레인보우 크림이  번쩍번쩍 밝고 인스타에 올릴만한 비주얼입니다!  기회가 있으면 재방문 할게요!!,연말분위기 ♥️ 이쁘고 맛도 있고 너무조음 연교에서 배터지게먹고왔는데 카스테라에 레인보우크림 적셔먹으니까 너모맛있는거 ㅠ 아 배터짐 .. 냠냠,힙한느낌이라 음료맛은 별로기대안했는데 의외로 원두가 고소하고 향이 독특해서 커피가 맛있었어요! 레인보우크림도 보는것보다 많이 달지않고 괜찮았는데 굳이 안뿌리고 오리지널그대로 먹어도 좋을거같긴해요. 인테리어가 예뻐서 곳곳에 포토존이 많네요!!사진 건져갑니당><,연남 골목에 아름답고 이색적인 까페!! 인스타에 떠서 친구랑 와봤는데 ㅠㅠ 너무 예쁘고 .. 색감이 쨍해서 사진도  잘나와요.. (진짜 짱이야 😭😭) ..0💘💘 또 곧있음 크리스마스라 너무 예쁘게 꾸며져있어서 정말 분위기 좋아요 직 원분들도 친절하셔서 다음에 또 오고 싶어요😇😇🤗,"비비드한 컬러의 색감 맛집입니당💕 인스타보고 가보고 싶다 생각하다가 오늘 갔다왔어요!! 입구부터 힙한 느낌 한 가득해서 너무 좋았구용!! 1층부터 3층+루프탑까지 있는데 한 공간마다 색다른 느낌으로 인테리어 되어있어서 좋 았어요😆 메뉴는 시그니처 음료와 찰리스브릭먹었는데 맛있었습니다! 커피도 진하고 달달해서 맛있었구요, ...","화려한 인테리어와 디저트가 인상적인 하우에버 연남💖 예전부터 너무 가보고 싶었던 곳이었는데, 드디어 가게됐 어요>___<@ 기대한 만큼이나 만족스러운 인생샷을 건질 수 있는 카페였답니다! 야외에서 사진찍으니까 굿굿❤️ 디저트로 주문한 카스테라에 레인보우 샤워크림을 부으니 완전 비주얼 대박!! 신비롭고 예술적인 디저트가 되...",오리지널 카스테라와 시그니처 레인보우 샤워크림 함께 먹었어요! 카스테라 안 쪽에 크림도 있고 퍽퍽하지 않고 부드럽게 맛있더라구요🌈 음료와 디저트 모두 비주얼 뿐 아니라 맛있기까지한 하우에버 연남 추천입니다! 심지어 카페 공간이 모두 너무 예뻐서 인생샷 남기기에도 좋은 사진 맛집이에요🫶,주변 카페 찾다가 와봤는데 생각보다 정말 만족스러웠어요! 카스테라도 맛있고 인테리어가 훌륭합니당 초코라떼도 정말 오랜만에 달고 알찬 초코라떼를 먹어본 것 같네요 크림 맛집인 것 같아요 한번쯤 와보는거 추천!,"디저트가 진짜 특색 있어요! 크림 색이 알록달록 너무 영롱해서 먹기 아까울 정도예요 카스테라도 안에 우유크림이 들어있는데 촉촉하고 크림이랑 잘 어울려요! 그리고 매장이 진짜 넓고 층별로 비비드한 색과 소품들, 그래피티로 꾸며져있어서 너무 예쁘고 사진도 잘 나와용",연남동에 있는 3층카페고 인테리어가 매우 특이해요 그리고 카스테라 종류도 많고 카스테라 위에 크림부어먹는 형 태인데 크림이 매우특이하네요 커피도 매우다양합니다 음료 1인1메뉴이고 주문은 2층입니다,아이와 맛있는 디저트를 먹으려고 방문했는데 하나하나 다 맛있고 카페 분위기도 너무 좋아요!! 거기게 사진 맛집이라는요~ 여유로운 공간과 직원분들도 너무 친절하시다는요!!!,외관도 특이하고 내부도 층마다 다 다른 인테리어인데 아주 독특해요 해가 강해서 루프탑에 앉지않았는데 루프탑이 특히 예뻤어요 내부좌석도 꽤 많이 있고 소파석은 진~~~짜 너무 편하고 좋았어요 꿀잠도 잘수있을만큼의 푹신함과 편안함 ㅋ 디저트가 시그니처 같은데 너무 달아보이는 비주얼에 포기하고 커피만 마셨어요 커피만으로도 이...,인생샷 건질 수 있는 컬러풀 대형카페! 3층 건물이라 자리도 많고 층마다 컬러 컨셉이 달라서 모든 다른 컨셉으로 인 생샷을 건질 수 있어요. 그리고 음료도 다 컬러풀해서 예쁘고 시그니처인 카스테라에 레인보우 크림을 부으면 바로 인스타각 나와요! 카스테라는 부드럽고 폭신폭신하고 가운데 또 생크림이 들어있어서 더 달달하게 먹을 수 있...,예전부터 와보고싶었던 곳인데 정말 분위기 쨍한곳이에요!! 어디서 찍어도 멋진 포토존. 카스테라 비쥬얼 끝내줍니다. 기분업되고 갑니다.,"꼭 가보고 싶던 곳이라 오늘 드디어 가게되었는데 한층만 잇는것도 아니라니,, 게다가 색깔도 다양해서 사진도 맛깔나게 찍을 수 있을것같아요,,🫶🏻 그것보다 레인보우 크림 짖짜 너무 이뻐요 ,,,😳 진짜 사면서 사진 많이 남기고 가겠습니다 오늘 인생샷 남길게요",우선 인테리어가 너무 힙하구 층마다 컨셉이 달라서 좋아요. 테라스도 있어서 날씨 좋은 날에는 야외에서 커피두 마실수 있어서 좋아요.커피두 진하구 말차 카스테라에 레인보우 크림 주문했는데 비주얼만큼 맛도 있구 홍대 오면 또 방문 할 예정입니다 :),인스타각이에용~사진도 잘나와용~분위기도 힙하고 오전에 가니 조용하고 음료랑 빵도 맛있어용~첨왔는데 또오고싶어용,최근 핫플이라는 글을 많이 봐서 방문하게 되었습니다! 서비스나 청결도 등 전체적으로 나쁘지 않은 느낌이었어요 🙂 그런데 핫 음료인데도 미지근한 느낌이었고 생각보다 카스테라 맛은 기대보다 미미했네요 ㅎㅎ 그리고 카운터 에서 영수증 리뷰를 하면 카스테라 한 개를 포장해준다는 글을 보고 여쭤봤는데 카스테라가 많이 남아 있지 ...,아이가 유투브에서 레인보우 크림을 봤는지 먹고싶다고해서 검색해서 바로 또 집근처여서 갔어용~~ 레인보우크림  너무너무 좋아했고 맛있다고 엄청 먹었어요~~ 머랭쿠키도 맛있네요~~ 그리고 공간이 너무너무예뻐요 어디나 아이 데리고 오기는 편치않지만 덕분에 좋은 시간이었습니당~~,"연남동에 독특하고 맛있는 카스테라&라테 맛집이 있어서 방문했어요:) 입구에서 부터 인스타 갬성이 뿜어져 나오고 , 층마다 각각 다른 컨셉으로 이루어져 있었어요!! 시그니처 메뉴인 레인보우 크림. 오리지널 카스테라. 라떼로 주문 했고, 촉촉한 카스테라 위에 샤워크림을 붓는 순간 예쁜 폭포가 흘러내리네요~^^😍😍 보는 재미가 있고, 라...",레인보우크림 카스테라 조합은 눈이 즐겁네요^^ 그리고 달지 않아서 좋았어요. 코코 청포도와 아이스 커피도 가격 은 좀 있지만 맛있었어요. 컬러풀한 인테리어 덕분에 사진이 이쁘게 잘 나와요 모든 곳이 포토존이네요!!,연남동에 워낙 맛집과 핫플이 많아서 어딜갈까 정말 고민이였는데 하우에버 연남이 눈에 확 띄어서 방문했어요! 인테리어도 너무 멋지고 디저트와 음료의 색감이 정말 너무 젛아요! 아무리 생각해도 정말 기발하신 것 같아요. 카스테라도 맛있고 크림도 느끼하지 않아 맛있네요! 데이트로도 너무 좋을 것 같고 아이와 와도 너무 좋아할 것 같아요,"일단 들어가는 입구를 너무 헤매서 잠깐 포기할 뻔 했으나! 포기했으면 너무 아쉬웠을 것 같아요🔥🔥🔥 그 정도로 굉장히 특색있습니다. 쨍한 컬러감의 인테리어가 먼저 눈에 들어오는데, 각 층별로 색깔 테마가 달라서 구경하는 재 미가 있어요👍🏻 좌석도 다양하고 좌석 간 간격이 넓어서 좋았습니다! 솔직히 카스테라만 먹었을 때는 평범한 ...",인스타 감성가득하고 예쁜데다 크림이 정말 맛있어서 놀랐어요. 카스테라도 큼직하고 촉촉해서 커피랑 꿀조합 이였습니다.,"카스테라 메뉴랑 매장 인테리어 매우 독특하고 예뻐요. 사진도 잘 나오고 사진 찍는 거 좋아하시는 분들에게는 추천  드려요~ 그런데 카스테라 위에 뿌리는 크림은 4,800원을 내고 추가로 구매하는 것인데도 불구하고.. 빵과 크림 모두  맛, 식감 그리고 조화는 별로였습니다.",맛있고 힙해요 대충 찍어도 사진 너무 잘 나오고 디저트도 예쁘고 맛있어요 초코를 크게 좋아하는 건 아닌데도 너무 달지 않아 맛있고 직원분들도 친절해요,인스타에서 핫하길래 방문해봤는데 연남동 디저트카페에 이렇게 알록달록한 대형카페가 있다니🤩💓 완전 카페외 부 내부가 다 포토스팟👍 무지개크림도 신기하고 이색데이트로 굿뜨!,진짜예쁩니다.. 인생샷 쌉가능♡♡♡,친구가 추천해준 카페라 갔는데 컬러조합이며 디자인에 반해서 사진 엄청 찍고 놀았어여!! 층수도 4층까지 있고 루프탑도 잇어서 날 좋을 때가면 좋을듯! 음료 맛들은 평타라서 괜찮고 비주얼들이 장난아니라서 한번쯤 방문하길 추천⭐️,비주얼이 정말 신기해서 왔어요! 인테리어가 비비드한 색깔로 채워져있어서 사진찍기 정말 좋을 것 같아요 디저트 종류가 많아서 고르는 재미가 있더라구요 레인보우크림이 시그니처라 시켜봤는데 양이 많아서 저희는 많이 남겼어요 ㅋㅋㅋ큐ㅠㅠ,"연남에서 핫플로 유명한 하우에버 카스테라도 다양하고, 색도 이쁜데 예상과 달리 느끼함 없이 적당한 달콤 고소함 으로 맛있게 잘먹었어요!! 음료도 다양해서 재방문 또 하고픈곳이에요!!! 색감맛집이네요!!!🤩",인테리어가 컬러풀하고 그에 맞추어 디저트도 창의적이에요! 카스테라에 알록달록한 우유 맛 크림을 부어먹는건데 보기 좋은 떡이 먹기도 좋다고 힐링하고 갑니다!!❤️❤️,입장전부터 외관이넘예뻐서 놀람❤😮 메뉴도 다양하고 너무 분위기 딱좋아서 너무 예뻤음 색감완전👍🏻👍🏻직원분 도 웃으면서 반겨주시고 말씀자체가 너무 친절하셔서 완전짱장❤!!! 레인보우크림 진짜완전 예쁘고 신기함🙃 그리 고 음료가 너무맛있고 예쁨 완전 계속예쁘다라구밖에 생각이 안든다٩(๑❛ᴗ❛๑)۶,두번째 방문이에요 사진 찍기 좋고 디저트가 독특해요💖 크림 라떼도 존맛탱구라,인테리어도 특이해서 포토존도 많고  디저트도 1층에서 직접 만들어요👍 직원들도 쾌활하고 유니폼도 독특하고 좋아요😊,오랜만에 왔는데 디저트가 더 다양해졌어요~ 완전 디저트 맛집이에요ㅎㅎ,인테리어가 너무 특이해서 인스타보고 오고싶어서 찾다가 들어왔는데 사진도 잘 나오고 너무 편안한 분위기여서 좋고 친구들이랑 같이 오기 너무너무 좋아요.ㅠㅠ 음료 데코도 너무 귀엽고 .♡♡♡ 디저트 크림도 신박하고 음료도 너 무 귀엽고 다 맛있어요..ㅠㅠ 나중에 다른 애들이랑도 오고 가족들이랑도 오고 싶어용 인테리어가 특히 인상...,"처음 와본곳인데 카스테라 비주얼이 개성있고,맛도 맛있었어요~ 사진은 못찍었지만 다른 케이크들도 밸런스가잡혀있게 맛있었습니다! 데이트장소 추천드립니다!",너무 예쁜 색감인데~맛있어요😋 멋진 색감의 인테리어까지 기분 전환이 확 되네요~👍 팝핑체리 음로 달지 않고  맛있어요. 레인보우 샤워도 달지 않아요~~,디게 알록달록하죵 ㅎㅎ 카스테라가 아주 부드러운게 맛도 좋아요!,층층마다 색감이 다 이뻐요~ 음료도 그렇고 카스테라에 부은 크림도 다 맛있어요~!!!+..+ 카스테라도 부드럽고 맛있습니다ㅠㅠㅠ 또와서 먹고싶고 다양한 색감에 앉아서 먹어보고 싶네요👍👍평일에오면 한적해서 원하는 자리에 앉을수 있을것같습니다~,넓고 분위기가 좋아요~~☁️ 카스테라 촉촉하고 맛있어요!!!,인스타에 많이 올라오는 진짜 인생 사진찍기 좋은 하우에버! 예쁜 한 컷 한 컷들 만들어가세요,에버모노라떼는 은은한 연유라떼고 왜인지 모르겠지만 끝에 살짝 죠리퐁맛이나요ㅋㅋㅋㅋ 카스테라도 크림 뿌려 먹으니까 부드럽고 맛있었어요! 카페가 생각보다 크고 직원분들도 친절하셔서 좋았어요!,분위기좋고 독특하네요~ 인스타각입니다! 레인보우크림은 필수! 넘이뻐요~~ 동영상을 못찍어서 아쉽ㅠ 연남동오 면 꼭 들려야겠어요~♡,레인보우 크림 카스테라 SNS에서 보고 꼭 와보고 싶던 곳🌈✨ 매장 구석구석 인테리어 색감이 넘 좋아서 사진  찍기 좋고 구경할 맛이 나요 레인보우크림 색 때문에 맛은 어떨지 좀 불안했지만 우유크림이라 그런지 카스테라랑  잘 아우러져요 아아는 산미도 없고 .. 정말 맛있어요☺️🙌,"큰애가 울 부부 맛난 식사와 디저트 대접 홍대 연트럴파크 한곳서 식사후, 하우에버 방문! 색감이 이뻐.사진이 잘 나 오네요! ^^ 층층마다 포토스팟이 많아서 연신 사진 셧터 소리가,ㅎㅎ 커피와 디저트 맛은 걍 쏘쏘. 이쁜 사진 좀 건진 거로 대신할래요.^__^","처음갔을때 동화속에 들어간 기분이었어욤~!! 노랑 파랑 핑크 주황 까지 다양하게 자리가 나누어져있어서 신기했답 니당~! 사진도 예쁘게 잘나오고, 무엇보다 디저트가 가장 귀엽고 예뻤어욤>< 디저트 전시회를 다녀온 기분이더라구 욤~ 보기도이쁘고 먹기도 예뻐서 또한번 방문하구싶네용ㅎㅎ","인스타에서 몇 번 보고 오고 싶었는데, 드디어 왔네요! 카스테라는 생각보다 식감이 단단햤지만 크림이 너무 맛있어서 잘 어울렸어요! 재방문 의사 완전완전 있습니당 그리고 알바분들이 너무 귀여우세요",인테리어가 멋져서 들어왔는데 카스테라도 맛있고 레인보우 크림도 너무 신기해요 ㅎㅎ 외국인들도 많은 걸 보니 핫플 맞네용🌈🦄,맨날 가야지 가야지 하다가 드디어 방문 늦으 저녁시간대라 그런지 사람이 저희팀밖에 없어서 여기저기 구경하기 좋았어요:) 빵두 음료도 맛있어요 ㅎㅎ,카스테라 너무 부드럽고 다양한 크림이 있어요!! 시끄럽지도 않고요 조용한 분위기에 맛있는 카스테라 먹을 수 있는 곳이에요!! 강추!,크림 카스테라 진짜 짱신기ㅋㅋㅋㅋ매장도 특이하고 사진찍는거 좋아하신다면 한번정도 오면 넘 좋을 것 같아요! 카스테라도 꽤 맛있었어요!!,요즘 인스타에 핫한 카페라해서 가봤는데 외관부터 엄청 특이하고 내부가 진짜 멋있었어용ㅎㅎ 사진 찍는거 좋아하는 분들이 오면 인생샷 백장 건질듯욤‘ㅁ’!,"매장이 너무 힙해서 입구부터 4층까지의 모든 공간이 포토존인 하우에버 연남에 갔어요. 키치베리 카스테라, 레인보 우 크림, 아인슈페너, 베리 브러쉬를 맛봤어요. 하우에버 연남의 화려한 색감의 매장은 층마다 개성이 다른 색상으로 되어 있어서 너무 매력적이에요. 하우에버 연남의 디저트와 음료들은 화려한 색감 대비 너무 맛있고 모든 메...",1인1음료이고 카스테라를 직접 골라서 트레이에 담아서 준비해야함 크림종류는 여러가지있음 그 중에서 저는 레인 보우크림으로 했음 젤 이유명하고 사진도 이쁨 카스테라에는 토끼모양이 찍혀있음 토끼모양 컨디션은 알아서 잘 골 라야할듯 카스테라도 직접 옮겨야하기 때문 힘조절필수 내앞에 있는분은 실수하셨는지 카스테라가 살짝 찢...,"보기에는 색감이 강해서 특이할것 같지만 , 엄청 맛있습니다!!!! 적당히 부드럽고 달달해요😝 사진을 막찍어도 잘나와서 좋고 , 직원언니 너무 친절하셔서 더 좋았어요❤️",힙한 연남동 신상카페 하우에버! 비비드한 색감의 인테리어에 키치한 디저트 카스테라와 라떼 메뉴들까지.. 요즘감성 제대로 모아둔 곳이더라구요*.* 이색적이고 독특한 데이트코스로 즐기기 딱 좋은 홍대 카페 추천해요 ㅎㅎ,"입구부터 꾸며놓은 느낌이 나고, 들어오니 쨍한 컬러감들이 매력적이에요! 디저트들도 넘 예쁘고 카스테라 위에 레인보우 크림을 붓는것도 재밌어서 색다른 경험을 했습니당 ㅎㅎ",모임이 있어 처음 방문했는데 찾아오기는 조금 힘들었지만 원색의 인테리어와 말차카스테라 고구마라테가 참 맛있 어요,친구랑 카페오려고 홍대입구 카페 찾아보니까 바로 뜨는 하우에버연남!!! 무엇보다 색감이 어마어마합니다 ㅎㅎ 그리고 평일에 와서 그런지 다행히 자리가 많아서 좋았아여 ㅎㅎㅎ 시그니처 메뉴인 레인보우 샤워크림 ㅎ ㄷ ㄷ 신기하고 ㅋㅋㅋ 맛있습니다-!! 홍대에 왓름 친구랑 한번 놀러오기 좋을 것 같아요 ㅎㅎ,카페 분위기랑 인테리어도 너무 힙하고 시그니처 메뉴도 너무 예뻐요! 예쁜데 맛있기까지하니까 너무 핸복했어요💓 연남오면 앞으로 자주 들릴것 같아요!,"오길 너무너무 잘한 거 같아요!  팝아트 스타일의 카페고, 시그니처 라떼도 진짜 맛있어요 ㅎㅎ 안에 아이스크림도 들어있네요!  레인보우 크림도 신기하고 재방문 의사 있어요~",하우에버 연남 덱스의 맛카롱 보고 왓는데 넘 이쁘고 좋네요!! 레인보우크림 케이크 넘 이쁘구 방마다 벽 색감 좋네요!!,하우에버 카페 컨셉 재밌고 음료 카스테라 맛있음💕,아이들이 너무 좋아해요 이색체험?!느낌 어른들도좋아하고 아이들도좋아하고 가족모임하기도 좋을것같아여 직원들더친절히고 인테리어도 너무 이쁘구요 다음에또 올거예여,비비드한 색감으로 보는 즐거움이 가득한 곳이예요~ 카스테라 위에 레인보우크림 부어 먹으면 넘 예뻐요~ 베스트메뉴인 말차라떼도 진짜 맛있어요ㅎ,분위기 너무 좋고 친절하세요 💗,하우에버에는 특별한 메뉴 카스테라에 레인보우 크림을 주문하면 뿌려먹을 수 있어요!! 색감도 좋고 층마다 각기 다른 색의 방으로 되어 있어서 신선해요~,❗️이 카페보다 “힙”한 카페는 없다❗️ WoW ~ 하우에버연남을 재치고 힙한 카페는 없을 겁니다😀 인테리어면 인테 리어 뷰면 뷰~ 그렇다고 음료와 디저트가 맛이 없냐? 그건 또 아닙니다 디저트도 넘 맛나구 음료중에는 특히 “코코 청포도” 너무 맛있어요!!!!!! 🧡🧡 여러분도 힙한 카페를 방문해 인생샷을 건지세요 🩵 재방문 의사 100%❗️...,소문만 듣던 하우에버 다녀왔는데 색감 미쳤어요! 인테리어 미쳤고 어디서 사진 찍어도 인생컷 완전 가능해요. 카스 테라랑 크림도 맛있고 많이 안달아서 순삭가능! 연남동데이트코스로 필수!!!다음에 또 갈거예요!!
표정,1215983970.0,역시 초코 하트 구겔호프케이크! 유명한만큼 맛있는 케이크였습니다. 초콜렛이 묵직하고 진한 초코맛이 느껴져서  초코 러버는 너무 좋았어요. 비주얼도 기념일이나 선물하기에 너무 좋아서 다음 기념일에도 남자친구와 여기서 케 이크 구매할 것 같습니다!,구겔호프 포장해서 데려왔어요! 집에와서 먹어봤는데 진짜 맛있네요ㅠㅠ 너무 달지않고 은은하게 달달해서 질리지 않고 먹기에 너무너무 좋아요ㅎㅎ 너무 맛있어서 다음에는 케이크도 포장해서 먹어보고싶네요! 포장도 빠르고 예쁘게 해주셔서 좋았어요.:),"파티를 앞두고 계신 분, 크리스마스나 기념일, 생일파티 등기념일 케이크에 고급스러운 디저트와 케이크를 찾으시 는 분들에게 딱이에요 !! 고급스러운 패키지에 신경 안쓴 듯하면서 정성스러운 선물을 할 수있어서 좋았어요 ~ 무엇 보다 무방부제에 100% 동물성 생크림등 좋은 재료를 사용한다고 해서 더 믿고 먹을 수 있을 거 같아요! 네이...",흔한 케이크 상자가 아닌 투명한 상자에 담겨있어 선물같은 느낌이라 선물하기 너무 좋았던 표정의 초코 하트 구겔 호프케이크! 비주얼도 예쁜데 맛도 있어서 홍대 케이크로 유명한 이유를 알겠더라구요! 기념일이나 생일선물용 케 이크로 추천해요 😊,"넘 맛있어요~~ 저희 아이들도 맛있다고 가릴거 없이 다먹었네요 ^^ 엄청 달지도 않고 안에도 촉촉하고 완전 취향저 격이였어요❤️👍 레몬도 레몬 커스타드 까지 있고 새콤 달콤 어울려서 너무 맛있게 잘먹었습니당 ㅎㅎ 쑥도 맛있어 요 쓰지도 않고 식감도 재밌고 맛있어서 놀랬어요 ㅎㅎ 추러스, 초코 완전 애들 좋아해요 ~~ 초코위에 귀요...",결혼을 앞두고있는 친구를 위해 표정 초코하트구겔호프케이크를 예약해서 포장해왔어요! 특별한 케이크로 축하를  해주고싶어서 준비했는데 친구가너무감동받았구 맛까지 너무좋아서 완벽했어요!! 연남동 케이크는 표정이 최고네 요 이벤트케이크로도 완전 추천이에요!!,결혼을 앞두고있는 친구를 위해 표정 초코하트구겔호프케이크를 예약해서 포장해왔어요! 특별한 케이크로 축하를  해주고싶어서 준비했는데 친구가너무감동받았구 맛까지 너무좋아서 완벽했어요!! 연남동 케이크는 표정이 최고네 요 이벤트케이크로도 완전 추천이에요!!,구겔호프 6구로 처음 먹어봤는데 아이스아메리카노랑 같이 먹으면 궁합이 딱이네요😃 폭폭하고 달달하면서 부드럽게 씹히는 느낌이 인상적이네요! 다음 번에는 케이크로 한 번 먹어보고 싶네요😘😘😘,홍대 케이크 맛집 표정🫶🏻 기념일이라 인스타 감성으로 예쁘고 힙한 케이크 하트 구겔호프 초코케이크 맞췄는데 대 만족이에요❤ 보는 데서 한 번 반하고 맛에서 두 번 반하는 하트 구겔호프 초코케이크 기념일 케이크나 생일 케이크 로 진짜 대추천 드립니다😍 심지어 케이크 픽업하면서 다른 구겔호프도 맛있어 보이길래 레몬이랑 초코샀는...,기념일이라 케익 준비했는데 사진보다 실물이 훨씬 더 예뻐요. 하트라서 더 좋아할거 같아요. 오늘 저녁 파티하고 맛나게 먹을예정이에요~~,"구겔호프라는 디저트는 처음 먹어보는데 너무 맛있는데요,,???? 겉바속촉 ㅠㅠ 그잡채 묵직하고 밀도있고 저는 새콤한 레몬 구겔호프가 제일 맛났어욤!!",구겔호프 6개 박스 구입했어요^^ 크기 부담스럽지 않아서 하나씩 간식용으로 먹기 좋네요 매장은 작지만 분위기 좋 더라구요 비주얼이 이뻐서 연말 파티나 기념일 선물용으로 추천합니다,선물주려고 미니구겔호프 6개 포장해왔는데 고급진 포장에 먹음직스러운 비주얼까지 넘넘 마음에들어요♡ 미니사이즈로 하나씩 꺼내먹기두 아주 편해요!,포장 받았을때 넘 이쁘고 길가다가 친구 만났는데 여기 케이크하고 포장이 넘 이쁘다면서 어디꺼냐고 물어봤어요  ㅎㅎ 바로 알려줬지요 ~~맛도 맛있었어요 ~ 딱 오늘 기념일이라 신랑도 맛있다면서 자기도 표정에 예약 할꺼라네요  ㅎㅎ 오늘 맛있는 하트 구겔 호프케이크 덕분에 행복한 기념일 챙겼습니다 ㅎㅎ❤️❤️❤️,"기념일 케이크로 좋았습니다~ 생크림 케이트라면 물려서 남겨 버렸을텐데, 초코시트에 초콜릿이 부담스럽지 않고  좋라 다 먹어버렸습니다 ㅋㅋㅋ 진짜 너무 맛있어서 기념일이 아니어도 종종 먹고 싶어졌어요!! 우유랑 먹으면 더 맛 있을것 같아요~",초코하트구겔호프 케이크 주문했어요%~~ 디자인도 유니크하고 양도 부담스럽지 않아서 집에서 디저트로 먹기도  좋고 선물하기도 딱좋은 사이즈인거같아요~~~맛도 달지않고 아메리카노랑 먹으니 너무 맛있어요!!! 굿굿^^ 재주문 하러 또 오겠습니당,고급스러운 포장박스 때문에 디저트 선물로 딱이에요👍 구겔호프 비주얼도 이쁘고 부드럽고 맛있어요 🥰 연남동 디저트 맛집으로 추천할게요💕,"추석에 본가 내려갈 때 가져가려고 연남동디저트 맛집 표정에서 포장했어요! 다양한 맛의 구겔호프 디저트를 살 수  있어서 좋았습니다! 포장도 넘 예뻐서 기분좋게 가져갑니당! 헤헤 가족들도 좋아할 것 같아요💛 큰 구겔호프 케이 크도 파티할 때 가져가면 인기 최고일 것 같아요! 홍대,연남동 디저트 맛집으로 추천해요~~👍",진짜 너무너무 예쁜 케이크! 비주얼에 비해 생각보다 안 달아요! 안에 밀도 높은 빵이라 궁합 쏘 굿닙니다 :) 포장까지 갓벽! 진짜 선물할 맛 나는 케이크에요 :),친구 생일 선물로 준비한 케이크💗 너무 만족스러워요 디자인도 귀엽고 쵸코도 넘나 맛있 기념일이나 걍 이벤트 케이크로 넘모 좋을듯 추천드립니다👍,연남동 디저트 맛집💕💕💕 추석이어서 가족들과 함께 티 타임 때 먹으려고 구겔호프 예약해서 데려왔어요!!! 하나 하나 특별하게 맛이 잘 느껴져서 좋았고 특히 쑥 맛은 어르신들이 좋아하시더라구요 ㅎㅎ 제 취행은 레몬❤️상큼하 니 아주 맛있었어요! 선물용으로도 아주 찰떡입니다!!! 첫번째 사진은 매장용 샘플입니다!,부드럽고 촉촉했던 구겔호프6종 디저트를 좋아하지않던 친구도 허겁지겁 맛있다고 집어먹더라고요 포장도 고급지 고 너무 이뻤어요~! 다음엔 케잌사러가볼게요 감사합니다,"남자친구랑 기념일 케이크 했는데 넘넘 예쁘고 사이즈도 먹기 딱 좋은 사이즈였어요. 비주얼이 엄청 달아보이는데 딱 먹기 좋을정도로만 달달해요, 별로 안달아요!!! 남자친구가 달달한 케이크 별로 안좋아하는데 이건 더먹고싶다면 서 마니먹었어요. 픽업하면서 레밍턴 구겔호프 작은것도 먹어봤는데 맛있더라구요 오레오맛도 궁금해서 담...",들어가는 입구부터 향이 진짜 진하고 좋고요! 케이크가 너무 예쁘고 맛있습니다~ 연남동 케이크집 고민없이 표정 추천이요!!!!♥︎,특별한 생일 축하해주려고 레터링 케이크 찾다가 맛있는 케이크를 선물해주고 싶은 마음에 가까운 연남동에 이런 맛집이 있을 줄은 ㅠ.ㅠ 💗 너무 맛있어요 ! 다음엔 작은 구겔호프들도 먹어보려구요 !!,케이크 독특하고 예뻐요! 안에 꾸덕한 초코가 있어서 맛도 좋구요. 투명 포장이 예뻐서 선물하기에도 좋아요.,"집들이 디저트선물 구매하러 방문한 연남동 디저트 전문점입니다. 구겔호프 디저트 전문점으로 맛, 디테일, 패키징  모두 훌륭해서 선물용으로 구매하기 너무너무 좋습니다. 디저트 판매뿐만 아니라 카페도 같이 운영하기 때문에 연 남동 데이트카페로도 좋습니다. 만족도가 매우매우 높습니다.",선물용으로 샀는데 포장도 고급지고 너무 예뻐요! 친구한테 선물하고 같이 나눠먹었는데 진짜 꾸덕하고 맛있어요 ㅠㅠ 케이크도 맛있어보였는데 생일 케이크로 사서 연남동에서 파티할때 사면 좋을거 같아요!!! 커피랑 잘 어울리고 재료 하나하나 고급진 맛이 납니당.. 특히 초코 꾸덕해서 놀랐어요!!!,초코를 좋아하는 남자친구 생일에 맞춰 예약했는데 맘에 쏘오옥✨ 초코가 진하고 달달하네요♥️ 기념일에 하트 초코케이크 강추입니다!!!,친구 생일 케이크로 고민하다가 일반적인 케이크 말고 특별하게 레밍턴으로 준비했어요! 여긴 다들 초코로 많이 주 문 하시는거 같던데 저는 친구가 레밍턴 좋아해서😆 생각보단 사이즈가 아담해서 조금 흠칫 했지만😂 그래도 귀엽 고 예쁘더라구요! 친구가 먹어보더니 맛도 있다며 너무 좋아했어요! 요즘 레터링 케이크가 워낙 많은데 이렇...,케이크 비주얼 부터 너무 예뻐서 픽업 하면서 몇번을 놀랏는지..! 진짜 케이크 비주얼 끝장납니다~ㅎㅎ 케이크를 꺼내자 마자 달콤한 향이 마중을 나오고..! 초코가 굉장히 꾸덕하면서 달달하며 당충전 최고!,결혼기념일1주년맞이한 표정 케이크!!! 이미 유명한이유가 있던 케이크!! 비주얼뿐만아니라 정말 맛있더라고요!!! 기 념일케이크로 강추합니다!!,"신세계,,, 구겔호프가 뭔지도 몰랏는데 첫입문을 표정에서 해서 조아요,,🥹🥹사장님도 넘 친절하시구 홍대랑도 가깝구ㅠㅠ 글구 무엇보다 매장 인테리어 무엇 ,, 차가우면서도 먼가 도도한데 넘넘 매력적이에요 👀👀 구겔호프도 촉촉하면서 네이밍대로의 맛을 갖고잇어요!!! 또올게요!",초코하트 구겔호프 케이크 픽업합니다 집에와서 먹어보니 달달하구 맛있네요!!,음 케이크도 맛있고 다 괜찮았는데 케이크 위에 얹어진 크림이.. 정말 고정력이 1도 없어서 그냥 들고 걸어가기만 하 는 와중에도 크림이 다 와르르 무너져서 당황.. 보니까 하트 윗부분 쪽은 고정이 잘 되어있는데 하트 하단의 V 라인 부분은 크림이 밀착이 1도 안되어있더라구요; 이렇게 바로 무너진 케이크는 처음이라 좀 당황스러웠고 속상...,"분위기좋고, 아늑하고 프라이빗한 공간이 너무 좋았고, 구겔호프라는 디저트 이름을 처음 인지하게 된거같은데 넘 맛있더라구요! 휘낭시에, 마들렌같은 구움과자 좋아하시는분들에게 잘 맞을거 같아요😉",개인적으로 어머님이 너무 좋아하셨어여! 명절날 가족들이랑 맛있는 음식 먹으며 도란도란 이야기하기 너무 좋고 캐이크도 이쁘고 맛있다고 좋아하셨어요ㅠㅠ ❤️❤️🎂🎂,디자인도 이쁘고 초콜릿케이크 맛도 좋아요. 밀도가 높은 케이크에요:),친구 생일기념으로 케이크 고민하다가 디자인이 특이하고 예뻐서 선물했는데 맛도 좋아서 다들 만족한 케이크에요 ㅎㅎ,케이크 선물 받아서 픽업하러 갔다가 커피도 마시고 왔어요! (*사진 없음) 너무너무 맛있게 먹었습니다 꾸덕한 브라우니가 떠오르는 고급진 초콜렛 맛이었어요,케이크가 예쁘고 맛있어요!,달달한 디저트가 땡겨 방문한 표정 🤍 들어오자마자 달콤한 냄새 미쳤고 인테리어도 너무 이뻐서 좋았어요 ㅠㅠ 친 구랑 나눠먹으려고 6 구 구입 !! ㅎㅎ,기념일에 딱 어울리는 뽀짝한 케이크였어요.  초코 코팅과 초코 시트가 달달하니 잘 어울려서 디저트로 딱이었습니당,넘 예빠요💗💗💗💗💗💗💗💗💗💗💗💗💗💗💗,"친구들 모임에서 남편 깜짝 생일파티 케이크로 구입했습니다!🎂🩷 오래된 유명 브랜드 케이크 중 일부 제품 제외 하고는 가격대비 정말로 맛이 없는데, 이 구겔호프는 힙한 비주얼일 뿐만 아니라.. 고급지게 적당하게 달고 정말 맛 있어서 아주 조금 남은 케이크 조차도 남편이 절!대! 버리지 말라고 해서 이 제품으로 고른 제가 넘 뿌듯 했습...","친구 생일케이크로 줬는데 대만족이었고, 케이크 개봉하니까 초코 향이 엄청나게 강했어요 찐초코!!",친구 생일모임이 있어 예약했어요 우선 케잌 비쥬얼이 너무 이쁘고 특별해서 친구가 정말 좋아했어요!,디저트 맛집이 있다길래 찾아가봤는데 정말 맛있고!!! 구성도 알차고 비주얼로도 즐거운데 입 안에서도 즐거운 맛이에오 ㅎㅎ,"연남동에 위치한 분위기 좋은 카페에요! 저는 하트초코케이크 테이크아웃하러 갔는데, 카페 분위기가 좋아 다음에  또 가보고 싶다는 생각이 들었어요. 하트초코케이크는 하트모양에 초코가 가득 들어가 있어서 초코 좋아하시는 분 들은 정말 좋아하실 것 같아요:)",역시 연남동 디저트 맛집!!! 오늘 우리 부부600일이라 특별한 디저트를 찾다가 알게되었어요 : ) 더 특별한 기념일이  될수있게 해주셔서 감사합니다ㅎㅎ,표정 플레이트랑 구겔호프 케이크 먹었는데 연남동디저트 선물용으로 너무너무 좋아요! 비쥬얼깡패!! 특히 케이크 는 되게 달것 같았는데 딱 먹기 좋은 단맛! 생각처럼 어마어마하게 달진 않아서 누구나 부담없이 먹을수있어요~^^  갠적으로는 쑥 구겔호프가 원픽!!😍,"연남동 케이크들 중에 유니크한 디자인이라 예약하고 픽업하러 갔어요! 들어가는 입구부터 달달한 냄새가 나서 너무 좋았어요,,🖤다른 케이크도 너무 예뻐서 다음에 다른 케이크도 맛보고 싶더라구요?! 특별한 날 케이크로 완전 추천드립니다,,","일단 너무 이쁘구요,,,, 양도 딱 적당하고 가격도 괜찮아요! 초코초코하면서 달달한게 완전 당충 장난아니에요! 초코 향이 확 나는데 진짜 극락,,, 체리와의 조화도 좋구 넘 예뻐서 미쳐요ㅠ",구겔호프 포장해와서 먹었어요 레몬이랑 얼그레이 추천 그리고 쑥도 맛있구 선물용으로도 좋은거 같아용 ㅋㅋ,케이크 너무 예뻐요 ! ㅎㅎ 비주얼 최고! 남자친구가 너무 좋아해줬어요 맛도 정말 맛있습니당 🤍🖤🩶,너무 예쁩니다 너무 ... 매장안은 간지나지만 좁고요 저는 차피 포장이라 괜찮았습니다 근데 내부 이쁘긴 이뻤어요 호호. 제가 귀가 어두와서 맨날 다시 묻고 그러는디 직원분이 큰 목소리로 물어봐주시구 얼굴 보고 대화해주셔서 조았습니당-! 왕친절~,ㅜㅜ이렇게 이쁘고 독창적인 디저트가 있었다니💓 이런저런 기념일이 있어 들렸는데🥰 좋아할 사람들 생각하니 까 넘나 행복함듀😍😍 생긴 것도 이쁜 것이 들고가는데 계속 진득한 초코향이 나서 기분이 좋아지네요🍫🍒,사진이 너무 잘 나오고 신메뉴라 한번 주문해봤습니다! 친구에게 전해주어 맛은 모르지만 너무 예쁘고 가격도 적당해서 너무 좋네용♡ 직원분들도 모두 친절하시고 모두 좋습니다!!:),비쥬얼도 좋고 포장도 예뻐서 선물용으로 딱 좋을 것 같아요! 부드럽고 촉촉한 식감 대박이고 모든 맛이 다 풍미 깊 고 맛있었어요ㅠㅠ 좋은 재료를 안아끼고 넣으신게 느껴졌어요! 구겔호프 케이크도 예쁘던데 생일 때 예약해도 좋 을 것 같네요!,초코 좋아하는 가족을 위해 케이크 예약했는데 가서 있는 시간도 좋았습니다. 화장실도 안에 있고 깨끗해요. 중간에 사장님이랑 미스컴이 있었는데 얼굴 붉히지 않고 설명해주셔서 감사했습니다.,포장이 넘 예뻐서 디저트선물로 좋아보여요. 구겔호프는 뜨거운 커피와 잘 어울리는 맛이에요. 찐득거리지않고 포 슬포슬한 식감. 과하게 달지않아서 부담없어요.냉동보관 냉장보관도 가능해서 선물용으로 많이 판매하는듯해요. 초 코하트케이크가 요즘 핫해 보이던데 다음에는 초코케이크 먹어봐야겠어요.,패키지도 예쁘고 구겔호프디저트 자체도 정말 예쁘고 아기자기해서 선물하기도 좋아요! 쑥 구겔호프 밀도 빽빽한 거 보이시나요...? 퍽퍽할 것 같지만 정말 부드럽고 살짝 위에 올라가있는 쑥가루가 더 진하게 쑥맛을 느낄 수 있게 해줘요! 쓰지 않아서 쑥러버에게 강력 추천!!! 얼그레이 구겔호프는 네팔로 시집갈뻔한 친구가 미토처라며 맛...,기념일이라 초코 하트 구겔호프케이크 데려와서 집에서 칵테일 만들어서 같이 먹었어요!! 일단 케이크가 너무 예뻐서 사진도 잘 나오구 구겔호프가 촉촉하고 부드러워서 반했어요 겉에 초코도 진해서 맛있게 잘 먹었어요🫶💕,홍대갔다가 예쁜 구겔호프 포장했어요~ 아삭한 코코넛이 씹히는 래밍턴 구겔호프와 쑥향 가득한 쑥 구겔호프는 다른 카페에서는 접하기 힘든 맛이라 독특해서 좋았어요☺️ 진한 초코도 짱맛! 매장 내부가 너무 예뻐서 다음에는 매장에서 커피와 함께 즐기러 재방문할 예정입니다.,구겔호프사러 연남동디저트 전문점 표정에 갔어요♥️ 여기 매력에 빠지면 진짜 헤어나올수가 없어요 ㅠㅠ 레몬 구겔 이랑 츄러스 그리구 얼그레이 완전 최애 구겔호프에요❤️ 포장패키지도 완전 예쁨예쁨,맛있고 예쁜 케이크였어요 사장님이 친절해요,가볍게 디저트 선물할 일 있을 때마다 픽업하는데 갈때마다 친절하셔서 기분이 좋았어요! 선물 받으시는 분들이 구겔호프 처음 본다고 맛있다고 칭찬해주실 때마다 괜히 뿌듯^~^ 다 맛있는데 레몬이 특히 쫀맛이에요😊,카페 분위기 너무 좋아요 핸드드립커피도 원두맛이 잘느껴져서 좋앗습니다 커피가격은 조금비싼편이지만 커피맛이좋앗어요 구겔호프초코케익은 초코향이 가득하고 맛도 너무 좋앗습니다. 기념일 케익으로 강추합니다,연남동 디저트 카페로 유명한 '표정' 처음 갔는데 완전 만족입니다 :) 귀엽고 작은 구겔호프 여러종류가 있는데 다 맛 있어 보여서 고르기 어렵더라고요~ 시트가 촉촉하고 폭신해서 쌉쌀한 커피와 달달하며 먹으면 너무 잘 어울려요~! 비주얼도 예쁘고 맛도 호불호없이 좋아할만한 적당한 달달함이에요~ 디저트 답례품이나 선물 줘야할 때 딱 ...,달달한 초코케이크가 땡긴다면 연남동 케이크 맛집 표정 하트케이크 꼭 드세요!!!!! 저 원래 초코케이크 안 먹는데 이 거 먹고 반해버림 ㅠㅠ 촉촉하면서도 달콤한 초코가 듬뿍이라 초콜릿인지 케이크인지 구분이 안될정도도 맛있어요  기념일에는 표정케이크가 제일임 🥰🥰 맛도있고 비주얼도 좋고 ㅠㅠ 최고최고,전날 예약하고 다음날 픽업했어요~ 인스타에서 보고 너무 예뻐서 주문했는데 맛까지 완벽✨ 너무 뜨겁지만 않으면  실온 보관도 가능해서 30분정도 걸렸는데 안심됐어요. 초코가 꾸덕꾸덕하고 맛있었어요~!!,와... 진짜 리얼 꾸덕꾸덕한 초코케이크 맛집! 초코케이크 겉에있는 초코가 제가먹어본 초콜렛중 가장 찐하고 맛있는 초코맛이에요 안에 시트도 부드러워서 정말 너무 맛있어요❤️ 모양도 이쁘고 맛도좋고 앞으로 기념일 케이크는 홍 대 표정에서 구매할거에요! 구겔호프는 여기서 처음먹어봤는데 도넛이랑 휘낭시에의 중간인느낌? 그냥 딱좋...,ㅎㅎ 기념일 케이크로 샀는데 너무 느낌있고 예뻐요! 사진도 잘 나오고 두명이서 간단하게 먹기 좋았어요🍰,칭구 생일이라 주문했어요! 쵸코에미틴 사람인데 너무 맛있게 먹었다고 해요! 글고 실물이 더 귀여워용 담에 또 방문 하려구합니다,<재방문 지수 있는 편> 레터링 케이크보단 맛있는데 예쁜 케이크를 찾다가 발견한 곳입니다. 하트 모양이 맘에 들었 어요. 네이버 예약으로 케이크 주문이 가능해서 편했습니다. 매장에서 별도로 초를 구매할 수 있어서 미리 준비하지  않아도 됩니다! 포슬포슬한 빵과 밀크 초콜렛을 함께 즐길 수 있는 케이크입니다. 체리가 조금 아쉬웠지만 전...,특별한 날 선물하기 좋아서 좋아하는 사람들 생일마다 주문 중🫶,친구생일이라 미리 예약후 수령해서 먹었는데 초코맛이 진하고 위에 올려진 체리도 완전 신선하고 달달하니 맛나요!ㅎ,표정 한쪽에는 커피를 마실 수 있는 공간이 있는데 여유롭게 앉아서 마시기 좋을 것 같아요! 케이스 안에서 꺼내자마 자 초코의 향기가 뿜뿜!!! 친구 생일파티가 예정? 되어 있었는데 오픈해 보니 더 예뻤어요! 완전 초코초코한 비주얼 에 귀엽게 올라간 체리들! 코팅된 초콜릿은 설탕이 들어가지 않고 오로지 초콜릿으로만 만들어졌다고 해요! ...,디저트선물용으로 백점만점!! 근데 너무 맛있어보여서 선물하기전에 제가 다먹어버렸습니다 ㅎ 구겔호프박스 ..💕 최고💕,직원분들도 친절하시구 디저트도 맛도리!  티라미수 구겔호프 나중에 먹어보고싶어요!,모양도 너무 이쁘고 사이즈도 적당하고  여자친구가 너무 맘에 들어 했어요 ㅎㅎㅎ 다음 기념일에는 다른 맛으로 구매 해볼게요🤤,이번에도 케이크 받은 생일 주인공이 너무 좋아했어요~~ 조카들도 좋아하는 하트케이크♥️,여기서 구겔호프박스 냠냠하고 이번에는 친구 퇴사파뤼케이크로 표정 하트구겔호프케이크 너로 정했다!! 아니 너무 이뻐요 이뻐서 먹기 아까워요 ㅠㅠ 인스타충에게는 너무나도 완벽한 케이크💕💕💕 (사진만 백장찍음) 덕분에 너 무너무 눈도 즐겁고 입도 즐거웠어요 선물받는 사람도 주는 사람도 대만족입니다!!✨✨💕,초코 좋아하는 칭구들이 맛있다고 좋아했어요! 모양도 귀엽고 네이버로 예약하기 쉬워서 좋은 거 같아요,디저트 너무 예쁘고 맛까지 진짜 최고에요..연남동오시면 꼭 한번 들려보세요🥰,하트초코케이크 유명해서 기념일에 주문예약했어요☺️ 사장님 넘 친절하시고 케이크 너무 맛있네요. 담에 생일에도 예약하려구요! 🎉,구겔호프박스 포장이 예뻐서 선물용으로 사가기 딱 좋아요! 디저트도 뻑뻑함 없이 부드럽고 맛있어요💗,케이크가 넘 예뻐서 센스있는 선물이 되었습니당 맛도 좋아요🍒,"디자인이 마음에 들어서 예약했고, 사진도 잘 나와요 전 날까지 예약 가능하고 당일에도 한정 수량이 풀려서 접근성이 편해서 더욱 좋았습니다 기념일에 함께하면 기분 좋을 케이크고, 맛도 좋아요",남자친구 생일이라 샀는데 짱예쁘여,케이크가 예쁘네요‼️ 픽업 시간에 딱 맞춰 갔는데 한 3-5분 기다린 것 같아요! 예약 시간은 여유 있게 잡아야겠어요~,케이크도 너무 귀엽고 맛까지 짱짱ෆ,구겔호프 선물하기에도 너무 좋아요. 너무 달거나 인위적인 맛도 아니어서 커피나 차랑 같이하기 좋은 디저트인 것 같습니다:) 특히 레몬구겔호프가 원픽! 품절이라 못먹은 얼그레이는 다음에 도전하는걸로...ㅎㅎ,초코가 아주 찐하고 꾸덕해요 모양도 이뻐서 기념일 파티에 넘 잘어울렸어요,기념일 케이크로 딱이에요..♥️♥️ 꾸덕하고 촉촉한 구겔호프는 커피랑 마시니까 진짜 헤븐입니다!,디저트가 고급 고퀄 선물용으로 굿굿,사진에서 볼 때보다 사이즈가 좀 작았지만 그래서 더 좋았어요. 축하 짝짝하고 다 같이 한 번에 먹었네요. 겉에 초코랑 빵까지 진해서 맛있어요^^ 사진도 잘 나오네요^^,생각보다 양이 적었지만 먹을만은 하네요   단 초가 너무 비싸욧~!,친구 생일케이크로 초코체리케이크 샀습니다 너무 예쁘고 맛있었어요!,디저트가 너무 예쁘게 생겼어요 !,여기 정말 유명해서 와보고 싶었는데 케이크도 예쁘고 구겔호프박스도 너무 맛있네요!!! 다들 선물용으로 강추 💓💓,지이이인짜 찐한 다크초코 그 자체입니다..:-) 생각보다 크기가 작았지만 너무 맛있게 잘먹었어요!!!,예쁘고 맛있어요 최고최고,"2주년 기념으로 주문했는데, 최고의 선택이었어요! 하트모양이라 귀여우면서도 예쁘고, 맛도 좋았어요!😄","초코 하트 구겔호프 케이크 31,000원 초 1,000원 초는 따로 구매해야 하는데 케이크랑 잘 어울려서 마음에 들어요!  적당히 달고 꾸덕해요! 크기도 1호 사이즈로 너무 크지 않아서 적당히 먹기도 괜찮아요 케이크 받침이 딱 케이크 사 이즈 정도라 조심히 들고 다녀야 해요",한입 먹자마자 최애 케이크로 됐습니다…🥰 평소에 케이크를 별로 안좋아하는데 디자인에 꽂혀서 제 생일에 딱 먹 고싶더라구요! 근데 웬걸.. 맛이 진짜 대박입니다👍 속이 많이 꾸덕하진 않아서 조금 부스러지는데 그래도 괜찮아 요 맛있으니까😋 보통 케이크가 남으면 그냥 버리는데 이 케이크는 집에 가져와서 냉장고에 넣었다가 다음...,🔹메뉴추천 : 구겔호프 + 드립커피 🔹개인적 의견 : 커피 오마카세가 있다면 그건 바로 합정 표정! 평일 오후에 가 서 여유롭게 드립커피 마시면서 구겔호프 한입.. 여기는 인생커피임.. 커피 한 입하는 순간 포도향이 확 퍼지면서 지 금까지 이런 커피는 없었다는 걸 바로 느끼게 됨. 2주 간 두 번 방문할 정도로 진짜 너무 맛있음. 구겔호프 케...,표정은 선물하기 너무 좋음.  맛도 좋고 예뻐서 받는 사람이 항상 좋아함. 개인적으로 레밍턴이 맛있음.,어머어머 구겔호프 너무 이쁘고 귀여워요💟 포장용기도 이뻐서 선물용으로 딱좋겠더라구요! 😎부드럽고 맛있어 서 넘 좋네요😎 연남동디저트 맛집 킹정이에요👍,케익을 바로못먹고 냉장고에 뒀다먹게되어 빵이굳어서 아쉬워요 다음엔 바로먹여보고싶어요 맛있었어요
츄로101 홍대본점,36398891.0,매번 줄서있는 츄러스 맛집이라길래 한번 먹어봤는데 츄러스 맛집 인정이에요 완전 겉에 바삭하고 기름기 많이 안 느껴지는 맛이라 너무 맛있어요 시나몬이랑 다크초코 먹어봤는데 시나몬= 무난하게 아주 맛있고 다크초코= 달달한  초코 좋아하신다면 추천드리는데 매우 달아요 아아랑 같이 먹으면 좋을것 같아요,✨겉바속촉 환상적인 츄러스✨ 길거리 음식으로 찾아보기 어려운 츄러스! 놀이공원에서 먹는 맛과는 정말 180도 달랐어요 우선 직접 조리해서 튀겨주는 츄러스여서 그런지 겉은 바삭하고 안은 촉촉하게 너무 맛있어요! 시나몬 츄 러스에 초코딥을 주문했는데 초코딥은 네스퀵을 엄청 진하게 우린 맛? 약간 다크 초콜릿의 쌉싸름함도 느껴...,츄러스는 인생츄러스였어요! 커피는 맹맹해서 그냥 그럼! 츄러스 강추❤️❤️❤️❤️,다크초코츄러스랑 시나몬츄러스 먹었는데 와.. 진심 녹아요. 다크초코는 찐다크초코가 가득 발려져있어요. 먹을 때 입술 조심!,홍대 츄러스 맛집입니다. 다양한 토핑의 츄러스 많은데 특히 오레오츄러스가 제일 맛있는 듯 합니다. 크런치 종류는 초코가 너무 듬뿍 발라져있어서 많이 달더라구요.^^♡,오레오 츄로스 먹엇는데 따끈하고 달달햇어요,아이스크림이랑 같이 먹으니 존맛탱입니다,"맛잇어요, 근데늦게가멵메뉴가몇개없어요",맛있어요 슈가하이🫨,"츄러스 나오자 마자 뜨끈할때 먹으면 너무 맛있어요! 기본 시나몬 츄러스 맛있었구요, 웨이팅이 꽤 있었지만 금방 빠져서 구경하고 있으니 괜찮았어요^^",홍대 단골집! 아츄를 처음으로 먹은집 정말 맛있어요,"츄러스는 쏘쏘, 커피는 맛없어서 목만 축이고 버렸어요 직원분들 너무 불친절해서 다시 먹을거 같진 않아요",아츄 진짜 맛나요,츄러스에 아이스크림 맛있네요 대기시간이 인기만큼길었네요^^;,다시 찾을 맛은 아님 드신다면 다크초코맛은 피해드시길,아츄 종종 생각나서 찾게되요,마감시간이라 이렇게 주셨는데! 오히려 좋았습니다! 츄러스도 아스크림도 존맛이에용😋,다양한 츄러스가 있어요.,"직원들 서비스 상태가 너무 최악;;; 서비스업 종사하는 사람으로서 화나요ㅋㅋㅋㅋ 블루리본 많으면 뭐하나요 융통 성이라곤 1도 찾아볼 수 없는 매장이었습니다. 밖에서 하나 시키고 휴지 때문에 잠깐 들어갔더니 뜬금없이 두 명이 시면 하나 더 시켜야한다고 ""추가주문 하실거에요??"" 꼽주듯이 말하는 뉘앙스..불친절한 포인트가 너무 많았...",진짜 이렇게나 불친절한응대 처음이네요.. 물 마시던 종이컵 하나 버렸다고 외부음식이니 쓰레기통에서 꺼내가라는게 말이되나요? 말투가 기분나빠서 쓰레기통에서 직접 종이컵빼서 밖에다 버렸습니다 매장내 쓰레기통은 왜해놓는건가요? 융통성이라고는 하나도 찾아볼수없는 최악의 가게네요 안좋은 리뷰쓴거 처음입니다~~,주말에 가서 그런지 대기 줄도 여럿 있었고 매장에서도 먹을수 있는 자리가 있긴 하지만 좌석은 많진 않았어요! 그래도 다양하게 먹을수 있는게 많아서 좋았습니다!!,휴게소보다 맛은 있어요. 직접 만드는... 가성비는 좀 별로에요. 경험삼아 먹을만함,눅눅하지 않고 달달한!,20분 넘게 걸리고 직원분들이 불진철해요,생각보다 좀 달더라구요~,손님은 많지만 츄러스도 따끈따끈하게 빨리 나오고 맛있어요.,홍대에서 밥먹으면 남자친구랑 후식으로 항상 누텔라추로스를 사먹습니다 한동안은 배달로도 먹구요 항상 누텔라 가 흐를정도로 가득넣어주셔서 정말 좋아했는데 어느날부터 누텔라 양이 줄어든거같다 싶었어요. 이날은 혼자 두개 먹으려고 누텔라추로스 두개를 주문했는데 첫입부터 누텔라 맛도 잘 안느껴지더니 두개다 밑에는 누텔라가 ...,블루리본 많이 받아서 들어갔는데 뭐가 기분 안 좋으셨는지 불친절했어요,홍대오면 츄러스 먹어야쥬! 뜨끈뜨끈하게 먹는 츄러스👍👍,홍대 올때마다 사먹는 츄러스입니다 진짜 맛있어용!!!! 오늘은 더 뜨끈하게 나와서 더 멋있네요 ㅎㅎㅎ 최고 츄러스👍👍👍,츄러스 처음 먹었는데 생각보다 괜찮았어요,아츄,츄러스원조집,바빠서 직원들 친절을 기대하기 힘듬 추로스 맛남,종종 오는데 항상 친절하시고 짱 맛있어요,"실물보고는 다크초코를 먹을까도 고민했지만, 원래 생각했던 누텔라랑 아바라를 골랐어요. 밥을 간단히 먹고 좀 허 기질 때 먹으려고 미리 산건데 사고나니 따끈한게 한입만이라도 먹어봐야겠다, 했는데 한입 먹고나니 끊을수가 없 더라구요. 아바라는 달지않아서 첨엔 아쉬웠는데, 달달한 츄로스랑 먹을걸 생각해보면 딱 적당한 것 같아요. ...",츄러스 맛있어여 ㅜ 츄러스 러버에겐 못지나칠 방앗간같은곳,"선물용으로 잘 구매하였습니다. 외국분들도 많이 구매하시고. 앞에서 주문하시는 외국분께서 카드 결제가 안된다고 하시는데 멀리서 보니, 카드를 끝까지 밀어넣지 않고 적당히 넣고 마시더라고요 도와드리진 못했는데, 안쪽에서 직 원분이 결제를 친절히 진행해주시더라고요 여튼. 주문하면 바로 튀겨주셔서 맛있게 잘 먹었습니다.",맛은 별로네요,지나가다 사람들 많아서 사먹어봤어요! 갓 만든거라 이전에 먹었던 것보단 맛있었던😎,개인적으로 저는 탕후루보다 츄러스가 더 맛있더라구요👍👍 짱맛 하나 혼자 먹기는 달아서 둘이서 나눠먹으니 적당한 당충전 이었어요,츄러스 마싯어요,삼청점이 훨씬 맛있어요,테이크아웃으로 먹었습니다. 크림치즈가 가득한 따뜻한 상태로 먹었을 때 맛있어서 좋았어요 오랜만의 츄러스였습니다.,츄러스맛집 jmt,아츄 존맛,너무 맛있어요. 포장해와서 1시간 뒤에 먹었는데도 겉바속촉!! 시나몬도 맛있지만 안에 연유가 들어간 것도 맛있더라고요 다음엔 아츄에 도전할게요,겉바속촉에 쫄깃한 젤라또아이스림을 올려 먹어니 맛이 한층더 업그레이드됐어요~~ 또 막고 싶네요,츄러스 넘 맛있어요,맛있어요!!,마싯어요,맛있는데 포장…했는데 어디 안넣어주고 걍 종이로 감싸서 츄러스 주는게 포장이더라구요. 좀 당황했어요… 맛있습니다,츄러스 크고 맛있어요.,맛있어용,맛있어용 가격은 뭐 ㅎㅎ롯데월드 급이에요 손님은 외국인들이 절반인듯. 알림판으로 번호 띄워줘서 좋아요 내부는 좁아서 밖에서 먹는거 추천드려요 맛은 츄러스 맛이에용 개인적으로 오레오 츄러스가 더 맛나요 !!,사람들이 줄 서서 사기에 궁금해서 그리고 놀이공원에서 먹었던 츄러스를 먹고 싶었어서 먹었는데 감성은 다를지언정 맛있게 먹었습니다😆 아이스크림과 츄러스 조합도 특이했지만 생각외로 잘 어울리고 잘 먹었습니다!,츄러스가 맛있어요🙂,츄로 2차방문이고 오레오츄러스 시나몬츄러스 먹었어요 단거 땡길때 먹으면 추천!! 무조건 음료수 같이 드세여!!!,밥먹고 후식으로 달달한거 땡길때 넘 맛나네요~~ 주문후 바로 튀겨주시니까 더 바삭하고 좋아여~ 츄로스 하나쯤은 순삭!!ㅋ,추로스는 참 맛있어요 어떤맛이든 맛있을듯합니다 근데 사람들이 많아서 그런지 친절하시진않네요 거의 키오스크 로 해결이라 말섞을일도 별로없는데 조금만 더 친절하셨더라면 더 기분좋고 더더 맛있게 먹었을것같아요,긋,츄로스 맛있어요! 주문하는 사람들 많고 먹고가는 자리 협소하지만 맛있으니까~~!,엄청 달달한 츄러스입니다😋  길거리에서 먹기 편하고 맛있어용,JMT,맛있어요,홍대에서 제일 가는 츄러스 맛집 ••• 아이스크림과 오레오 츄러스의 조화가 완벽합니다 츄러스는 무조건 오레오 츄러스 .... 최고 최고,맛잇어요,구새,츄로스 진짜 존맛탱 아이스크림은 굳이? 안먹어도될듯! 별점 🌟 🌟 🌟 🌟,츄러스 겉바속촉,츄러스 맛나요,갓 만든 따끈한 츄러스ㅠ 너무 맛있어오,이 각박한 홍대에서 오래 살아남는데는 이유가 있는 겁니다 여기 츄러스가 참 맛있어요,츄츄츄러스 굿굿,"홍대의 맛있는 츄러스 카페 👍 실내 공간이 협소해서 밖에서 먹어야 했지만 정말 맛있는 츄러스였습니다. 갓 만든  츄러스에 시나몬설탕 가득 묻히고 안에 누텔라를 넣어 주는데 따끈하고 달콤하니 정말 맛있었어요. 다음엔 아이스 크림이랑도 먹어보고 싶네요! 누텔라츄러스 3,900원",츄로스 존맛탱...코로나에도 살아남은 찐 맛집😘,츄러스 종류가 많아서 너무좋아요 맛있어요,굿~,롯데월드보다 맛있음,맛있음,굿,츄러스가 겉바속촉입니다… 말해뭐해~,맛있어요,엄마와 먹었는데 완전 맛있아습니다!  아이스크림 츄로스는 밑에가 눅눅하고 아이스크림이 빨리 녹아서 아쉬었어여 다음에는 일반 먹으랴구 강추 입니당,굉장히 바삭한데 좀 단편이네요! 간단하게 사먹기 좋습니다!,😋👍🏻,뜨겁고 바삭하니 맛있네요ㅎ,츄러스 맛있는데 비싸다 ㅠ,블루리본 어쩌고 줄서서먹는 곳 이라길래 먹었는데 츄러스는 그냥 츄러스네요 오레오 맛때문에 아이스크림은 맛도 안나고 질질 가루 다 흘리고 그냥 그랬어요 다시는 안 먹을듯,항상 홍대 지나갈 때마다 사먹어야지 사먹어야지 했는데 진짜 맛있네요! 오레오츄러스 먹었는데 다음엔 아이스크림 세트 먹어보려고요 :),홍대에서 간단하게 먹기 좋은 츄러스 맛집! 오레오츄러스 꿀맛이라 추천해요👍🏻 크림치즈츄러스는 요거트처럼 신맛이 강했어요! 매장 안에 먹을 수 있는 공간이 있어서 먹고가기 괜찮아요,츄러스 맛집!,츄러스맛집.넘맛나요,츄러스 바삭바삭하고 맛있습니다,외국인들도 많이 사먹는 맛있는 츄로🥨,"🏅 ♡ 누텔라 츄러스 (3,900) ♥ 맛 : 쫀득쫀득한 츄러스와 달달한 누텔라의 조합은 환상적이에요. ♥ 내부 : 좁아서 가 게 밖에서 먹었습니다. 포장하시는 분들은 키오스크 위의 알림을 보면 됩니다. ♥ 총평: 갓 만든츄러스가 땡긴다면 이 곳으롭",아이스크림은 그냥 그랬는데 츄러스가 맛있었어요 담엔 츄러스만 2개 사먹을 거예요,빨리 나오고 따끈해서 맛있었어요ㅎㅎ,오레오아츄 진짜 맛있어요!!!!!!,맛있어요!,"츄로스는 진짜 둘다 맛있어요 초코, 연유 모두 맛있었습니다 가격이 사악하고 직원들은 모두 불친절했지만, 지나 가면서 하나 사먹기 좋았어요",긋,갓 튀긴 츄로스 맛있었는데요.... 웨이팅일 정도로 사람많고 했는데 정작 받았을때 츄로스가 따뜻하진 않아서 놀랐어 요...;; 너무 식혀주시는건 아닌지~ 아이스크림츄로스랑 초코딥소스+츄로스 같이 시켰는데 초코딥소스는 좀 씁쓸해 서 별로였고 아이스크림은 괜찮았어요~~~,줄 서서 먹는 츄러스 맛집입니다.,꼬맹이 픽이지만 제가 더 맛있게 먹었답니다… jmt…,"오천오백원,,,,ㅎㅎ",오레오 크림치즈 연유 3개 시켰어요~ 필링쪽 반죽이 살짝 덜 익어있어서 아쉽네요 ㅠ.ㅠ 외국인 관광인들이 많이 찾 는 것 같아요!! 기본부분이 잘 지켜지면 맛이 더 좋아질 것 같습니다,,,
앤티크커피 연남점,1310686440.0,앞에 3팀이 있었으나 금방 들어갔습니다.!!!  인스타보고 크림커피 먹고 싶어서 검색하다가 찾아갔는데 케이크 비쥬얼이 넘 이뻐서 놀랬어요 ㅠㅠㅠㅠ❤️1인 1케이크과 시그니처 커피까지 맛있어요 🩷 제 입맛에는 말차보단 딸기가 더 맛있네요^.^,"예쁜 디저트들이 가득한 카페입니다. 크리스마스 시즌이라 트리도 예쁘게 꾸며져있네요. 점심먹고 왔는데 자리가  꽤 많이 비어있더니, 순식간에 가득 찼습니다.(웨이팅도 있었음!!) 보통 이런곳(인ㅅ타 갬성..)은 커피가 별로던데,,  여긴 커피맛도 괜찮네요. 크림이 올라간 커피가 달달하고 맛있었어요!!","뭔놈의 카페가 줄을 이리 서서 먹나... 했드만 먹자마자 이해했습니다... 커피는 잘 모르겠지만 진짜 케익이 너무 맛있어요ㅠㅠㅠㅠㅠ 다 넘 이쁘고 맛있어 보여서 결정장애 장난아닌데,, 기어이 블루베리치즈케이크?를 골라서 먹었는데 미친놈이었습니다...👍👍 웨이팅만 없음 자주 갈텐데요ㅠ","케이크에 진심인 고이리 딸이 너무 원해서 방문🤭 화려함에 다 먹어보고 싶은 유혹에 잠깐 뇌정지😅 블루베리치즈 케이크 지인에게 추천받아서 먹었는데 먹을만했어요^^ 스콘, 얼그레이.. 평타^^;; 커피는 기대에 너무 못미친ㅠ 재방 문 의사를 묻는다면.. 케이크는 맛있는 곳이 너무 많기에 이번 한 번으로 만족하렵니다😅",홍대입구역에서 유명한 카페라서 방문했어요. 매장 내부는 청결하고 크리스마스 트리 느낌의 커다란 트리 인테리어 도 정말 멋지고 이쁘네요. 디저트 종류도 다양하고 하나같이 맛있어보이는데 실제로도 정말 맛있어요. 커피도 풍미 가 깊고 산미가 강해서 제 입맛에 딱 맞네요. 워낙에 인기가 많은 카페라서 좌석은 금방 만석이 될 정도에요. ...,분위기가 예뻐요 날씨가 갑자기 추워졌는데 크리스마스 트리가 있어서 넘 아늑하고 연말 분위기라서 좋았어요 커피 맛은 그냥 그래요 산미는 거의 없고 쓴맛이 강한 커피라서 그닥 좋아하는 스타일은 아니지만 무난해요 케익 디피가 워낙 화려하고 예뻐서 호기심을 자극하는 것들이 많았지만 제일 무난한 딸기 쉬폰으로 선택했는데 생크림은 ...,더티앤크림 생크림은 느끼하지않지만 인스타에 크로와상이랑 같이 먹는 사진이 대표적인데 크로와상크림진짜많이 들어있어서 아메리카노랑 먹어야하고 디저트먹고싶다할때는 더티크림만 드셔도 충분할것같아요,왠일로 웨이팅이없길래 얼른 들어와봤서여 케이크 생각보다 하나 먹어도묵직하고 든든함^3^ 체리쇼콜라가 안 단 다크초코브라우니 느낌이라서 좋았따요 근데 이 계절에 계속문열어둬서 그런지 매장안에 모기가 정말정말 많아요 ...😇,크리스마스 트리분위기가̐̈ 예뻐서 갔는데 디저트류 비쥬얼이 미쳤어요  카페가̐̈ 넓고 예뻐서 편하게 있다̄̈ 갔습니다̄̈,외국인들이 정말 많이 오네요 ! 특히 일본 여성분들이 많았어요. 일본에 있는 친구들 한국 오면 꼭 데려오고 싶은 카 페에요. :),"케익종류가 다양하고 눈이 호강해요. 청포도에이드,아인슈패너,체리쇽놀라 넘 맛있게 먹었네요.",줄서서 들어갔어요! 크리스마스 분위기라 예뻐요 바닐라라떼가 많이 달지 않아 맛있게 먹었어요 케이크 비주얼은 인정! 맛은 막 엄청 맛있다 정도는 아닌 ?!,맛에비해 가격이 ...너무비싸요 ㅠㅠㅎㅎ 직원분은 친절하시구 인테리어는 넘 예쁩니당,"앤티크커피 연남점, 옆에 도원민영주차장에 주차하고 2-3분 걸어서 도착했어요. 오늘은 블루베리 치즈케이크, 말차 크로아상, 더티앤크림커피, 말차더티앤크림 이렇게 먹어봤어요. 사진으로 볼 때보다 매장이 훨씬 더 예뻤어요. 더티 앤크림 커피는 너무 달지 않고 부드러워서 좋아요. 크로아상과 커피가 제일 마음에 들어요. 주말이나 평일에 ...",인테리어가 굉장히 예쁘고 케잌이 정말 화려한 카페입니다. 커피도 맛있네요.,"차 맛나요 케익 안 달고 맛나요, 디카페인 없어서 그점이 아쉽내요 강추해요 케익 종류 많아요 매장 넓어요",앤티크 커피!🩷 요샌 웨이팅은 없네용 커피도 맛있구 디저트도 맛나요 특히 블루베리치즈케이크ㅠ 꼬옥 먹어주세 요 배부른데도 다 묵음,"매장이 깔끔하고, 빵이 예쁨. 까망베르 치즈케익 : 역대 먹어본것 중에 최악... 오렌지스파클링 : 오렌지 주스에 탄산, 불쾌한데 맛있는(?) 말차더티크림 : 크림이 너무 과해 말차맛이 안느껴짐 케익을 먹어도 매장에서는 1인 1음료... 직 원들 친절한것 같은데 불쾌함... 커피,케익을 크림으로 발라놔서 이뻐보이기만하고 맛이 없음 느끼함에 배가 ...",라떼 넘 맛있게 먹었어요 디저트 종류 엄청나고 근데 사람도 많아 대화하기는 좋지 않았어요 겨울느낌 나는 카페 분위기 좋고 12월이면 생각날 것 같은 카페 커피가 맛나서 홍대가면 또 가도 좋을 곳 사람 붐비지 않을 평일에 가보고 싶네요,밥먹고 맛있는커피랑디저트먹으러 갔는데 평일이라 다행이 웨이팅없이 여유있게 차마시고왔어요. 커피도맛있고 케이크비싼이유가있네요. 너무맛있어요.,디저트진열대가 이뻐요. 비싸지만 케이크도 맛있어요. 근데 공간에 소리가 울려서 시끄러운 편,아인슈페너랑 더티앤크림이 유명해요 케이크도 다 예뻐요 근데.. 맛은 그냥 평범해요 항상 웨이팅 있는 카페... 한 번 으로 충분해요...,연남동 디저트 맛집~~눈을 사로잡는 케이크와 크라상 망고 레몬 롤케이크와 더티앤 크림크로와상 겟했어요 더티앤 크로와상 이름과다르게 깨끗한 쵸코맛 레몬롤케이크는 진짜상큼하네요 왜 잘팔리는지~~항상 만석이라 저는 테이 크아웃합니다,대기가 길었는데 카페안에 빈 테이블이 여러개 잘 치우지 않고 계속 대시를 시켰어요. 말하니까 치워야 들어갈수 있 다는 말만 하고 치우시지 않더라고요? 카운터에 사람이 많은데 정작 홀 관리는 엄청 소홀한게 이상하네요. 4명이서 케이크를 6조각 이나 시켰는데 일인 일음료라고 카운터에서 억지로 사야했어요…마시거 싶었으면 모르겠는...,커피 맛있구 인테리어좋아요,꽃이 화사하고 케이크가 맛잇는게 많음 !! 우연히 들어갔던 카페였는데 만족쓰~,시각적인 재미가 있음,🍰 초코나무숲 (생각보다 달지않은 🫒청포도라임에이드 (상큼한 ☕️ 카페라떼 (라떼 진해서 더 맛있어요,재방문의사 1000000% 만석일때는 진짜 시장통처럼 시끄럽긴 해요..ㅎㅎㅎㅎ 그래도 커피며 디저트며 맛있어서 만족합니다:),"디저트가 너무너무 예뻐서 깜짝 놀랬어요 다 너무 맛있어 보여서 메뉴 고르는 데 한참 걸렸어요 웨이팅도 있었는데  너무 예쁘고 맛있어서 기다릴만한 가치가 있는 거 같습니다 크로와상도 정말 맛있어 보였고, 커피만 시켜도 성공이 에요 커피류 다 맛있습니다 리뉴얼 전에 왔었는데, 그때도 맛있었는데 리뉴얼 후에 더 좋아졌네요",무화과 스콘 겉에 빵은 딱딱한데 플라스틱 나이프로 잘 안 잘리고 먹기 불편해요. 인테리어는 멋진데 플라스틱 포크라서 힘이 없네요. 디카페인 커피도 없고 화장실도 내부에 없고 다시 안 갈거 같아요.,"매장이 넓고, 깔끔해요. 더티앤크림 맛있어요.:)","사진엔 안나왔지만 생딸기타르트 존맛,,,,다만 1만원이 넘는 사악한 가격 ㅠ 사람없을때 잘 노려서 가면 좋음👍",케이크 완전 대박이에요!!!!!!🙃🙂,"#파인코코치즈케이크 청량한 노란색이랑 이런 색을 말하는 거겠지? 파인애플이 촉촉하게 올라간 호화로운 케익입 니다! 오늘은 음료에 맞게 디저트의 색깔을 맞춰봤는데, 모습보다도 호화로운 맛에 반해버렸다 #더티썸머라떼 여름 이면 항상 땡기는 앤티크커피의 더티썸머라뗴! 아이스크림 퐁당 빠트린 썸머라떼의 대표주자인것 같아요 #앤...",디저트가 화려해요 크리스마스 장식이 넘 예뻐요,"📍더티앤크림 크로아상, 딸기빅토리아케이크 앤티크 커피도 맛있지만 디저트도 너무 맛있어요 항상 오면 기본2개 는 시키는것같아요",저번에 이어 방문 했는데 여전히 크림 커피는 맛있네요! 케익도 비쥬얼도 이뻐요! 맛있어요~^_^ 다음에도 또 먹을 러 올거 같아여~ 평일은 그래도 여유가 있는데 저번에 주말에 왔다가 사람이 많아서 못왔어서 평일로 방문 하는것을  추천 합니다! 😃,내부도 너무 분위기있고 직원분도 너무 상냥하시고 음식도 살짝 가격이 있지만 그만큼 너무 예쁘고 맛있었어요,사람이많은만큼 베이커리종류도 정말 예쁘고 맛있어요!!! 포장하면 음료는 천원할인되네요!,트리가 크고 화려하게 장식되어있었습니다. 음식은 그냥 상온에 뚜껑없이 진열되어있어서 살짝 찝찝했고 케익을 직접 집어오는 시스템은 또 낯설고 떨어트릴까봐 무서웠어욬ㅋㅋㅋ,갈때마다 메뉴가 살짝씩 바뀌어 있어서 너무 좋아요~~ 뭘 먹어도 기본 이상이에요! 초코나무숲 말차 크림이랑 장 어울리구요 망고 롤케잌 아주 달달하고 맛나요. 직원분들이 항상 친절해요!,지나가다보면 긴줄이 있어 궁금했는데 운좋게 웨이팅이 없길래 방문했습니다. 케익은 적당히 달콤하고 촉촉했고 커피는 산미와 카페인이 강해 고소한 커피늘 좋아하는 제 입맛엔 맞진 않았습니다. 특별한 인테리어는 없고 자리 간격이 좁고 시끄러운 편입니다.,두 번째 방문하는데 역시나 디저트가 눈에 제일 들어오네요 !!! 인테리어도 멋있는 .. 아이스 아메리카노 마셨는데 달달한 디저트랑 먹기에 좋았어요 ☺️ 살짝 아쉬운 점은 크로아상이 바삭하지 않다는 점…!,베이커리 겁나 이쁜곳~! 비주얼도 이쁘고 직원분들도 친절함,제가 정말 좋아하는 디저트카페에요👍 케이크가 정말 맛있어요!!!,뜨거운 커피랑 초코 시켰는데 하나도 안뜨겁고 미지근 해요 ㅎㅋ 맛도 초코보다 우유맛이 더 강해요,"다시는 안갈것같은 카페네요~! 음료 메뉴판이 주문하는 카운터에만 작게 있어서 줄서서 기다리다가 주문차례가 되 어서야 볼수있었어요. 그래서 고르는데 좀 걸렸는데, 메뉴에 대해 질문해도 직원분이 귀찮다는듯이 대답하고 계속 한숨 쉬시고 표정이 완전 굳어지더라구요? 그럴거면 메뉴판을 크게 보이게 해주시면 미리 고르는데 도움이 ...",유명한 말차 크로와상 하나랑 상큼한 블루베리치케 먹어봤어요! 말차크림이 단단해서 빵에 발라먹기 좋았고 밑에 팥이 숨겨져 있는데 같이 먹으면 더 맛도리입니다🤍 역시나 1인 1음료더라구요 친구는 음료 위에 올라간 크림이 조금 느끼하다고 하더라구요😅 저는 달달하니 만족이었습니다~!,예뻐요  맛있어요  시그니처 메뉴 굿굿,케잌 종류가 많아 눈호강이 되네요 시그니처 더티앤 크림 크림이 아주 풍부하니 맛있어요,평일 낮인데도 기다렸다 들어갔어요 맛있긴 한데 크림이 커피보다 너무 많아요,ㅋㅋㅋ 디저트천국 🥰🥰 엄청 유명한 곳인데 이름값 하는 카페,"분위기 좋고, 디저트도 너무 예쁘고 맛있어요 ~ 직원들도 친절하고 좋아요🤗",너무너무 맛있는🥹 디저트 사진을 못 찍었는데 더티초코크로와상 타지에서도 생각나서 홍대 올때마다 먹음 .. 눈으로 먹고 입으로 먹는 곳 🫶🏻,Beautiful cafe with really delicious desserts and coffee,10시오픈시간맞춰 갔더니 케익종류만 몇개나와있었어요. 10시반쯤부터 차츰 채워지더라구요. 11시쯤 되니 저렇게 가득 채워졌어요. 다음엔 오픈 쬐끔 지나고가서 여러가지 맛보고 싶네요.^^,너무 이뻐요:) 눈이 휘둥그레 분위기도 너무 좋고 예뼈요,"메뉴 리뉴얼 되고 다시 찾은 앤티크커피 연남점. 더 예뻐지고 맛있어져서 그런지 주말에 갔더니 사람이....ㄷㄷ 엄청 나서 대기를 하고 입장했어요.... 하지만 금방 입장했고 시원한 곳에서 달다구리 먹고 예쁜 사진 찍어서 좋았어요!^^ 역시 믿먹! 더티앤크림 커피과 크로와상, 케이크 더운 기운이 싹다 가셨네요 ㅎㅎ 연트럴파크 또 와야겠어요.",너무 예쁜 카페! 감성낭낭,디저트 중에 최고의 디저트 가게는 여기에요!!!!진짜 가게 인테리어도 너무 이쁘고ㅠㅠ빵이 너무 맛있어요ㅠㅠ케익 이며 특히 말차더티앤크림은 크림도 쫀쫀하고 부드러운 크림과 말차의 맛이 일품이에요❤️❤️가서 먹자마자 저의 인생 디저트 카페가 됬어요🥹🥹역시 디저트 맛집답게 웨이팅이 있는데 먹자마자 와..이게 행복이지 느낄 정...,사람이 많아서 밖에서 조금 기다렸는데 직원 분이 얼음물 가져다 주셨어요🥹 진짜 서비스 최고👍🏻 매장으로 들어가 면 케이크가 디피되어 있는데 진짜 케이크 파티 온 것 같은 기분이 들어요🍥 녹차 크로아상하고 복숭아 타르트 시 켜 먹었는데 맛있어요. 타르트에 크림이 많이 올려져 있어 느끼할 줄 알았는데 상콤해서 타르트랑 잘 어울렸...,인테리어 되게 멋있음 디저트는 기대치가 너무 높아서 그런지 살짝 아쉬움 하지만 맛이 없는건 아님 비주얼이 기대 치가 너무 높을뿐 난 디저트보다 커피가 더 좋았음 가게이름에 괜히 커피가 들어간게 아니였어,예쁜 인테리어에 예쁜데 맛있기까지한 디저트!!,와 ㅏㅏㅏㅏ 맛 없어요……. 진짜 먹엇던 크로와상중에 젤 성의없구 맛없네요… 퍽퍽 그자체…. 그래서 솔직히 말씀 도 드렸고 연수증 리뷰도 씁니다.. 개선 하셔야할 것 같아요 맛집되고나서… 이런건지 인스타형 빵집이네요 ㅜㅜ 크 라와상은 진짜 비추입니다.,빅토리아 케이크 퍽퍽해요ㅠㅠ,"디저트 처돌이라면 한 번쯤은 꼭 들려봐야할 연남동 핫플. 연남동 디저트 성지! 🍰 과일 등 다양한 토핑이 산더미 같이 올라가 있는 케이크, 타르트, 크로와상 등 푸짐해 식사 대용으로도 좋을 앤티크연남점 ❤️ 여럿이 와도 괜찮을 만큼 넓고, 취향반영 제대로 저격. 쪽파 크림 두 번 세 번 드세요",사진맛집이에용,대화하기 편하네요 예전 블랑느낌!,워낙 디저트가 맛있어서 자주 가는 곳입니다! 갈때마다 손님들이 많은걸 보면 정말 꾸준히 인기있는 곳이구나 생각이 들더라구여! 어디서도 맛볼수없는 특별한 디저트를 원한다면 방문하면 후회안하실듯,방송에서 볼때는 매장이 굉장히 넖은줄 알았는데 요즘 대형카페가 많아 그런지 생각보다는 작았어요 엄청 큰대형매 장을 생각했어서.... 망고레몬롤케잌이 상큼하니 맛있었어요 직원분 친절하시고 빠진제품은 바로바로 채워주셨어요,디저트와 커피 다 맛있어요!! 달달한 디저트를 드신다면 아메리카노를 추천드려요~,케익과 커피가 맛있는집 ~~ 인테리어가 예뻐서 커플이 많이 오는것 같아요 오후쯤 되니 웨이팅이 생겼네 무화과 크림치즈소금빵 맛있고 다른건 갠적으로 별로 크림이 많은걸 좋아하지 않아서~~ 살찌는 기분 빵은 예쁜데 접시가 우리집에서 사용하는 코렐 접시 ㅠㅠ,사람이 넘 많아서 정신없지만 커피와 디저트는 맛있어요!,역시 소문대로 디저트 천국이네요👍🏻 더티앤크림 커피 진하고 크림도 꾸덕하고 맛있더라구요 홍차 가득했던 홍차  레몬 케이크도 맛있어요👍🏻 디저트 도장깨기 해봐야겠네요😁,"이쁜데 커피, 케이크 맛있어요","디저트 비주얼이 압도적이에요 카페에 들어서면 하나라도 먹어보고 싶어지는,, 🫠 디저트는 체리쇼콜라(8000), 더 티말차크림크로아상(7100) 먹어봤는데 체리쇼콜라는 비주얼은 예쁜데 크림이랑 시트빵이 달아서 금방 물리더라구 요! 말차크로아상이 더 맛있었어요 크림은 녹지 않는 살짝 텁텁?한 버터크림느낌이고 아래 크로아상이 쫄깃...","눈 돌아가는 비주얼,,, 🖤 크림이 넘 맛있어요! 커피와 디저트 다 맛있었습니다 :)",인스타에 많이 뜨길래 가봤어요 오후 12시쯤에 갔습니다 이때는 사람 별로 없었는데 10분 지나니까 겁나 늘어남요.. . 사실 기대안했는데... 넘 맛있어요 더티앤크림 커피 강추!! 산미없는 커피에요! 크림 아래 라떼라서 부드럽고 달지 않아서 맛있어요!! 더티 초코 크로와상 추천!!! 결이 살아있어요! 빵속은 아무것도 없고 크림이 맛있어요!!! 카...,예쁘고 맛나고 진짜 분위기 최고예요,매장 이용시엔 1인 1음료 기본이구요! 케이크 종류가 다양하고 맛있어요♡ 다만 사람들이 붐비는 시간대에 가면 조 금 시끄러워서 조용한 분위기의 대화할 만한 공간을 찾으신다면 비추합니다ㅜㅜ 그리고 포장 시 케이크에 비해 상 자가 비교적 큰 편이고 받침대나 고정핀이 없어 조금 불편해요.. 특히나 3개 이상 포장하면 더 긴 케이크박스...,무화과 크림치즈 소금빵 꼭 드셔보세요! 짭쪼름하고 쫀쫀한 크림치즈에 무화과가 콕콕 박혀서 맛나요♡ 시나몬 풍미 가득한 빈티지 시나몬과 찰떡궁합!,오랜만에 재방문했는데 분위기가 더 멋지고 소금빵디저트와 캡슐커피까지 생겨서 구매했어요! 연남동 찐 핫플레이스🫣🧡💛,아이스아메리카노 진짜 맛있음 딸기케이크 맛있음 말차...,"커피, 디저트 맛있어요!!!","연남동에 위치한 핫플 카페로 평일에 방문하였으나 학생, 직장인, 커플, 친구 등 다양한 연령대의 손님들이 많이 계 셨습니다. 카페 내부 자리는 많은 편으로 주말 방문이 아니면 자리는 넉넉해보입니다. 입구에 들어서자마자 화려한 색감과 장식으로 눈을 사로잡는 디저트들이 보이는데 한번씩 다 먹어보고 싶은 마음이 들더라구요. 대체로 담...",카페 분위기 좋고 케이크 맛있어요,망고레몬롤케이크는 새콤달콤한 맛이 조화로웠고 생크림이 엄청 신선했어요. 초코나무숲케이크도 추천합니다! 커피도 맛있어요. 다음에 가면 파인애플 치즈케이크 먹어보고싶네요,디저트 종류도 많고 다양해서 좋아요👍😊,딸기 크림치즈 스콘 맛있어요,오랜만에 갔더니 디저트메뉴도 바뀌고 더 다양해진 느낌 체리쇼콜라 천도복숭아도 맛있지만 쪽파베이컨소금빵 완전 취저입니다 식사로도 훌륭해요 산미적은 커피도 딱 제 입맛,"비주얼만 예쁜게 아니라 디저트랑 음료 맛까지 맛있어서 놀랬어요!! 연남동 갈 때 마다 분위기가 넘 좋아서 눈에 띄 던 곳인데, 항상 사람이 많은 이유를 알겠네요ㅎㅎㅎ 재방문 의사 있습니다!!~~👍👍👍",간만에 기분내고싶어서 분위기도 좋고 디저트도 괜찮아 보이는 곳 찾아왔는데요 분위기좋고 커피도 나쁘진않으나 제가 먹은 체리쇼콜라는 최악 ㅠ 비주얼상 예뻐보이긴한데 크림을 많이 쳐서 크림이 뻑뻑하고 싼 크림맛이 나고 느 끼합니다 초코시트는 홈베이킹용 초코믹스를 사용해서 만든 것처럼 시트도 뻑뻑하구요 뻑뻑하고 느끼하기만...,전에비해 종류도 많아지고 디저트도 더 맛있어졌어요 내부도 더 앤티크스럽게 고급집데 바꼇더라구욥 제가 다녔던 카페중에서 디저트가 제일 맛있고 크기도 컸던것같애요 ㅎㅎ ㅜ 그리고 항상 아이스아메리카노만 먹는데 왜 여기는 시나몬라떼도 맛있고 크림라떼는 다 맛있는거죠?? 크림맛집으로 인정합니다 ㅜㅜ 커피는 말할것두없어여,보기만 해도예쁜 카페,연남동 카페 앤티크커피 방문했는데 너무 예쁘고 좋았어요! 전에 잠실점은 두번 방문했었던 터라 기대감이 컸는데 비슷하면서 조금 색다른게 매력적이었습니다 디저트도 너무 맛있었어요!,베이커리 라인업이 더 화려해졌네요!! 홍대 카페 하면 떠오르는 앤티크! 여름이니까 썸머라떼❣️,디저트가 하나하나 다 예쁘고 정성스러워요 :) 사진찍어도 좋아서 인스타각😁 디저트는 못참게하는 집이라 아메랑 도 잘어울린것 같아요ㅎㅎ,"음.... 맛이 독특하네요... 저희가 시킬 때 조합을 잘못 고른듯... 말차는 크로와상이 쓰고, 레몬 케익은 레몬 좋아하면 좋을 듯요 ㅎㅎㅎ음료 중에 스파클링 뭐는 되게 신 아메리카노에 레몬즙 넣은 맛이예요 ㅎㅎ 비쥬얼은 이뻐요ㅎㅎ",아메리카노 맛있어요.,외국인들이 일부러 찾아올 정도로 비주얼 끝판왕이었던 앤티크 커피! 제가 먹고 싶은걸 고르다보니 어쩌다가 다 크 림이 있는 메뉴로만 먹어서 나중에 조금 물리는 감이 없지 않아 있었지만 이건 내 초이스 문제이고 아메리카노와 같 이 먹으면 괜찮은 디저트들이었습니다. 보시다시피 디저트들은 조금 단 편에 속하니 참고해서 선택하시면 좋...,단한가지 무화과크림치즈소금빵 먹으러갔어요 쫄깃하고 무화과가 씹하는맛이 좋았어요 크림치즈도 듬뿍 들어있어 서 만족스러웠어요 오후에가서 빵이 없으면어쩌나 했는대 많이있었어요 빵들이 달콤하니 아메리카노와 추전드려요 ㅋ 저녁시간에도 빵은 종류가 다양했어요 맛있게 먹었습니다,멋져요 멋져,가격대는 있지만 디저트 종류가 다양하고 맛있어요,빵이 정말...화려해요 ㅋㅋㅋ 친구랑 수다떨기 좋았습니다!!,거의 오픈런 했는데 비도오고 태풍 소식도 있었지만 12시 넘으니 사람이 4/1정도는 차더라고요! 많이 바쁘셨는지 4 번정도 직원분을 찾았는데 대답이 없으셔서 머쓱해하다가 점장님같은? 분이 오셔서 친절히 응대해주셔서 👍 ! 양 많아요! 그리고 느끼할수도있으니 2종류 주문시키실꺼면 크림1 크림x1 로 ㄱ! 음료는 커피류 추천드립니더! ...,비교할수없는 넘사벽 ♡♡♡♡♡ 재방문각..여심저격 작정하고 꾸며놓은 빵매대 저격당해버렸어요 진짜 크로아상 더 티버전 반해버렸어요!! 빵종류도 여러가자그 좋습니당:) 페파민트 아이스 주문했는데. 여기 시그니처커피보다 가격 이 더 비싸서 신기했어요 ㅎ그래도 맛있엇어요!!^^,주말에 가면 웨이팅이 조금 있지만 매장이 넓어서 기다릴만 합니다~디저트가 엄청 많아서 구경과 고르는 재미가 쏠쏠입니다 맛도 맛있습니다:),굳굳굳 매장이 넓어요 직원이 친절해요,맛있는거 많아서 눈 돌아감 ㅠ 생각보다 더디말차는 별로였구 롤케이크 케이크?가 짱맛탱ㅋㅋㅋ
오퍼 카페,1703190567.0,퀸아망 맛집으로 유명한 오퍼 카페 하지만 힘숨찐은 “크런치 소금빵”이었으니 … 겉바바바바바바속촉을 자랑하는 크런치소금빵 소금빵 기출변경 성공 ver. 애플시나몬 퀸아망도 먹었는데 퀸아망도 겉바속촉 미쳤음 결대로 파사삭 부서지고 난리임 레몬타르트도 먹었는데 상큼한 맛보다는 달달한 맛이 강한 맛있는 타르트 매장 넓고 자리도...,매장도 세련되게 깔끔해서 좋고 베이커리카페답게 빵들이 맛있어요! 브라우니의 초코가 부드러우며 진해서 초코lover 남친이 포크를 내려놓을 수 없었어요ㅋㅋ 저는 달달바삭한 퀸아망에 샤인머스캣&크림 조합에 순삭했구요ㅋㅋ 저희의 데이트카페 장소로 애정할 예정♡♡♡,크리스마스 분위기 오퍼 🎄 크런치 소금빵이랑 키슈 먹었는데 너무 맛있어요!!! 크런치 소그빵은 겉 빠작 속촉 ♥️👍🏼♥️👍🏼 먹을때 바삭바삭 크런치소리가 장난아니에여. 역시 소금빵 맛집❣️ 오늘 키슈 먹으려고 일찍가서 주문 성공했어요. 키슈 안에 닭가슴살이 들어서 아주 담백하구 든든했어요 👍🏼,"디저트가 한가득인데 하나같이 너무 맛있어요!! 퀸아망 종류가 많고 소금빵 종류도 3개나 있어요. 얼그레이 레몬  스콘은 꼭 드세요,,,, 웍스아웃갈때마다 사람 많아서 궁금했는데 단골 될것 같아요. 인테리어도 예쁘고 직원분들 모 두 친절하셨어요!! 디저트가 예뻐서 선물용으로도 좋을것 같아요.","홍대에 있는 카페입니다~ 꽤 넓고, 좌석도 편안해요! 시끄럽지 않고, 책상도 넓어서 작업하기 괜찮을 듯 합니다. 퀸 아망 처음 먹어보는데, 괜찮았습니다. 빵 종류도 10개 정도 있고, 에이드류가 괜찮아요! 과즙이 씹히는 레몬에이드 인데, 속껍질도 있어서 처음엔 비닐인 줄 알았습니다. 건더기 있는 거 싫어하시는 분은 다른 거 시키시면 좋을...",오퍼라떼를 먹어보려고 방문했는데 가게가 넓고 크리스마스 디스플레이가 엄청 이쁘게 되어있더라구요. 구매해서 테이크아웃 해가려고 했는데 오퍼라떼는 텀블러에 못담아주신대서 눈물을 머금고 밀크티로 주문했습니다 ㅜ 다음 엔 오퍼라떼 먹어보고싶네요. 퀸아망을 원래 좋아해서 무슨맛을 먹을까 고민하다 초코바나나 사먹엇는데 맛...,홍대는 저의 최애 도시로서 ‘오퍼’라는 카페에 방문을했는데 디저트들 꽤 있었고 제가 카페를 워낙 좋아해서 그런지 어떤빵을 먹을지 한참 고민을 하게 만들어요 ㅋㅋㅋㅋ 말차라떼랑 퀸아망 샤인머스켓 그럴게 달지 않았어요,"오퍼라떼와 퀸아망이 맛있는 오퍼 카페 갔다와봤는데요 오퍼라떼, 화이트 아인슈페너 이야기하면서 홀짝홀짝 마시 기 좋았어요 라떼도 마시면서 크림이 달달해서 당충전도 같이 되는 느낌이었어요😊 크런치 소금빵 겉은 바삭 짭조 름하고, 속은 버터 발린 부드러운 빵이 있어서 겉바속촉의 정석인 느낌이었구요 퀸아망 레몬은 부드러운 크림...",홍대 근처 분위기 좋고 디자트 맛있는 오퍼 카페 추천해오!! 평일인데도 인기 카페답게 사람이 진짜 많아요 ㅎㅎ👍🏼 👍🏼 퀸아망이 유명한거같은데 여러 종류의 디저트가 있어서 골라서 다양하게 먹기 좋아요😍 애플시나몬과 초코바 나나 퀸아망 추천해요!! 벌써 품절된 메뉴가 많아서 아쉬웠네요🥲🥲 담에는 또 다른 디저트 메뉴 먹으러 오...,홍대의 조용한 골목에 자리잡은 대형 카페 오퍼카페! 야외 좌석부터 테라스좌석까지 다양한 좌석으로 혼자 일하러 오시는 분부터 대화하러 오시는 분들까지 다양한 분들이 즐기러 오시는 카페:) 거기에 다양하고 퀄리티 좋은 베이커 리까지 겸비하고 있어 베이커리 즐기러 오기도 딱입니다! 평일 오후4시에 방문했음에도 많이 품절되서 아쉬...,한번 와보고 싶었던 곳인데 크리스마스 장식해놔서 분위기 좋네여~ 베이커리 종류도 많고 밀크티 강추! 너무 맛있 어요!‘ 브라우니랑 커피 궁합도 좋아요! #홍대카페 중에 고급스러운 인테리어 여서 깔끔해서 대화나누기도 좋았어요 .,홍대 디저트 맛집이에요🤍 레몬 얼그레이 스콘은 부드럽고 상큼달달하니 정말 맛있었어요! 퀸아망도 종류가 많아서 취향껏 고르기 좋음!! 음료는 논커피류가 다양해서 선택 폭이 넓어 좋았어요! 석류 오미자 에이드 색깔 엄청 영롱하고 예뻐요..🩷 맛있는데 약간 칵테일 맛도 나네요! 디저트는 늦게 가면 별로 없으니까 일찍 가세요!,"낮시간인데 불구하고 사람도 많아서 핫플레이스 린게 분명한 듯..! 음악볼륨도 적절하고 음료랑, 빵이 맛있어서 좋다 :) 주차가 좀 아쉽지만 근처에 공영주차장이나 유료주차장이 있으니 괜찮은 듯 ~ 좌석도 넉넉해서 카피마시고 쇼핑 하기 좋을 것 같다!! 홍대카페, 홍대디저트카페, 홍대베이커리 카페 로 추천!!",저번에도 방문했을 때 분위기 너무 좋았는데 이번에는 크리스마스 느낌으로 잔뜩 꾸며놓으셔서 더 좋았어요 ! 안 그래도 베이커리 종류 다양한 홍대 카페 많이 없어서 여기 방문했는데 진짜 베이커리 넘 맛있습니다 ㅠㅠㅠㅠ🥹💗저 초코바나나 퀸아망 추천해요! !,매장이 넓고 좌석도 많아서 너무 좋아요 인테리어도 깔끔 그 자체!! 아인슈페너 덕후인데 블랙 화이트 나눠져있는거 너무 신기하고 크림 가득이라 너무 맛있어요ㅠㅡㅠ (전 블랙먹음요) 달달구리하다가도 끝맛 깔끔해서 혼자 세잔 쌉가넝.. 크림 진짜 부드러워요!!!!,"샤인머스켓 퀸아망과 패스츄리 그리고 루이보스 티, 말차라떼 먹었어요 ㅎㅎ 홍대베이커리카페 오퍼카페는 분위기도 좋고 그래서 참 좋은 것 같네요. 의자랑 케이블도 많구요. 음료랑 베이커리 모두 맛있었어요^^",홍대에 있는 느낌있는 카페예요. 식물이 엄청 많아서 야외에서 먹는 느낌이 나서 대화하기도 좋고 개방감있어서 좋았어요. 아인슈페너도 크림과 비율이 너무 좋아서 달달하게 좋았고 특히 디저트가 너무 맛있어요. 퀸아망 정말 빵결을 잘 살려서 촉촉하고 식감도 최고! 꼭 방문해보세여,친구랑 매번 찾아오는 집..ㅠㅠ 여긴 뀐아망 자체가 최고에요!! 오퍼라떼도 시그니처라 크림 떠먹으며 커피맛도 즐기고 인기메뉴들은 다 맛이 좋아요 ㅎㅎ 커피자체가 맛집인 곳입니다! 오전에 가면 더 종류도 많고하니 오전 카페 들릴곳이 있음 꼭 오퍼카페로 오세요👍🏻👍🏻 카페 내부도 예쁘고 편히 쉬다 갈 공간이라 더할나위없이 추천입니다!,인테리어도 예쁘고 커피도 맛있오요! 젤 맛있는건 퀸아망 ㅠㅠㅠ존맛탱!!! 베이커리류 엄청 많아서 홍대 디저트맛집 찾을땐 오퍼카페가세요,"홍대입구역에서도 가깝고 평일 낮시간인데도 사람이 엄청 많은 핫플,,, 퀸아망 맛집답게 다양한 종류의 퀸아망이랑  소금빵 등등 다양한 빵종류가 많았어요 ! 홍대 카페 많이 다녀봤는데 퀸아망맛집은 오퍼카페그 제 원픽 !! 재방문  잘 안하는데 저번에 엄마랑 왔다가 맛있어서 이번에는 친구 데리고 재방문!! 여기는 재방문 자주 할거 같아요,...",커피도 맛있고 디저트도 엄청 다양하고 맛있어요. 크리스마스 인테리어 좋네요 분위기,홍대 디저트 맛집 중에 가장 빵 비주얼이 좋아보여서 왔는데 대성공입니다🥰❤️ 혹시 빵에 진심이신 분들이라면 여기 꼭오세요!!! 여친남친 데려오면 무조건 칭찬듣는 곳👍🏻👍🏻 특히 퀸아망 시리즈를 꼭 드셔보세요! 결이 그대로 살아있는 퀸아망에 생과일 올라가 있어서 찐 맛도리에요☺️,"퀸아망, 소금빵을 비롯한 베이커리 종류가 다양해서 골라먹는 재미가 있었어요! 야외좌석도 있고 실내좌석도 편해서 음악들으면서 분위기 있게 쉬었다갈 수 있었어요! 특히 샤인머스캣 퀸아망 진짜 맛있으니 꼭 드셔보세요😉",홍대디저트가득한곳🥖🥐🍞🥯 빵종류가 엄청많고 다양해서 골라먹는 재미가 있어요! 브라우니부터 소금빵이랑  퀸아망도 있고 원픽은 소시지패스츄리!! 빠삭하고 소시지가 짭짤해 라떼랑 빵이랑 같이 먹으면 조합이 넘 좋아요매 장이 넓어서 자리도 많고 대화하기도 좋았어요 야외자리도 예뻐서 포토존📸 홍대베이커리 찾으시면 여기 방...,여기 크루와상 맛집 맞아요 ㅎㅎ 홍대디저트카페 오퍼 카페에서 특별한 시간 잘 보내고 갑니다! 분위기도 좋고 디저트랑 음료들 맛도 좋아요! 특히나 밀크티가 일품입니다^^,밀크티를 주문했는데 위에 있는 폼이 맛있어요. 오퍼 시그니처 라떼 주문했는데 달달해요😇 빵 종류도 많은데 일찍 가시는게 좋을거 같아요 빵이 빨리 떨어지는데 그럼에도 남아있는 빵들도 모두 맛있답니다! 분위기도 크리스마스  느낌나고 좋아요🎄🧤,"사람이 많은데도 매장도 넓고 쾌적해서 너무 좋았어요! 특히나 빵이 너무 맛있습니다…바삭하고 쵹쵹하고.. ㅠㅠ,, 흑흑 빵순이는 여기 누울게요 곧 크리스마스가 다가와서 그런지 매장 여기저기 연말 분위기도 물씬 나서 넘 만족하게 매장 이용하고 갑니다🤍 나중에 또 올고에요!!",크리스마스 분위기가 물씬 나는 기분 좋아지는 베이커리 카페에요. 빵 하나 하나 너무 이뻐요. 특히 저는 크런치 소금빵 💓 화장실을 비롯해 매장이 깨끗해요ㅎ,홍대 디저트카페 !! 크리스마스 분위기에 맞춰 그런 느낌이 너무 잘났고 베이커리 들이 너무 맛있어요 ㅎㅎㅎ 앞으 로 자주갈게요 ㅎㅎ,"베이커리류가 확실히 저녁시간대에 가면 많이 빠지네요..!! 그래도 제일 먹고싶었던 샤인머스캣 퀸아망은 먹을 수 있었어요😍😍 퀸아망 존맛탱구리,, 패스츄리류 좋아한다면 호불호없이 좋아할 것 같은 맛이에요!!",맛있는 빵 종류 많아서 너무 좋아요 고른 것 들 다 완전 맛있었어요 😆 특히 얼그레이타르트에 크림 대박이에요 향  미쳐요 매장도 넓고 편하게 쉬다가 왔습니다~! 빵순이 빵이랑 커피 마시고 행복하게 나가요~,"홍대입구역에서 가까운 오퍼카페💕 베이커리 디저트류가 엄청 다양하고 맛있는 홍대 크림커피맛집이에요! 얼그레이타르트, 브라우니, 소금빵 다 맛있고 초록초록한 인테리어도 예뻐서 오래 머물다 갑니다😊 테이블간 간격도 적당하고 규모도 큰 편이라 맛있는 커피랑 빵 먹으며 수다떨기 좋은 홍대카페로 추천 👍",연남동에서 저녁먹고 근처에있어서 방문한카페! 매장도 넓고 추운날씨에 따뜻하고~~ 차도 완전 진하구 맛있고! 베 이커리는 비쥬얼에 맛까지 둘다 잡았어요😆👍🏻,오퍼 카페 처음 가봤는데 매장도 엄청 크고 인테리어가 넘 이뻐서 사진 찍기에도 딱 좋았어요 !! 게다가 베이커리도  넘 맛있었구요 ㅠㅠㅠ 홍대베이커리카페로 추천추천 !!! 그래서 인지 늦은 시간에 갔는데도 사람이 많더라구요 ㅎㅎ ㅎㅎ 재방문 의사 있습니다! 또 베이커리 디저트 먹으러 놀러갈게요옹 !,자리도 많고 인테리어가 따뜻하고 예뻐요! 입구 들어오자마자 보이는 디저트들에 눈을 뗄수가 없습니다! 케잌 소소하니 맛있고 브라우니는 많이 달아요! 음료 폼밀크티 마셨는데 느끼하지않고 부드러우니 맛있습니다! 맛있게 먹고 가요~,공간이 넓어서 공부하기 좋은 카페였어요~ 콘센트도 있고 인테리어 분위기도 마치 휴향지 온것마냥 힐링되어 좋았 어요~! 야외도 있어서 요즘같이 날씨 좋은날 사진찍기 너무 좋았어요~! 특히 들어오자마자 반기는 예쁜 디저트들~~! ! 너무 맛있었어요! 특히 쑥차라떼를 개인적으로 좋아하는데 이곳에서 먹을 수 있어 너무 좋았어요! 이곳 시그...,홍대 오퍼카페 베이커리 카페인데 데이트코스로도 좋고 디저트 먹고 집중해서 작업하는 저 같은 프리랜서에게도 딱인 카페네요. 예쁘고 맛있고 친절하고 깔끔하고..저는 빵돌이가 아니라서 빵은 그냥 단데 빵돌이 빵순이들에겐 천국인 곳입니다. 시원하고 쾌적하고 특히 아인슈페너 화이트 너무 맛있음,홍대 분위기 좋은 베이커리 카페 오퍼카페! 외부에서부터 풍기는 분위기에 이끌려서 들어왔는데 빵도 커피도 너무  맛있어요! 특히 페스츄리 형태로 되어 있는 키쉬가 인상적이었고 시그니쳐 오퍼라떼도 맛있네용👍,"연말감성 가득한 카페입니다 ! 베이커리 종류도 다 맛있고, 음료도 하나같이 맛있어요ㅎㅎ 베이커리는 인기가 많아서 늦게 방문하면 솔드아웃이니 빵순이들은 일찍 오픈런 하시는 것 추천해요. 갓 나온 소금빵 넘 맛있어요. 홀도 넓어서 좋고, 직원분들도 친절합니다! 위치도 홍대 메인거리여서 홍대 데이트 코스로 완전 추천💕",홍대 오퍼카페 방문했어요 늦은시간에 방문해서 베이커리가 별로 없었지만 다행히 퀸아망은 남아있었어요! 오미자 에이드랑 아메리카노 시켰는데 맛있었어요 베이커리도 맛있었습니다💛 홍대카페추천이에요,2명이서 아이스아메리카노 디카페인 6500원 오퍼라떼 디카페인 7500원 퀸아망 샤인머스켓 7400원 소시지 패스츄 리 6200원 주문해서 먹었어요 퀸아망같은 패스츄리 종류 완전 추천합니다 특히 소시지패스츄리 추천!!😆👍👍 평 일저녁인데도 사람많았어요 그래도 매장이 넓어서 앉을 자리 충분했습니다 요즘 감성카페다뭐다해서 앉는...,"아인슈페너 위 크림이 맛있어서 소금빵 그냥 먹는것 보다 찍먹하니 맛있었어요! 저녁에 갔더니 퀸아망은 종류가 많 이 빠져서 샤인머스켓 퀸아망, 바나나 퀸아망만 남아있더라구요.",홍대디저트카페 오퍼카페에 베이커리 포장하러 방문했어요. 딸이 겁나게 좋아하는 퀸아망이 레전드인 오퍼카페 홍대점.. 제 단골 베이커리에요. 사랑합니다.,홍대디저트카페 오퍼카페 에요. 완죤 베이커리 맛집이에요. 딸이 좋아해서 베이커리 포장하러왔어요. 완죤 존맛탱 입니다 소금빵 크런치가 신제품으로 나왔어요. 완죤 맛있음. 홍대입구역 오퍼카페 강력추천합니다,"홍대베이커리카페 중에 인테리어도 개성있고 자리도 넓어서 쾌적하네요. 오퍼라떼 크림 맛있고 소금빵, 퀸아망 다 맛있네요. 위치도 한적해서 여유있게 방문하기 좋아요!",홍대베이커리카페로 오퍼카페 추천해요! 특히 퀸아망👍 저는 레몬퀸아망으로 먹었는데 기본이 진짜 맛있겠단 생각 이 들 정도로 빵피가 맛있었어요. 레몬퀸아망은 머랭으로 올려져있어서 레몬맛이 많이 세진않고 적당히 달달하면서  레몬맛이 좋았어요. 좌석도 매우 많고 넓어요:),크리스마스의 분위기를 느낄 수 있어서 너무 좋았어요!  빵도 맛있고 공간도 넓어서 대화하기 참 좋아요:) 재방문의사 200%,홍대에 뷴위기 좋은 대형카페가 있는줄 몰랐네요! 디저트도 종류가 많아서 좋았어요! 퀸아망타르트 같은 느낌이라서 독특하고 좋았어요😋 크림도 맛있고 퀸아망도 맛있더라구요 폼밀크티도 맛있어요 추천드립니다👍,홍대베이커리카페 오퍼카페는 분위기 좋고 맛도 좋은 디저트 카페인데요 ㅎㅎㅎ 연인이랑 가족이랑 혼자라도 방문해보시길 추천드려요 ㅎㅎ,시그니처 음료인 오퍼라떼 위에 꾸덕한 크림이 올라가있는데 달달하니 맛나요. 함께 시킨 레몬 퀸아망은 밑에 깔린 빵 부분이 딱딱한 패스츄리 식감이예요. 초코브라우니는 한 피스가 엄청 커요. 얘는 엄청 꾸덕한 미국식 브라우니 맛 이예요. 카페에 앉을 자리도 많고 생긴지 얼마 안되었는지 힙하고 깔끔해요. 조금만 덜 덥다면 야자수 파라솔...,"퀸아망 샤인머스켓이랑 초코브라우니 진짜 맛있었어요!! 여기 디저트맛집 입니다아,, 폼밀크티도 진짜 맛있고 진하고 달달 그 잡채,, 인테리어도 넘 예쁘고 매장도 깔끔하고 저 같은 빵순이는 눈 돌아갈만큼 빵 종류도 엄청 많아서 좋았어요! ❤️🥹",디저트 종류도 다양하고 맛있어요! 카페가 넓어서 수다떨기에도 편해요!! 음료도 맛있음👍,홍대 베이커리 카페를 찾던중 오퍼카페를 방문했는데 베이커리 종류가 정말 다양하고 내부 분위기가 정말 미쳤더라구요🥹🥹💕 초코바나나퀸아망으로 당충전 빵빵 채우고 레몬타르트도 아.아랑 정말 잘어울려요! 오퍼커피도 위에 크림도 따로 떠먹고 커피와 함께 마셔도 달콤쌉싸름해서 너무 좋았어요🫶,홍대입구역 카페 베이커리 오퍼 카페! 커피랑 음료도 맛있고 빵도 진짜 맛있어요! 인테리어도 예쁘고 다들 친절하시고 분위기도 굿굿! Bowers & Willkins로 음악 듣는 맛도 있어요. 홍대 카페 데이트 장소로 추천!!,말차라떼 미쳤어요 너무 꾸덕하고 상큼하고 맛있었어요 ㅎㅎ 빵도 다 패스츄리한 식감에 상큼한 사과가 생으로 있네요 ㅎ 진짜 진짜 맛있게 잘 먹었습니다 🥰😋,커피도 디저트도 맛있어요! 평일 오후 2시쯤 갔는데 사람 많고 디저트도 거의 다 떨어질만큼 인기가 많아요 ㅎㅎ 커피 맛있고 분위기 좋아서 이야기하러가기 좋고 식사 후 2차로도 너무 좋아요! 직원분들도 친절하세요~~,홍대디저트카페 오퍼카페에서 맛있는 베이커리도 먹고 딸 주려고 포장도 했어요. 겁나게 맛있는 홍대디저트카페 오 퍼카페 강추합니다. 단골 베이커리카페로 찜콩했어요. 퀸아망 사랑합니다,홍대입구역 최애 카페..🥹❤️ 넓은 내부에 다양한 테이블까지!!! 대형카페에 공부하기도 좋고 대화하기도 좋은 카페 에요! 나만 알고 싶은 황금같은 카페.. 실내 화장실에 관리가 잘 되고 핸드워시 냄새 최고 .. (´∀`)ｂ 메뉴도 다양한데 소금빵이 바삭하면서 깊은 버터향이 풍미 최고에요!!! 특히 크림치즈 올라간 소금빵 최고 (T⌓T) 폼밀크티도 ...,홍대 거리 한가운데 이렇게 분위기 좋고 넓은 베이커리 카페가 있었네요~ 여기 퀸아망과 소금빵 맛집입니다! 퀸아망 꼭 두번 사드세요!!시그니처인 오퍼라떼는 위에 크림이 쫀득하니 맛나용 ㅎ 홍대 디저트카페 오퍼카페! 완전 맛있어용 추천드려요 ㅎㅎ,진짜 완전 강추하고 싶은 곳 인데요! 퀸아망 이랗게 맛있어도 되는 거예요? 그리고 소금빵도 종류별로 다 맛있구요 ㅎㅎ 소시지 패스츄리는 말해 모해요!! 말차라떼는 더 맛있답니다. 크림폼이 장난 없네요 😄 여기가 바로 홍대디저트카페 오퍼카페네요,홍대에서 정말 조용하고 여유로운 시간을 보낼 수 있는 카페입니다. 알록달록 예쁜 디저트도 많아서 디저트 맛집으로도 유명하더라구요 :)  시그니처 메뉴 오퍼라떼와 폼밀크티는 진짜 맛있어요.. 꼭 드셔보세요!,홍대 메인카페 거리는 시끌시끌한데 오퍼카페는 한적하고 조용한 거리에 있어서 일행과 이야기 나누기 좋더라구요 ㅎㅎ 그리고 저녁에가서 빵 종류가 많이 없어 아쉬웠지만 베이커리류도 무척 맛나더라구요 !!! 분위기도 좋고 아주 만족스러운 카페였답니다 ☺️,맛있는 베이커리류도 많아서 좋았는데 음료도 특이한게 많아서 좋더라구요~ 쑥에 진심인편이라고 써있어서 쑥라떼 를 먹어봤는데 마치 쑥떡을 음료로 만든것처럼 쑥향과 맛이 가득해서 너무 맛있었어요! 그리고 오퍼라떼가 시그니 처라고 해서 마셔봤는데 크림도 달달하고 너무 좋았어요~ 브라우니는 정말 진하고 꾸덕했고 퀸아망이라는걸 ...,베이커리 카페인만큼 디저트 종류가 다양하고 맛있음. 관광객들도 많이 찾는 인기많은 홍대카페로 인테리어도 멋있는데 알고보니 인테리어 회사도 운영 함께하고 있는 카페. 맛있는 디저트를 먹고 싶다면 추천!,특별한 디저트가 있고 장소도 넓고 너무 쾌적했던 대형카페 오퍼였어요! 처음보는 크런치 소금빵이 있었는데 바삭바삭 짭쪼름하니 너무 맛있더라고요ㅎㅎㅎ 좌석도 많고 테라스 비슷한 좌석도 있어서 사진도 잘나와서 최고였네용!!,오늘 방문했습니다! 인테리어가 우선 너무 멋져요. 음악도 좋구요. 빵 종류도 많은데 인기가 많아서인지 저녁에 갔을 땐 많이 품절이더라구요 ㅠㅠ 다들 일찍 가세요!!! 홍대 중심가에서 이런 갬성적인 카페… 넘 좋습니다!,"퀸아망 넘 맛있는 오퍼 카페 👍🏻 가게도 넓고 분위기도 좋더라구요~ 혼커 하러 들어왔는데 애플시나몬, 레몬 퀸아망  대존맛 ㅠ 또 먹으러 재방문 할만한 홍대입구카페 추천 🤍","디저트 맛집으로 유명하다해서 방문햇는데,, 평일 반차쓰고 왓는데도 디저트가 거의 솔드아웃,, 와 다음엔 진짜 오픈런해서 디저트 사갈까봐요🥹🥹 너무 맛잇엇고 고급스러워서 선물용으로도 괜찮을것 같아요!! 카페 내부 자체도 싱그럽고 분위기 잇어요!!>< 또올게용!!",홍대에 새로 생긴 카페답게 시크하면서 깔끔한 분위기네요. 퀸아망류 베이커리도 많고요. 조각케잌은 금방 매진이네요. 홍대입구 지하철과도 가까운편이라 이용하기 좋아요.,차와 애플 시나몬 넘 맛있어요~ 다양한 디저트가 많아서 다음에 오면 샤인머스켓도 먹어 봐야겠어용🥰  깔끔하고 분위기가 편안하게 대화하기도 좋네요 ✨️,"너무 예뻐서 감탄한 오퍼 카페 넓고 안쪽에 자리도 많고, 통창이라 개방감 있어서 답답하지도 않아서 너무 좋았어요 베이커리 종류도 다양하게 많고 커피도 맛있어서 잘 먹고 왔어요",홍대에 이런 크고 예쁜 카페가 있는줄 처음알았어요 대화하기 너무 좋고 가게도 이쁘고 깔끔했습니다 무엇보다 이 곳은 디저트천국!! 홍대베이커리카페 찾는다면 이곳 추천이욤,따뜻한 색감의 컬러로 뒤덮인 분위기 있는 카페에요 오퍼 커피와 쑥 라떼 두 음료 넘 만족스러웠어요 특히 쑥 라떼는  쑥 향이 나면서 달달해요! 퀸아망도 달달하고 맛있었어요~ 예쁘고 깔끔한 카페에요!,커피도 맛나고 빵종류가 다양해서 좋아요. 크리스마스 장식으로 인테리어를 해두셔서 카페가 넘 예쁘네요!👍,"퀸아망 진짜 맛도리네요,,댑악 분위기도 너무 좋고 디저트도 최고 맛있어요🥹🥹🥹 자리가 넉넉해서 모임하기도 좋고 데이트하기도 좋아보입니다 소금빵은 다른 소금빵의 2배 크기에 2배 촉촉함까지,,! 다들 커피만 드시지마시고 꼭 디저트도 같이 드세용 ㅎㅎ",디저트 맛있고 다양하고 분위기도 좋아서 자주 들르고 싶은 곳이예요:),홍대디저트카페 오퍼카페에 퀸아망 포장하러왔어요. 퀸아망맛집이에요.저의 단골카페 오퍼카페 최고에요,인테리어도 멋지고 내부도 조용하고 넓어 약속장소로 정말 딱입니다! 거기에 맛있는 커피와 베이커리도 정말 많으니 !! 약속 장소로 최적화 되어있는 장소라 할 수 있겠어요🩵🩵🩵 먹어본 음식 모두 맛있었고 담음에 또 가고 싶네요👍👍,홍대 근처에 은근히 빵 맛집이 읍그등요. 빵믈리에인 저는 슬프그든요~ 아오이토리는 은근 멀게 느껴지그등요...곱 등요. 그래서 여기왓그등요. 빵이 맛잇어보이는데 좀 과한감이 없잖아있음ㅋㅋ알바생분들이 젊고 예쁘고 잘생기셨 네요...행복한인생이시겟네요...빵괜찮고음료괜찮고 장소 아주 괜찮아요. 나만 알고싮음!! 빵 마싯어보여서 침...,"홍대입구역에서 가깝고 넓고 분위기 너무 좋아요 ~ 베이커리카페라 디저트,빵 종류도 다양하고 비주얼 대박이에요 🥹 디저트는 레몬 타르트랑 브라우니 먹었는데 레몬타르트는 크림이 레몬맛에 크리미하고 상큼하게 맛있었고 브라 우니는 꾸덕꾸덕하고 찐한 초코맛이라 당 충전 바로 됩니다 !! 인테리어도 예뻐서 사진 찍기도 좋아요 ㅎㅎ 홍...","매장이 진짜 넓고 예뻐요:) 카페 곳곳에 식물들도 심어져있고, 좌석도 다 쿠션 좌석이라 편하게 앉을 수 있어요ㅎㅎ  홍대랑 합정 중간이라 언제든지 오기 편할거같아요~ 그리고 무엇보다 디저트 종류가 진짜 많아서 디저트 좋아하시 는 분들이라면 꼭 방문해야하는 곳이에요..💞",다양한 빵들이 많고 색다른 소금빵도 맛볼수있어서 좋았습니다. 커피가 맛있네요. 아메리카노도 맛있고 빵이랑 어울려서 잘 먹었습니다. 매장이 깔끔하고 사진도 잘나오는 예쁘고 모던한 디자인으로 야외 테라스 분위기 자리도 있어서 사진 찍기 좋은 홍대 예쁜 베이커리 카페입니다. 화장실도 깨끗하고 좋아요~,"홍대에 이런곳이 있다니! 멋있는 인테리어와 맛있는 베이커리가 유명하다고해서 찾아왔어요❤️ 평일 낮인데도 사람 이 많았고, 인테리어가 정말 예뻐서 놀랐습니다. 아메리카노는 산미가 없는 원두라 고소해서 좋았고, 베이커리가 정 말 맛있었어요. 인생샷 남기기에도 제격이라 데이트 장소나 각종 모임으로도 좋아보였어요. 홍대 카페 오퍼 ...",요즘엔 큰 대형카페를 좋아하는데 넓고 쾌적하고 인테리어까지 완벽해서 취향저격 당했어요!!! 거기에 디저트까지  잔뜩 있으니 자주 찾을 것 같습니다💓 휴양지 느낌도 나면서 도심의 트렌디함까지 느껴지니 기분전환도 되고 정말  편히 쉬다 갑니다😆 또 방문할게요!,"오랜만에 연남 카페가 절 설레게 하네요! 넓직한 통창문이 맘에 들어 들어갔는데, 내부는 더 멋졌어요. 작년 크리스마스에도 방문했는데 겨울 분위기 제대로였습니다 ♥ 좌석도 많아서 추천해요!",홍대디저트카페 오퍼카페는 분위기도 좋고 그만의 어떤 매력이 있어서 참 좋네요 ㅎㅎ 디저트들도 꽤나 맛있었구요. 음료도 참 좋았어요.,페스츄리 종류의 디저트가 주 메뉴인 것 같아서 소세지 페스츄리와 상큼한게 땡겨서 샤인머스켓 퀸아망 주문했어요 ㅎㅎ 일단 소세지는 통통하고 묵직한 소세지여서 너무 맛있었고 퀸아망은 샤인머스켓도 너무 신선하고 크림에서도  상큼한 맛이 느껴져서 좋았어요!! ㅎㅎ,북적대는 느낌이 아닌 카페라 너무 좋고  저녁시간대가서 디저트류가 많이 없었지만 ㅠㅠ 키슈도 맛있고 인테리어 분위기도 맘에들어 이른시간 빵 가득할때 또 오려구요😆,홍대 베이커리카페 오퍼카페에 친구와 방문했어요.  따뜻한 허니 카모마일 바닐라 블랜딩 차에 맛있는 얼그레이 레몬 스콘 플레인 퀸아망 키슈 먹고 힐링 제대로 하고 왔어요.단골카페 오퍼 좋아요,매장도 넓고 프라이빗한 좌석도 있어서 대화하기 좋아요 ㅎㅎ 디저트도 종류 별로 많은데 다 맛있어보여서 고르기 넘 힘들었어요 ㅎㅎ 크리스마스 뿜뿜이라 완전 좋네요,커피랑 디저트 다 너무 맛있는 곳이어요! 가격대가 있는 편이라 신중하게 골랐는데 두 개 다 넘 성공적 홍대입구 근처에 이렇게 예쁜 카페가 있는 줄 몰랐어요! 존맛! 존예! 역시 대학가라 그런지 공부하는 분들도 꽤 많더라구요. 👀🤍,매장 인테리어도 예쁘고 디저트들도 다 맛있어요 :) 야외공간에 테이블 세 개 정도 있는데 날씨 좋은 날 야외테라스이 앉는 것도 좋네요 🤍,"따뜻한 분위기가 너무 좋았던 카페,,,☕️ 평일 오후에 방문했는데도 좌석이 얼마 없을만큼 인기만점인곳,,,, 직원분들 도 너무 친절하시고 디저트와 시그니처 음료인 오퍼라떼도 너무 맛있었어요! 카페 내부의 중정공간도 너무 예뻤고,  덕분에 카페 채광도 너무 좋더라고요! 좀 더 시원해지면 한번 더 방문하고싶어요:)","평일 오후부터 사람이 많고 북적북적한 핫플! 분위기만 좋은 게 아니라 빵 자체가 맛있더라구요ㅎㅎ 샤인머스켓 퀸아망, 무화과크림치즈 소금빵 먹었는데 둘다 빵 베이스 자체도 맛있고 크림도 맛있어서 맛도리!","카페 내부 인테리어도 너무 예쁘고 분위기 지인짜 좋아요. 그리고 무엇보다 오퍼라떼 정말 맛있습니다. 아인슈페너 좋아하시면 꼭 주문하세요 후회없을겁니다,,, 빵은 기본빵이 맛있어요 소금빵 퀸아망 이런 기본빵들이 버터를 좋은거 쓰는지 풍미가 장난아니에요. 홍대 근처에서 편하게 올 수 있을만한 카페입니다.",빵 종류도 많고 커피 맛도 너무 좋아요🥺 매장도 크고 깔끔하고 모던합니다. 테라스 좌석이 있는데 플랜트 인테리 어와 라탄 느낌의 파라솔 때문에 휴양지에 온 것 같아요! 커피 맛도 풍미가 좋고 맛있습니다! 특히 라떼는 커피의 쓴 맛 없고 부드러운데 커피의 풍미가 확 느껴져요! 쪽파크림치즈 소금빵은 소금빵의 부드러움과 크림치즈가 넘 ...,홍대에서 베이커리카페를 찾고 있었는데 우연히 방문했는데 너무 좋았어요! 매장도 깔끔하고 무엇보다 퀸아망 존맛탱..다음에는 소금빵먹으로 올께요!,홍대베이커리 오퍼 카페 빵이 진짜 맛나요 홍대에 일찍 문여는 카페가없는데 여기는 빨리열면서 넓고 깔끔하고 빵 이 너무 맛있어요 퀸아망맛집!! 베이커리 키친이 따로 있을정도로 빵에 진심인가봐요,홍대디저트카페 오퍼카페에 디저트먹으러 방문했어요. 저의 단골카페에요. 퀸아망 존맛탱입니다!!,"완벽하게 내스타일인곳 ! 인테리어 예쁘고 조용해서 대화하기 좋고, 빵종류 다양하게 취향대로 먹기 좋아요~ 추천하는 카페입니다 :)",,,,,,,,,,
서울페이스트리 연남점,37992103.0,"홍대 연남동 클스마스.st 카페! 귀여운 루돌프와 눈사람, 트리까지 있는 카페입니다~~ 다양한 파티초도 판매하고 있 어서 특별한 날, 기념일에 빵 포장해도 좋을 거 같아요~~ 샤케라또가 처음 마셔보는건데 시럽이 같이 들어가서 생각 보다 쓰지 않고 맛있어요!!",와 보고 싶은 곳이었는데 드디어 온 <SEOUL PASTRY>. 약간 프랑스 느낌? 🇫🇷 역시 야외석이 백미네요. 오늘도 약 간 쌀쌀한데 더 추워지기 전에 잘 왔네요. 🍁🍂 커피 맛도 양호해요. ☕️ 직원분들도 친절하시고요. 🥰,마치 유럽의 야이테이블에 앉는 듯한 착각을 주는 곳입니다. 낮에 햇빛이 정면으로 내려와 어닝으로 가려주는 야외 테이블에 앉아서 디저트와 티를 먹고 있으면 기분이 평온해집니다. 특이하게도 페이스트리와 마시는 음료를 우유 를 추천해서 같이 먹었는데 찰떡궁합니다. 사실 여긴 복숭아 페이스트리를 먹으러 왔는데 기대했던 맛이네요 ...,요기 맨날 지나다니는 곳인데 도넛 가게인진 몰랐어요. 무화과철이라 궁금해서 무화과로 사봤는데 시나몬이 시그니쳐라네요. 담번엔 시나몬도 먹어보려구요. 도넛 맛있어요! 🥰 사장님도 친절하세요. 👍 다이어트 할랬는데 안되겠네요 ㅋㅋㅋ 종류별로 다 먹어보고 싶어요! 🫨,연남동 걷다가 큰곰과 크리스마스 트리가 보여서 그냥 들어간 곳. 작은 케익과 도너츠가 맛있어 보이던곳. 그중 그린티 트리 구매. 왠지 트리모양이라 ㅋ,크리스마스 메뉴 나와서 오픈런했어요!  눈사람이랑 트리랑 루돌프 넘 귀엽고 맛있어요ㅠㅠㅠㅠ 사장님 친절하시고 또 올게요💚🎅🏻❤️,홍대 놀러왔다 들렀는데 페이스트리가 담백하고 정말 맛있어요.. 직원분도 굉장히 친절하시고 아이가 좋아해요. 찾 아온 보람이 있네요. 날이 추워 밖에서 못 찍었지만 야외 사진도 너무 예뻐요. 저는 개인적으로 블루베리가 상큼하 니 맛이네요 ㅎㅎㅎ,크리스마스 느낌 물씬나는 유럽 같아요 디저트랑 커피가 맛있고 연말 데이트 장소로 딱이에요>_< 특히 저 딸기크림 꼭 드셔야합니다!!,너무 맛있어서 재방문 ㅠ ㅜ 크리스마스 기념 베이커리도 나왓네요어엉,따뜻하고~ 편안하게 쉬다 왔네요~ 사진이 잘 나와요~~~,친구 추천으로 와봤는데 가게도 너무 예쁘고 종류도 다양해서 좋았어요 🥹👍 블루베리 요거트 진짜 맛있음 크림 완전 달달하고 부드러움 🫶🫶,사진이 예쁘게 나오고~~~ 케잌이 맛있어요~🎂🍪🍩,방문 포장했는데 넘나 친절하시구 크로넛도 엄총 맛있어요❣️ 또 올게요,바삭하면서 달달해서 너무 맛있어요!! 진짜 무조건 추천드립니다!! 지나가다 보시면 꼭 사세요!! 카페전문 유튜브 유 리소리 TV,언니가 너무 친절해요 도넛이 전부 예뻐서 고르기 힘들었어요 재방문의사 100%,"완연한 연말 분위기!!⭐️✨🎄🧸 디저트들이 너무 예쁘고 커피 향이 좋습니다,, 내부도 아늑해서 대화하기 좋아요",크리스마스의 따뜻한 분위기가 너무 좋아요 도넛도 맛있고 커피도 맛있어요!,크로넛이 예술입니다! 카페 밖 트리랑 곰돌이도 너무 예뻐요!! 귀여운 초도 팔아욯ㅎ 디저트 짱,크로넛 처음 먹어봤는데 바삭바삭+안은 찐득한게 넘 맛있어요 ㅎㅎ 바깥에 앉아있는 것도 좋았어요!,홍대 가면 언제나 들리는 디저트 맛집!! 바나나맛은 안에 든 크림이 진짜 맛있어서 항상 사먹어요ㅎㅎ 복숭아 맛이 생겨서 한번 사먹어 봤는데 생각보다 인위적인 복숭아 맛이 너무 강하고 달기만해서 별로였어요ㅠ 다음엔 순정으로 돌아가야겠어요~,페이스트리 도넛이 크로넛이라고 하나요 맛있어요!! 시즌별로 다른 메뉴가 있어서 계속 가는 맛도 있네요 다만... 포 장이 ㅠ 환기가 쏙 들어 있는데 위에 크림이라서 잡을수도 없고 박스에 꽉 차 있어서 어떻게 잡을수가 없어서 상자를  뜯어 냈어요 어떻게 들어 내야 되는걸까요,가격도 착하구 종류도 다양해서 좋아요!!ㅎㅎ,매장 너무 이쁘고 빵이 너무 맛있어요ㅜㅠㅠㅎㅎㅎㅎ,친구 모임에서 디저트로 인기 짱이었네요~,크리스마스 트리 크림이 올라간 페스츄리 먹었어요:) 넘 맛있고 아메리카노도 진짜 맛있어요:) 크리스마스 분위기 물씬 나서 좋아요!,일요일 저녁 이시간에 자주 와요 맛도 좋고 직원분들도 항상 친절하세요🤎,커피도 맛있고 페이스트리도 맛있어요. 시나몬으로 주문했는데 과하게 달지않고 진해서 좋아요.,직원분 친절하시고 페이스트리 넘 맛있게 먹었습니다😆 연남 디저트치고 가성비도 좋아요🌟,너무 귀엽고 너무너무 귀여워요🥹❤️ 유명하다규 해서 왔는데 직원분들도 너무 친절하시고  잘 다녀갑니다!!🔥🍀💚,밖에 있는 곰돌이 귀엽고 매장 아기자기한 분위기 좋아요 커피도 맛있어요~!,크로플이 귀엽고 맛있는데 크기까지 커요ㅎㅎ 직원분들도 다 친절하고 또 와야 겠어요,야외자리 바람불고 선선하니 좋았어요 아메는 산미가 있고 라떼는 진하고 고소해요 크로넛도 당연히 맛있어요,아기자기하고 너무 귀요워요 ㅠㅠ 크리스마스 느낌 가득 ~,빵도 너무 맛있고 음료도 너무 맛있고 카페 완전 분위기 있어요!!!!! 🎄,분위기가 너무 좋고 빵이 파삭하니 맛있습니당,늦게 와서 사고 싶었던 것들을 모두 사진 못했지만 직원분들이 친절하시고 분위기가 너무 좋습니다!! 다음엔 트리 도넛 먹으러 올게요 ㅎ.ㅎ,인테리어가 너무 예뻐서 들어왔는데 디저트도 너무 예뻐요!!,평소 선물용으로 구입하다가 오늘은 직접 먹으려고 구매했어요 시즌메뉴도 아기자기해서 선물 하기도 좋아요 맛은 당연히 좋습니다!,기여워여><  맛있게 먹을게요 ㅎㅎㅎ,디저트 먹으러 가기좋아요,크리스마스 분위기 물씬나요♡,빵이 유명한만큼 맛있구.. 아기자기하고 예뽀요,친절하시구 크로넛이 맛있어요!,분위기 좋아요 큰곰돌이도있고 자리가 부족해서 포장해갑니다ㅎㅎ,단거 좋아하시는분들이 좋아할곳 마니다네요,야외테이블에서 커피한잔 즐겨요,8/3까지 롯데잠실백화점 팝업행사중. 다른 유명 크로넛 가게에 비해서 조금 덜 달아서 좋았어요,"페이스트리아 바삭하고 맛있어요. 기회가되서 잠실 팝업으로갔는데 종류다양하고,  눅눅할까봐 걱정됬는데 집가서 커피랑 먹으니 존맛!!",너무 맛있어요!! 크로넛 맛집 ㅠㅠ 연말 느낌 물씬 나는 트리랑 인테리어도 쵝오🫶☃️🎄 또 올게요!!,"페스츄리와 도넛이 만나 탄생한 기본으로 달달함은 안고 가는 크로넛, 토핑으로 올려지는 복숭아도 절임이라 먹다보면 달달에 달달이라 단맛을 선호하지 않는다면 쓴 아메리카노와 함께 맛보시길.",음식이 너무 맛있고 분위기가 좋아요!!,너무 귀엽고 예뻐요~!~!~!@@,도넛 너무 맛있어요! 다음에도 방문 예정입니다!,디저트들도 크리스마스 버전으로 귀엽고 빵도 넘 마싯어보여요 ㅎㅎ,"시나몬, 글레이즈, 밀크크림 맛있어요",너무맛있고 직원들도 친절해요😍😍,매일 도넛 먹고싶을때마다 가는곳이에오,분위가 좋고 빵이 너무 맛있어용^^,매장 인테리어도 너무 예쁘고 너무 맛있어요><,요기 맛있네요!,"연남동 진정한 분위기 맛집❤️🫶🫶 커피 산미있고 과일향 그득해서 넘 제취향이었고, 그림브륄레 크로넛 넘 맛있 어요! 블루베리 요거트는 시큼한 맛이 강하네요ㅎㅎ 페스츄리 특유의 바삭함과 버터리한 달달함이 굿! 날 좋은 날 제 대로 힐링하고 왔네요^^",귀여운 루돌프도넛,맛있어용!! 앞에 확 트여서 좋으당,도넛 너무 맛있어요!!,페스츄리 너무 맛있게 먹었어요 플랫화이트랑 바닐라라떼시켯는데 바닐라라떼는 너무 우유맛이 강해서 조금 아쉬웠으나 플랫화이트는 맛있었어요 ㅎㅎ,밀크 존맛탱♡,딸기 글레이즈드 맛나요,맛있어요 또와야지 친절해요,오오 일단 보기에 너무 먹음직스러워서 랜디 도넛도 샀는데 또 도넛을 샀어요ㅋㅋ 빵의 식감이 좀 남 달라고 여러 겹으로 되어있는 패스츄리같은 식감이라 다른데와 차별성이 있어요 그리고 빵안에도 크림이 충분히 아주 많이들어 있네요 달콤합니다 아메리카노나 홍차등과 곁들이면 금상첨화예요 매장도 좋던데 전 포장했어요 담엔 요거...,맛있긴한데 제 입맛에는 빵이 좀 많이 달달해요. 아메리카노말고 다른음료랑 먹기에는 좀 아니에요 한번쯤 갈만합니다,지나다가 인테리어가 이뻐서 봤더니 심슨도넛 귀여워서 포장했어요💗 하나 먹어도 충분히 달달한 맛!,일단 유럽풍 가게 느낌에 시선을 뺏겼습니디. 딱 테라스에 앉아서 마시기 좋은 날씨라 밖에서 있었는데 음료도 빵도 전부 맛있게 먹고 대화도 편하게 하다 왔습니다. 추천!,"요즘 대부분 카페들 음료양 한 두모금 먹으면 없을만큼 양이 적은데 여긴 음료양 많은 게 너무 좋아요ㅠㅠㅠ 그리고 빵도 존맛입니다,,",매장 익스테리어도 인테리어도 빵 비주얼까지 이쁜곳,레모네이드와 블루베리크로넛 시켰습니다. 느끼할 수있는 맛을 블루베리와 요거트 크림이 잡아줘서 맛있게 먹었어요. 요거트 크림이 존맛입니다. 그리고 레모네이드가 마냥 달지않고 신맛이 적당해서 좋았어요. 하지만 전반적으로 특별한 맛은 아니고 좌석이 불편해서 다시 갈진 모르겠어요.,한번 와야지 했었는데 이제서 왔어요. 벚꽃을 제대로 즐기지 못했었는데 반이 떨어지고 들렸던 서울 페이스트리 연 남점. 연트럴파크도 즐기고 이곳 야외 자리에 앉아 흩날리는 벚꽃도 보았습니다. 무엇보다 넘 친절하게 응대해 주셔 서 기분이 좋았지요. 벚꽃크림 도넛 맛있었습니다! 크로와상 도넛맛집! 벚꽃뷰 맛집! 또 뵐께요. 고마웠습니다🌸,진짜진짜 너무나무 맛있어요ㅠ🩵🩷 다 맛있습니다 :D,루돌프 귀엽고 넘 마싯어요!! 밖에 트리고 넘 귀여워요..ㅠ,참먹기 아까운 비쥬얼이예여~포장에도 실리카겔과 움직이지 않도록 빈용기두 넣어주는 센스~ 벚꽃이 안에 딸기잼넣고 위에 크림이 맛있네여~페스츄리 겉이 많이 기름지긴하네여~달디단 만큼 아메리카노랑 먹으면 존맛탱~브륄레는 안에크림이 잔뜩이네용,크로넛 넘 맛있어요!!!!  야외석도 넘 좋구 디저트도 맛있구 굿굿,맛있는 페스츄리가 다양하게,좋아요 굿굿,요즘 핫!한 크로넛 너너너너무 맛있어서 또 가고 싶어요 가게가 넓지 않지만 유리창이 커서 답답하진 않아요 추천추천!!,:),"바삭한 패스퓨리 도넛에 달달한 크림까지 완벽🤎 크림뷔릴레 너무 맛있고, 흑임자 토끼도 고소하니 맛있어서 정신 못차리고 순식간에 다 먹어버렸어요 ㅋㅋㅋㅋ 음료 우유 있는 것도 아주 👍🏼👍🏼 늦게 가서 맛 몇가지가 품절이었눈 데 다음에 가면 꼭 일찍가서 맛별로 다 먹을 거에요 ㅠㅠ",테라스자리에서 먹으니 여유있고 조용해서 좋아요 커피는 좀 연한 편인데 양이 많아 좋아요,저는 음료 주문하고 친구는 복숭아 디저트 주문했는데 디저트가 진짜 맛있더라구요!!! 다른 친구가 추천해줘서 들어간 거였는데 들어오길 잘했다아...다음에 또 방문해서 다른 디저트도 먹어볼거에요!,시나몬 크로넛+아메리카노 조합 완전 꿀입니다!!,시나몬 맛있어요!,연남에서 손으로 꼽히는 좋아하는 카페 !,분위기도 좋고 맛도 있어요.다음에 또 다시 오고 싶어요.,맛있어요,페스츄리가 아니고 꽈배기 느낌이 나서 많이 아쉬웠습니다..기대를 너무 햇나봐요,빵 맛있네용 날씨 좋을 때 가게 앞에 앉아 먹는 것도 좋을 것 같구요~~!,회사 주변이라 늘 가봐야지 했지만 못갔었는데 결국 평일 휴가때 근처 볼일 보고 가봤네요 ㅋㅋ 커피도 맛있고 빵은 뭐 말모말모~ 포장해서 선물로도 추천이요!,주말 데이트,👍,"연남동 가면 꼭 들리는 곳, 지인과 연남동 가면 꼭 데리고 가는 곳 하나같이 다 감탄한다 진짜 맛있다!!!!! 테라스 야외 공간도 진짜 예쁘고 앞에 벚꽃 피어서 힐링 눈호강 제대로네요🌸🌸🤍",바질토마토를 좋아하는 분들이라면 너무 좋아할꺼같아요! 상큼하고 달달해요💗 크로넛이랑 같이 먹으니 맛있을수밖에 없어요 🥹🫶,크림브륄레랑 시나몬 먹었는데 크림브륄레... 맛있어요 🫢 시나몬도요,커피도 쏘쏘하고 패스츄리는 아주 제취향이네용 ! 딸기는 이제 철이지나서 단맛이 덜하기는 합니다유 ㅠ 다음인 우유를 먹어봐야겠어요  그리고 벚꽃이 펴서 아주 뷰기 귀엽습니다 !,시나몬 크로넛은 좀 기르지고 느끼했네요 ㅠㅠ 왜 베스트 메뉴일까 의문... 할미입맛이라면 인절미크림 크로넛 추천 이여!ㅎㅎㅎ 고소 짭짤해서 추천추천👍 매장 좁고 협소하니 포장하거나 날 풀리면 야외석에서 드시는걸 추천합니 당,테라스 백점만점🤍  시나몬페스츄리 짱맛👍👍,글레이즈랑 헤이즐럿누텔라 포장해서 정말 맛있게 먹었네요 다음엔 또 다른 맛 포장해와야겠어요,무화과 맛있어요,,,,,
르바게트 메종,1497090871.0,지나가면서 매번 ‘와봐야겠당!’ 생각만 하다가 시험 끝내고 간단한데 맛있는거 먹고 싶어서 방문했습니당 수프 무료 쿠폰이 있어서 사용했는데 두 종류 모두 맛보라고 하나 더 따로 챙겨주셨어요..🫶🏻 정말 감사합니다:) 소금 바게트 🧂🥖도 빠작촉촉하고 수프🥣도 완전 든든하구 맛있어요!! 양송이는 버섯향이 강하고 부드러운데 후추의 킥...,커피 마시려고 들렸는데 바게트 종류 다양해서 선택권이 많아서 좋고 플랫화이트 마셨는데 너무 맛있네요. 안에 인 테리어가 유럽 어느 가게 느낌이고 2층에 바 테이블도 있고 좌석도 많아서 좋아요. 소금바게트 포장해서 먹었는데  맛있어요. 평일 점심시간에도 사람이 꽤 있는곳이에요.,매장이 너뮤 예뻐서 이전부터 가고 싶었는데 드디어 오늘 방문했습니다. 카페가 너무 예뻐서 친구랑 사진도 찍고 수 다도 떨고 좋은 시간 보냈어요. 음료도 너무 맛있었고 바게트도 포장해서 집에와서 먹었는데 바게트의 딱딱한 식감 이 턱 아파서 별로 안좋아하는데 여기 바게트는 딱딱하지 않고 바삭하고 속은 부드러워서 좋네요. 테이크아웃...,"여기서 전에두 바질바게트에 바질크림치즈, 에그바게트에 크림치즈 당근라페, 이렇게 먹어봤었는데 오늘은 소금빵 이 땡기는 날이라 소금 바게트 먹어봤어요! 버터가 들어가서 기름기가 조금 있지만 고소하고 바삭하구 맛있어요!! 평 일 수프 무료 제공 쿠폰으로 양송이 수프를 받았는데 진짜진짜 맛있구 바게트랑 잘 어울려요 ㅜㅜㅜ 다음번엔...","신촌에 카페가 그렇게 막 많지는 않은데 르바게트메종이 생겨서 너무 좋아요ㅎㅎ 사진은 이것밖에 없지만 인테리어도 진짜 이쁘고 빵도 맛있어요!! 머스타드, 케첩, 스리아차 소스가 비치되어 있어서 빵을 더 맛있게 먹을 수 있었습니다ㅎㅎ 스프도 꼭 같이 드셔보세요~~","굿즈도 있는데, 빵에 더 눈이 많이 가는 집이예요:) 바게트 전문점이라 그런지, 바질바게트 그리고 올리브 바게트도 너무 맛있고 살짝 구워서 선드라이바질토마토 크림치즈, 쪽파크림치즈도 발러 먹었는데 너무너무 맛있어요:) 다음에 가면 다른 바게트들도 먹어보고 싶어요!!","✨신촌 신상 바게트 빵집✨ 바게트라는 특이한 컨셉의 베이커리 빵집이에요! 10가지가 넘는 종류의 바게트가 있고 그에 맞춰 크림치즈나 당근라페, 바게트 샌드위치 등 다양한 사이드 메뉴도 있답니다 저는 가벼운 아침 식사로 에그 바게트에 바질 크림치즈 주문했는데 크림치즈 양도 넉넉해서 만족스러웠어요 ㅎㅎ 바게트도 겉바속촉에 정...","세번째 방문할 정도로 맛있고 매장이 예뻐요 딱딱한 바게트가 아닌 쫄깃하고 부드러운 식감에 바게트에요 물론, 전 통 겉바 속쫄깃 바게트도 있어요! 초코, 소금, 마롱, 인절미, 단호박, 치즈는 최애ㅎ 계란이랑 감자, 소세지는 스프랑 곁들여 식사빵으로 먹으면 맛있어요🫕 연유생크림, 말차생크림은 소금바게트빵에 찍어먹어 보세윰 최고.. ...",회사 근처에 멋진 빵집이 생겨서 기분이 좋아요! 빵순이라 자주 갈 것 같아요. 가격이 막 싸진 않지만 그렇다고 못 사 먹을 가격도 아니고 좋습니다. 맛도 좋고 무엇보다 인테리어가 이뻐요! 프로방스 느낌~~,"집에 들어가는 길에 눈에 띄어서 들어간 빵집이에요! 바게트에 진심인 곳이고, 다양한 맛이 있어요. 그리고 포장이  너무 예쁜데 선물하기에도 좋을 거 같아요. 빵순이들 빵지순례 각이네요😳❤️🥖","15가지가 넘는 바게트를 파는 2층 규모의 카페. 유럽 풍의 인테리어에 널찍하고 쾌적한 공간을 지니고 있어 여유롭 게 바게트 빵을 즐길 수 있었어요 바게트 빵은 치즈, 감자, 단호박, 인절미, 말차 초코 등 다양해서 고르기 힘들었는 데 고른 빵들 모두 맛있었어요 쫀득한 베이글 유행하듯이 요기도 부드럽고 쫄깃한 식감이 특징! 신촌 바게트 ...",어제 5시쯤 갔는데 빵종류가 다양해서 고르는 재미가 있었는데 밖에 4시간 들고 다니다 집에서 소금빵과 단호박을 먹었는데 소금빵만 전자렌지30초 돌렸는데 응?? 이랬거든요..포장할때 맛있는게 먹는법이 적힌 설명서 주셔서 그 런건데..담날 오븐에 구워먹어보자 했는데 이거에요!! 꼭 에프나 오븐에 돌리세요~! ㅎㅎ아침에 올리브 구워...,"인테리어,아웃테리어 멋있고 컨셉도 좋음! 다만 이 베이글도 식빵도 아닌 빵을 바게트라고 해도 될런지••• 보기보다 촉촉하고 쫄깃합니다. 바게트 식감은 전혀 아님 ㅋ 그래도 맛은 있어유🫶",너무 이뻐서 들어간 집 빵도 맛있어요,인테리어가 예쁘고 유럽 온 느낌이에요. 바게트 종류가 많아서 골라먹기 좋아요. 음료는 쏘쏘~,빵 진짜 맛있어요!!!! 감자바게트랑 소세지바게트 진짜 최고!.!.!  다들 꼭 드세용 라떼도 고소해서 맛있었어요  다음엔 잠봉뵈르 먹으러 갈게요! 바질토마토크림치즈도 꼭!!! 같이 먹어야 해요!,새로 오픈한 빵집^^ 소시지빵 겉은 바삭바삭~~ 초코크림빵 초코크림이 부드럽고 맛나요~~,겉은 바삭하고 속은 촉촉하고 부드럽고 맛있어요!,매장도 넓고 예쁘고 친절하시고 포장도 너무 예쁘게 잘해주십니다 다음에는 커피도 마시러 가봐야겠습니다 쪽파크림치즈 바게트랑 강추 잘어울립니다,기본 플레인 보다는 뭐라고 첨가된게 빵이 부드럽고 맛있네요!!! 하.. 빵순이는 못참고 못지나쳤습니다,지나가다 외관이 멋져 들어가 본 바게트집. 10여종의 미니바게트와 여러 종류 크림치즈도 판매하는데 먹어보니 맛있고 기존의 바게트와는 다른 소금빵에 더 가까운 빵이었습니다.,바게뜨 맛집! 음료도 좋아요,맛있어 보이는 비주얼에 잔뜩 포장해서 다음날 에어프라이기에 돌려 먹었는데 참나 진짜 맛있습니다 클래식은 바작 한 우리가 알고 있는 바게트의 맛 나머지는 소프트한 매력이 가득있는 바게트의 맛 좋네요 특히 전 단호박이 좋았어 요 번창하세요,바게트 종류도 엄청 많고 다 맛있어보여요!!! 특히 애플샌드위치랑 밤음료가 너무 맛있어요 ~토마토스프도 강추!!!👍 매장 분위기도 동화속 공간같아서 좋아요!!,커피는 무난하고 소금 바게트 담백해요✨,바게트 전문점이라고 해서 방문했어요 평일 오후임에도 만석이네요 따뜻한 분위기에 빵도 맛있어요,바게트 종류도 많고 스프랑 같이 먹으면 정말 맛있어요,🥯 ☕️ 😋 신상카페 ㅋㅋ 부드러운바게트~ 창가자리있어요(다이소뷰) ㅋㅋ,바게트 전문점이 생겼는데 맛있습니다 주식으로 먹긴 좀 비싼 느낌은 있어요,넘 이쁘고 맛나요,넘맛있어요 특히 소세지바게트!,"바게트 빵집은 처음이에요. 공사할 때부터 어떤 카페가 생길까 기대했는데, 새로 오픈하고 가봤어요! 오! 맛있네요! 다음에는 다른 바게트 빵도 먹어볼 예정입니다!",불친절하지만 (저도 남자친구도 그렇게 느껴써요ㅠ) 무뚝뚝 하셔요 직원분들 모두 !.. 그래도 커피랑 연유바게트 맛 있어서 재방문 했습니다,아메리카노가 너무 맛있어서 어떤 원두인지 물어보고 싶었고 마늘 바게트도 맛있었어요~~♡ 하지만 말차 바게트에 크림이 조금 적은거 같아 아쉬웠고 오랜 시간 이야기 나누다 보니 나중에 음료를 더 시켰는데 청귤에이드는 상큼함과 탄산이 덜 했고 조금 싱거웠어요~~,카페 뷰랑 자리가 편해요~,분위기도 너무 고급스럽고 빵도 맛있어용! 조카아이 사다줬는데 넘 맛있게 잘먹네용😍 또 사먹으러 갈거예요!! 종류도 많아서 다양하게 먹을 수 있어서 좋아요!😀😀👍👍,바게트에 크림치즈는 새로운 조합이었는데 맛있었어요~ 커피도 맛있고 카페 인테리어도 예쁘네요✨️,"바게트 빵이 종류도 많고 맛있고, 바질크림치즈도 넘 맛있네요~~!^^다음에는 여유있게 커피도 꼭 마셔보고 싶은 멋진 곳입니다🥰🥰🥰",가게도 예뿌고 빵은 마싯어요🤍빵도 추천해달라하면 친절하게 추천해주셨어요!!!,바게트 전문점이네요. 품질은 좋은데 가격이...,소금빵 바게트 먹으러 왔다가 아쉽게 품절이라 플레인 바게트에 쪽파&무화과 크림치즈 두개 사서 먹었는데 너무 맛있어요ㅠㅠ 쪽파 강추!!!!!,빵도 커피도 다 맛있는데 직원분들이 조금 딱딱하셔요 불친절해요..🥲 그리고 와이파이가 좌석이 있는 2층에선 안 된대요(?),"오픈 준비중일 때부터 궁금해서 오늘 오픈하자마자 가봤는데, 인테리어나 컨셉은 좋으나 가격이 꽤 높네요. 클래식바게트 6천원.. 빵 워낙 좋아해서 지역마다 맛있다는 베이커리 많이 다녀봤는데 바게트 가격 6천원은 진짜 처음 본 것 같네요. 맛은 그냥 평이한 수준. 아쉽지만 재방문은 안할것 같아요.",바게트 소금빵 버터맛이나는 아랫부분?이 맛있음~ 초코빵도 마니 달지않고 맛있음~ 인절미바게트는 안에들은 크림 이 너무달고 연유맛이 너무마니나네요~ (각자 입맛이 다르니 ㅋ 참고만~ ),조아!,"단밤은 한번쯤은 먹어볼만 하고, 소금바게뜨 진짜 맛있어서 또먹고싶어요!!",동네 새로 생긴 바게트빵집~ 번창하시길~~^^,최애빵집등극입니다 제발 오래오래 영업해주세요~!,빵 종류가 다양해요! 다른 종류도 먹어보거 싶어요,"지나다니면서 궁금했던곳 🥖 많은 종류의 바게트, 생각했던것보다 더 부드럽고 맛있었어요 클래식도 좋지만,이렇 게 소프트한 바게트도 좋네요 또 방문 해야겠어요 ♥️",커피 맛있어요!!,지나가다가 가게가 너무 예뻐서 구경이나 할까 했는데 빵이 너무 맛있어보여서 참을 수가 없었어요 ㅎㅎ 초코 바게트 존맛탱..👍🏻,매장이 엄청 예뻐요. 바게트? 소금빵? 전문점인듯,사람이 많아요 포장 이뻐요,신촌에 마땅히 갈 만한 베이커리카페가 없었는데 생겨서 너무좋습니다! 특히 마늘바게트최고!,"처음방문했는데 소금바게트 , 황치즈바게트가 정말 맛있었어용. 양송이스프와 같이 먹으니 👍  종종 갈꺼같네용~~직원분들도 친절하셨어용~^^",감자바게트 속 감자무스 있어서 너무 맛있어요,"단호박 바게트 알차게 차있고 맛있었음 분위기도 좋았지만 화장실 들어가는 입구의 문이 불편함 카푸치노 & 핫아메  5,000원, 단호박 바게트 5,800원",신촌생활 17년차 아재입니다 항상 여기빵 맛있어요!,임버요,인절미 빵 달고 맛있어요,비싸요,담백하고 깔끔해요,빵 맛집,인테리어 아주 멋지고 테이크아웃 빵포장 너무 예뻐요 바게트도 잘라서 포장 되나요 ?? 종이칼이라 이쁘게 못먹었 네요 ㅠ,굿,굿,맛있어요,.,굿,굿,굿굿,굿,굿,굿,굿,좋아요,동생이랑 친해지라고 센스있게 빨대 하나 주시네요. 포크는 2개 주시고.,굿,관광객 많늠,빵 맛있어요,좋아요,굿,맛있어요!,,,,,,,,,,,,,,,,,,,,,,,,,,
카페 레이어드 연남점,1500504643.0,들어가자마자 아늑한분위기에 포근해지네요 케이크와 스콘들 그리고 과일음료가 멋지네요🤩 케이크는 체리초코 였는데 음료전에 먹어버려서 사진이없어요🤭 맛있어요😍 저녁먹고 들렸는데 사람들이 없어서 사진찍기좋았어요  📷 또가고싶네요☺️,디저트 종류가 스콘부터 케이크까지 너무 아기자기하고 진짜 예뻐요! 맛도 흠 잡을 곳 없구요👍 은은한 조명에 내 외부 인테리어가 아늑해서 인스타 감성으로 사진도 잘 나오고 수다 떨기 좋은 곳이라 힐링하고 갔어요ㅜㅜ 2층과 야 외 공간으로 이루어져있고 핫플이라 사람 항상 많아서 자리 잡기 어려울 수 있어요 연남동 카페 가신다면 여...,"스콘은 물론, 케이크까지 정말 맛있는 레이어드 연남이에요! 비주얼만큼이나 맛도 있고 커피도 맛있어요 ❤️❤️ 워낙 유명한 연남동 카페라서 한 번도 안 가봤가면 한 번쯤은 꼭 가보는 걸 추천해요...!!",오랜만에 저녁에 연남동을 갔는데 주변 카페는 거의 9시에 문을 닫더라고요ㅜㅜ 요기는 밤 10시까지 오픈하길래 방 문했어요. 여전히 귀엽고 분위기가 좋네요 친구 생일이라 얼그레이퍼피케이크와 매장에서 판매하고 있는 초를 꽂 아서 깜짝 파티를 했답니다. 밀크티도 맛있었어요! 가격대는 좀 있는 편이지만 분위기를 생각하면 추천합니다.,빵 진짜 맛있네요~~ 사람들이 계속 밀려 들어옴 ㅋㅋㅋ 자리 잡는 데 시간 좀 걸렸어요~ 커피도 맛있습니다 :),"이날은 바질스콘이 없었네요 여러가지 다먹어봤지만 최고의 3픽은 🥬스프링어니언 , 얼그레이 스콘, 시나몬 스콘 이네요 특히 시나몬스콘에는 호두가 통으로 박혀있어서 맛있고 얼그레이도 맛이 진합니다. 바질스콘도 맛있구요 케 이크는 단호박케이크 맛있습니다. 말차케이크도 맛이 진한데 미끄덩거리는 재질이긴해요 케이크류보단 스콘...",✔️주말 저녁에 가니 사람도 없고 좋더라구용 ✔️커피도 맛있고 차도 맛있고 디저트는 더더요 ✔️모든구역이 다 예 뻤던 다 포토존이더라구요 ✔️연희동 왔다하면 한번 쯤 들려야되는 그런곳이네용✨,레이어드 스콘도 맛있지만 케이크도 맛있어요~~ 다만 진열방식 탓인지 시트가 오랜시간 노출되면서 퍼석해지는 부분이 있는듯해요.. 가벼운 시트케이크보다는 치즈케이크나 레드벨벳이나 꾸덕한 시트를 고르시는 걸 추천합니다! 티라미수 케이크는 에스프레소에 적셔진 시트라 그래도 촉촉해서 맛있게 먹었어요✨,다양한 케이크와 스콘들이 잔뜩!! 디저트들이 너무 예뻐서 눈으로도 호강이 되는 기분이에요ㅠㅠ 스콘 좋아하시는  분들 추천드려요!! 카페전문 유튜브 유리소리TV,우유스콘은 말해뭐해 진짜 너무 맛있구여 얼그레이 케이크가 찐입니다!!! 그냥 블랙티 그 자체를 먹는 것 같았어요  정말 진한 맛이나고 빵은 촉촉 퐁신 느낌이라 맛있고 크림이랑 조화가 대박이였어요!! 레몬도 빵이 촉촉 퐁신 느낌이 라 좋았고 다만 크림이 조금 더 레몬 신 맛이 강했으면 안 느끼하고 좋았을 것 같아요 그래도 다 너무 맛있었습니다,스콘맛집이라는 소문듣고왔는데 진짜 맛도리네여 케이크도 너무 맛나고 시그니처 스콘은 다른 스콘과 다르게 더 촉 촉하고 뷰드러운식감 ㅠㅠ 완전맛도리..,레이어드 연남은 이제 외국인들만 엄청많네요ㄷㄷ 브래드 스콘은 첨 먹었는데 푹신하고 고소하고 맛있었어요 약간 짭짤해서 소금빵 같기도 하고 굿굿👍🏻,친구생일케이크로 대신 했어요~ 크기도 제법 크고 무엇보다 퍼피그림이 넘 귀여워요!! 가격도 괜찮고 맛도 맛있습니당 그리고 포장으로 요청했더니 직원분이 친절하게 응대해주셨어요~,눈이 즐거워지는 비주얼 좋은 디저트들이 많아요. 2층 야외 좌석이 분위기 있고 좋네요. 저녁에 조명 켜질때 오면 더  좋을듯요~~ 라떼도 고소하니 맛있고 스콘도 괜찮네요^^,연남동에 볼일있어서 왔다가 방문했어요~ 보는 즐거움 먹는 즐거움이 있었네요~,밤에 걷다가 들어갈 수 밖에 없는 분위기의 카페라 들어갔습니다. 분위기가 압도적이네요. 레몬에이드 비싼데.. 맛은 또 엄청났습니다.. 또 레몬에이드 마시러 갈게요🍋,✔️매장 사람많은데 테이블도 많아서 자리는 항상 있는 거 같아요! 외국인분들도 많이 오시는 거 같아요! 자리는 다 닥다닥 붙어있는 편이라 오래 앉아 있기에는 힘들 거 같아요 ✔️음료&디저트 음료는 나쁘지 않고 디저트가 미쳤어 요..! 스콘은 엄청나게 좋아하진 않아서 몇 종류 먹고 더 이상 안 먹는데 케이크는 전부 다 맛있어요..💓 그 중 ...,빵순이가 연남동가면 꼭 들리는 레이어드🍰 애플시나몬 스콘이랑 레몬케이크 포장했는데 안흔들리게 야무지게 착착 포장해주셔서 좋았어요!ㅎㅎ 스콘도 시나몬향 강하지않게 솔솔 나는 사과쨈이랑 궁합도 좋고 버터 덩어리도 큼지막하게 올라가서 만족합니다🫧,빵이 다양해요 맛 없으면 안되는 가격이에요;;;;,생오랜지 아이스티7500원 얼그레이스콘5200원 시켰는데 다 맛있어어요 오랜지는 진짜 오랜지!추천이요~ 근데 지 금 가을인데 에어컨이 너무 세고 엄청 추워 죽겠어요 ㅠㅠ 그리고 와이파이는 있지만 진짜 못 해요!!!ㅋㅋㅋ,케이크 크기도 크고 너무 맛있어요~,늘 가면 기분 좋아지는 곳,"여러종류의 스콘이 먹음직스럽게 진열되어 고르기가 쉽지않았어요 ㅎㅎ 초코맛 스콘과 얼그레이 케익, 그리고 커피까지~ 맛있게 먹고 사진도 찍으며 즐거운시간 보냈어요 😄",음악이 너무 커서 대화 소리도 너무 큽니다..  2층은 아늑하고 3층은 층고가 높고 외부가 통창으로 탁트여서 시원한 느낌이예요,연남동 갈때마다 가는 레이어드💕💕 날씨도 좋고 분위기가 너무 좋고 케익들이 넘넘 맛나요❤️ 직원들도 너무 친 절하셔서 재방문 의사 10000%입니다. 아침 10시에 연다고 하셔서 나중에 꼭 올게요🙌🙌,"디저트가 맛있고, 옥상테라스는 사진찍기 좋네요~^^ 디카페인 커피가 없어서 리얼초콜릿 먹었어요~",스콘이랑 케익이 맛있어요~~,플레인스콘이랑 딸기잼스콘이랑 똑같을줄알았는데 스콘 식감이 조금 달라요. 개인적으로는 딸기잼스콘쪽 식감이 더 좋게 느껴지네요. 여전히 맛있지만 가격은 예전같지 않네요ㅠ,스콘 속이 촉촉한게 맛잇더라구요 직원들 친절해서 좋앗어요,스콘 맛집입니다!,제가 가장 좋아하는 카페라 자주 이용하는데 포장해가도 매장에서 먹는 그대로라서 너무 좋았습니다:) 모양도 망가지지않게 포장해주시고 직원분들도 너무너무 친절하셔서 항상 기분좋게 방문하는거같습니다♥️ 적게일하고 많이버세요👍🏻,카페가 아기자기해서 예뻐요! 스콘이 뻑뻑하지 않고 부드러워서 좋았는데 얼그레이스콘은 얼그레이 향이 생각보다 약해서 아쉬웠어요.,스콘 종류 다양해요.,아침부터 영업시간 당겨져서 출근길에 들려서 커피 한잔 먹는데 직원분들이 계속 빵도 채워주시더라구요! 훨씬 신선해보이고 좋아요👍🏻👍🏻 다음엔 쉬는 날 아침에 와서 햇살 받으면서 멍때다가 가려구요ㅎㅎㅎ,다 괜찮은데 커피 양이 너무 적어요,오랜만에 레이어드 카페 방문했는데~ 여전히 분위기 빈티지스럽고 기여워요🥰,"케이크 너무 맛있게 잘 먹었어요! 늦은 시간에 가서 선택 가능한 디저트 종류가 많진 않았고, 가격도 생각보다 비싸 서 놀랐는데 먹어보니 납득 가능한 가격이었어요🤣 커피도 기대 이상으로 맛있고 주문한 케이크와도 너무 잘 어울 려서 맛있게 먹었습니다! 공간 곳곳이 매우 아기자기하고 예뻤어요💛",안국점도 분위기 있었는데 연남점 레이어드도 너무 좋은데요..?!? 디저트도 커피도 다 맛있어서 힐링했어요 매장이  오래되서 쉽게 시끄러워지는 점은 아쉬웠지만요 담에 오면 바깥에서 야외석 앉아볼게용!💛,레이어드 포에버~~,부산신세계에서 먹어보고 연남동에서 우연히 발견해서 들어갔어요 역시나 인테리어도 이쁘고 케익종류도 더 많네요 좋은사람과 좋은장소라 그런지 더 맛있었네요 굿굿,얼그레이 퍼피케이 너무 귀엽고 좋아요,인테리어는 이쁘지만 커피맛은..다신 안올듯,저번에 친구들이랑 방문하고 디저트를 한번더 먹어보고 싶어서 방문했어요! 이번에는 직장친구랑 같이 방문했는데 친구도 만족해서 좋았습니다! 얼그레이 스콘을 먹어봤는데 완전 딱 말그대로 얼그레이 향이 가득해서 맛있었어요!,웨이팅 하나도 없이 들어갔고 좌석도 엄청 여유있었어요! 2층 안쪽 자리엿는데 조명이 하나도 없어서 어둑어둑 눈이침침😨 디저트랑 커피랑 먹기에 좋았어요,연남점은 처음인데 화이트 빈티지 가구랑 소품들이 너무 예쁘네요. 2층에 테라스에 앉아서 따뜻한 햇살 받으며 아이스아메리카노랑 치즈케익 먹었어요. 역시 예쁜 카페라 외국인들도 지나가며 사진 많이 찍으시네요.🤩,냅킨이 귀여워요!,에그타르트 진짜 넘 맛있어요 👍🏻👍🏻 비린내도 안나고 커피랑 딱이네요 커피도 맛있어요!,굳 좋아요 케이크가 귀엽습니다,얼그레이 스콘 존맛입니당…🥳,"케이크랑 스콘 종류 다양하고, 전부 먹음직스럽게 보여서 고르기가 힘들었네요ㅋ",내부가 아주 예쁩니다. 아주아주 예뻐요. 근데 음악은 너무 커서 대화하긴 불편할 것 같아요. 음악 소리가 너무 크지만 또 선곡은 대단히 맘에 들었습니다. 굉장히 친절한 분이 캐셔에 서 계셨어요. 감사합니당 😊,분위기는 좋으나 화장실이 빈티지 포스터만 붙어있어서ㅠㅠ 화장실인줄 몰랐네요..ㅠ 찾기 좀 힘들었어요. 디저트 위생도… 조금은 아쉬웠구요. 분위기만 생각하면 가보기 괜찮은 듯 싶네요.,가게가 예쁘고 디저트가 맛있어요. 사진 찍기 예쁘고. 인기있는 디저트는 눈 깜짝하는 새에도 품절되니 원하는 게 보일 때 바로 겟하시길!!!,6/19 서울 오늘 33도-들어서니 시원해서 좋네요~디피 아름답고 사진 찍을 맛이 나요 ㅎㅎ 그런데 맛도 있어요~역시 소문난 맛집 ㅎㅎ,레이어드 다른 매장도 가봤는데 연남점이 제일 좋은거같아요! 🫶 다른 사람들은 케이크 많이 먹던데 스콘도 넘 맛있어용🍓🍓,스콘 너무 좋아요!! 근처 지날때마다 무조건 들르는곳이에요,"오랜만에 옛지점 언니들과 연남동 나들이 나왔습니다. 날씨도 좋고 기분 좋네요  디저트, 커피 맛있습니다~","오랜만에 방문한 레이어드. 스트로베리콤포트 스콘 👍 케이크나 스콘의 디스플레이가 예쁘고, 커피는 달콤한 디저 트와 먹기에 적당한 튀지않는 맛.",주말이라 남은게 별로 없고 케이크 상태가 좀 흐물하다해야하나… 그래도 샀어요,"레이어드 처돌이인데 항상 안국역으로만 가고 더현대도 한번 가봤는데 연남은 처음 와봤어요-! 일단 안국역보다는 매장이 엄청 넓고 2층, 테라스까지 있어서 정말 좋았어요! 주말 오후라 사람 많아서 웨이팅 있을 줄 알았는데 카페 피크시간대인 2시반쯤 갔는데도 자리가 많아서인지 다행히 기다리지 않고 바로 앉을 수 있었어요! 그리고 뭐 ...",매장 직원분들도 친절하시고 스콘이랑 케이크도 너무 맛있었어요 ㅠㅠ 감사합니다! :),맛으로는 멀리서 찾아올 카페는 아님. 근데 사진찍고 이쁜거 좋아하면 근처왔을때 방문 츄쳔드려요오,케이크 쫀맛💖,체리초코케이크랑 플레인 스콘을 먹었습니다. 처음에는 이게 그렇게 맛있나~? 했지만 먹을 수록 흠~ 맛있긴하네~ 오~맛있는듯~ 이런 느낌었습니다~ 딱 요즘 유행하는 인스타 디저트 맛집 느낌입니다. 특별한 맛은 아니지만 실패하 진 않는 맛 같았어요~ 유명한 곳이라 그런지 평일 2시쯤이었는데도 사람이 많았고 웨이팅은 없었지만 조용히...,스콘 종류 많아요.,케이크 스콘 다 맛있네요,"세번째 방문 여자들이 좋아하게끔 꾸미셔서 눈 돌아가는 곳이에요. 인테리어 너무 예쁘고 스콘,케이크가 너무 먹음 직스러워요. 잘쉬고 사진 예쁘게 찍고가요.",재방문했어요 여자들이 좋아할만한 아기자기한 카페에요.,인기가 많은 이유를 알 것 같네요! 외관부터 감성지고 2층에 테라스도 있어요! 좌석자체가 정말많고 케이크와 스콘 들이 비주얼과 맛 뭐하나 빠지는 게 없어서 진짜 놀랬습니다! 가격값 그 이상의 맛이었어요...!!💯 진동벨로 직접 가 져가는 시스템이고 장시간있어도 아무도 신경안쓰더라구요.. 워낙 좌석이 많고 디저트도 은근 배불러서 거의 ...,다양한 케익들이 있어서 좋아요~,굿,까페 분위기도 좋고 무엇보다 케익과 스콘이 정말 맛있어요~,스콘 종류 다 너무 맛있고 실패 없어요!  다만 언젠가부터 매장내부에 음악소리가 정말 너어어어어무 커져서 일행과 대화가 힘들고 레이어드만의 귀엽고 사랑스러운 분위기를 즐기기도 어려워졌어요ㅠㅠ음악을 바꿔주시거나 볼륨만 줄여주셔도 좋을 것 같아요,"초(1,000원)도 판매해요^^ 라이터는 제가 따로 챙겨감. 1인 1음료 원칙! 지인 생일기념으로 이쁜 조각 케익에 축하 했어요. 솔직히 내부는 사람이 너무 많고, 자리도 좁고, 노래 소리도 커서 대화하기 힘들고 별로인데, 스콘과 케익  맛이 괜찮아요 직원분들도 친절해요~",리뷰 기대하고 갔는데 진열대도 넘 예쁘게 장식되어있고 디저트 빵들이 다 맛나보였어요~ 비쥬얼이 다 끝내줌 근데  좌석들은 그닥 편해보이진 않아요.. 빵진열대만 인테리어 하신듯;; 커피도 케잌도 맛있었지만 조금 많이 달아요ㅠㅠ,넘넘 오랜만에 간 카페 레이어드 연남! 블로그 운영하면서 카페도 정말 많이 가보고 리뷰도 많이 했지만 얼그레이 케 이크 중에서는 단연..넘버 원이라고 생각하는 레이어드 💕💕 가끔씩 생각날 정도로 맛있어서 오랜만에 간김에 얼 그레이 케이크 픽했고 블루베리 케이크도 친구가 픽! 역시나 사람도 많고 바글바글 ㅠㅠ 자리잡기도 좀 힘들...,스콘과 케이크 등 빵 종류가 다양했고 직접 담아가는 형식이었어요 직접 가져가실때는 아래를 푹 떠 가시되 중심을  잘 잡으셔야해요 저희는 뭘 잘못 펐는지 누운채로 가져갔어요.ㅋㅋㅋ 그래도 세웠을 때... 모양이 망가져서 아쉬웠지 만 커피도 괜찮았구 케이크랑 스콘도 적당히 달달해서 맛있었어요!!^^,커피맛 좋아서 재방문 합니다,평일 오후에 가니..사람들 없어 좋네요..,스콘맛집이에요~ 스콘이 다양하게 아주많고 맛있었어요~^^ 카페 자체도 이쁘고 자리도 넓고 분위기도 좋았어요~!!,"레몬케익 상큼하니 너무 맛있고, 커피가 진해서 좋아요. 스콘 맛집인데 커피 맛집이였네요😘",얼그레이 케이크도 맛있네😋 케이크랑 스콘 종류 다양해서 좋음,디저트 맛집❤️ 유럽풍 인테리어도 너무 예쁘고 좋았어요!,늘 은은한 조명으로 있는 동안 아늑함을 느낄수 있어사 좋은 레이어드ㅠㅠ💛 아인슈페너도 달달하니 맛있구 같이 시킨 얼그레이 케이크도 잘 먹었습니다!,스콘 종류 진짜 다양하구 엄청 맛있어용☺️,스콘맛있어요,케이크 맛있어요!,디저트 맛집! 여기 유명한지 모르고 들어갔다가 분위기에 디저트맛에 반해버린곳~ 스콘 종류도 많고 케익종류도 많 고~ 연남동 가면 꼭 가보시길~,"항상 사람이 많은 레이어드,, 그렇지만 연남에 오면 한번 쯤은 들릴법한 ㅎ 레이어드는 전 지점 공통 노랫소리가 커 서 아쉬운데 그만큼 사람이 많으니까요! ㅎㅎ 디저트 전반적으로 다 맛있는데 제 최애는 플레인 스콘(슴슴한 맛) 이 랑 빅토리아 케이크에용 커피도 다 괜찮아요! ✨ 그리고 공간이 다 이쁘고 아기자기해서 딱 인스타 갬성 낭낭...",스콘이랑 케이크 맛있어요^^,저는 기본스콘을 제일 좋아해서 여러개사서 냉동시켜놔요~ 딸기쨈 올라간 스콘도 맛있어요,"커피는 진하고, 케이크 맛있어요. 레이어드 케이크는 맛있어요~",다양한 스콘이 한가득! 스콘 별로 안좋아하는데 여기 스콘은 뻑뻑하지도 핞고 종류도 다양해서 좋았어요! 케이크고 크고 맛나요! 이렇게 큰 케이크 조각은 처음봐요!,👍👍👍,"또왔어요 레이어드 ,, 가격은 사악하지만 항상 맛있고 예뻐서 생각나는 곳 ◡̎ 요즘은 외국인들도 엄청 많이 가시는 것 같아요 외국에서도 유명세타는듯ㅋㅋㅋㅋ 또 봐요 레이어드••",좋다,맛있어요,요즘 카페 문 일찍 닫는데 여긴 10시까지라 좋았어요! 펌킨치즈케이크였는데 짱맛있었습니다 ㅎㅎㅎ 티 한잔에 6500원이었는데 좀 비싼 것 같긴 했어요 ㅠ^ㅠ,맛있긴한데 가격이 쫌 쎄요... 그래두 예쁘고 감성있어서 종종 갑니다,좋아요:),더현대에서 먹었던 코코넛 스콘이 생각나 집근처 매장에 방문했던건데 매장마다 맛의 편차가 크네요 ㅠㅠ 연남점 스콘은 넘 달기만하고 코코넛이나 스콘 자체의 풍미도 떨어졌습니다... 앞으로는 더현대만 갈래요 😭,스콘 맛집~ 분위기 너무 좋아요,핫해서 사람많은데 얼그레이스콘에 벌레꼬여있고 스콘이 버젓이 있는데 먼지털이로 털털,디저트류가 맛있고 테라스가 있으며 유럽풍 인테리어가 예쁘네요,개인적으로 스콘을 별로 안좋아해서 에그타르트와 라떼 시켰는데 에그타르트 넘 맛있고 라떼도 맛있었어요~,"거의 연남오면 꼭 들리는 제 방앗간🥹 얼그레이 케이크 꼭 드세오.. 맛도리.. 스콘, 휘낭시에는 다른 케이크들은 사실 그럭저럭인데 진짜 요 얼그레이 케이크 미쳤어요ㅠㅠㅠ 꼭 먹어주세요…",,,,
그루밍커피,1689239430.0,케이크 예약하고갔는데 너무 친절하시고 서비스도 주셔서 감사했습니다! 초를 꽂아서 모양이 잘 안보이지만 케익이 정말 귀엽고 맛도 있었어요!! 케익 잘 안먹는 사람도 맛있게 잘 먹었습니다. 크기도 딱 좋았어요 ㅎㅎ,역시 그루밍이네용! 지난번에는 스콘이였지만 이번에는 케이크가 저를 감동시킵니다.... 식감은 쫀~득해서 너무 좋 구 얼그레이가 진하게 느껴서서 너무 좋았어요 케이크가 너무 달면 나중에 물리는데 너무 달지 않아서 너무 좋습니 다! 케이크 먹으러 자주 올것같습니당!!♡,"여러분 스콘 무조건 드세여.!! 이대 근처에 디저트 맛집이 있다그래서 찾아가봤어요.ㅎㅎ 세상에..여기몰랐으면 어쩔 뻔했나 싶어요~ 커피도 왕맛있구! 하트 무스케이크 넘예뻐서 먹고싶었는데, 예약되어있다그래서 못먹었어요ㅠ 다 음에 저도 예약하고 가려구요!! 이대근처 갈때마다 무조건 들릴거에요! 강추합니돠 절대후회안하실거에용👍👍",저번에 디저트 먹고나서 맛있어서 지나가다가 한 번 더 들렸어요 ! 오늘은 흑임자갸또 새로 출시 되었다고 해서 먹어 봤는데 여전히 맛집.. 사장님께는 죄송하지만 저 혼자만 알고 싶은 맛집이에요💛 역시나 커피는 당연히 맛있고.. 케 이크랑 아메리카노 같이 먹으니 너무 맛있어요 2번째 방문했으니 저두 이제 단골할게요 ㅎㅎ,"회사에서 먹을 간식으로 조각케잌이랑 커피 사들고 왔는데, 진짜 짱맛이에용!! 케잌도 적당히 달달하니 커피랑 넘 잘어울리는 맛 ㅠㅠ 오후에 당떨어지는데 덕분에 당충전완료하고 열일중이용ㅋㅋㅋ","귀여운 고양이 로고에 이끌려 찾아갔는데 알고보니 사장님이 네마리 고양이 집사시네요! 너무 깔끔하고 학교근처라 그런지 가성비 대박이에요 커피가 너무 싸서 걱정했는데 맛도 장난아닙니다 마진얼마없는 비싼원두 쓰신대요(속닥 속닥) 집근처였으면 매일 들렸을텐데ㅠ 귀여운 쿠키도 맛보고싶었는데, 오후 3시인데도 불구하고 디저트가 ...","스콘이 부드러워서 식감이 좋으면서 버터향이 많이 나서 아주 맛있어요! 특히 잼을 직접 만드신다는데, 잼이 진짜 너무 맛있네요! 너무 달지도 않으면서 새콤해서 아주 제 취향이네요😁 다음에도 스콘 사러 또 올께요!!!👍",얼그레이에 미친 사람이라서 얼그레이 많이 먹어봐서 얼그레이 감별사인데 여기 얼그레이 갸또 미쳤오요… 앞으로 주구장창 갈테니 조심하세요🫡,이대골목에 위치한 카페 아아 마셨는데 원두맛이 굿굿 바닐라빈라떼도 직접 빈 갈아서 만드셨나봐요 전 진하게 먹 는 타입인데 조금 진하게 먹고싶을땐 샷추가해서 끝까지 진하게 먹으면 더 좋을듯 싶어요,신촌 이대 카페는 거의 다 다녀본 내가 처음 본 카페 발견! 처음 보자마자 첫인상은 깔끔 편안한 느낌! 사장님도 친절 하고 무엇보다 디저트가 딱 내스타일이다 .. 쇼케이스에 스콘 비주얼 보고 스콘을 진짜 좋아하는 나로써는 고민없이 바로 스콘 구매 가장기본인 플레인과 무화과 스콘으로 선택했고 멋을 봤는데.. 진짜 맛이 환상 그자체.. 너무 ...,친구랑 걷다가 발견한 신상카페 외관이 귀여워 보여서 들어감 ㅎㅎ 아기자기하게 인테리어가 잘 되어 있고 조용하 고 편안한 분위기 아이스 블랙 자몽티는 다른 프랜차이즈처럼 달지 않아 너무 맛있었고 티그레 라는 디저트는 처음 먹어봤는데 쫀득 촉촉하니 완전 내스타일.. 이런걸 왜 처음 알았을까 너무 맛있어서 티그레 2개 포장~ 앞으로 ...,스콘 무슨 일이죠...ㅠ 진짜 직접 만드신거 맞나요ㅠㅠ 웬만한 관광지 베이커리 카페 저리가라네용 ㅎㅎ 겁나 맛있어요!!!! 아아랑 궁합도 미쳤구 매장도 깔끔해서 잠깐 멍때리거나 책읽기 너무 좋은것같아용>< 사장님도 너무 친절하셨어요!! 편하게 그리고 맛있게 먹고갑니당!!자주 올게욥!!!,이대 스콘 맛집이라고 해서 들렸는데 들어오자마자 하트 무스케이크가 너무 맛있어 보였어요ㅠㅜㅡㅠㅡㅠ 살살 녹는 치즈케이크 맛이라 먹다보니 저도 모르게 다 먹어버려서 후회 절대 없습니당 ㅜㅜ 다음엔 꼭 스콘도 먹으러 올게요 !! 바닐라라떼도 레몬차도 아쥬 맛있었습니댱,근처 새로 생긴거같아 가봤는데 커피가 너무 마싯고 디저트는 말모... 커피랑 찰떡.. 심지어 사장님도 너무 친절하시네요 앞으로 커피 땡길때마다 방문 예정입니당 번창하세용,스콘이 너무 맛있어서 자주 먹으러와요!! 다양한 스콘 준비해주셔서 고르는 재미가 있네여 자주올게여!,길가다 우연히 발견한 카페인데 스콘도 맛있고 커피도 딱 쌉쌀한맛(?)이 딱 제스타일이었어요! 분위기도 좋아서 앞으로 단골카페 예약이에요☺️,산딸기 케이크 먹고싶어서 찾고 찾아서 간 곳이에요ㅠㅠ 찾느라 고생했던거 보상해주는 맛이에요ㅠㅠㅠ 매장 차분해서 편하게 있다가 왔어요!,빵 안좋아하는데 초코스콘 맛있어요 깔끔하고 좋아요 다음에 기회되면 올게요,진짜 먹어본 얼그레이 케이크 중에 젤 맛있어요 ㅠㅠ,라떼 너무 고소하고 맛있어요! 우연히 방문했다가 고소한 라떼가 땡길 때 여기로 옵니당🥰😘,근처밥먹고 들렸는데 실내분위기도 깔끔하고 디저트가 맛있엇어요..!  커피가격도 저렴하고 맛있엇습니다,지나가다가 매장 분위기가 좋아보여서 슥 들러봤는데 의외의 맛집 발견!.!😃 스콘 냄새도 좋아서 다음에는 스콘도 같이 먹어보려구요🦀🤪!.! 자주 들를 것 같은 카페가 생겨서 아주 좋습니다🔥🔥,근처 지나가다가 들렸는데 인테리어도 이쁘고 디저트 이쁜만큼 맛도 있어요💜💜💜,아니 여기 스콘 왜케 맛있나여 ㅠㅠㅠ  일정 시간 때울 겸 지나가다 들렸능데 존맛탱이라 또 생각나요 ... 조만간 또 갈게요...,케이크가 너무너무 너무 너무 맛있고 사장님이 정말 친절합니당,음료도 맛있구 사장님이 너무너무 친절하세욥!! 케이크 맛도리!🌰🤎,새로 오픈했길래 반신반의 하는 마음으로 가봤는데 기대 이상!! 바빠서 커피만 들고 나왔는데 다음에는 쿠키까지  먹으러 가겠습니다 ^^,진짜 존맛탱 입니다. 제가 진짜 32년간 살면서 커피집이란 커피집은 다 다녀봤는데 브레드랑 커피가 이렇게 맛있는  집은 처음이네요! :)😀 앞으로 커피는 여기서 먹을래용 :) 사장님도 너무 친절하세요! 사장님 맛있고 커피가 친절합 니다!,분위기 좋고 사장님 동긓동글하게 친절하시네요.  지나가다가 처음 들렸는데 맛있습니다!,"지난번에 커피 마시고 맛있어서 이번엔 디저트 먹으러 또 방문했습니다. 디저트 하나하나 사장님이 직접 만드시는  것 같더라구요. 스콘 진짜 대존맛이에오👍 고급스러운 맛에 잼의 조화까지ㅠㅠ잼도 직접 만드신다고 합니다!! 티그 레도 적당한 단맛에 맛있고, 무스케이크도 달달하니 맛있어요. 이 근처 오면 무조건 여기서 커피랑 디저트 먹...",케이크 먹고싶어서 들렀는데 너무 맛있게 잘 먹었어요! 다음에는 스콘도 먹어보려구요!,친절하고 맛있어서 리뷰까지 남기게 되네요,인테리어 깨끗하고 되게 좋아요 ❣️ 음료도 맛나요,평소 카페사도 아메리카노만 먹습니다.  여친이랑 우연찮게 처음 방문했는데 원두 좋은거 쓰시는지 아메리카노 맛있습니다,디저트가 맛있어 보여서 테스트 삼아 하나 사먹어봤어요. 처음 먹어보는 디저트인데 생각보다 맛있어서 놀랐어요  다음에는 커피랑 같이 다른 디저트도 먹어봐야겠어요,우연히 들렸는데 스콘이 너무 맛잇네요🥹 눈에 보이는거 하나만 사왔는데 여러가지 사올걸 그랬어요ㅠㅠ 다음에 다른 디저트 먹으러갈게용 (ว˙∇˙)ง,커피가 너무 맛있어요! 매장 분위기가 좋아서 다음에 또 방문하려구 합니당😊😊 사장님도 친절하셨어요~!!!,새로생겨서 깔끔하고 커피도 맛있어요~,사장님이 매우 친절하시고 커피도 향이 좋습니다. 종종 방문하겠습니다.,사장님 되게 친절하시고 커피 맛도 너무 좋네요!,이대 스콘맛집 찡짜 맛있어요 (੭ ᐕ)੭,,,,,,,,,,,,,,,,,,,,,,,,,,,,,,,,,,,,,,,,,,,,,,,,,,,,,,,,,,,,,,,,,,,,,
펠른,1729088578.0,"서울에 이런 곳이 있다니… 분위기 진짜 너무 좋고,,, 나오는 디쉬들이 다 다양한 맛과 컨셉이 있어요!! 특히 커피는 절대 잊을 수 없는 맛이에요,,, ㅎㅎ 캐치테이블로 예약하고 왔는데 위스키 더치 커피는 선물로 지인 주려고 샀습니다 !!! 앞으로 또 바뀔 시즌별 코스 기대할게요 (자주 가는 단골 올림)","디저트를 만들고 배우는 사람으로써 경험하고 싶은곳이었는데, 솔직히 감동이었어요. 커피도 디저트도 맛있는 곳은 늘 찾기 어려웠을뿐더러 매 코스마다 끝까지 완벽한 디저트들이었어요. 식감 맛 향기 모두 처음부터 끝까지 만족감만 남긴 좋은 곳이었습니다🥹 나를 위해 또 가고싶은 곳이네요","엄마 생신 기념으로 예약해서 다녀왔는데, 일행이 길을 못찾아서 늦었는데도 픽업까지 도와주셔서 정말 감사했습니다. 직원분들 모두 친절하시고 설명도 잘해주셔서 특별한 시간 보낼 수 있었습니다. 디저트와 페어링된 음료들도 조화가 정말 좋았습니다. 다음에 또 예약해서 방문하겠습니다.^^",처음에는 술과 디저트라는 글을 보고 흥미가 있어서 알아보니 커피나 음료와 디저트가 코스로 나온다는걸 보고 흥 미가 생겨서 예약하고 가 봤습니다 분위기도 깔끔하고 앞에서 친절하게 맛과 컨셉에 대해서 설명해주셔서 좀 더 맛 과 향을 잘 느낄수 있었습니다 4개월 마다 매뉴가 바뀐다고 하셔서 다음에도 기회가 된다면 가보고 싶네요,"처음 가봤는데 신세계! 웰컴티 포함 네 코스였는데, 개인적으로 세번째가 좋았당~ 위스키 코스였는데, 처음먹어봐서 어후~ 디저트가 커피와 잘 어울릴 것 같아서, 커피 추천! 중간에 상큼한 거나 리프레쉬 될만한 디저트가 있었으면  더 좋았을 것 같다. 거의 달달해서 물이 엄청 땡겼음",커피 오마카세라고 해서 신선했는데 일단 분위기가 너무 좋아서 만족스러웠어요. 직원분들도 굉장히 친절했고 디저트와 커피에 대해 자세하게 설명해주셔서 좋았어요. 분위기는 내고싶은데 술은 못하는 사람한테 추천합니다🤤,분위기가 정말 좋아요. 커피도 디저트도 고급져요. 맛도 좋아요 노래도 잔잔하니 좋네요,코스마다 다양한 디저트를 맛볼 수 있어서 좋았고 어디에서 맛보지 못한 색다르고 특별한 디저트들을 즐길 수 있어 서 좋았습니다 다음 기념일에도 꼭 예약 성공해서 가겠습니다 😍,"넘 좋은 시간이었어요 ㅋㅋㅋ 1시간정도 소요되는 3 디저트 코스였는데요, 엄청 친절하시고.. 플레이트마다 철학(?) 과 컨셉이 있어서 설명해주시고, 또 설명 뒤에 먹어보면 진짜 너무 신기한거에요 맛도 그렇고 질감도 그렇고 ㅎㅎㅎ 디저트 좋아하시는 분들이 가면 정말 좋아하실 것 같아요ㅋㅋㅋ맛도 맛이지만 재질감, 씹는 감촉, 향기까지 ...",조금 일찍 도착했는데 바로 옆에 에스프레소바에서 대기할 수 있어서 좋았습니다. 코스 취지에 맞게 맛과 향 그리고 소리 오감에 집중할 수 있는 색다른 느낌이었습니다. 바리스타분들의 설명도 친절하시고요.(남자가 봐도 너무 잘생 기셨습니다!) 메뉴랑 커피들은 익숙한 단순한 맛보다는 정말 새로운 맛들이었어요 처음엔 어색하다가 메뉴하...,커피 오마카세의 끝판왕 이네요… 한번 먹고 질리는게 아니라 계속 가고 싶게 만드는 맛이에요 커피와 디저트 모두 … ㅎㅎ 일단 커피는 핸드드립이랑 위스키더치 전부 풍미가 깊고 맛있어요 디저트들은 같이 나오는 커피랑 샴페인 에 맞게 잘 어울리고 허브향/과일향 본연의 맛을 느낄 수 있어서 좋았습니다 테이블이 일렬로 된 바 테이블이...,근처에 볼일이 있어 미리 예약해 다녀왔는데 눈도 귀도 입도 모두 만족한 나들이었어요! 5성급 호텔 메뉴들 보다  창의적이고 뛰어난 완성도에 놀랐어요. 깜빡하고 걸어두었던 백을 놓고 나왔는데 친절하게 자동차 앞까지 가져다  주시고^^ 다음 겨울 시즌 메뉴가 벌써부터 기다려져요~~~,재료를 하나하나 다 분석해서 너무 조화로운 구성을 만들었고 정말 노력하며 진심으로 몰두했을때 이런 결과물이 나오지 않을까 싶어요. 같은 조리업계 종사자로서 존경스러운 점이고 새로운 맛을 섭취하는걸 넘어 음식을 먹음으 로서 배운다는 느낌을 받을 정도로 신선한 자극이었습니다. 충분한 설명과 동시에 먹는 시간도 충분해서 좋았...,커피를 좋아하는 사람이라면 무조건 가볼만 한 곳!  오롯이 커피와 디저트를 즐길 수 있고 직원들도 친절하게 설명해주시는 부분이 너무 인상 깊었습니다! 주제도 바뀌는 것 같더라구요!! 기념일이나 데이트하기 좋은 장소예요 ㅎㅎ,비오는 날 방문했는데 분위기 있고 좋았어요 ㅎㅎ 개인적으로 저는 디저트가 너무 맛있어서 다음에 또 먹어보고 싶어요!,우선 분위기가 너무 좋았어요. 비가 좀 오긴 했지만 오히려 어둑하고 운치있게 즐길 수 있었습니다. 커피와 위스키 코스를 이용했구요. 초심자인 제게 너무 친절하게 잘 설명해 주셨고 입맛에도 너무 잘 맞고 심도있게 즐길 수 있었습 니다. 디저트가 제공되는 시간도 적절했고 맛은 두말할 것 없이 맛있었어요! 재방문 의사 있구요! 커피나 디...,"너무 방문해보고 싶던 곳인데 주변에 일이 있어 방문했다가 운좋게 방문하게 되었습니다. 코스는 못먹고 숲속의 향 기 페어링으로ㅜㅠ 종합적으로 너무 만족해요 커피 컵노트는 수박, 메론, 플로럴 계열이라고 하셨는데 개인적으로 는 평소 좋아하는 베리류의 산미도 약간 느껴져서 더욱 좋았습니다. 디저트도 그냥 조합이 말도 안되는 맛도...",늘 펠른에서의 시간은 즐거웠던 것 같아요! 이번 시즌도 잘 즐기고 갑니다!!!,커피가 정말 맛있었습니다 서버 분도 친절하게 응대해 주시고 덕분에 너무 행복한 생일이었어요 다음에 커피 마시러 또 방문할래요,오감 체험 디저트 코스 신선하고 맛있었어요 첫번째 후각코스가 젤 좋았음,처음 가본 디저트 페어링 카페! 넘 독특하고 커피와 디저트 모두 맛있었어요~ 직원분들도 친절하게 설명해주세요!,이 가격에 이 구성과 맛 그리고 서비스까지 11만원짜리 오마카세보다 낫습니다,메뉴 하나하나 다 특별하고 맛까지좋았어요! 달지도않고.딱 적당한 맛이라 디저트 여러개먹어도 물리지않았고 대접받는 느낌이었네요,커피를 좋아하는 애인 생일 기념일에 맞춰 방문했머요! 메뉴 하나하나 설명도 너무 친절하게 해주시구요! 커피잘 못마시는 저였는데 디저트랑 함께 먹으니 커피도 너무 맛있었어요! 그리고 생일문구 부탁했는데 센스있게 해주셔서 행복한 기념일 보냈습니다~,이번 컨셉이 감각의 공간이었는데 컨셉에 최대한 맞게 하려는 노력이 느껴졌음. 공간이 아늑하고 커피도 맛있었음.  다음 다른 컨셉이 나오면 재방문 하고 싶음.,정말 고급진 분위기였습니다. :) 스토리텔링도 좋았고 디저트와 커피도 색다른 맛이라 입이 즐거웠습니다. 데이트 장소로도 추천드리며 아주 달달한 디저트를 좋아하시는 분들에게도 추천합니다 ♡♡,"[감각의 공간]을 주제로한 펠른코스! 웰컴 드링크부터 코스의 마지막까지 섬세하게 구성된 코스였어요. 디저트와 음 료의 페어링도 너무 좋았으며, 평소에 맛볼 수 없는 스타일이여서 더 새롭고 신선한 경험이 되었습니다! 서비스도 너 무 좋아서 코스를 즐기는 시간이 편하고 행복했습니다! 특별한 기념일 혹은 평범한 하루를 특별하게 만들고 ...",분위기 좋아요~ 그리고 친절하게 설명도 잘 해주셔서 배웠어요 ㅎㅎㅎ,페어링코스는 처음인데 만족스러웠습니다 !  처음 접해보는맛의 디저트도 너무 좋았습니다.,"이번 컨셉과 같이 정말 단순한 미식 경험을 넘어 후각, 시각, 청각 등 다양한 감각에 집중 할 수 있는 시간이였다. 단 순히 내돈으로 맛있는 커피와 디저트를 사먹는다는 느낌이 아니라 코스별 바리스타분의 자세하고 친절한 설명과 더 불어 너무 잘어울리는 음료&푸드 페어링으로 내가 존중받고 있다는 느낌까지 들었다. 지인들에게 완젼 강추!",처음 와봤는데 재미있는 경험이었어요~~,페어링 코스 특색있고 좋았어요. 좋은시간 보냈습니다^^,좋은 곳에서 좋은 사람과 좋은 시간 보내고 갑니다^^  부산에서 서울까지 방문한 보람이 있었네요,"카페 들어가자마자 커피향이 미쳤어요,,,,☕️ 꼬소하고 맛있고 분위기도 좋은 카페입니다!! 추천해요 완전 진짜","디저트를 좋아한다면, 예약 후 방문하세요.",정말 좋았습니다 음식 분위기 등 매우 만족하고 다음에도 방문하겠습니다,레몬 그라니따 맛이 오묘하긴 하면서도 괜찮아요.,🥰,생일이라고 디저트에 Happy birthday도 적어주시고 넘 감사했습니다. 디저트도 특별하게 맛있었어요!,"커피 오마카세는 처음이었는데 처음부터 너무 좋은인상을 받았습니다~ 매장분위기부터 직원분들의 설명, 접시나 잔세팅과 맛까지 전체적으로 깔끔하단 느낌을 받았습니다! 맛도있었고 특별한 경험을한거같아서 다음에 또오려구요~",커피 오마카세 처음이었는데 너무 좋았어요 커피 보단 디저트에 초점 맞춰져 있어서 보는 재미도 좋았어요! 같은 시간대 예약하신 분들과 먹는 속도를 맞춰야하는 불편함이 있긴 하지만 직원분들도 친절하시고 좋았습니당ㅎㅎ,"맛도 좋고, 코스별 스토리텔링이 재밌었어요",디저트가 맛있었고 함께 페어링 해주신 음료가 잘 어울렸습니다:),디저트가 특이했고 음료도 신선했어요! 커피오마카세는 처음인데 친절하시고 조용해서 대화하기에 좋았습니다! 기념일에 방문하기에도 좋을듯!,남자친구랑 둘이 일로 너무 바쁘고 스트레스를 많이 받았어서 힐링하려고 예약했는데 넘 즐겁고 재밌는 경험이었어요. 하나하나 소개해주셔서 더 좋았고 첫 메인 코스인 향기 나는게 너무 좋았습니다ㅎㅎ,"커피칵테일 너무 신기해요,,,, 알콜 없는 음룐데 진짜 술맛나서 싱기..!!! 취하는 것 같은 기분도 들고 아주 최고..! 직원분께서도 엄청 친절하게 서비스해주셔서 너무 좋았어요💛","근로자의 날, 아이들은 학교가고 모처럼 평일에 쉬게 되어 커피를 좋아하는 아내를 위해 예약하고 방문 정말 맛있고  독특한 커피와 디저트를 경험할 수 있었습니다. 가격이 비싸다고 생각할 수 있겠지만 디저트와 커피의 수준을 생각 하면 적당한 가격이라 생각합니다. 아내도 매우 만족해 했고, 재방문 의사 매우 높습니다.","처음에는 가격에 부담됐지만, 가보니까 값은 충분히 한다. 이번에 먹은 마지막 초콜릿 무스는 너무 달지 않게 노력을 많이 한 것 같았지만, 너무 달았다. 차라리 초콜릿 무스 덩어리 4개가 아니라 2개가 나오거나, 깔끔하게 마무리 할 수 있는 메뉴였으면 어땠을까 싶다. 여전히 메뉴가 주기적으로 바뀌니까 아마 다음에는 더 좋은 메뉴가 나올...",이번 코스는 진짜 역대급이었어요.. 저는 티코스로 친구는 커피코스로 먹었는데 진짜 여러분 티도 제발 한번 시도해주세요 최고입니다 이렇게 감동받고 나올줄 몰랐는데 너어무 좋았어요!! 맛있고 예쁘고 친절하고 아늑하고 깨끗한 곳 오랜만입니다,입이 즐거웠습니다,커피 디저트 그리고 무엇보다 바리스타님의 친절함이 달콤합니다,음료와 디저트의 페어링에서 어떤것도놓치지않고 다 신경써서 만드신거같아요 넘맛있고 행복한 시간이엇습니다.감사해요,"3번째 방문이였고, 또 새로운 코스를 만끽하게 되어 행복했습니다. 너무너무 좋은 시간을 펠른만의 스토리텔링으로 가득 채워 동일한 코스라도 자주가서 만끽하고싶습니다!! 바리스타님도 친절하고 적극적으로 코스 진행해주셔서 더 만족스러웠고, 감사합니다😍",좋은 경험이었습니다. 최고,위스키 더치 밀크 너무 맛있어요. 직원분들이 엄청 친절해요.,디쉬와 커피에 입혀진 스토리텔링을 스텝분이 친절하게 설명해주셔서 즐거운 경험으로 남을 수 있었습니다. 일반적인 디저트와 커피가 실증이 날때 찾아가면 좋은 곳!! 기념일에도 좋은 곳!! 그냥 가도 좋은 곳!!,내 옆 남자는 썸녀랑 왔더라ㅎㅎ,날짜 착각해서 잘못 예약했는데 전화 진짜 안주시는군요ㅠ 공지사항엔 적혀있지만 슬퍼요..,여자친구와 기념일에 정말 즐거운 시간 보냈습니다! 커피로 다양한 즐거움을 맛볼 수 있어서 눈과 입이 새로운 경험을 하였네요! 감사합니닷,"진짜 좋은 추억 많이 남기고 갑니다 ㅠㅠ 남자친구가 커피를 엄청 좋아해서 남자친구 생일로 가게 되었는데, 직원분 들 다 착하시고 친철하게 다 설명해주시고, 심지어 커피도 디저트도 너무 맛있어요 ! 남자친구 생일이라고 플레이팅 에 촛불까지 준비해주시고 정말 감동이였고 남자친구도 잊지 못할 추억이었대요 ㅠㅠ 다음 기념일에 또 가려...",친절하고 자세하게 메뉴를 설명해주십니다. 디저트와 음료 하나하나가 색다른 맛이고 커피의 풍미가 좋습니다. 직 원분들이 친절하시고 인테리어가 멋집니다. 재방문의사 100%입니다! 좋은시간 보내고 갑니다.,위스키 더치 맛있습니다!! 토요일에 사고 수요일에 사러오네요 더치 보틀 더 크고 병 가벼우면 좋겠는데ㅠㅠ 그래도  여러개 구매할 재고가 있어서 좋네요,"""펠른 위스키 코스""로 다녀왔어요 🥂위스키🥂 특별한 날이라 위스키를 선택했는데 첫 잔은 라임이 들어가 상큼한 커피 칵테일이였고 자꾸 생각나는 칵테일이예요 :) 두번째와 세번째 잔은 디저트와 어울리는 향의 위스키를 기호에 따라 선택할 수 있어요 위스키마다 설명을 해주셔서 선택하기도 좋았어요. 그래도, 위스키인 만큼 도수가 높...",약한시간동안 맛있는 커피와 디저트를 마음 편하게 즐기고 왔습니다!,정말 특별한 경험이었습니다. 함께 간 여자친구와 즐거운 시간을 보냈네요. 추천합니다!,에스프레소 추출 방식의 커피만 선호하던 저에게 드립커피의 부드러움에 대한 확실한 깨우침을 준 바리스타분께 정말 감사합니다. 인생커피였습니다.,분위기도 커피도 디저트도 너무 좋았어요!! 최고의 데이트 장소인거같아요ㅎㅎ 커피가 너무 좋아서 더치커피도 구매했어요!!,코스 넘 신기하고 맛있어요!,"커피 맛있어요…!🙊 매장도 예쁘고, 패키지도 예쁘고, 다 좋아요..!",바리스타랑 서버 역할을 같이 하시는 분들이 너무 친절해서 먹는 내내 기분 좋게 먹었습니다:) 커피를 색다른 방식으 로 접해볼 수 있어서 좋았고 디저트도 과하지 않게 컨셉에 어울리는 디저트였습다. 특별한 데이트 코스로 넣으면 좋 을 것 같아요! 커피 싫어하시는 분들은 티 페어링 코스도 있으니까 이용하시면 좋을 것 같습니다🥹🤎,"럼크림과 바닐라 아이스크림이 맛있어요. 티코스 음료는 목테일 느낌인데 개선이 좀 필요합니다. 티코스는 티태그? 소개지 같은 것도 없어요. 차 온도가 50도도 안 될 것 같아요, 첫모금부터 미지근했거든요. 식감을 포기한 구움과자 는...첫디쉬가 너무 아쉬웠어요. 여자직원분이 친절하십니다. 남자직원분은...상대방의 인사를 들어주었으면 ...",꼭 와보고 싶었던 곳인데 드디어 와봐요 ! 컨셉이나 구성이 너무 잘 되어 있어서 잘 즐기다 갑니다 :),위스키 더치 보틀로 구매하려고 원정오네요ㅠㅠ 커피는 맛있고 직원분들도 친절하세요,평범한 날도 특별한 날로 만들어주는 곳,분위기 좋은 곳에서 커피를 즐기고 싶다 하는 분들에게 추천합니다~,제가찾던 애스프레소바 느낌!! 고즈넉한 분위기에 커피한잔 마시니까 넘 좋아여>< 우드한 느낌의 의자와 바닥재까지 맘에드네여,정말 좋은 경험이었습니다. 감사합니다.,"펠른의 페어링 코스- sweet break, 진짜 좋은 경험이었어요!! 순서는 아침의 정원>정오의 들판>오후의 부케>새벽의 꽃잎: 3가지 음료, 3가지 디쉬로 구성되는데 이런 고퀄의 커피 음료와 디저트는 인생 첨입니다👍 페어링 코스 1개 가 17천 원 정도니까 펠른 코스로 예약하는 게 훨씬 저렴한 것 같네요ㅋ 개인적인 베스트 코스는 오후의 부케 💐","늘 방문하고 싶었던 곳인데, 직접 가보니 공간이 역시 맘에 들었어요. 약간의 착오로 아쉽게도 디저트는 못먹었지만 직원분이 작은 초콜릿 챙겨주셔서 감사했네요. 위스키 더치도 예상한 맛 그대로 괜찮았고요, 다시 방문할게요^^",충분하게 특별한 경험과 세심하게 구성된 서비스,"여자친구 생일 기념으로 방문했는데, 너무 분위기도 좋고 직원분도 친절하게 응대해주셔서 좋았어요! 메뉴 설명도 잘 해주셔서 설명 듣고 음료랑 디저트 먹었는데 너무 좋았습니다! 다음 시즌 메뉴도 오픈하면 오고싶네요!",좋와요,기분좋은 시간이었습니다. 처음 먹어보는 디저트 오마카세였는데 설명도 친절하게 해주시고 이색적인 느낌을 잘 느낄 수 있었어요.,고급스럽고 전문 바리스타 가게의 인상이 강합니다. 보리차처럼 먹는 아메리카노는 아니에요. 양은 적지만 한잔한잔 진하고 특별합니다,"세번째 방문이에요. 갈때마다 늘 기대이상을 느끼게 해주셔서 좋았습니다. 이번시즌도 즐겁게 즐기다 왔어요. 이번 엔 종이 팜플렛이 없어서 좀 아쉬웠지만, 여전히 좋은 분위기 잘 즐기고 왔습니다. 다음엔 위스키 코스로 방문해보고  싶네요.","너무 맛있었습니다. 특히 제 1코스의 위스키 더치 하이볼은 첫 입과 섞었을 때 입에서 느껴지는 풍미가 달랐고, 디저트 또한 일품이었습니다. 마지막 더치 위스키와 디저트에서는 잔망 루피의 표정을 그리는 등의 펠른만의 위트와 센스가 살아있어서 더욱 재미있었던 것 같습니다. 다음에도 또 방문하도록 하겠습니다. 감사합니다.","코스가 바뀔 때마다 찾아가고 있는 커피 오마카세입니다. 이번이 네 번째 방문이네요. 코스 개근을 못한 게 아쉬울 만큼 매번 영감을 받습니다. 새로운 페어링 코스(38.)는 '무알콜 칵테일 바'를 주제로 삼습니다. 주제에 맞춰 하이볼, 럼, 위스키를 표방한 커피가 내어지고요, 추가금(18.)을 내면 막잔에 위스키 샷을 가미할 수 있습니다. 독특한 ...",좋은 시간이었습니다.,눈과 입이 즐거운 코스였습니다. 친절한 설명도 최고! 또 방문하고 싶네요.,내부도 깔끔하고 조용하고 천천히 디저트랑 음료 마실 시간도 주시고 좋았습니다. 자리 옮기면서 만들어주셔서 사진 찍기도 좋았어요~ 무엇보다 디저트가 정말 맛있었습니다.,"와… 기대 이상 최고예요. 물론 가격대 있지만, 유사한 가격대의 호텔 유명한 디저트보다 전 여기가 훨씬 좋았어요. 오늘 저희 모녀 가이드해주신 바리스타님의 경우 연구를 많이 하신 게 느껴지고 그걸 아낌없이 알려주셨어요. 궁금 한 게 많았는데 어쩜 그렇게 친절하게, 온 마음으로 환영하며 알려주실까요. 직원분들이 하나같이 상냥하시고...",맛있어요 ㅎㅎ,에스프레소바 처음 와보는데 분위기있고 좋네용👍🏻 커피를 좋아하는 커피 맛을 쫌 아시면 요기 추천해용 또 오고싶어요☺️☺️☺️,특별한날 즐기기 좋은곳이에요,티비에서 보고 한번 가봐야지 하다가 어제 다녀왔네요 어울리지 않을 것같은 천연의 재료들이 서로 조근조근히 잘 어울렸고 커피 맛도 부드럽고 향도 좋았고요 인스턴트로 자극적인것에 길들여진 제 입맛에 신선한 오미를 느낄수 있었습니다,"맛,분위기 모두 최고입니다.",남자친구와 크리스마스 기념해서 예약하고 방문했습니다🤍 디저트 오마카세는 처음이라 둘다 기대만빵이었는데 기대 이상으로 좋은 시간이었어요:-) 차와 커피 그리고 디쉬까지 하나하나 의미를 담으셔서 내어주시고 설명도 해주 셔서 맛도 물론이고 기분도 좋아시는 시간이었습니다☕️ 다만 아쉬운 점은 딱 정해진 1시간 동안만 즐길 수 ...,찻잔 너무 예쁘지않나요! ㅠ 사진찍으러 오기 좋았어요~ 직원도 친절하고 맛잇는 디저트도 먹어서 기분 좋았어요! 😝😝,여자 친구와 펠른코스 마시러갔는데 정말 기분 좋게 먹고 마셨습니다! 다음에 또 갈게요!,생일을 맞아 커피를 좋아하는 어머니 모시고 갔습니다. 펠른 커피코스 논 카페인 코스 둘다 체험했는데 둘다 아주 만족스러웠습니다. 편안한 분위기를 만들어 주셔서 대화도 즐거웠고 좋은 경험 했습니다. 원래는 한번 특별한 추억 만들러 갔는데 가보니 또 오고 싶다는 생각이 들어 종종 오려고합니다. 가격이 아깝지 않네요.,아주 추천,한번쯤오기좋은것같아여 특별한하루 🤞 커피에서 신기하게 술맛이 나요 하지만 커피임 굿,남자 혼자왔다고 서비스 질이 달라지는건 어떻게 이해해야 할지 의아하네요 얼음도 구멍뚫린건 제거하고 다른 깨끗 한 얼음으로 서브해야하는게 맞는거 아닐지요? 제일 위에 그런 얼음 뻔히 보고도 서브나욌고요. 그리고 고객이 어떤 식으로 먹든 마시든 감탄을 하든 개탄하든 왜 고객이 다 들릴정도로 숙덕이는 직원들 뒷소리와 낄낄거리는 소...,친절한 매뉴설명과 함께 특별한 요리와 커피 맛있게 잘 먹었습니다,특별한 경험이었어요! 저는 커피를 못 마셔서 논카페인 코스로 진행하고 지인은 펠른 코스로 진행했는데 커피 맛이 너무 좋아서 깜짝 놀라셨다고 하네요! 친절히 하나하나 설명해주셔서 너무 감사드렸어요! 데이트하러 많이 오시는 것 같아요 ㅎㅎ 특별한 데이트 코스를 원하시는 분들께 추천드립니다,"친구랑 커피페어링 티 페어링해서 각각 먹어봤는데, 흔히 생각하는 디저트는 달다의 편견을 깨뜨리고 온 것 같아요. 작은 디쉬 안에서 주제와 같이 꽃의 개화부터 낙화까지 안에서도 다양한 느낌을 받고 색다른 조합도 맞본 것 같아요. 되게 색다르고 좋은 경험이었고, 재밌었어요 저는 웰컴티가 티 중에는 제일 좋았고, 커피는 숙성 더치커피가 ...",,,,
청수당공명,1910633529.0,"레인리포트처럼 상시로 비가 내리고, 청수당베이커리와 똑같이 은은한 조명과 푸릇푸릇 대나무가 있어 두 곳을 합 쳐놓은것같은 청수당공명. 분위기 정말 좋아요☺️ 여름에 왔을 땐 대나무만 보였는데 사진을 찍다보니 예쁘게 익은 감과 꽃사과가 보이네요 가을느낌 물씬 풍겨요🍅🍎 비내리는거 보는 재미,2층에 가면 새들이 물 먹으며 노...",청수당 예쁘다고 유명해서 알고 있었는데 막상 가보니까 더더더 예뻐서 깜짝 놀랐어요 연남동 골목길 조금 걸어가야하는데 오른쪽으로 돌자마자 한 눈에 띄더라구요 디저트 너무 맛있고 홍차 시켰는데 내려먹는 재미도 있고 좋네요 ㅎㅎㅎ,손님들은 조용하고 좋았는데 알바하시는분이 어제 좋은일이 있었는지 너무 신나서 큰목소리로 계속 이야기하고 계 속 크게 웃어서 보기 좋지않았어요 너무시끄럽더라구요 일하면서 서로 얘기할수는 있지만 목소리가 너무 컸어요 공 간과 분위기는 너무 이쁘고 커피도 맛있어요,너무 분위기 좋은 연남동 카페였어요. 들어가면서 보이는 작은 폭보와 라탄등에서 이색적인 분위기가 느껴졌어요. 연남동 골목에서 이런 분위기를 느낄 수 있는게 넘 신기했어요!! 디저트들도 비주얼이 넘 예쁘더라구요!! 딸기수플레 카스테라는 갓나와서 따끈따끈 부드러웠어요~ 천혜향청수는 천혜향이 껍질도 다 벗겨져서 나와서 과즙팡팡...,말차크림우유 7700 천혜향(청수) 7500 딸기수풀레 18000 딸기수풀레 조금 오래걸리기는 하지만 그만큼 맛있어요  …. 진짜 존마탱 수풀레입니댜 💓 꼬옥 드셔주시길 모두 모두 분위기도 넘 예쁘고 평일에 오니까 조용하니 좋네여,"여기 짇짜 뭐냐고요,,, 가만히 잘살고 잇는사람 배우지망생 하고싶게👀👀🥹🥹여기저기 이뻐서 화보찍게 하고싶은데요ㅠㅠ!!!!!! ㅋㅋㅋㅈㅅ ㅋㅋㅋ아 진짜너무 이뻐서 힐링 그 잡채에요ㅠㅜ 디저트도 맛잇고 가격도 혜자혜자❤️ 채광도 너무좋구,, 실내도 섹션마다 분위기 달라서 신이가 나요💓 넘 감사해요 또올게용😆😆",숲속을 그대로 옮긴듯한 공간 청수당공명 초록초록 너무너무 에뽀용✨🌿 밤에 방문했는데 조명까지 분위기 미쳤 죠?-? 사진찍으면 너무 잘나올듯한 물소리 들으며 카페를 즐길수 있어요! 딸기 수플레도 폭신폭신 맛있게 먹었어요 😊,공간이 진짜.. 너무너무 예쁩니다 자연과 하나된 느낌이에요 3층까지있고 야외석도있어요 1층은 좌식만있는데 바 닥이 차가워서인지 좀 추웠어요 커피는 아메리카노없이 드립만있어요 주말엔모르겠지만 또 가고싶은곳 ㅠㅠ,"엄마와 함께 왔는데 인테리어가 카페 외관과 인테리어가 너무 예뻐서 좋아하셨어요 백년초 차와 말차우유, 딸기수 플레를 시켰는데 백년초 차는 시지 않고 적당히 새콤 달달해서 엄마가 맛있다고 하셨구, 말차라떼는 풍미가 있어서  맛있었어요! 딸기수플래도 뜨끈한데 안에 딸기는 시원달달하고 크림도 부드러워 가격이 아깝지 않았네요 ㅎㅎ",카페가 정말 예쁘고 숲속 정원에 들어간 느낌이에요!! 층마다 다른 분위기라 좋아요 사진찍기도 좋고 음료도맛있고 데이트하기넘조아용 분위기 맛집입니다!!,"연남카페로 유명한 청수당공명... 분위기맛집, 수플레맛집 찐인정입니다... 홍차 크림 우유, 녹차 크림 우유 다 맛나요. 분위기도 조용해서 데이트하기도 좋아요!💚",분위기너무 예뻐요 친절해요 커피맛은지극히평범 디저트는3단트레이 예뻐서시켰는데 말차파운드 넘퍼석하고 파블 로바(머랭)도 넘비렸어요 그냥사진찍기는 아주좋음 갬성은 1층사수 필수임! 2층과 지하1층은 그냥 그냥... 아쉬울거 에요,너무너무 가고싶었지만 항상 사람이 많아서 다음에 와야지~하고 기약만 하던 카페였어요! 밖과 안에 인테리어도 너 무 예쁘고 신난 마음에 갔는데… 제가 갔던 시간대에 1층 자리가 뷰가 예뻐서 2층이랑 고민하다가 1층으로 앉았는 데 다른 손님들중에 커다란 카메라를 들고계시던 손님 세분이 테이블을 각 하나씩 잡으시더니 주문한 디저트 ...,진짜 너ㅓㅓㅓㅓ무 예뻐요 제 최애 카페ㅠ 인사동 본점도 예쁜데 연남동도 진짜 👍🏻👍🏻 여긴 넓어서 더 좋더라구요!  사진 찍으면 걍 기가 막히게 나옵니다 디저트도 다 너무 예쁘고 ㅜㅜ 크림 너무 맛있어요 에이드도 진짜 맛있어요,분위기 맛집 청수당공명! 교외로 여행 온 느낌을 느낄 수 있어서 좋은 공간. 연남동에서 분위기갑 카페를 꼽으라면 바로바로 이 곳입니다.,우중캠핑하는 느낌이었어요!! 분위기 너무 좋았고 데이트하기 좋은 곳인 것 같아요 ㅎㅎ 딸기 수플레 진짜 찐 맛도리ㅠㅜㅠㅠㅠㅠ,숲 속을 그대로 옮겨놓은 청수당공명 🌿 초록초록 나무와 풀들이 가득하고 따뜻하고 아늑한 조명이 있어 더 멋진  곳 저녁에 가면 더 예쁨가득 #연남데이트추천 🍨 공명 3단 트레이 15.0 분위기부터 맛까지 사로잡은 디저트 미니 파블로바+말차파운드+흑임자쿠키 구성 흑임자 같은 경우는 맛있는 크림소스랑 같이 올려 먹을 수 있어요,디저트가 꽤 비싸서 망설였는데 비싼 값 해요 매장도 층별로 컨셉츄얼하게 예쁘고 디저트도 맛있어요 같이 시켰던 말차크림우유도 맛있어서 다음에 또 가서 말차카스테라랑 홍차크림우유도 먹어보고 싶어요,"말차크림우유와 아이스아메리카노 그리고 딸기수플레~😍 오랜만에 연희동 갔다가 간 커피, 디저트 너무 맛있는 카페!!☕️ 정원뷰가 너무 예쁘고 평일이라 웨이팅이 없어서 너무 좋았음~😘",연남 디저트 카페 청수당 😍 너무 달지 않아서 좋고 인테리어가 정말 예뻐요! 마치 숲속 정원 느낌 👍,여기진짜 비주얼대박...연남동카페중에서도 컨셉확실한곳이에요 심지어 맛있어요 물소리들으면서 디저트먹을수있어요,"연남동에 이런 곳이,,!✨✨ 인테리어도 너무 예쁜데 디저트랑 음료도 찐맛집이에요! 말차프로마쥬 먹었는데 적당 히 달고 쌉쌀해서 순삭했어요🍃💚 말차우유도 말차맛 진짜 진하고 넘 맛있어요! 같이 온 친구들은 천혜향티랑 드 립커피 먹었는데 드립커피도 완전 깔끔한 맛이에요! 천혜향티도 찐 천혜향이 잔뜩 들어있어서 새콤달콤 넘맛,...","연남동에서 여기보다 예쁜 카페 못 봤어요. 가격은 높은 편인데 그만큼 음료랑 디저트, 커피 다 맛있더라구요👍 수 플레 품절이어서 케이크 먹은건데 진짜 부드럽고 맛있었어요. 양도 엄청 많습니다ㅋㅋㅋ 말차 크림 우유도 존맛탱!  카페도 넘 예쁘고 완전 연남 핫플이에요ㅋㅋㅋ 사진 찍기에도 좋고 수다 떨기에도 분위기가 넘 좋아서 맘에 들어요",공간이 너무 예쁘고 자리 간격도 넓어서 좋아요😊 음료와 수플레 카스테라도 잘 먹었습니다!!,여기 분위기 너어어어무 좋네요 특히 1층자리가 뷰 맛집입니당♥️,"추운 날 엉덩이는 시렵지만 히터가 빵빵해서 몸 녹이기에 좋았습니다. 음료가 비싸지만 맛있었고 가게 내부외부가 이뻐서 좋았습니다. 아쉬운점은 메뉴판의 메뉴이름을 특색있게 살짝 틀어놓은 형태인데, 쉽게 접할 메뉴들을 알아 듣기 더 어렵게해서 굳이?~싶었네요",연남데이트하기 딱좋은 청수당공명❕ 분위기가 정말 좋아서 힐링하기 딱좋은 것 같아요 스톤드립이란것도 신기하 고 디저트 정말 맛있었어요~,여기는 내부 분위기가 압살…. 인걸로 끝인줄알았는데 왜때무네 음료 디저트다 맛있는거죠? ㅠㅠㅠ 특히 천혜향 음료 넘 상콤달콤이라 입이 싱그러웠어요.. 예쁜 공간에서 예쁘고 맛난 음료 디저트 즐기는 넘 행복했습니다 ㅎㅎ 지하 자리있는거 모르시는 분들 많던데 자리 겟 하시길 바랍니다,한국에 이런 곳이?! 라는 생각을 하게 만드는 몽환적인 숲속 분위기의 연남 카페! 청수당공명!✨ 시그니처 음료인 🍵말차크림우유는 말차 맛이 정말 진하고 위에 올려져 있는 크림은 마치 아이스크림처럼 밀도 있고 달달쫀득한 크 림입니다! 쌉쌀한 말차맛이 너무 매력적인 음료입니다! 완전 강추하는 음료입니다! 공명 3단 트레이는 청수당...,홍차 정말 진하고 잔이 독특해요ㅎㅎ 말차케이크도 정말 쌉싸름하고 맛있습니다^^,연남 핫플 인스타 감성 가득한 청수당 공명💚정말 인테리어가 너무 이뻐요💚💚사진찍기 너무 좋아요 대나무 숲이랑 연못까지 있어서 서울 도심속에 이런 곳이 있다니 디저트도 정말 맛있어요❤️딸기 수플레 제가 먹어본 디저트 중에서 제일 맛있었어요 꼭 방문하면 드셔보세요😍,평범한 길 한복판에 이런곳이? 싶을 정도로 인테리어가 독특하고 멋져요. 이국적인 등불과 연못이 인상적이에요. 디저트도 다양해서 다음에 또 방문해서 다른것도 먹어보고 싶네요.,사진맛집인건 확실합니다. 사진을 위해 3단 트레이를 시켰으나 맛은.... 특히 녹차파운드 표면이 과하게 말라있던데 꺼내놓은지 꽤나 오래된 느낌...사진을 찍기 위해서라면 방문 강추! 맛을 위해서라면...^^,연남동 청수당 공명 카페입니다.입구에서부터 멋스럽고 아늑함이 느껴지고 있네요. 편안한 분위기에 맛있는 커피한잔의 여유를 느낄수 있습니다.,인테리어가 정말 멋져요! 3개층이 각각 다른 분위기라 재밌어요~! 특별한 음료 메뉴가 있고 디저트도 개성있어요!! 디저트는 정말 달달해서 단것좋아하시는분들에게는 정말 좋아요^.^ 친구들이랑 또 오려구요,"홍대에 이런 멋지고 분위기 있는 카페가 있단걸 지금안게 너무 서운할 정도로 만족스러웠어요. 다양한 메뉴들에 비 주얼도 맛도 잡은 연남동 카페에요!!❤️ 가격대는 좀 있는 편이지만 값어치를 하니 아깝지 않았습니다☺️ 자리도 지 하, 1층 2층 이라 넓고 자리도 많지만 인기가 많아 원하는 자리가 있다면 웨이팅을 해야될 것 같아요","인테리어와 분위기에서부터 장난없는 디저트 맛집 카페예요.!! ❤️❤️ 수플레 카스텔라는 진짜 입에서 살살 녹고, 음 료도 생각보다 많이 달지 않아 좋았어요!! 직원분들 모두 친절하시고, 매장도 컨셉 확실한데다 인테리어가 정말 너 무 예뻐서 강추하는 곳입니다! 🤩🙌","지하, 지상 2층까지 넓지만 사람이 너무 많아요 수플레? 디저트 나오기까지 25분이 걸리는 점 참고 해주세요 그치만 너무 맛있음 가격에 비해 많은 양은 아니지만 주문과 동시에 바로 구워주시는거 같아요 한 번 먹어볼만해요!!👍🏻 여 자화장실은 한칸이라 사람들이 줄 서있고 들어갈때 나올때 보니 계속 줄이 있었어요 사람많은거에 비해 화장...",연남동에 이런 곳이 있었다니! 분위기도 신비스럽고 너무 예뻐요! 오픈시간에 갔더니 손님들이 없어서 물소리가 청명하게 울려퍼지는게 힐링되는 기분이네요 음료랑 디저트 비주얼도 디테일하게 예뻐서 폭풍사진찍게되는 곳이었어영 ㅎㅎ,도심에서 느끼기 힘든 특별함이 있어요. 친절함은 느낄 수 없지만 2층은 테이블도 많은편 이고 간격이 넓어 쾌적해요.,정말 개 맛없음 솔직히 돈 아까워서 쓰는 중 녹차 어쩌고는 그나마 낫지만 이걸... 이 값을 주고 먹는건 돈을 버리는 것 커피는 진짜 심각함. 에스프레소 몇번 낸거 국물같을 정도로 풍미향미바디감 전부 제로 강배전 같은 향이 아주 약 하게 나지만 그냥 커피콩 씻은 물 같음 인테리어로 인스타 사진찍는거 말곤 쓸데없음 최근에 여기저기 간 곳 ...,입구를 숲속 정원처럼 꾸며서 졸졸 흐르는 시냇물 소리에 마음이 편안해지네요~ 연트럴파크에서 가까와서 더 좋았 어요. 말차파운드케익 먹었는데 촉촉하지 않아 아쉬움은 남네요,넘나 예쁜 청수당. 이곳에 앉아만 있어도 힐링이네요~! 게다가 수플레가 존맛탱이예요!!! 부드럽게 입에서 살살 녹네 요❤️👍 청수 음료는 달달하니 상콤한게 뜨거운 여름 더위룰 싹 날려줍니다 연남동 데이트 하시는 분들 카페 찾으 시면 여기 완전 추천드려요~!!!,"딸기수플레케이크는 주문하고 조리해서 25분걸려요. 그릇은 따뜻한데 크림은 시원한 맛있는 케이크였어요! 같이 나오는 딸기청을 얹어서 먹으래요. 천혜향청수 시원달콤, 계란커피는 크렘브륄레 같은 겉바삭하고 안에 달콤 크림있는 커피예요. 아아인 드립커피는 깔끔하고 고소한 맛~ 지하 1층은 일본료칸느낌 조용하고 좋았어요!",인테리어가 이쁘고 음료가 너무 맛있어요!! 청수당 물떨어지는 소리들으면서 커피마시고 특히 디저트가 너무맛있어 요!! 호주식 디저트라 달달하고 베리가 생베리라 그런지 달달하고 상큼해요!! 더운여름에 시원한 음료와 디저트가 너 무 잘어울려요!! 아직도 핫한 청수당 너무 좋아요><,정말 서울에 이런곳이 있다니 싶은 멋진공간이구요. 자리도 편하고 서로간의 간격이 넓고 음료도 디저트도 하나같이 예쁘고 맛있었어요. 그리고 초록초록한 나무들과 조명들이 한데 어우러져서 사진찍기 넘 좋네요.,너무 예쁘고 아늑하고 좋아요~~ ♡,"도심에 자연을 담은 카페가 여기 있네요. 층별로 다른 컨셉을 담은 카페입니다. 지하~2층까지 있는데요. 지하와 2층 은 테이블과 의자가 있구요. 1층은 좌식으로 되어 있습니다. 저는 2층에 자리 잡았는데요. 2층은 물이 컨셉이며, 물 소리를 계속 들으실 수 있습니다. 물소리 뒤에 감춰진 클래식도 함께 들으실 수 있어요. 마음이 차분해 지면서...",연남동에 있는지 모르고 지나가다 들렸는데 자리가 있어서 좋았습니다. 사람들은 너무 많아서 정신은 없었지만 지하는 아늑하니 좋았습니다. 비가 안 오면 2층 야외자리가 좋았을거 같아요. 디저트는 역시나 맛있었어네요. 다만 음료는 조금 많이 달아서 아쉬웠어요. 하지만 전체적으로 사람들이 많이 오고가고 하지만 괜찮았어요.,3단 트레이 디저트는 종류별로 먹어볼수 있어서 좋은데 거기에 파블로 jm...!!! 말차파운드 도 말차맛이 찐해서 맛있고 흑임자 쿠키도 꾸덕꾸덕 미쳐따 ㅠㅠ 그리고 스톤드립커피랑 핸드드립어린잎도 시켰는데 유랜만에 정말 맛있는 인생커피를 만났어요 😛💕,아 진짜 인테리어 맛 다 미쳤습니다... 연남카페 찾는다면 더 고민말고 그냥 여기로 오세여 입구부터 마법의 숲 들어 가는 느낌 낭낭하고 그렇케 들어가면 층마다 컨셉다다르고여 음료는 홍차크림우유 진짜 맛있음 이거꼭 드셔보시면 좋겠어여 천혜향청수는 맛있는데 그냥 알것같은 그맛이라 특별함은 모르겠음 ㅎㅎ 여튼 젤 맛난건 딸기수플...,"난리났어요. 분위기 완젼 대박이에요. 이렇게나 멋있을줄은 몰랐네요. 제주도 같기도 하고 일본 료칸에 온 느낌이에요. 자연친화적인 분위기 이구요. 딸기수플레 부드럽고 담백달콤해서 짱 좋네요. 밤이라서 커피말고 천혜향, 백년초로 주문했는데 탁월한 선택 맛있습니다. 분위기에 취합니다.","연남동 돌아다니다가 넘 좋아보여서 이번에 다녀왔는데 ㅎㅎ 인테리어가 층별로 컨셉이 있네요. 들어가는 입구도 나무들이 참 예쁜데,, 여름에 비가 많이와서 그런지 송충이가……. 그거만 피해서 잘 들어가면(작아서 다들 신경쓰지 않고 들어가시더라구요?) 분위기는 꽤 좋습니다.",공간이 막 넓진 않은데 포토존과 채광이 좋아서 한번쯤 갈만해요,우와~~ 넘 이쁘고 맛있어요~~ 재방문 의사 있음♡,sns핫플인 청수당공명에 드디어 방문했습니다 ㅜㅜ 연남카페 원탑이라고 말할 수 있겠습니다. 수플레도 진짜 맛있어보였는데 다음은 더 어둑할 때 들리고 싶네요 연남 홍대 데이트하시는 분들은 여기 진짜 강추 게다가 음료랑 디저트도 개존맛임,연남동에 신비로운 카페가 있다고 들었는데 너무 이쁘고 좋았어요! 마치 미야자키하야오의 실제 풍경속에 들어오는 느낌이랄까요? 디저트도 이쁘고 너무 귀여워서 맘에 들었어요~ 사진찍기도 좋고 만족스러워요! 데이트코스로도 좋고 엄마도 엄청 좋아하셨어요 다음에는 와서 또 다른 디저트와 음료를 먹어보고싶네요😍,"지하, 1층 , 2층 다 각자 느낌이 매우 다르다","연남동 데이트, 홍대입구 데이트, 마포구 데이트 코스 힐링 카페로 추천드려요! 도심 속에 정원같은 인테리어로 사진 찍기도 너무 좋고 디저트랑 음료도 넘 예쁘고 맛있더라고요. 딸기 수플레 입에서 살살 녹습니당ㅎㅎ천혜향 음료랑 말차도 정말 맛있어요! 연남동 가시면 청수당 공명 꼭 가보세용!!",카페 분위기가 진짜 너무 예뻐요...💗 진짜 가게 내부도 지하 1층부터 2층까지 있어서 매장도 넓어요! 사진도 너무 잘나오고 모든 곳이 포토존이에요👍 음료 비주얼도 예쁘고 디저트도 너무 맛있어서 힐링 되는 그런 카페였어요❣️ 내부 인테리어가 정말 예뻐요! 진짜 연남 핫플 카페일만해요🥰,뷰 맛집이네요.. 커피나 디저트는 평타!,멋있기만 한 줄 알았는데 음료와 디저트도 참 진하고 맛있네요. 가만히 앉아있는 것만으로도 힐링이 되었습니다.,디저트 맛집 인정 ✌🏻✌🏻👍🏻👍🏻👍🏻  딸기프로마주 안에 들어있는 크림치즈와 싱싱한 딸기가 너무 잘 어울어져서 환상적인 맛이에요 청수당에서만 맛볼 수있는 디저트 ♥️ 말차크림우유랑 홍차크림우유에 들어있는 크림도 너무 맛있다눙 🙌🏻크림 맛집인가봐:) 〰️〰️〰️.,5번째 청수당 - 공명이 연남동에 새로 오픈해서 방문했습니다. 인테리어는 두말하면 입아프고 좌석도 많아서 기존 청수당에 비해 웨이팅 시간도 거의 없어서 좋았습니다. 디저트 종류도 기존보다 늘어난 느낌이라 선택지가 많아서 좋았어요. 그리고 사진이 정~말 아무렇게나 찍어도 잘나옵니다. 인별감성 뿜뿜! 청수당-공명 추천합니다!,"아아 정말 매장 너무 예쁜고 아닌가요🥰🥰❤️! 진짜 어디서 찍어도 인생샷 가능할 느낌 가득이라구요오... 오늘은  3단 트레이 디저트를 시켜먹었는데 말이죠! 맛도 맛이지만, 너무 예뻐서 보는 것만으로도 힐링이었어요! 내부 공간 도 너무 힐링 그 자체라 잘 쉬고 갑니다아!",고즈넉한 일본교토로 여행 온 느낌. 음악과 청량한 물소리가 마음을 잔잔하게 만들어 주는 곳입니다. 음료 또한 정성 한가득! 디저트는 눈으로 보기만해도 최고입니다,"3단 디저트 트레이, 계란커피,말차우유 주문했습니다.인테리어멋진데 천장에서 물이 심하게 뚝뚝떨어집니다. 누수 보완공사가 필요해보입니다. 3단디저트는 윗층이 제일맛있고 아래로갈수록맛의 감동이 덜했어요 꼭대기층은 큰 머랭? 케익이었어요 바스락거리면서 쫀쫀하고 크림의 풍미가 환상적이었고 아래에 말차는 겉바속촉 흔히먹...",연남동 핫플로 인정하는 청수당 공명 카페에요! 정원 인테리어가 너무 이색적이고 이뻐요 디저트랑 음료들도 같이  인테리어 한건지 너무 이쁘구용 맛도있어용😋사람많아도 가볼만한 가치가있는곳이에요👍,분위기 좋은 연남동 카페로 워낙 유명한 청수당 공명!! 아기자기한 디저트에 크림 듬뿍 낭낭한 음료를 한가득 머금으 니 이것만큼 힐링되는 시간이 없네요💚💚 연인과 친한 친구와 데이트코스로 방문하기 좋을 것 같고 사진 스팟이  워낙 많아서 사진찍기도 넘 좋은 카페네요~!! 추천 드립니다!!,추구하는 컨셉이 명확한 카페예요 층마다 다른 이미지로 다양하게 즐길 수 있어요,인테리어가 넘 예뻐요ㅜㅜ👍👍💕 전통적인 면도 있고 여유롭게 있다가기 좋습니다 3단트레이 디저트는 여러가지  맛볼 수 있어 좋았어요! 녹차파운드케이크와 녹차우유크림 조합 좀 달긴해도 맛있어용❤️,"카페를 좋아해서 많은 카페들을 가봤는데 제 기준 마포구 데이트하기 좋은 카페 1등이예요..! 분위기, 컨셉, 직원, 디 저트 뭐 하나 잘 어우러지지 않는 게 없어요🫢 특히 사진 찍는거 너무 좋아해서 무조건 사진 잘 나오는 카페들만 다 니는데 사진 잘 나오는 건 기본에 매장도 크지만 방처럼 나뉘어져 있어서 사람이 많아도 대화나눌 수 있을 정...","입구를 본다면 그냥 지나칠 수 없을 정도로 분위기에 압도 당하는 카페입니다:) 비 오는 날 방문했는데 더 운치 있는 것 같아요! 입구에서부터 빗소리와 물 떨어지는 소리, 그리고 잔잔한 음악소리에 기분이 좋아져요~ 음료는 고민이되 서 제일 많이 나가는 메뉴로 계란 커피와 홍차 크림 우유 추천 받았는데 달콤하면서 진하고 맛이 풍부해요~...","이미 홍대핫플이죠. 연트럴파크 쭉 산책하고 가기 좋은 카페에요. 연남동카페 중에 분위기가 독보적인 곳이에요. 숲 속에 있는 기분. 물소리 들으며 떨어지는 물 바라보며 물멍 할수 있는 힐링장소!! 인테리어도 편안하고, 음료랑 디저트도 화려하고 예뻐서 기분 전환하러가기 좋아요. 연남동데이트나 부모님모시고 갈만한 카페로 완전 추천이에요!!",청수당공명 다녀왔는데 층마다 컨셉이 있어서 다 다른카페 온것처럼 너무 좋았어요. 연남동에서 대형카페 찾기가 은근히 힘든데 좌석 간격도 넓고 도심속의 힐링하는 기분이라 최고였습니다. 데이트 장소로도 완전 강추하고 포토존이 많아서 좋았어요.😍,"엄청 예쁘게 꾸며져있습니다. 감성카페좋아하시거나 사진찍는거 좋아하시는분한테 추천!  근데 전체적으로 음료나 디저트는 평범한 맛인데, 꾸며져있는거때문인지 가격이 비싸요. 양에비해 가격이 높아서 그냥 빵이나 디저트를 많이먹겠다! 하시는 분 말고 예쁘면 장땡! 인분들께 추천드립니다.",연남동 지나다니면서 외관 너무 예뻐서 저장해뒀다가 다녀왔는데 내부도 너무 예쁘더라고요 ! 천혜향 에이드도 달달하니 맛있었어요:-) 분위기 좋아서 연남 데이트코스로 딱 일 거 같아요~💛,청수당공명 연남동 핫플로 유명해서 가봤는데 말차크림우유 완전 녹차음료 마셔봤던 것 중에 최고 베스트였어요 계란커피도 크림브륄레가 올라간 것 마냥 독특했고 딸기수플레도 부드럽게 처음 먹어본 맛이었어요 분위기 좋아서 연남동 카페 올일 있으면여기한번 가보면 이색적인 데이트가 될듯요🍃🍃,"연남동 핫플 저도 다녀와봤어요! 지하부터 2층까지 층마다 나뉜 컨센도 재미있었고, 자연과 함께하는 느낌에 청수당 입구 들어가는 순간부터 힐링됩니다. 디저트도 종류가 다양하고 예뻐서 먹기 아까웠고 수저로 떠먹는 디저트인데 넘 부드럽고 맛있었어요. 음료도 다 맛있구요!! 연남동 가면 또또 갈거에요!",예뻐서 좋았구 수플레케이크 J맛탱이에욤>_<,분위기 너무 좋습니다 동화속 같아요 디저트 정말 맛잇고 달지 않는데 너무 맛잇네용 강추 합니다 또가고 싶운 가게 에요,연남동에서 갑자기 숲속으로 온 느낌이에요! 돌과 푸릇푸릇한 나무들이 인테리어로 있고 물도 흘러서 도심속에서 여유로워지는 느낌이에요! 음료에 올라간 크림도 부드럽고 마차 디저트도 찐하고 맛있어요! 연남동 디저트 맛집이자 데이트 장소로 딱인것 같습니다!,이렇게 분위기 신비롭고 몽환적인 곳은 처음 봐요!!! 앞으로 연남 카페는 여기만 갈 것.... 명당 자리 놓쳤는데 담에 가면 폭포 앞에 꼭 앉고 싶어요ㅋㅋㅋㅋ 음료 둘 다랑 딸기 수플레 카스텔라도 맛나요!,인스타로 종종 보다가 연남동데이트 중에 방문했어요! 3단 트레이는 연남디저트 맛집 답게 하나하나 맛있었는데 맨 위에 머랭 디저트가 진짜 짱맛이에요 ㅎㅎ 말차 카스테라와 참깨쿠키도 좋았어요! 음료는 시그니처로 2가지 시켜보 았는데 스톤 드립 계란 커피 크림이 아주 달짝지근하고 당충전 제대로되는 맛이에요!! 말차 크림 우유도 쫀쫀...,뭔가 익선동 청수당보다 디저트가 맛있는 느낌이에요ㅋㅋㅋㅋ 동행인도 똑같이 느꼈네요ㅎㅎ 조용한 동네에 있어서 더 좋았습니다.,연남동에 이런곳이 있다니!! 비밀숲처럼 너무 분위기 있어요. 입구에 조명까지 곁들여져서 우와~~ 딸기수플레 진짜 너무 부드러워요. 보기엔 너무 단것 아닐까했는데 단백하면서 딱 맛있는 단맛이구요. 천혜향은 에이드예요. 청으로 만들어서 천혜향이 씹혀요. 말차크림우유는 녹차라떼위에 크림이 둘러진건데 꼬수워요. 사진찍기도 너무 예...,"연남동에 청수당이 생겨서 넘 좋아요 ,,, 익선동 보다 더 예쁘고 ,, 넓어요ㅠㅠㅠㅠㅠ 그리고 디저트랑 커피 비주얼부 터 걍 미쳤고요 ㅠ 크림말차 존맛탱 .. 크림만 먹어도 안느끼하고 맛있어요!!!! ㅠㅠ 디저트도 하나같이 진짜 존맛 연 남동 카페로 핵 추천!",분위기가 좋고 지하1층부터 2층까지 자리가 많아요. 음료는 물론 디저트도 맛있습니다. 다음엔 시그니처도 먹어볼 생각이에요.,청수당 특유의 분위기가 너무 좋아요. 차분해지는 느낌이라 부모님이랑 또 오고 싶어요 ㅎㅎ 시그니처답게 말차라 떼 추천해요!!,"가게 넘 이쁘고 분위기도 넘 좋아요. 조명도 은은해서 물멍 풀멍하며 앉아서 대화하기 넘 좋네요. 연남 데이트 장소로 추천이요. 딸기수플레, 천혜향 에이드, 말차크림우유 주문했는데 메뉴 다 넘 맛있어요. 너무 만족한 시간 보내고 갑니다.","요즘에도 웨이팅이 계속 있네요. 커피랑 디저트 괜찮아요. 도심속에서 인테리어 너무 독특하고 경험하기에 좋았는데, 평일 오후에 한적할때 오면 더 좋았겠구나 싶었어요. 저는 3단 트레이를 시켰는데, 아메리카노와 먹기에 괜찮았고요. 수플레가 인기 메뉴인거 같아서, 담에오면 시도해 보려구요.",멋있어요 딸기수플레 비싸긴 한데 맛있어요,연남동에 숨어 있는 힐링 플레이스네요 너무 이쁜 곳 이예요 🌱 익선동이랑 강남도 가보았는데 다 비슷해보이지만  연남동이 그 중에서 가장 예뻐요 연남동 한복판에 연못이라늬 비오는 소리 들리는것 같아 너무 좋았어요❤️😘,포토존 짱 많아용,외국인들이 많이 찾는 청수당~,분위기가 너무 매력적이네요. 비오는 날에 갔는데 비오는 날에 정말 잘 맞는 카페 같네요. 포토존도 많아서 사진 찍기 좋아요. 커피랑 디저트도 너무 맛있고 좋네요,입구가 예뻤어요 커피랑 녹차맛은 평범했습니다,와 분위기 너무 좋아요 홍대 카페 치면 맨날 이상한 곳들만 나와서 별로였는데!!! 이렇게 힙한 곳이 있었다니 🥹 친구 데려갔는데 너무 예쁘다고 좋아하더라구요 다행히! ㅎㅎ 친구랑 오랜만에 폭풍 수다 떨 수 있었어요! 일본 카페 느낌이었어요 카스테라도 스톤에 담겨 나오고 너무 신기하더라구요. 메뉴 다 맛있고 좋았도요 😆,물소리도 좋고 조경이 정말 예뻐요🙈💚🤍 요즘 카페들과 다르게 테이블 간격이 넓어서 좋아요~ㅎㅎ 의자는 좀 불편ㅜㅜ 전체적인 인테리어가 너무 예뻐서 또 가고 싶어요!!:),크림이 엄청 맛있네요 한 여섯번은 왔는데 한 번도 못 오다가 결국 오늘 왔어요^^ 드디어 ㅋㅋㅋㅋ,연남동에서도 이런 분위기 카페는 오랜만이에요 인테리어가 아주 멋스러워요 동양적이지만 모던하고 시끄럽지 않 고 어둡지 않은 분위기 아주 좋아요 디저트는 비쥬얼도 훌륭 맛도 훌륭해요 에스프레소머신 없는 카페라 드립커피 만 선택가능하지만 드립커피도 향이 맛이 참 좋아요,"지나가다가 시선 확 뺏겨서 들어왔어요!!인테리어 진짜 독특하고 예쁘고 신기해요!!그리고 수플레 대박 맛집이에요,,,디저트도 맛있고 분위기 진짜 좋아서 연남동데이트 코스로도 딱인 대형카페입니당👍🏻👍🏻",진짜 멋있고 맛있는 카페에요 인테리어만 보고 맛은 기대안했다면 노노 ㅜㅜ 삼단 디저트 전부 다 맛있었어오 음료도 존맛 연남동 카페중에 손에 꼽는곳 🤍,분위기깡패인데 커피랑말차우유까지 너무 맛있어요.다른세상으로 들어오는 신비한 분위기라서 힐링되네요💚,도심 속에 이런 힐링 공간이 있다는 것이 참 좋아요!! 크림 올라간 음료 맛있고 수플레는 일반적인 수플레보다 더 부드러워요:),"연남동 디저트 맛집인 청수당공명!! 사촌동생이 추천해줘서 왔는데, 여기 연남동 맛집 맞아요...!! 저는 계란커피 시 키고 친구는 말차크림우유 시켰는데 음료 두개 다 너무 이쁘고 맛있어요. 딸기 수플레는 같이 주는 딸기잼이랑 함께  먹으니까 완전 짱맛!! 다들 연남동 카페 청수당으로 오세요!!",작은 숲속의 정원같은 느낌이에요🍃 커피와 수플레 카스테라도 맛있어요 잘 쉬었다가요 :),"입구부터 센과 치히로의 행방불명이 생각나는 비줠이라 너무 신비롭고 이뻐요!! 1층 2층 공간마다 테마가 있는데,  자연 친화적이라 마음이 편안해지고 힐링되는 너낌ㅋ.ㅋ 디저트도 음료도 옴총 맛있어서 연남동 카페중 1등입니닷   딸기 수플레 카스테라는 꼭 먹어야됨",음료도 디저트도 맛있고 인테리어도 넘 멋져서 잠시 다른 세상에 온 것 같았어요~!! 관광객들에게도 인기 많던데 그만큼 매력이 넘치는 카페랍니다~!!👏👏,오랜만에 다시 간 청수당 공명 여전히 핫했어용~~ 분위기도 그대로고 말차크림우유 특히 넘 맛있었어요!!😍 요즘 같은 날씨에 가기 딱! 직원분들도 전부 친절하셔서 기분 좋게 시간 보내고 왔습니다 강추 강추👍❤️
코티지블루,1612839292.0,저 사실 여기 3번째 방문합니다. 그리고 계좌이체로 매번 결제해서 영수증 리뷰 못쓰다가 오늘은 진짜 적어드려야 지 해서 적습니다.. 그만큼 너무 좋다는 뜻 저는 여기와서 하몽 프렌치 토스트를 매번 먹고있어요 달달구리 + 베이 컨의 짭짤함과 + 치즈가 넘 잘어울리고 여기에 아.아를 곁들이니까 브런치로 너무 딱인것 있죠 처음엔 브런...,"연말 데이트로 좋은 브런치 가게에요 트리도 너무 예쁘고 아기자기해서 사진 잘 나와요 딱 여자들이 좋아하는 분위 기…💓 귀여운 강아지도 있어요! 트러플 크림 파스타, 오렌지쥬스, 제로콜라, 하몽토스트 다 맛있었어요!",귀여운 강아지에 트리가 있는 곳♥️👍🏻🎄🐶 디저트와 커피가 맛있고 노래도 좋아요 (캐롤LUV) 사진도 잘 나와서 만 약 쇼핑몰 운영을 했다면 대관하고 싶은 카페가 될 것 같아요. 다음에는 브런치 메뉴도 먹어봐야겠어요. 카페 앞에  방어회로 유명한 횟집도 있는데 기다리다 지치신다면 여기와서 커피 한잔 마셔도 좋을듯 ㅋㅋ!,코티지블루 분위기 정말 좋아요 ㅠㅠ 연말 느낌 뿜뿜해서 연남동 카페 찾으시면 여기 와보세요!!! 친구랑 오기도 좋고 데이트 하기에도 딱이에용 곳곳이 다 예뻐서 사진찍기도 좋고📸 브런치 메뉴도 다 맛있고 특히 파스타 맛있으니 꼭 드셔보시길 바라요🙌 친절하시고 무드 좋고 다하는 곳🫶🏻,분위기 너무 좋은 연남동브런치카페 코티지블루! 연말이라그런지 크리스마스 분위기도 나고 아늑한느낌이 너무 좋습니다 🫶🏻 사장님도 너무 친절하시고 무엇보다 음료랑 음식이 너무 맛있어요 :) 좌석간격도 넓어서 이야기하기도 너무 좋아요! 다음엔 날씨좋은 낮에 또 방문할게요~~~😀,연남동브런치카페 코티지블루 가보고싶어서 저장해둔곳인데 브런치 종류도 다양하고 좌석도 다 예뻐서 사진도 잘 나와요 !! 🤍 오일파스타 주문했는데 그릇 싹싹 비울정도로 넘 맛있게 다 먹엇어요 ㅋㅋ 오렌지 주스랑 레몬페퍼민 트티도 완전 강추 … ㅠㅠ 너무 맛있어요 첫 크리스마스 트리를 연남동 코티지블루에서 보게돼서 넘 좋았어...,홍대 연남동에 이런 예쁜 카페가 있는지 몰랐어요! 브런치 카페는 처음인데 너무 맛있게 잘먹었어요👍🏻 카페 분위기 도 너무 좋고 예쁘게 꾸며져 있어서 사진 찍기도 너무 좋아요❤️ 홍대브런치카페 코티지블루 꼭 방문해보세요~,연남동에서 단연 눈에 띄는 예쁜 브런치 카페입니다 🤍 예쁘기만한 건 아니고 파스타와 커피도 너무 맛있어요! 특히 초리조 오일 파스타는 꼭 드셔보시기를 추천드립니다. 좋은 재료를 사용하셨는 지 향이 좋고 식재료들의 조화가 매력적인 메뉴입니다 😆👍 직원분들도 너무 친절하셨어요!,매장이 너무 예쁘고 분위기도 좋아요❤️ 곳곳에 사진찍기 좋은 스팟들이 가득이라 사진찍기 좋은 곳이었습니다. 그리고 트러플 크림 파스타 먹었는데 트러플 향 가득이라 맛있더라구요~ 아메리카노는 깔끔했고 블랙자몽티는 적당히 달달해서 딱 좋았습니다👍,연남동 신상 브런치집 코티지블루! 커피도 마실 수 있고 식사도 하실 수 있고 와인까지 즐길 수 있어요😍 너무 예쁘 고 아늑한 홍대카페에요! 감자스프 너무 맛있었고 파스타랑 샌드위치까지 엄청 포식했습니닼 간이 쎄지 않고 적당 해서 많이 먹어도 입이 불편하지않았어요! 저와 친구 입맛에는 완벽하게 맞아서 너무 배부른데도 그릇 싹싹 ...,"연남동 브런치 카페 새로 생겨서 방문했어요! 일단 매장 자체가 너무 분위기 있고 예쁩니다..🤍 창가쪽에 앉아서 커 피마시면 유럽이에요✨ 트러플 크림 파스타 꼭 드셔주세요. 파스타 맛집이라고 할 수 있을 정도로 맛있습니다. 시 나몬 크림 라떼는 시그니처였는데 크림라떼 안좋아하는 편인데도 존맛탱 커피에요. 비율, 크림 너무 맛있었습...",오랜만에 진짜 예쁜 브런치카페찾은기분이에요><!! 외관부터 깔끔하고 모던한 분위기에 브런치비주얼도 예술 ㅎㅎ 요즘 잠봉뵈르샌드위치에 빠져있는데 먹어본곳중에 탑에들정도로 넘맛있어요!! 같이나온 당근라페 넣어먹으니깐 더꿀맛이에요!! 당근 싫어하는데 극호됬어욬ㅋㅋㅋ 🫶 무조건 추천추천!! 하몽프렌치토스트는 은은한 단짠...,예쁘고 아늑한 연남동 브런치 맛집 🎀 직원 분이 친절하셔서 기분이 좋아요. 메뉴도 다양해서 (식사/ 간단한 브런치/ 디저트) 선택 폭이 넓습니다! ✔️ 레몬 페퍼민트 티 ✔️ 스크램블 아보카도 토스트 달달 상큼한 레몬청에 시원한 민 트 티백이 더해져서 깔끔하면서도 달달해요. 식사와도 잘 어울릴 것 같아요 토스트는 부드러운 바게트에 오일...,"매장이 맛있고, 음식이 예뻐요.. 🤍💙 이미 밥을 먹고 갔는데 ㅋㅋ 다들 맛나게 브런치드시고계셔서 하몽프렌치토 스트랑 아메2잔 시켰어요 ! 너무 맛있었고 ~ 분위기가 좋아서 또 가서 메뉴도장깨기하고싶습니다 😝 멍뭉이 이름은  모르지만 너무 귀여웠어요 .. 다음에 꼭 또 갈래요 !!!!!!!❤️❤️","프렌치토스트 미쳤어여,, 촉촉하고 따숩고.. 하몽에 부라타치즈까지 올라가있다니 ㅠ^ㅠ 혜자로운 구성..🫠🫶🏻✨  진짜 맛도리입니다. 라임민트에이드 왕짱강추 음료.. 너무 개운해요! 파스타 메뉴랑 딱 잘 어울리는 음료였어요 ㅎㅎ  기요운 짜장이 보는 재미도 있고~ 햇살 맛집이라 사진도 잘나와서 음식사진 찍을 맛 나여 🌝",사장님 넘 친절하고 예뻐요 평일 낮 방문이라 웨이팅없이 들어갔어요 메뉴 하나같이 다 맛있고 분위기 좋아요 재방 문 예정입니다,사장님이 너무 예쁘시고 친절하시고 디저트까지 예쁜 코티지 블루💙 무엇보다 디저트가 비주얼부터 맛까지 완벽해서 연남동 산책하다가 들러서 브런치 즐기기 딱인 연남동브런치카페입니다✨ 크리스마스 분위기는 덤이에요!(+애견동반 가능해서 댕댕이랑 들러서 커피한잔 하기도 딱입니다:)),외관부터 내 스타일이다 생각했는데 내부 창가자리!!! 너무 감성 있고 예뻤어요 특히 나무 이파리들도 붉게 물들어서 완전 가을 느낌으로 브런치 성공적이었어요🤎 하몽프렌치토스트 먹어보고 싶어서 왔는데 메이플시럽 듬뿍 있어서 촉촉한 거 너무 좋았구요 부라타 치즈랑 하몽과 조합도 최고였어요!!! 그리고 초리조오일파스타 진짜진짜 너...,연남동의 아늑하고 감성적인 브런치카페예요. 여기에서 머물면서 여기 카페가 정말 감성적이고 따뜻한공간이라고 생각했어요. 프렌치토스트는 하몽과 부라타치즈와 같이 먹으니 고급진 단짠조합이 너무 맛있었어요 *.* 아메리카노 는 프렌치토스트와 찰떡이었구요 ! 강아지도 있는데 강아지가 너무너무 귀여워요.. ❤️❤️ 보기만해도 너무 순...,홍대의 핫플 카페 코티지블루!! 인스타에서 많이 보고 너무 가보고 싶어서 갔는데 역시나 너무 예뻤어요:) 곳곳이 포 토스팟 가득이라 사진 찍는거 좋아하시는 분들 가기에도 너무 좋을 것 같은데 음식까지 진짜 맛있는 찐 맛집!! 담에  방문해서 다른 메뉴 먹어보려고요 ㅎㅎ 심지어 잠봉뵈르에 같이 있는 당근 라페는 진짜 맛있어요 ㅠ 담에 구...,인테리어가 너무 감성적입니다🤍💙 약간 여름 같은 화이트 블루 색감 조합에 브런치도 진짜 예쁘고 맛있고 사진도 완전 잘 나와요!!!😋 햇빛도 잘 들어서 진짜 예쁜 가정집에서 브런치 먹는 느낌입니다!!! 무엇보다 사장님 인테리어나 플레이팅 센스가 짱입니다ㅠㅠㅠ👍🏻👍🏻👍🏻 연남동 브런치 카페는 코티지블루 가보자고!!!🕺🏻💃🏻,"분위기도 넘 좋구,,,클스마스트리까지🎄🤍 프렌치토스트랑 티도 넘 맛있어요🤤🫶🏻사장님도 넘 친절하시고 아늑해서 담에 또 방문할게요🩵",연남동 프렌치토스트 맛집이에요 💛 인테리어도 너무 예뻐서 사진 찍기 좋은 카페 !!!,벌써 여러번 재방문 중인 연남동 또간집 코티지블루💙 인테리어며 브런치메뉴들 그리고 초코케이크까지 하나하나 사장님의 정성이 가득한 카페인게 느껴지더라구요 🩵 파스타 샌드위치 당연히 맛있고 특히 초코 케이크가 미쳐요 꾸덕하고 크림도 맛있거 이쁘고..진짜 느허무 맛있어서 한 판으로 먹고싶어요 지쨔ㅜㅜ 그리고 갈 때 마다 느...,맛도 좋고 분위기도 좋고~ 친절하시고~재방문각 입니다~^^스파게티도 맛있는데 사진이 없네요. 감자스프는 아이  최애가 되었네요. 아이 프렌들리한 곳이고 옆에 유료주차장이 있어요. 지원은ㅈ없지만 연남동에서 주차하기 힘든 데 좋네요~~!! 번창하세요 ~,"연남에 이런 카페가 있었다니,,🥺분위기도 너무 코지하고ㅠ 사장님도 너뮤 친절하세요!! 메뉴들이 브런치로 너무 딱이에요!! 커피도 끝맛까지 깔끔🫶🏻!! 특히 아마트리치아나 파스타 너무 추천합니댜!!👍🏻👍🏻⭐️⭐️⭐️⭐️⭐️",야외만 예쁜줄알았는데 안에들어오니까 실내가 넓구 더 예뻐요 🩵 연남동브런치카페 위치도 너무좋구 외국인들 사 이에서도 이미 핫한거같더라구요 ~~ 레몬페퍼민트티랑 아패롤스프리츠칵테일시켰는데 둘다 넘 맛있구 파게리도  순삭했어요 ㅋ_ㅋ 가격대도 넘 괜찮아서 자주 올꺼같아요 🦦✨,너무 예쁜 연남동 브런치카페 코티지블루 서울 여행 때 방문했는데 수요일이 휴무인걸 몰랐어요ㅠ 그래서 브런치문 포기하고 목요일에 방문했는데 포기하지않고 가기를 너무 잘한거 같아요 창밖이 보이는 자리도 너무 힐링되고 내 부 인테리어부터 외부 테라스 자리까지 모두 이국적인 분위기로 예뻤어요!,새로생긴 연남동 브런치 카페🩵 유럽감성 인테리어도 너무 예쁘고 깔끔해요! 샌드위치랑 수프..그리고 수프랑 나오는 토스트 진짜 너무 맛있어요!ㅋㅋㅋ귀여운 짜장이까지 .. 최고입니닷,분위기 좋고 파스타도 존맛 🩷 크리스마스 트리에 소품도 많아서 클스마스 분위기 내기 좋음   라떼도 강추,잠봉뵈르샌드위치 느끼하지않고 너무 맛있어요 ! 당근라페랑 같이먹으면 더 맛있어요 ! 분위기가 너무 예뻐서 브런치먹기 딱 좋은 곳이예요 🤍,홍대 카페 코티지블루 방문했는데 디저트도 너무 맛있고 트리도 너무 예뻐서 기분 좋게 있다 갑니다❤️💚,"브런치 카페 찾다가 파스타 토스트 써있길래 들어왔는데 나만 알고싶은 브런치 카페 발견 🥰사장님 완전 맛도리,,  여기 진짜 다맛있어서 깔끔하게 다먹었어요! 보통 브런치카페가면 느끼하거나 먹다보면 물리는데 파스타가 진짜  맛있었어요! 카페라떼도 넘 고소 !!! 인테리어도 예쁘고 부족한게 없었습니당✨ 자주 올게용~~","연남동에 이런 감성낭낭 브런치 카페가 있었다니... 카페 인테리어가 외관부터 내부까지 전부 취향저격이라 사진 엄 청 찍고 왔어요...🩵 아메리카노랑 레몬페퍼민트티, 하몽프렌치토스트 시켰는데 디저트 음료 모두 플레이팅부터 넘 예..🫧🤍 예쁜 플레이팅 만큼 맛도 기대이상으로 체고였어요!! 특히 하몽프렌치토스트 진짜 맛있게 먹었는데...","새로 오픈한 연남동 브런치카페 코티지 블루 ,, 🩵 브런치도 맛있다고 해서 방문했는데 분위기도 너무 예쁘고 음식 도 음료도 너무 맛있었어요 ! ! 데이트하러 왔는데 넘 만족하고 가요",최근에 다녔던 카페중에 제일 예뻐요..🩵 아기자기한 분위기 좋아하시는 분들이라면 무조건 만족하실거에요!! 아늑 한 분위기+맛있는 브런치랑 커피+친절하신 사장님 직원분들까지 뭐하나 부족함 없는 곳이에요...🥹🫧 라떼도 쓴 맛하나없이 고소하고 스크램블토스트도 짱맛이에용!! 마스코트 짜장이도 넘 귀여워요ㅠㅠ 보는것만으로도 ...,새롭게 브런치카페 오픈했다고 해서 말벌아저씨처럼 달려왔는데٩( ᐛ )و 너무 만족스러워요🩵🩵 자연광이 들어와 서 사진이 너무 잘 나오고 아기자기한 인테리어가 너무 귀욤해요. 그리고 직원분들이 편하게 다가와주시는게 느껴 졌어요 넘 친절하시더라구요♥ 🫕 초리조 오일 파스타는 처음 먹어보는 맛인데 오일파스타지만 매콤한 맛이 ...,"여기 분위기 넘 좋아요,, 채광,, 바람,, 공기,, 식물,, 다♥️♥️♥️ 음료 브런치 다 넘 맛나고 사진 진짜 잘니와요","그동안 연남동에 마음에드는 브런치 카페가 없었는데,,, 이젠 아닙니다🥹,,,,! 분위기, 맛, 가성비 다 마음에드는 코티 지블루를 알게 됐거든요,,,, 직원분들도 모두 친절하셔서 행복함 가득 채우고 왔어요! 앞으로 n번째 방문 예정,,,,🤍",예쁜 매장 + 맛있는 음식 + 친절함 + 애견동반 = 완벽🩷 지나가다가 넘 예뻐서 들렀는데 코티지블루 넘 좋아요ㅠㅠ  수줍음 많은 짜장이 멀찍이서 구경하는 재미까지🫶🏻 재방문 꼭 할 곳이에요!,아기자기 참 예쁜 카페 발견 ✨✨ 오픈런 했음에도 손님이 참 많이 오더라구요. 어디서나 사진 찍어도 참 예뻐요!!  샌드위치도 넘나 맛있게 먹었어요🍴,시그니처커피 맛있었어요. 분위기도 밝고 좋아서 다음에는 식사하러 방문하고 싶네요.,"오랜만에 음료,디저트,분위기 삼박자가 완벽한 곳을 발견해서 너무 좋아요! 연남동 카페 대부분 비슷비슷하다고 느 꼈는데 여기 진짜 제스타일이에요 커피를 좋아하지만 오후에는 카페인 음료를 안마셔서 레몬페퍼민트티를 주문했 는데 너무 맛있었어요 새로출시예정이라고 권해주신 케이크는 비주얼도 대박인데 맛은 더 대박… 생크림도 ...",브런치 맛있고 예쁘게 나오는데 매장 분위기도 편하고 좋아요,친절하고 강아지 동반 브런치 🐕 이트로 좋은데 트러플크림파스타는 양도 적고 별로 였어요,크리스마스 무드 최고🎄🎅 예뻐요!,크리스마스 분위기 미쳤어요 진짜 !!!🤍 트리 너무 예쁘고 가게 인테리어랑 너무 잘어울림.. 프렌치토스트도 입에서 녹아요 ㅠ..ㅠ 담에 또올게요오,"연남동 브런치카페 중에 코티지블루가 최고인 것 같아요! 공간도 너무 예쁘고, 음식도 너무 예쁘고 거기다 맛도 최고 에요! 음료도 딱 브런치랑 잘 어울리는 음료라 너무 만족스러운 브런치네욤! 완전 또 와야겠어용🤭🤭",모든게 다 완벽한 곳 ✨ 작은 집의 여름 ☀️ [커퓌] 커피머신은 뭘 내려도 맛있는 FAEMA 프레지던트 E71 에스프레 소 머신이다 커퓌맛이 예술이다 시나몬 크림라떼는 꼭 드셔보도록 눈이 띠용해지는 맛이다 [브런치] 파리에서 즐 겨 먹던 맛이 느껴졌다 절제 된 예쁨과 그속에 묻어나는 디테일은 인테리어 뿐만 아니라 음식의 맛에서도 느...,카페 분위기 좋구 커피랑 브런치도 짱맛있었어요!😍 가을에 오기에 딱 좋은 카페라고 생각해요~!!👍👍 데이트하러 오기 딱 좋은 곳이에요👏👏,"연남동에 귀여운 멍멍이가 있는 새로 생긴 브런치 카페. 브런치 카페의 여유로움과 편안한 분위기가 조성된 공간의 코티지블루는 반려동물 동반카페로 강아지와 산책 겸 방문하기 좋은 곳이었어요 저는 다양한 브런치 중 하몽과 부 라타치즈가 올라간 프렌치 토스트를 먹었는데 브리오슈의 푹신푹신한 식감과 고소한 치즈, 하몽이 들어가 단...","직원분들 모두 엄청 친절하시고 음료, 브런치 메뉴 다 맛있어요! 매장도 생각보다 넓고 좋아서 연남동 오면 앞으로 자주 들릴 것 같아요.",아니 트러플 크림 파스타 미춌네요... 브런치 장소로 너무 좋을 것 같아요!!! 라임에이드도 상큼 그자체 ㅜㅜ 창가자리도 좋규 분위기도 좋아서 자주 올것같아요~,"주말에 처음 방문했는데 매장 인테리어도 너무 예쁘고 크리스마스 분위기로 꾸며놔서 더욱더 기분이 좋더라구요!!  직원분들도 친절하시고 무엇보다 주문한 브런치 메뉴 하나하나 간도 적당하고 맛있어서 먹는 내내 행복했어요✨!!  특히 수프,, 미쳤어요😱 수프 먹으러 조만간 또 방문해야겠어요~~~ 첫 방문이지만 만족스러워서 리뷰 남깁...",여름과 너무 잘 어울리는 코티지블루💙 카페에서 가드닝을 즐길 수 있고 이국적인 감성이 가득 담긴 따뜻한 공간 이었다🪴 다양한 브런치 메뉴가 준비되어있었는데 바질페스토 콜드 파스타는 물론 초리조 오일 파스타는 두 번 시 킬 정도로 맛있었음🥹 다음엔 테라스에서 와인 먹으러 재방문 할래요🥂,여기 디저트 진짜 맛나보이쥬 ㅎㅎ 달달한게 엄청 맛있어용!,남편이랑 브런치 먹고 싶어서 연남동브런치카페 찾다가 발견했어요! 하몽 프렌치 토스트랑 아이스 아메리카노 시나 몬크림라떼 시켜먹었는데 정말 맛있었어요 인테리어도 너무 멋있고 깔끔해서 반해버렸다는💛💛귀여운 푸들 짜장 이도 가게에 있던데 수줍음이 많다고 해서 멀리 지켜만 봤네요!! 홍대입구브런치카페 찾으시면 강력 추천이에요!,저는 강아지랑 항상 같이다니는데 이렇세 맛+인테리어 다 완벽하고 좋은 애견동반카페는 없어유 ㅠㅠ 진짜 커피도  완전 맛있고 메뉴들도 하나하나 다 먹어봤는데 진심 다 맛있어요!!! 파스타랑 샌뒤치만 먹다가 오늘 초코케익 먹었는 데 지이이이이인짜 젼맛탱. 사장님이 직접 다 만드신다는데 넘나 대단쓰!!!! 연남덩 가면 무족건 가야되는 카...,"합정과 연남 사이, 신상카페 코티지블루 🏠 귀여운 강아지 짜장이가 있었고 사장님이 친절하셨어요! 프랑스 느낌이  물씬 나는 오픈 바 인테리어가 인상적이었습니다 :) 친구가 라떼감별사인데 라떼가 맛있었다고 해요!","입구부터 눈에 들어와서 찾아가기 쉬움 현관(?)앞 야외 테라스석도 예쁘게 꾸며져있고, 구석구석 인테리어에 신경  안쓴데가 없는듯 큰 창으로 채광이 잘 들어와서 사진이 잘 나옴 직원들도 다 친절하고 ㅠ 음료는 물론 음식도 맛있 음 정신없고 시끄러운곳을 피해 여유로운 분위기를 즐기기에 딱이었다 가까웠으면 여기서 살았을텐데...",연남동에 브런치카페가 새로 생겼다고 해서 가봤는데 입구부터 예쁨이 넘쳐서 기분이 너무 좋았어요❤️ 메뉴도 맛있고 구석구석 다 예뻤던 연남브런차 카페였습니다❤️,"반려견과 홍대 연남쪽에 자주 놀러나오고는 하는데, 우연히 들른 곳에서 전에 뵙던 사장님을 다시 보게되어 너무 반가웠습니다! 예나 지금이나 푸드와 커피 모두 맛있었어요 :)",내부 분위기가 너무 따뜻하고 좋아요! 브런치 완전 맛집입니다! 매장이 깔끔하고 음식도 퀄리티가 높아요🤩🤩,칭구랑 걷다가 넘 예뻐서 들어갔는데 음식까지 맛있네요 사장님도 넘 친절하게 잘해주셔서 리뷰 달고 갑니다ㅠㅠ 감사해요!!!  인테리어도 예뻐서 데이트 장소로도 추천드려요,초리조파스타에 초리조가 짭짤하니 맛있고 같이 들어간 호박과 마늘과의 조화도 좋은 것 같아요! 냠냠 순삭하고 갑니당❤️,청첩장 모임때문에 요새 카페 겁나가는데 최근에 간 카페중에 제일 예뻤음 음식도 맛있음 ㅎㅎ,분위기도 예쁘고 저녁에 가니까 조용하고 좋았어요~ 커피도 맛있고 토스트도 맛있어요~ 짜장이 너무 귀엽고 다들 친절해서 기분 좋았어요~ 또 가고싶어요^0^,분위기 완전좋아요❤️ 파스타도 완전 맛있어요 추천드려요!!!!!,💗💗💗💗👏🏻👏🏻👏🏻👏🏻👏🏻,맛있어요 인테리어 예뻐요 사진찍는사람 많아서 좀...정신없어요,분위기도 넘 좋고 음식도 넘 맛있어요! 연남동브런치 카페 찾으신다면 여기 추천드려요💖,음식이 맛있어요:),인테리어가 너무 멋진 곳에서 커피 한잔 커피맛도 너무 좋아요. 전에 음식도 많이 먹어봤는데 다 맛있었어용😁 또 올래요,신상카페가 생겼다해서 다녀와봤는데 인테리어가 너무 예뻤어요!!취향저격! 사장님도 엄청 친절하시구 무엇보다 귀여운 짜장이가 있는 곳..😀❤️,파스타 넘 맛있고 음료도 맛있고 가게도 넘넘 예뻐요🫶🫶 사장님두 친절하시고 동네였으면 매일 출석했을 듯! 다 음에 또 서울 오게 되면 방문할게요💓,매번 올때마다 맛있는 코티지 어린이 숟가락 포크도 있어요 예쁜 브런치 카페에 키즈프랜들리라니💕,…,굿,분위기 좋은 카페예요~ 커피도 맛있고요~,"인테리어, 분위기, 맛 모든 게 완벽했던 코티지블루 🩵 지금까지 방문한 브런치카페 중 가장 맛있었어요! 유명해지 기 전에 또 방문할 거랍니다 ~! 운 좋게 짜장이도 보고오기 성공 !!",좀 늦은시간에 가서 오래있지 못하고 나왔는데 밤에도 분위기가 좋았어요. 얌전한 강지도 있어요. 창밖으로 향하는 자리가 가을밤을 즐기기엔 좋을것 같은데 좋은자리는 항상 누군가 있지요,영수증 리뷰한 사진을 마음대로 다른 캠페인 사진에 무단 사용하시고 출처도 안남기셨네요. 영수증 사진은 도용해 도 되나요? 기분좋게 갔다왔는데 기분 나쁘네요. 당장 사진 내리세요,굿굿,카페 사장님인지 누군지 모르겠는데 영수증 리뷰한 사진 도용하셨네요. 말도 없이 정말 기분 나쁩니다. 다른데서 사용하신거 당장 내리세요. 무단 도용 하지마세요.,,,,,,,,,,,,,,,,,,,,,,,,,,
랜디스도넛 연남점,1543986977.0,"진짜 너무 존맛💋역시 주기적으로 수혈해줘야함. 연남온김에 포장요. 입장은 바로, 줄 서서 대기는 5분 안팍인듯?? 주문하고 포장줄인만큼 금방 빠져요 어차피. 남치니 최애 초코롱존, 메이플 롱존, 타이거테일, 등 10개 구매. 애플 프리터 없어서 아쉬운대로 타이거테일 가져왔는데 😭아쉬운대로 샹달프 애플시나몬잼 발라 먹었는데 좀 비...","맛있는게 다 팔려서 그런저 저 3개(민초, 베이컨할라피뇨, 블루베리)중에는 베이컨이 젤 맛있었어요! 블루베리는 던 X도너츠랑 별 차이 없는 것 같구요 민초는 진짜 엄청난 찐!민초입니다ㅋㅋㅋ 토요일 오후 5시쯤 방문했고, 대기시간 은 20분정도였어요",랜디스 도넛을 평소에 좋아해서 종종 먹는데 이젠 더이상 사 먹을 필요가 없네요 베어클라우를 좋아해서 많이 사 먹 었는데 기존보다 빵이 푸석푸석해졌고 사과 퓨레도 확연히 줄었어요 발바닥 부위를 제외하고는 시럽맛이 느껴져야 하는데 빵을 계속 먹어도 퓨레맛이 느껴지지 않아 반으로 갈라보니 정말 소량으로 들어 있었네요. 말씀 드리...,"가격대비 도넛 가격도 큰 편이고, 여럿이서 먹기 좋아요 혼자 먹기에는 달고 양도 많아서 나눠먹기 좋습니다 :) 개인적으로는 글레이즈 크론디, 메이플 크림 롱존이 제일 맛있어요 !",스모크 베이컨 할라피뇨🥓🌶 어떤 맛일지 궁금했는데 생각보단 꽤 매콤했고 살짝 단 글레이즈에 베이컨칩이 잘 어울려서 새로운 맛 궁금하신 분들 추천합니다! 버터크림이랑 코코넛 도넛도 맛있었어요 기본적으로 도넛 빵이 퐁신단단하고 고소해요,오후늦게갔더니 몇종류 안남았네요. 클스마스트리도 설치해서 곧 클스마스가 다가온다는게 실감나네요 내가 좋아 하는 도넛으로~,맛있었어요. 그런데 매장에 앉아있으려면 2층에서 하는 커피를 또 사야만 하는 점이 아쉬웠습니다. 6개월에 한 번씩 끌릴 맛 인 것 같아요. 1. 딸기필링도넛 - 필링이 많았으나 위에 슈가파우더가 많아서 목이 맥힌다. 커피 필수 2. 스프링 어니언 도넛 - 양파향과 파의 향이 엄청난 도넛. 뭔가 위에 베이컨도 있었으면 더 짭짤하고 맛있었을 ...,도넛들이 진짜 다양하고 맛났어요! 주말에 가니 사람들이 진짜 많아서 기다렸습니다ㅠㅠ 그래도 회전율이 빨라서 1 0분정도 기다렸다가 받은 것같아요! 기름 가득한 그리고 극강의 단맛을 보고 싶다면 추천합니닼ㅋㅋㅋ 먹자마자 미 국의 맛을 외친 것같네요,도넛 진짜 다양하게 많음 의외로 엄청 달지 않아서 좋았음 스프링어니언크림도넛? 그냥 파크림 도넛이라고하자 여 튼 이거 파가 올라가서 그런가 약간 식사빵같은 느낌? 그리고 오렌지캔디도넛 얘는 달긴한데 전체적으로 다 단게 아 니라 밸런스가 맞아서 좋았음,"주말에 가면 항상 줄 서 있고, 완판되어 못 먹어 봤는데, 평일에 가니 줄도 없고 바로 구매 할 수 있었습니다. 맛나네요.",랜디스도넛 처음인데 괜춘타. 좌석도 많고 조용해요. 역시 평일찬스.,렌디스 도넛 맛있는 거 모르면 간첩이쥬?? 집에서 가까우면 자주 사 먹고픈 맛이에요😊😊😊,뜨거운 커피와 달콤한 도너츠.최고입니다,"텍사스글레이즈도넛.엄청큰거랑. 시나몬롤,올드패션 부드럽고 맛있는 도넛",도넛사서 음료랑 바로 먹을 수 있어 좋아요 식기류도 주고요,랜디스도넛 ㅎㅎㅎ체고 대기줄이 평소보다 적어서 금방 샀어용 짱 맛,식사후 간 곳이라 스프링 어니언 도넛만 먹었는데 길에서 먹던 계란토스트맛이었어요 맛있었습니다,동네 주민인데 주말에는 올 엄두도 못 내다가 평일에 와밨더니 줄 하나도 없어서 개꿀이었네요💕 평소 크리스피도넛 즇아하는데 그거 큰 버전처럼 진짜 빵이 맛있어요!! 다음에 평일날 또 도전해보려구요 ㅎㅎ♥️,텍사스 글레이즈 &스트로베리 맛있어요. 도넛맛임! 작은 미니도넛은 4종류이니 골고루 여러flavor 궁금하신분은 미 니미버전 먼저 사서 드셔보세요! 도우 자체가 입에 베어물면 부드러워요.,"언제나 맛있는 랜디스 🥹🥹🥹🥹 공휴일 저녁 6시쯤 갔는데 웬일로 도넛 재고가 좀 있었어요..❤️ 보통 주말, 공휴일에는 8시반에 가면 항상 올 솔닷이구 평일에는 가끔 기본 글레이즈드 같은 것만 남아있었는데 조금 더 일찍 가니 도넛이 이것 저것 있네용ㅎㅎ 오렌지는 처음봤는데 도넛 안에 퓨레 팡팡 과즙 팡팡 느낌이에요 엄청 달달합니다🍊",제주도에서 먹고~연남동에서 포장해서 먹어봅니다.~어니언맛은 처음인데 단것 안좋아시는분들 추챈해드려요~쫄깃쫄깃 맛나요,종류 다양해요!! 믿고 먹는 랜디스,직원분들 친절하시고 도넛 종류가 다양해요 줄은 생각보다 진짜 빨리 줄고 뒤쪽에 포토존 있어서 좋았어요,도넛이 크고 맛있어요~^^ 입에서 사르르 녹아요👍🏻,당충전완료 테익아웃이라 줄이 길어도 금방구입할수있고 2.3층에서 음료구매시 같이먹을수있어요,특별한 도넛이 있어요. 맛있어요,"딸기필링은 단맛보다 상큼한 맛이 좋네요. 레몬즙이 많이 들어간 듯 상큼하고 깔끔해요. 예쁜 크림사탕도넛은 자르기 아깝지만^^ 피곤할 때 커피랑 먹으면 좋겠어요. 스프링 어니언도넛은 식사로, 스모어는 간식으로 우유랑 먹지요🙂",물가가 많이 올라서 도넛가격대도 비싸다고 느꼈지만 맛있습니다-! 네모난 도넛 이름을 까먹었는데 꼭 추천드려요 ㅎㅎ,대기줄이 길진않고 외국사람도 있고 꽤 유명한가봅니다 6가지만 먼저 사봅니다,랜디스 도넛 처음 먹어봤는데 맛있어요!,제주도 갔을때 줄이 넘길어서 못먹었는데  연남동에서 살수 있어서 넘좋았어용 ㅎㅎ,아몬드 브리틀 꼭 드셔보시길~~^^ 최고최고,랜디스 도넛에 드디어 방문! 주말 저녁이었는데도 남아있는 도넛 꽤 됫어요 갯수 먼저 말해야해서 대기 줄 주는 동 안 고민고민 ㅋ 다 먹어보고 싶었지만 다음을 기약했어요! 대파도넛은 으잉? 싶지만 은근 맛있어요 ㅋㅋ,심슨가족에 나오는 도넛이라고 그래서 첨 방문~ 맛있드앙 :),오랜만에 갔는데 여전히 인기가 많네요🥰🥰 늦게 가서 먹고 싶었던 도넛은 없었지만 그래도 초코가 있어서 너무  좋았어요(≧◡≦) ♡ 도넛들 다 너무너무 맛있어보였지만 두개 먹었는데 두개다 너무 맛있었어요❤️ 역시 사람들이⃕  많이⃕ 가는데에는 다 이유가 있네요~٩(ᐛ)و 직원분들도 친절하시고 당충전도 되고 행복한 시간이였어요🥰,도넛은 랜디스 짱맛 가나슈 너무 맛있어여~,연남동에 위치한 3대 도넛중 하나인 랜디스도넛에 방문했어요 여기는 포장만 가능한 곳이라 맛만 보려고 포장하러 갔네요 더운 날씨에도 포장하려고 꽤 줄이 있었어요 도넛 종류가 정말 많더라구요 고르는게 더 어려운 수준입니다 ㅋㅋ 기본 글라이즈랑 버터 말차 이렇게 3개 포장을 했고 박스에 포장하면 추가금이 발생해요 노티드는 먹어...,낱개 각대봉투 생긴거 너무 좋은거 같아요 안싸우고 각자 먹게 똑같이 초콜렛초코롱존으로 두개 구매했어요 초코초 코땡길때 딱이에요 막 흐르거나 손에 묻히지않아도 되서 좋아요 맛있어요 :),서울여행와서 제주도에서 먹은 랜디스도넛 맛이  그리워 사먹었는데 너무 맛있어요♡,연남동 갈때마다 들리게되는 랜디스도넛! 퇴근하고가면 거의 솔드아웃이라 빨리가야해요ㅠㅠ 아니면 주말에 웨이팅하고먹기....,저녁시간인데도 도넛이 꽤 있었어요! 먹고 싶던 몇개의 도넛들은 없어서 아쉬웠지만ㅠㅠ그래도 맛있었어요!,어제 홍대입구 엄청 오랫만에 나가서 달라진모습에 정신없이 구경ㅡㅡ 아직 남아있는도덧들 딸이 여기 맛있다해서  사와서 집에와서 먹어보니 맛있네요,맛은 묘한듯함! 베스트 메뉴 위주로 먹었는데 약간 색다르지만 어우러지는지는 잘 모르겠다 그냥 도넛같은 도넛은  맛있었으나 퓨젼도넛은 약간 띠용 너무 공장스러운데 깔끔하게 하려규 했으나 결국 깔끔하지 않은 느낌 안팎으로  돌아다니는 직원 및 옆에서 박스접기로 결국 먼지가 다 날려 위생적이다는 모르겟음,여섯시쯤 갔더니 남아있는 도넛이 거의 없었습니다 ㅜㅜ 먹고 싶은 걸 못 먹었어요 미니 도넛만 구매했는데 미니 도넛도 졸맛이네요!!,도넛 크기가 커서 선물하기도 좋네요 맛있어요~~ 재료듬뿍듬뿍 완전 짱짱,늦게가면 베스트맛들은 다 팔리고 없지만 전체적으로 맛있어요ㅎㅎ 집앞에 노티드도 있지만 노티드랑 또 다른 맛입니다! 직원분들이 빨리빨리 주문받으려고 하는모습이 고맙네요,지난번 오후 방문에 솔드아웃이라 못 사 와서 오픈 시간 맞춰 방문해서 구매했네요. 맛없는 도넛이 없는 랜디스도넛!!너무 맛있어요.,크림사탕도넛이 농도조절을 잘못했는지 너무두꺼운건지 이 나갈뻔했어요...치아치료받으시는분들은 못드실거같아 요ㅎㄷㄷ... 레몬이랑 딸기 필링도넛은 안에 빵이 촉촉하지않네요. 가장 맛있던것은 애월녹차필링도넛입니다. 넘달 지않고 딱 맛있었어요. 예전보다 맛이 쏘쏘하네요ㅜ,랜디스가 도넛중에 젤 맛도리라고 생각함니다,달달한 디저트가 생각날때 딱하나 먹기 좋아요 ~^^,맛있어요. 하지만 먹다보니 느끼해요.,커피 맛있어요 도넛도 맛있어요~,도넛자체는 쫄깃하고 맛있어요 :) 토핑에 따라 조금 달거나 그런 부분은 있고 올드패션은 D브랜드가 입에 익어서 그 런지 그맛이 안나는 느낌입니다(개인취향입니다) 매장은 너무 사원하고 좋았음!,젤 좋아하는걸 못먹어서.. 재방문 예정 😢,직원분이 맛있는 도너츠 추천해주셨어요,코로나때부터 자주찾았던 도넛가게~ 그땐 줄이 어마어마했었는데 오늘갔더니 문닫은줄~ㅎ가게문이 닫혀있고 매장 안에 사람이없어서 도넛가게도 브레이크타임있나 했네요.ㅋ여전히 맛있고 못보던 작은 도넛도 있던데 ..도넛진열장 안에 직은파리가 ㅠ 한두개도 아니고 주문한 도넛 취소하려다 그냥들고왔네요 .위생에 신경쓰셔야 할듯요 .,평일 저녁에 웨이팅 없이 샀어요! 올드패션드는 계피맛 많이나서 호불호 갈릴듯 해요 ㅎㅎ 필링 들어간 도넛이 무난하고 맛있습니다!,주말 점심때 줄이 짧아서 갔습니다 종류도 엄청 다양해서 진짜 골고루 샀네용 다른데보다 랜디스가 쫠깃하니 맛있어서 최애예요🥰,머리가 아플정도로 달아요.  젊은이들 건강을 위해 조금만 먹길……,좋아요 처임인데 재방문의사잇어용,커피랑 맛있게먹었어요~,글레이즈드는 크리스피나 던킨이 훨씬 맛있었구요. 가나슈도넛 먹었는데 너무 맛잇었어요.,도넛은 넘넘 맛있어요~ 근데 가끔 알바생들이 너무 불친절해요…,도넛 맛집 예전엔 줄섰는데 요즘은 대기없이 먹을 수 있어서 좋아요.,도넛은 맛있지만 어느 맛집이나 그렇듯 직원 분들은 친절하지 않습니다 *^-^* 그냥 도넛만 사고 나오는게 맘이 편하답니다..,30분 기다려서 사먹을만 합니다 맛있네요 ^^,연남동 갈때마다 구매해요! 연휴라 줄이 길었는데 15분 정도 기다린 것 같아요 :) 레몬크림 필링이 최애에요!,커피를 꼭 사야지만 매장에서 시식 가능한건 안타깝지만 도넛 맛있어요,반죽이 정말 쫀득하네요^^,넓고 인테리어가 멋있어요~~,먹다 맛있어서 사진 찍었어요^^,진짜 먹어보고 싶었던 곳인데 생각보다 더더더더 맛있었어요 ㅠㅠㅠ 또 사먹고 싶은데.. 집이랑 멀어서 자주 못가네요.. 의외로 저 사각형 도넛이 페스츄리도 느껴지고 많이 안달아서 맛있었어요! 전반적으로 다 달긴 하지만 당 땡기는 날에 한조각만 먹어도 당충전 바로 됩니당ㅋㅋㅋ 다음에 또 가야겠어요😍,랜디스 신메뉴 너무 많이 나왔지만 난 늘 애플프리터무새 ❤️❤️❤️ 뒤에 포토존 더 이쁘게 리뉴얼됐더라구요 ! 사진 찍기에 더 좋아졌어요 옆에 전신 거울도 2대가 있어여 굳굳,오전에 방문하니 사람도 많지 않고 종류도 많아서 좋았어요! 레몬필링말고는 다 처음 맛보는거로 사봤는데 애플프리터 정말 단게 먹고싶을 때 추천!!! 원픽은 그래도 레몬 필링 >_<,일요일 저녁에 방문했는데 줄은 길지 않았지만 제품이 거의 다 솔드아웃되어 선택의 폭이 좁았어요,빵이 쫄깃하니 맛있네요. 2층에서 음료사서 3층 좌석에 앉아 먹었어요. 좌석 몇개 없을까 걱정했는데 꽤 있네요. 음료는 그냥그럼,스프링어니언 도넛 추천합니다 불향 가득한 네기야끼 맛이 확나네요,"버터크림, 레몬필링, 슈가크론디, 글레이즈크론디, 애플프리터 구입했는데 다 맛있었어요. 도넛이 쫄깃하고 특히 네모난 도넛류가 맛있어요.",몇년전 제주도애서 줄서서샀던기억이나서 집에사옴 이젠 예전만못한가 줄이없어 다행,그냥 지나칠 수 없는 곳 🥹,직원분들도 친절하고 도넛도 맛있어요! 일요일 오후 갔는데 웨이팅도 없구 도넛 종류도 많았습니다!,버터크럼도넛 맛잇당,"지나가다가 유명하다고 해서 들려서 먹어보았는데요! 이미 7시 넘어서 갈때즈음엔.. 도넛이 거의 없어서 사실 그냥 아무거니 골라서 먹었는데 베이컨 도넛…? 아니 식사같은 도넛은 처음이에요 ㅋㅋㅋㅋㅋㅋㅋㅋㅋㅋㅋㅋㅋㅋㅋㅋ ㅋ 재밌었고, 맛있었어요! 그런데 또 다른 맛도 경험해 보고싶달까? 한번 도넛 많을때 식사겸 와보고싶어요",산 가격은 아니지만 도너츠 맛나요,도넛은 맛있지만 직원들은 울기직전이네요 힘들어서 그런가봐요,도넛 짱 마싯🍩💕,"랜디스도넛이 최고시다~~  애월녹차필링도넛 생각보다 안 달아서 좋았고,  아몬드 브리틀 도넛은 생각보다 더 맛있었습니다 ㅎㅎ 도넛은 랜디스, 디저트카페는 랜디스.",당충전하고싶을때 가세요 ㅎㅎ 반죽도 다른데 보다 맛있긴해요~,음 랜디스 도넛 맛있네요. 저녁 시간에 웨이팅 없이 들어갔어요. 빵이 진짜 부들부들~,맛있어요~~ 매장 깨끗함,도넛 너무너무 맛있는거 많아용,로스트코코넛이 너무 맛있어요~,도넛 사랑하심 꼭 가보셔야죠 던킨과 크리스피 그 사이의 미쿡맛,글레이즈는 필수이자 근본이다,예전보단 줄이 짧아서 오래 안기다리고 먹을 수 있어요. 하지만 제일 맛있는 글레이즈는 오후에가면 없어요.,부드럽고 달콤 맛있어요,맛나게 잘 먹었어요~,도넛이 맛있어요  연남동 올때마다 들르는곳,연남동 걷다보니 랜디도넛보여서 배부르지만 어여사러갔어요 오오 다른데서 보지못한 도넛이 있어서 어여담았네요 파가올라가 있는 도넛 너무 맛나요 단짠단짠하니 제입맛엔 딱이네요 다른건 아직못먹어서 ㅋㅋ 더먹어보고 후기추가할께우ㅗ,먹다보면 너무 빵이 많아서 물리긴 하는데 맛있어요,토요일 점심 이후라 종류 많을까 했는데? 오픈힙빨 점점 떨어져서 줄도 안길고 좋아요,"오후6시30분쯤 갔었는데 거의 품절이어서 남은것중에서 맛나보이는것 세개만 초이스. 근데, 무심코 고른 애월녹차필링도넛이 제일 맛있었네요!!",지나갈때마다 줄이 길었는데 오늘은 줄이없어서 방문해봤습니당 도넛은 진-짜 안먹는편인데 어니언도넛 너무너무맛있네요!!,도넛 맛나요~~그치만 좀 비싸죠 ㅋㅋ,담날 냉장고에 두었다 먹어도 존맛탱!!!,커피와 디져트 빵 다 맛있답니다,빵이 부드러운데 달아요,개인적으로 신사점이랑 도넛 종류가 너무 차이가 많이나서 실망했습니다 ㅠㅠ 한참 장사하고 있는 시간에 갔음에 도 불구하고 종류 자체가 아에 많지 않더군요!!!! 도넛은 맛있습니다,먹길 잘해써요 너무 맛남 진짜,
마가렛 연남,1493242469.0,먹을거 천국•••!! 로투스 먹었는데 크림 존맛탱에 빵 겉바속촉이라 딱 좋았어요🍪 다음엔 무화과 케이크 먹어보고  싶은•••🍰 자리도 많고 넓고 예쁘게 꾸며놔서 좋았습니다:) 라떼 맛있어요🤎,"1층 주문하는 공간, 베이커리 진열대 이쁘게 꾸며져 있어서 좋아요, 내부는 특별한건 없어서 쏘쏘입니다 디저트는 맛있었습니다. 주문하고 나온 음료,베이커리 트레이를 직접 들고 야외 2층으로 오르락 내리락 하는게 번거롭고 다먹고 반납할때도 번거로웠습니다","밤치즈케이크에 밤도 많이 들어가고 달콤해서 맛있습니다. 예쁜 디저트가 많네요. 1,2층 다양한 형태의 좌석도 많고 감각적인 인테리어긴한데 평일에도 손님이 많아 바쁘셔서 그런지 2층 가죽쇼파에 음료 얼룩이 많고 장식장에 먼지가 좀 있습니다.",연남동 스콘 맛집 마가렛 🧈 디저트 하나씩 거의 모든 종류 다 먹어봤는데 케이크보다는 스콘이랑 시나몬롤을 더  맛있게 먹었어요! 늦은 시간에 가도 디저트가 있어서 기뻐요☺️ 연말되면 카페 앞이 크리스마스 분위기로 반짝거려 서 분위기 있어요🎄✨,조용한 주택가 사이에 위치한 카페! 2층에 멋진 테라스 자리가 있어요 베이커리를 비롯해 케이크 디저트 류가 많아 서 고르기 어려울 정도! 카스테라 큐브파이가 진짜 맛있어서 왕추천 🔥 다른 디저트도 먹으러 또 가고 싶어요,바질토마토에이드 역시 맛있었습니다:) 바나나푸딩도 무난하게 달달한 딱 생각한 맛이라 너무 좋았어요! 양이 꽤 많아서 양을 조금 줄이고 가격을 좀 낮춘 사이즈도 생기면 좋겠더라구요! 그리고 초코라떼는 굉장히 달아요ㅠㅠ 정말 많이 다니까 참고하시와용,크리스마스 분위기가 나서 사진 찍기도 좋고 케이크 종류가 진짜 많아요🥹👍🩷 평일인데도 사람이 많아서 자리를 먼저 잡고 주문 하시는 걸 추천드려요. 케이크도 맛있고 음료도 맛있어서 넘 좋았어요,분위기진짜 굿이에요 디저트는 보기만해도 행복하고 맛도좋았어요!! 그런데 너무추워서 커피가 아이스커피가되었 어요 ㅜㅜ 겨울인데 난방이 시급합니다ㅜ,디저트 종류가 정말 많더라고요! 케이크는 생크림이 조금 느끼함감이 있었고 수플레래서 출렁이는 수플레 치즈케이크는 수플레는 아니고 퍽퍽한 느낌이고 아메리카노는 연하고 초코밀크는 제티맛이라고 친구가 그랬어요… 맛에서는 아쉬움이 남고 공간은 예쁘네요,다양한 디저트들이 있다고해서 하나 포장해왔어요 정말 굿 😃,맛은 있는데 좀 비써요 디저트가 ㅠㅠ 위에 카페도 느낌있어서 즇아용!! 다만 카페가 은근히 작아서 옆에 사람 얘기  다들림🥹 일층 야외 자리는 진짜 이쁨!! 딱 크리스마스 분위기🎄,말차 빵 녹차의 풍미가 좋아요. 다른 스콘의 비해 스콘은 촉촉하고 부드러워요. 헤이즐넛 커피는 달달 하고.. 아메리카노는 약간의 신맛이 나네요.,평일 16시 쯤 방문했습니다. 다행히 빠지는 시간대라 운 좋게 기다리지는 않았어요. 디저트는 기본적으로 다 괜찮 습니다. 큐브파이는 파이시트가 바삭하고 안에 크림도 넉넉하게 들어가 있어서 맛있게 잘 먹었습니다. 포장하고 싶 을 정도였어요. 레드벨벳컵케이크와 밤 치즈케이크 둘 다 치즈 맛이 강해서 너무 취향이었어요.,인테리어가 이뻐서 한눈에 반했어요😍 케이크는 달아서 당충전하기 딱 좋아요! 커피는 아아랑 라떼 둘 다 연하고 물 같아요ㅠㅠ,날씨가 좋아서 2층 창가에 앉았어요 ☺️ 오랜만에 맛있는 디저트 먹어보네요 !! 안에 크림이 들어있어서 존맛 !! 다른  맛도 먹어보고 싶네요 !! 아쉬운 점은 커피양이 적다는 것 .. 분위기는 너무 좋아요 !!,디저트 예쁘고 맛있고 사장님 친절하셔용,친구 생일이라 홀케이크 예약해서 간김에 제가 먹고싶던 조각케이크도 포장해왔네요 ㅋㅋ ㅜㅜ 케이크 다 너무 맛있어요 전 메론케이크가 젤 맛있었는데 동생은 레몬케이크가 젤 맛있다네요 ㅋㅋ 일본손님들이 많이 오는거같더라구요 매장에서 일본어 엄청 많이 들었어요 ㅋㅋ친절한 응대도 좋았습니다 넘 잘 먹었어요~,연남동에 디저트 가득한 카페. 크림 빵빵하게 들어간 네모난 패스츄리 빵이 시그니쳐인듯 싶다. 나는 무화과 크림치즈 스콘 포장해서 그 다음날 먹었는데 개인적으로 크림치즈가 따로 있으면 좋았을 것 같다. 케이크 같아서 너무 예쁘긴한데 약간 눅눅해진 느낌ㅠ 맛은 무화과 달달하니 맛있었다.,카페가 아기자기하고 디저트들이 하나같이 다 너무 예뻐서 눈이 즐거웠어요. 말차 덕후니깐 당연히 말차큐브로 골랐는데 말차크림이 많이 달지않고 느끼하지 않아서 맛있었어요. 커피는 맛이 별로..,좋아요 케익이랑 히비스커스 맛있어요,2층뷰가 넘 예쁘고 디저트 종류도 많아요. 차도 맛있고 추천해주는 메뉴도 맛있습니다. 직원도 무척 친절했어요.,외관 너무 이국적이라서 프랑스 외곽 카페에 온 느낌이었어오ㅎㅎ,테라스에 앉을 수 있는 날씨에 엄청 추천합니다. 자연광을 듬뿍 받는 예쁜 카페. 너무 예뻐요 정말♡,카페 분위기가 너무 이뽀요~~빵도 맛있구요~,분위기가 넘 조앙ㅅ,황치즈폰즈케이크 존맛이에여 치즈맛찐하고 꾸덕하고 강추합니당 단호박 크림치즈스콘도 단호박 맛이 생각보다 찐 하진 않았지만 전반적으로 디저트가 특이한게 많고 수제 디저트들이라 가격도 적당한것 같아요 평일에 방문했더니  웨이팅없고 한적해서 대화하기에도 좋고 테라스와 2층 1층 자리도 은근 넓어서 왜 유명한지 알 것 같은 연남...,치즈타르트랑 당근케이크🧡,생크림케이크 엄청 기대하고 갔는데 기대만큼 특별히 맛있지는 않고 그냥 무난무난 엄청 무난한 맛이였어요!! 커피도 산미가 살짝 느껴졌어요. 디저트가 너무 예뻐서 보고 있어도 행복하긴했습니다,레몬케이크는 사랑입니다 상콤달콤해요,"당큰케이크, 단호박 스콘은 항상 담백하고 맛있고, 치즈타르트 처음 사봤는데, 파이지는 과자처럼 바삭하고 크림치즈필링이 너무 맛있어요🥲 직원분들도 친절하셔요🥰",피스타치오 큐브랑 순수복숭아 케이크 먹었어용! 복숭아는 그리 달지 않았는데 크림이 맛있더라고요. 싹싹 긁어먹었어요ㅋㅋ 피스타치오 큐브도 맛있었어용,눈호강 하는 예쁜 디저트들이 너무 많아 고르기 힘들었어요. 맛도 있었습니다🥳,알바생들 교육 좀 제대로 시키세요. 커피 받고 2발자국 걸었는데 알바가 컵에 꽂아놨던 빨대가 기울면서 컵이 쏟아 졌고 순식간에 커피 다 엎었습니다. 제가 넘어지거나 부딪히지도 않았는데도요.. 겉옷은 물론 속에 입은 옷까지 커피 냄새가 진동을 하는데 알바4-5명 표정이 ‘하..귀찮은일 생겼다.’ 던데요. 딱 표정처럼 커피 범벅인 쟁반들고 옷...,디저트 비주얼 장난 없네요!,"디저트 맛집이라고 해서 찾아갔습니당! 일단 카페가 너무 예쁘고 디저트도 다양해서 좋았는뎅, 그중에서 샤인머스켓 요거트 케이크가 제일 맛있었어요! 수플레는 겉이 조금 말라서 아쉬웠지만 그래도 맛은 있었습니당!","분위기 있는 카페라 갔는데 내부는 글쎄…콜드브루랑 아메리카노랑 차이를 딱히 모르겠어요. 다음에 가면 그냥 아메리카노 시켜야겠어요. 디저트는 맛있는데, 케이스안에 담아서 판매를 안해서 위생적으로 좀 아쉽기는 해요.",케이크 외에도 여러 디저트가 있습니다. 음료는 보통 카페와 크게 다를 바가 없습니다. 좌석은 많으나 테이블 간 거리가 꽤 가깝습니다.,"친구 생일케익 사러 방문, 급히 사러간거라 홀케익 파는 곳을 못 찾았지만 몇 조각의 케익만으로도 훌륭한 파티였습니다~ 아직 큐브를 못 먹어봤는데 다음에 또 올게요 ㅎ","디저트 집 답게 스콘, 케이크 종류가 다양해서 좋아요. 다만 레몬진저티는…비추ㅜ 물에 레몬 두덩어리 타서 먹는 맛이었어요.",디저트 고르기 힘들었네요... 귀엽구 맛있어보여서 ㅎㅎㅎ 밀크티 좋아해서 그런지 로얄밀크티 케이크 맛나게 먹었습니다,"지난번에 딸기우유케이크를 선물 받았는데 너무 맛있어서, 가을이라 무화과와 얼그레이케이크 구매했어요. 부근에 케이크 맛난 곳이 없었는데 좋네요~",2층까지있구 케익이 많이 달았습니당,지나가다 발견하고 바로 들어가서 완전 만족하고 나온 카페였습니다! 너무 분위기가 예쁘고 조용해서 좋아요~,하아...여기 넘 맛있어요...눈 지대로 돌아서 다 먹어보고싶었어요 엉엉 안에 크림도 가득하고 넘 맛있는거 많음 이곳이 천국? 황치즈 말차러버들은 저거 꼭 드셔보시길,직원 두명이서 계산하고 음료 만드시느라 엄청 오래걸려요 그리고 정원에 바퀴벌레 다녀요!,청귤페퍼민트 맛나요..^^,에어컨 위생상태가 좋지 않아서 아쉬웠어요.,주말에는 만석이지만 평일 낮에 가니 자리가 있어서 간만에 가봤네요 디저트가 더 많아진 느낌! 빵들도 다 예뻐서 고 르느라 어려웠어요^^ ㅋㅋ 레몬컵케이크 먹었는데 상큼하지만 무난한 맛이었어요 다른걸 먹어볼껄 그랬나 조금 아 쉬웠어요( ；∀；) 큐브가 무척 맛있어보이던데 다음번에는 큐브로 먹어봐야겠습니다,별로...인스타 광고는 믿고 거른다,아기자기 귀여운 카페에요,"큐브파이 하나 포장 했는데, 알바생 분께서 뒷쪽 공간에서 포장하다가 로투스 포장대에 떨어뜨리시더니 다시 집게 로 집어서는 떨어지지 못하도록 꾹 눌러서 올리시더라구요ㅋㅋㅋㅋㅋ 안 보고 있다고 생각하신건지,,,, 하나만 구매 해서 포장 퀄리티가 3번째 인스타 피드 사진처럼은 안 된다는 거 알지만, 바닥에 떨어진 음식 모양까지 다 망...",분위기 너무 좋고 디저트류들 다 맛있어요!! 연남동 갈때마다 들리는 카페에요,말차 좋아하지않는데 여기 말차큐브파이먹고 반했어요. ㅜㅜ너무 맛있잖아요!!!! 디저트 종류가 너무 많아서 선택장애중 걸린거같아요. 뷰도 좋아서 친구랑 데이트하기 좋아요~,카페도 너무 예쁘고 채광이 너무 좋아요!! 내부도 야외테라스도 정말예쁩니다😆💖 사진찍으면 무조건 잘나오는 카페에요! 베이커리가 죄다 예쁘고 맛도있어서 배부른상태에서 3개 호로록먹었어요💖 한적한 분위기에 커피와 베이커리를 먹으니 힐링되더라고요💖 빵순이 만족스러운 방문이었습니다.,하.. 바나나푸딩 존맛.. 몽글탱글촉촉달달.. 배송도해줬으면..,봄철 목련과 벚꽃뷰가 특히 아름다운 연남동카페입니다. 보기만해도 미소가 절로 나오는 디저트와 다양한 콘셉의  자리들이 많아 아기자기한 사진 남기기 좋은 곳 !! 마가렛 연남에서 행복한 4월을 보내보세요. 카페전문 유튜브 유리 소리TV,카페는 정말 예쁘고 케익들도 하나같이 맛있는것 뿐인데 주말엔 사람 진짜 많습니다.. 걍 지나다 운좋게들어갔는데  아니면 굳이.. 하지만 정말 예뻐서 한번씩 기분내며 이쁜사진찍고..이런거에 최적화 되어있지 시끄럽고 더웠습니다 ㅎㅎ 그래도 맛있고 친절했어요 ㅎㅇ,생일 케잌 구입했는데..분명수플레치즈케잌 딸기 있었는데 ..집에서 보니 없네요..트릴플베리 딸기2개중 한개 옮겼어요..담백하니 좋으네요,아주 맛있진 않지만 그렇다고 맛없진 않은.. 적당히 괜츈한 곳.,디저트 종류가 많고 맛있어요! 능소화가 예쁘게 피어있어서 사진도 잘 나와요!! 매장이 넓고 쾌적해서 좋았어요💓,"베이커리 종류가 많아요.  다른 곳에 비해 큐브파이에 크림이 듬뿍 들어있고 너무 딱딱하지 않게 구워져서 부드럽게 먹기 좋았어요. 전반적으로 맛도좋고 친절하고, 직원이 자주 움직이면서 매장 정리와 청결에 신경쓰는 모습이 보기 좋았어요🧡","솔직히 음료는 가격에 비해 양이 적은 것 같습니다. 디저트는 종류도 다양하고 맛있었고, 인테리어도 멋졌어요~",무화과 프레지에 진짜 맛나요!  매장도 넓어요 ㅎㅎ,연남동 식사후 뒷길로가면 카페거리가 나오는데 카페 마가렛 주말엔 자리잡기 하늘의 별따기예요TT그래서 전 매번 포장하는데 다양한 종류의 조각케익과 파이가 눈길을 끄는데요... 누텔라큐브파이-수많은 겹겹만들어진 사각 모양 의 파이속에 부드러운 루텔라가 엄청많은 양으로 자리잡고있어요..입안에 살살녹는건이 6100 으로 양에 비해...,넓고 쾌적해요,케이크 이쁘고 매장 좋아요. 친구 데리고 종종 가요. 음료는.... 아쉬움이 있지만요...,"야외, 1층, 2층 이렇게 되어 있는데 내외부 다 이뻐요!!!! 디저트 종류도 많아서 고르시는데 고민좀 될 것 같네요 다음에 방문할때는 케이크를 먹어봐야겠어욤 👍🏻",치즈타르트 맛있어요👍👍 차갑게 해서 먹으면 더 맛있어요❤️,봄이랑 너무나 잘 어울리는 곳이에요❤️ 연남동에 벚꽃구경 왔다가 힐링하고 가요 디저트가 조금 비싼감이 없지 않아 있지만 빛이 따스하게 들어오고 내부 인테리어가 정말 예뻐요!! 사진 찍기도 좋은 것 같아요💛,굿,넘 맛있어요,황치즈파운드 촉촉하고 짭조름해서 맛있어요! 초코바나나도 진하고 빵사이에도 바나나가 있어서 맛있어요!,디저트 하나같이 예쁘고 커피도 맛나용 🍒,사람이 많고 그런가..? 카페가 음료실수 했는데 .... 친절히 응대 해 주시지 않네요 ㅠㅠ,디저트 종류 엄청 많아요… 다음에 남자친구도 데려오려구여,인테리어 쾌적하고 커피도 맛있어요 5월 4일에 가보니까 직원분들이 진상 고객들과 꽤 많이 상대하시는 것 같아요. 고생 많으십니다.,"연남동에 위치한 디저트 카페. 기존 주택을 그대로 개조해 사용한 듯 마당도 있고, 창밖의 흐드러지게 핀 꽃을 감상 할 수 있는 통유리창과 테라스 좌석이 인기다. 다만 1인 1음료수를 주문해야 하는데, 디저트를 여러 개 주문했다고 하더라도 음료수는 어쨌든 인당 주문해야 하는 모양이다...주택을 개조해서 자리가 넓진 않지만 2층짜리에 테...",연남동에서 테라스 뷰가 가장 이쁜 카페 중 하나… 벚꽃 거리의 규모가 크지 않지만 봄꽃 가까이 보면서 즐기기 좋은 곳?! 요즘이 절정인 것같아요. 핫플 카페의 디저트가 기대에 못 미칠 때도 있지만 칼러풀한 큐브나 스콘은 맛도 좋 은 편인듯.. 큐브 식빵은 좋아하지 않는데 바삭한 파이와 녹진한 크림의 조합이 좋아서 순삭?! 골라놓은거 보...,경의선 숲길 걷다가 가끔 오는 ‘카페마가렛’ 음료도 맛있고 디저트도 예쁘고 맛있어요.,여쁘고 맛있는 디저트가 많아서 어떤걸 먹어야할지 선택장애가 생길정도였어요. 1층 밖에 앉아있으니 한가하고 조용해서 좋았어요. 날씨가 좋으니 햇살에 사진도 다 예쁘게 나와서 좋습니다.,"연남동에서 제일 애정하는 카페에요❤️ 요즘 날씨가 따뜻해서 혹시나~ 싶어 방문해봤는데, 역시!!!! 카페에 목련꽃이 예쁘게 피어있더라구요^^ 시간 여유가 없어 디저트는 포장해왔는데, 마가렛 디저트 맛있는건 말모죠ㅎㅎㅎ 조만간  다시 방문해서 커피 마시고 올거에요!!😆",단독주택을 개조해서 만든 곳 같은데 구조가 특이하고 여유로워 좋습니다. 디저트는 눈으로만 먹어도 행복합니다.,"디저트가 맛있어요. 디카페인 커피를 팔아서 부담없이 마실 수 있어서 좋지만, 디저트를 고를 때 먼지나… 이물질이 올라갈까 조금 걱정이 되네요~ 그래도 디저트 다 맛있었어요",카페가 너무 이뻐서왔는데 남자직원이 너무 불친절하네요 그렇게 할 필요는 없을거같은데 기분이 안좋았습니다,맛있는 케익이 넘 먹고 싶어서 열심히 발품 팔아서 방문했어요! 직원분들 넘 친절하시고 디저트 종류도 다양해서 뭘 먹어야할지 한참 고민했네용🍰 맛은 무난하고 다음엔 다른 디저트들도 먹어보고 싶어요 :),"가정집 개조해서 안에보단 저녁에 마당도 분위기가 젤 좋아 보여요~ 빵, 케잌류도 다양하고 다 맛나보이고!! 근데 커 피는 넘 맛없네요.. 머신커피가 아니고 자판기로 추출하는 커피인듯ㅠ","케이크는 맛있었지만, 서비스나 응대가 실망스러웠습니다. 미리 예약하면 파리바게뜨나 뚜레쥬르 같은 곳 마저도 요즘엔 간단한 문구를 적어주기에 요청란에 ”OOO 생일축하해“ 적어달라고 작성했습니다. 단순한 문장이었고 엄청 에쁘게 적어주기를 기대한 것도 아니었고 안되면 안된다고 안내라도 해주실 줄 알았어요. 아무 얘기가 없길래...",디저트가 맛있어요ㅎㅎ 특히 케이크가 너무 달지 않고 맛있었어용~>~,매장도 넘 예쁘고 디저트도 귀엽고 예쁜데 맛도 좋아요 진심 하나도 빠짐없이 다 맛있음 눈물 줄줄,마시고 사진 찍긴 한데 기본 커피 양이 적어요,디저트 종류도 아주 다양하고 생크림케이크가 맛있었습니다!! 주말 오후에 손님들이 정말 많았지만 ㄷㄷ 2층 카페라 그런지 자리는 금방금방 생겼어요. 직원분들도 친절하셨습니다 😆 다른 디저트 맛보러 또 오고 싶어요.,당근케이크랑 초코바나나 케이크 완젼맛나요 진짜 디저트 맛집인정이에요 카페도 넘나 이뻐서 계속 있고싶어요,예쁜 디저트 종류가 많아서 좋아요🫶,지나다니면서 많이 보았는데 실제 방문은 처음! 그런데 커피랑 빵이 왜 이렇게 맛있는지! 특히 황치즈 미니 파운트 케이크?는 집 갈때 또 포장을 했답니다. 커피 정말 너무너무 맛있어요~!,디저트 맛집! 샤인요거트케익 진짜 원픽,예뻐요,날씨날씨가좋아 테라스에앉기 좋은것같아요 오랜만에 왔는데 날풀려서 더 자주와야겠어요,말차큐브파이&카페라떼 비추 큐브파이는 로투스가 맛있음 바질토마토 스콘 맛있음,"디저트가 맛있고 조용하게 이야기하기가 좋아요. 지하철이랑은 조금 멀었지만, 대화하면서 걸어가면 그리 멀지도  않게 느껴져요. 창이 커서 비가 와도, 햇볕이 좋아도, 어느 날에 가도 분위기 있을 연남마가렛. 딸기랑 블루베리 생 크림 케이크가 맛있었어요~^^*",단호박스콘 크림이 담백달달해서 맛있었고 겉바속촉이어서 좋았어요! 당근케이크도 안에 크림이랑 견과류 씹는 맛이 있어서 맛있게 먹었습니다🥕직원분도 친절하셔요:)(에그타르트 다시 나왔으면ㅜㅜ),카페가 정말 예쁘고 디저트가 맛있어요 ㅠㅠ,디저트가 맛있는데 가격은 비싸요..그리고 알바생 별로..불친절함,케이크 맛있어요~ 다만 창문을 열어놔서 좀 더웠네용,분위기 조아용,실온보관했다가 상해서 못먹었어요.. 다들 테이크아웃하몬 꼭 냉장보관하세요..,,,,,
버터베이커리,38420402.0,흑임자 바게트랑 페페로니 먹었습니다 흑임자 바게트 완전 강추!!!!!!! 진짜 맛나요 완전 고소 그 자체입니다!!!! 너무  맛나요!!!! 그리고 바게트가 바삭바삭 너무 맛나요 나중에 가면 다른 바게트도 먹고싶네요!,"작지만 큰 매장이에요ㅠㅠ 진짜 맛있는 거 천국 빵순이의 천국입니다. 페스츄리좋아하는 저에게는 특히나 더더더더 요. 홍대. 연남동 빵투어에 버터베이커리빠지면 섭합니다. 이날 산것도 다 맛있었지만""꿀고르곤바게트"" 최최최최애 입니다 ㅎㅎㅎ 또 갈게요!","믿고 먹는 버터 베이커리🥺 이번에는 마늘 소금빵, 파파 바게트, 명란 치즈 치아바타를 먹어봤습니다! 마늘 소금빵 은 위에 뿌려진 마늘 후레이크의 진한 탄맛과 빵 속에 들어있는 마늘빵 페이스트의 맛이 정말 조화로워 맛있었고, 파 파 바게트는 명불허전이네요! 양파와 대파, 크림치즈의 조합이 전혀 느끼하지 않고 상큼해서 끊임없이 먹을 ...",흑임자 앙버터 맛있어요. 이게 무슨 맛일까 하며 궁금했는데 앙버터 바케트에 흑임자깨가 박혀서 고소해요. 꿀고르곤 바게트에도 깨가 많아서 고소 했는데 제 입맛엔 흑임자가 더맛있더라구요. 레몬 파운드 궁금해서 사봤는데 촉촉하긴 한데 레몬맛이 하나도 안나서 아쉬웠네용.흑임자 앙버터는 종종 사먹으러 갈 것 같아요.,꿀고르곤도 꼬릿달달하게 넘 맛있는데 흑임자앙버터가 진찌 대박 믿힌넘이에요.. 진짜 찐 ㅈㅁ탱.. 흑임자잉금 꼬숩달달한데 버터풍미 합쳐지눈거 믿힌.. 실온에있는거 먹어야 버터가 녹진해져있어서 풍미 오집니다.,하나 하나 다 맛있네요~ 명란소금빵 반했어요^^♡ 파파바게트 맛있고 바질토마토 치아바타는 내용물이 조금 부족한 느낌이었지만 맛있었어요~,배불러서 꿀고르곤바게트랑 크랜베리크림치즈프레첼만 사봤는데 둘다 넘 맛있더라구요 다음에 다른 빵들도 더 먹어보러 가야겠어요,주말 아침 자주 오는곳이죠~ 모든 빵이 맛있구요. 댕댕이도 들어가도 되고 댕댕이 물도준비 해주시고 넘 좋아요. 직원분들도 친절하셔서 자주가요~^^,"파파바게트, 고르곤바게트, 마늘소금빵, 명란치즈치아바타 먹어봤는데 바게트 종류들은 재구매 의사 있어유",임자빵이랑 호지빨미까레 구매했어요 임자빵 검은깨도 잔뜩 뿌려져있고 고소하니 너무 맛있게 먹었어요! 버터베이 커리 빨미까레는 말모말모 :),저는 예전에 일년동안 홍대에 있는 직장에 다니면서 여러가지 맛집에 가봤습니다. 오래만에 와서 떠오른 게 이 작은 빵집입니다. 작은 가게지만 깊은 내공을 느껴집니다. 빵이 너무 맛있어요. 빵마다 특징을 잘 살려내는 느낌이 들어요.,급 빵 땡겨서 들르게 된 버터베이커리🥐 작은 빵집인데도 불구하고 빵 종류가 정말 다양해서 좋아요 포슬포슬 빵도 맛있게 먹었어요😘,"버터베이커리는 꿀고르곤졸라바게트가 찐입니다!! 꼬릿한 고르곤졸라를 달콤한 꿀이 딱 잡아주면서, 입천장까질 것 같이 빠작한 바게트 조합이 미쳤어요...",평소에 가보고 싶었던 곳인데 홍대 온김에 방문했어요! 간식으로 먹으려고 대보로 하나만 샀는데 맛있어요💛 커피도 맛나고 다음엔 흑임자 앙버터 먹어보려구요:),"사실 너무 맛있게 먹은 건 “든든한 파이” 지만 전에 구입한 건 회사에서 먹어서 사진이 없고, 이번에 구입한 건 아직  냉동실에 있어서 페페로니 파이 사진만 올립니다. 패스츄리 넘 고소하고 결결이 흩어지고 넘 맛있어요! 개인적으론  할라피뇨콘 패스츄리가 더 맛있었고, 키슈 좋아하시면 든든한 파이 추천해요!! 러스크는 생각보다 별로였씀다,,",모든 빵에 정성이 가득해서 더욱 맛있어요,꿀고르곤바게트 맛있어요😋  겉에 붙은 깨가 고소함을 더해줘요👍🏻,소금빵 맛있어요호.. 밥먹으러 가서도 생각나는 소곰빵.. 파스타집 식전빵먹다가도 생각난 소곰빵..,특이한 빵들이 많고 맛도 그럭저럭 괜찮아요,저는 빵수니가 아니에요. 홍대 방문했다가 지인때문에 여길 방문했는데 넘...맛있더라고요 ㅎㅎㅎㅎㅎㅎㅎ,모든 빵이 맛있어요! 매주 방문합니다!,명란소금빵이랑 바게트 맛있어요ㅋㅋ 비싸긴 하지만 값어치 하네요ㅋㅋ,식감굳 맛도 고소함도 굳,연남동 산책할때 종종 들르는 빵집~ 특히 크로아상 샌드위치 추천해요! 바질 페스토 소스가 있어서 향긋하고 너무 맛있어요,지나가다 들렀는데 빵종류가 엄~~~~청 많더라구요.빵들이 다양하고 커서 좋아요.,"처음 가본곳이라 베스트메뉴가 뭔지몰라서 그냥 소금빵,마늘소금빵 구매했는데 맛은 그냥 평범한정도인듯요","여기 빵 진짜 맛이써용 페페로니 한판, 명란소금빵, 꿀 고르곤 바게트?, 샌드위치 바게트 등 진짜 맛있음 ㅠㅠ 케이 크도 맛있었어용",맛있게 먹었습니다! 조각케익도 맛있었고 페스츄리를 바탕으로 한 빵들도 안의 토핑들과 잘 어울려 맛있었어요. 매장이 크지 않지만 깔끔하고 밝아 빵 고르기에 쾌적했습니다.,예전에 사람들 웨이팅하는거 보고 궁금해서 사봤어요. 무화과 바게트 특색있고 맛있어요 :),모든 빵의 식감이 식빵같아요... 치아바타도...소금빵도... 맛은 쏘쏘,"꿀 고르곤 바게트 환상의 맛 소금빵, 크루와상도 맛도리😋",단호박 좋아해서 단호박크림치즈빵 사러 갔는데 단호박 좋아하시는 분들은 단호박크림치즈호밀빵 꼭 드셔보세요!! 담백하고 맛있어용 그리고 크로와상샌드위치는 바질소스가 발라져있는데 속재료도 신선하고 진짜 맛있어요 ㅠㅠㅠ 대박 커서 엄청 배부르고 든든해요 사장님도 너무 친절하시고 재방문의사 100프로입니다☺️☺️,"오전 10시쯤 빵 살곳이 있나 찾아보다가 들려서, 기대없이 산건데 진짜 맛있어요 특히 크림치즈 프레첼 강추 ㅜㅜ🩵 크림치즈를 좋아하지도 않는데 그렇게 안 느끼하고 크랜베리때문에 상큼해서 좋았구요 빵이 쫀뜩해요 다음에 또 들릴 거 같아요 직원분도 친절해서 좋았어용",바게트 바삭달달 넘맛있어용,특별한 생일케이크 먹고 싶어서 검색해보다가 찾아간 연남동 버터베이커리 !! 케익 이름이 신기해서 특별할 줄 알았는데 맛은 고냥 무화가과 올라간 치즈케이크였어요😅 그래도 맛 하나는 끝내줍니다 다음엔 호두파이나 몽블랑 먹어볼 것 같아요 ㅎㅎ,철사끈(?) 포함 포장이라니…이런 센스 좋아요,무화과빵 꼭 드셈 너무 맛있음 스티커도 귀여우니 꼭 챙기세요.,우유식빵하고 토마토바질 치아바타 사왔는데 애들이 정말 맛있다고 하네요~~♡,푸딩 맛있어요,빵이맛있어요,꿀고르곤바개트는 찐이에여… 깨의 꼬소한 맛과 고르곤의 짭짤꼬릿한 맛이 정말 조화로와요..💗 사자마자 바로 먹 으면 빠작한 바게트를 그대로 느낄 수 있어요!! 초코가득한 빵도 냉장보관했다 먹으니 넘 맛있었어요! 고급진 초코맛 한가득에 당충전이 뽝 됩니당!! 당찔이들한테는 조금 달거에요ㅎㅎ 다시 방문하면 꿀고르곤은 무조건 재구매...,매장 깔끔하고 빵도 맛있어요,빵 맛있다고 해서 기대하고 찾아갔는데 종류가 넘 많아서 못 고르겠더라구요 ㅋㅋ 에그타르트랑 꿀 고르곤바게트 먹었는데 또 먹고 싶은 맛이에요 👍,스콘이랑 고르곤 사왔는데~ 사진이 초코 스콘만 있네요~ 주말일찍 오픈하셔서 자다깬 얼굴로 댕댕이와 빵사러가도  친절하게 대해주셔서 넘 좋아요. 주말 주중 종종 들린답니다~ 스콘도 맛나고 다른베이커리도 맘에 쏘옥든답니다♡,건강한 맛이예요,"홍대 갔다가 점심먹으며 서치해보고 찾아갔는데 매장이 아주 아담합니다. 포장만 되서 음료랑 같이 먹으려면 공원 에 가야하는게 단점 ㅎㅎ 여름엔 실내에서 먹고싶은데... 저는 파파,꿀고르곤바게트,무화과,명란치아바타 샀는데 제 입에는 무화과가 베스트입니다. 바삭한데 고소한게 취향저격~ 기본에 엄청 충실한 빵인지 시간이 지나도 밀...",진짜 솔직히 말씀드리면 제 입맛엔 다 맛이 없었어요... 짜고 비리고 왜 후기가 많은지 의문이구요 사장님 친절하다 고 리뷰 써있던데 그냥 피곤해보이시던데 지인한테 선물했다가 너무 미안했어요... 외국인 입맛에 맞추신거라 그런 건지 저는 별로였어요ㅜㅠ 아빠도 짜다고 못드시구요ㅠ,재료가 신선하고 맛있어요,파파바게트 든든한파이 다 맛있어요,여름이벤트도 하고 있네요~ 매번 사오는 버터스콘 버터 프레즐 사왔어요. 문앞에 댕댕이 물 챙겨주시는 센스 멋져요♡,울엄마가 여기 단팥빵이랑 흑임자빵을 아주 좋아하셔요 달지도 않고 속도 꽉차고 맛있대요~~,여기 개꿀맛이예요!! 지나가다가 생각나는 맛! 여기에 실패가 없어요!,마늘소금빵 최고~~,꿀고르곤졸라 맛있어요! 스콘은 아쉬운편이지만 바게트가 열일!,"흑임자 앙버터 구매.  커팅 가능,  너무너무 맛있어요 !!!! 🫢🥰",.,모든 빵이 다 맛있음 ㅠㅠㅠㅠㅠ  친절하시고 맛있고…💖💖💖,친절하시고 빵종류많아요,겉바속촉 맛져요,최고의 빵집,홍대오면 꼭 들르는 빵집!!!! 앙버터가 최고지만 다 맛있음!,포장만 가능한 빵집이지만 친절하시고 오랜만에 방문했는데 종류도 엄청 많아지고 맛난 빵 한가득😍 무화과빠게 트 넘 맛있네요~~,"할라피뇨 콘 페스츄리와 고르곤졸라 페스츄리를 먹으면 저 세상맛 다른 빵집 절대 갈 수 없습니다. 이 빵을 개발한 사장님은 천재 상받으셔야합니다…. 페스츄리를 여러가지 방면으로 개발한 흔적이 보이고, 단순한 페스츄리에서 토 핑만올린게 아닌 모양을 변형하여 속 재료를 가득히 넣으니 이만한 빵이 어디있나 싶고 피자먹을바엔 버터베...",꿀 고르곤 진심 존맛도리에여ㅠㅠㅠ,고소하고 바삭해서 너무 맛있어요ㅠ 컷팅도 해주셔서 좋아요!,친구 케이크 구매하려고 거리 돌아다니다 우연히 들린곳인데 들어가자 마자 진열된 빵들 보도 감탄했어요 :) 다 맛있어 보여서 엄청난 고심끝에 고른 케이크도 맛있고 칭구도 좋아했어요 ㅎㅎ,"버터베이커리에 빵종류가 이리나 다양한지 몰랐어요,,,🫨 기본적으로 빵을 하는 집이라, 구움과자류보단 바게트 크 로와상류가 맛있구요! 역시 호밀빵과 치아바타는 저는 에프굽추천입니다,,🫠🫠🫠🫠🫠🫠 토마토바질치아바타 에 갈릭마요조합은 아침으로 아쥬 굳굿😀😃 취향껏 고르시면 되실 듯!합니당!",소문듣고 갓는데 특별함이 잇네요,귀여운 초도 많이 팔고 파운드 케이크 종류도 다양해요,이집 뺑오쇼콜라 존맛탱,굿~~^^,맛있어요,작년 11월에 방문하고 두번째 방문 가격은 500원씩오름 꿀고르곤바게트와 파파바게트 진짜맛있음 매일먹고싶음ㅋ ㅋㅋ,빵굿,종류는 진짜 많은데 맛있는 빵이 없어요.. 꿀고르곤졸라 진짜 기대했는데 별로..,언제나 가도 빵이 맛있네요~,깨가 듬뿍 붙어있는 바게트에 고르곤졸라 치즈를 크림치즈에 섞은 크림이 발라져 있어요 그리고 꿀을 함께 넣은 듯 싶습니다 크기는 적당히 큰 사이즈였어요 바게트는 질깃 구수한 프랑스식 바게트 느낌은 아니지만 빠작하게 씹히면 서 질기지 않은 식감이였어요 깨에서 오는 고소함. 눅눅하지 않아서 좋았습니다. 괜히 바게트 맛집이 아니네...,일찍오픈 하고 스콘맛집 넘맛있어요~,"크림치즈가 들어간 빵이 많아요. 크림치즈를 아주 좋아하는 편은 아닌데 단호박 호밀빵 맛있어요. 호밀빵이 쫀득하고 단호박이 정말 가득 들었어요. 명란치즈 치아바타, 대보로, 고르곤졸라 페스츄리도 괜찮아요. 크림치즈 좋아하면 아마 더 맛있을 거 같아요.",무난하게 맛있어요,간만에 연남동 왔는데 빵순이 친구한테 맛있는 빵집 추천받아서 명란치아바타랑 앙버터 먹었는데 너~~~~~므너무 맛있네요~~😁,너무맛나요~♡ 가까운데있으면 매일가고싶어요~^^,"우연히 가게 된 빵집인데, 그냥 바게뜨도 맛있어 보이기는 했는데... 꿀 고르곤 바게뜨 진짜 앉은 자리에서 다 먹을 정도로 제 스타일 ㅠㅠㅠㅠ",너무 맛있게 잘 먹었어요!!,이만원 넘게 샀어요 다 실패예요,"우연치않게 알게되어 구매하여 먹어본 흑임자 앙버터는 정말 진한 흑임자 맛에, 빵도 겉바속촉이어서 조화로웠어요!!! 사실 흑임자앙버터만을 보고 방문하였는데 다른 빵들도 너무 맛있어보였어요!!! 다음번에는 다른 빵들도 같이 구매를 해봐야겠어요.",올리브 치아바타 너무 맛있었습니다 다른빵들도 맛있었어요!!,오늘은 대보로 도전! 그리고 언제나 좋아하는 버터프레첼까지! 지방에서 놀러온 친구한테도 버터베이커리 알려줬더니 역싀나 여러가지 사와서 또 무화과 바게트 주고 갔네용 ㅎ ㅎ 소개비 개이득 🤪 연남동 빵집은 여기꼭 추천 !,좋아요,맛있는 빵이 가득해요.,빵이 맛있어요~!! 파크림치즈바게뜨가 호불호 갈리지 않을 맛있는 맛 굿~ 농부의 정성 빵 루꼴라 좋아하신다면 추천해요! 그리고 여기 크로아상 진짜 커요!,갈때마다 항상 맛있고 커피도 맛있어요 추천합니다,샌드위치류를 사고 싶었는데 바로 먹지 못하는 상황이라 대보로빵을 샀어요(이름 너무 재미있음 ㅋㅋ) 그런데 빵이 름만 보고 산게 실책..ㅠㅠ 대보로빵이 아니고 대보로파이더라고요 안에 잼도 약간 발라져 있고 페스츄리도우인거  알았으면 안샀을텐데 아쉽.. 다름엔 샌드위치종류 사러가보려구요!,처음보는 빵 종류도 많았는데 다 맛있었어요.흑임자 앙버터도 맛있고 고르곤졸라 페스츄리도 존맛탱,굿,"강아지 산책하다가 우연히 들어간 곳인데, 피넛버터롤 정말 맛있어요!!! 다양한 롤이 있는데 요게 제일 땡겼다는... 접원분도 친절하시고 동네 맛난 빵집 있어서 좋네요.",굿,맛나여,지나갈때마다 빵이 너무 탐스럽게 생겨서 궁금했는데 알고보니 블루리본 빵 맛집이였어요！기본 호밀빵도 구워서 먹으면 은은한 단맛이 너무 맛있고 꿀고르곤졸라바게트는 자꾸 생각나는 맛이예요〜빨미까레도 커피랑 먹으면 행복해져요 ☺️,주말마다 스콘 프레즐 사러 가죠~ 넘 맛있어요~주말 아침이 즐겁네요. 항상 친절하셔서 좋아요~😊😊,여기 진짜 졸맛임.. 문 열려있으면 무조건 오는 곳,빵 맛집 이에요 연희동 가면 항상 들리게됩니다,굿,진짜 매주 공덕에서 이 빵 먹으러 연남동 가고 있습니당 너무 맛있고 담백해요  바게트 샌드위치 많이 만들어 주세요:),버터베이커리~ 점주의 고르곤졸라페스츄리를 추천~^^ 맛있고 소보로가 아닌대보로도 맛있네요 커피한잔과 맛있게  먹었읍니다,빵이 다양하고 모두 맛있어요,패스츄리 맛집이네요! 대보로빵 아주 맛있었습니다. 스콘은 쏘쏘했지만 안에 크림치즈는 중독성 있습니다.  빵이 생각보다 양이 많고 다양한 빵을 즐기고 싶어서 가격은 줄이고 양도 적은거도 만들었으면 좋겠습니다~,버터스콘 쨈도 주시고 맛나고 좋아요~,,
훌리건 커피,1751254128.0,"여기 진짜 힙하고 가성비 대박이에요ㅜㅜ 천번째 사진 가격이 14500인게 말이 되나요..? 커피 한잔에 4~5천원인데  파스타,샌드위치,감자튀김,커피가 14500원이라니ㅜㅜ 여기는 찐입니다🔥🔥 다른 메뉴도 존맛이고 인테리어도 힙 해서 사진이 진짜 잘 나와요!!! 사장님,직원분들도 완전 친절하시고 홍대 가시면 꼭 가보세요!!! 다음에 다른메...",홍대입구역 8번출구에서 가까운 힙한 감성카페였어요! 매장 자체가 힙하면서도 깔끔하고 분위기 있어서 좋더라고 요. 노래 선곡도 좋았어요 ㅎㅎ 브런치 메뉴나 디저트도 유명한데 저는 아보카도 플레이트 먹었어요! 두개 다 맛이 달른데 하나는 루꼴라가 들어가고 하나는 블루베리 잼이 들어가요! 두가지 맛이 다른것도 좋았습니다ㅎㅎ 시...,"직원 언니가 굉장히 이쁘시고, 선택장애라서 귀찮으셨을텐데 메뉴선택도 도와주심🥹 노래랑 공간이 다 힙하고 브 런치도👍🏻 혼자가서 메뉴를 다양하게 못 먹어봤지만 흑임자쉐이크 맛있..🥹🥹 흑임자가 먹다보면 느끼? 좀 물리는 데 양도 적당해서 호로록 다 마심ㅎㅎ 담에 다른 메뉴도 먹어보곱..💓",진짜 홍대의 숨은 브런치 맛집입니다~~ 갈레트도 너무 맛있고 다양하게 먹고싶다면 런치메뉴도 추천해요!! 매장도 깨끗하고 힙해요ㅎㅎ,"지난번에 흑임자 갈레트 먹고 너무 맛있어서 🥹 오늘은 시즈널 갈레트를 먹으러 왔어요! 갈레트는 크레이프 주머니 에 카스테라가 담겨 있는 메인에, 아이스크림과 토핑이 얹어 있는 메뉴인데요. 사장님이 맛잘알이신지 시즈널메뉴 였던 무화과에는 호두마루st 호두크림과 꿀이 토핑되어 조합이 좋았고, 흑임자 갈레트에는 크럼블과 인절미 ...",진짜 나 여기 왜 이제 와봤냐 ?  커피 너무 고소하고 진하고 맛있어요 ㅠㅠㅠ  무화과 갈레트 .. 아이스크림 우유맛 진하고 푸짐한 무화과까지 완벽합니다 💡👍🏻👍🏻,인테리어도 감각적이고 음식도 정갈하구 맛나요~~~꼭 브런치 아니더라도 그냥 작업하러 오기에도 좋은것 같습니다! 그리고 귀여운 굿즈들도 팔아용 :),너무너무 힙하고 멋진 곳!! 골목에 위치해 있어서 찾기 어려울 줄 알았는데 완전 찾기 쉽고! 가자마자 외국인들 앉아 있어서 너무 외국스러웠어요 ㅎ 음싣 다 맛있고 커피도 고퀄이라 또 방문 할것같아요!! 음악도 완전 라운지바 앉아서 노는 듯 기분좋았어요!,"힙한 홍대 카페입니다👍🏻 사진 찍고 싶은 핫스팟이 한두군데가 아니에요ㅎㅎ 브런치 먹을 겸 가서 스크럼블 플레이 트 주문했습니다! 맛있어요:) 빵은 계란 스크램블 올려진 상태로 적당히 자르고, 베이컨, 버섯이랑 함께 먹으면 조합 너무 좋아요❣️깔끔 그 자체입니당! 앉을 수 있는 자리도 다양해서 취향에 따라 골라 앉으시면 돼요~ 저희는 ...",음식 플레이팅 넘 이쁘고 맛있어요 ! 브런치 메뉴랑 디저트 메뉴랑 다양하게 있어서 좋았고 커피도 맛있었어요 ㅎㅎ 저희는 음식을 많이 시켜서 매장 안에서 먹었는데 야외 테이블도 있어서 메뉴 조금 시키시면 밖에서 드시는걸 추천드립니다 ! 인생샷 쌉가능 ㅎㅎ 너무 잘 먹었습니다 ~,마시멜로가 들어간 고디바 핫초코 너무 맛있었어요! 직원 분들이 다 친절하시고 분위기 너무 힙해요. 힙한데 편한 분위기😉 커피는 말모말모 완전 부드러운 라떼💕 파스타 신메뉴 생긴대서 기대중이에요 다음엔 파스타랑 브런치 먹으러 올거에요🥹 아 그리고 매장 음악도 짱 좋아요,매장 자체가 그냥 힙해요! 음악도 모두 다 제가 좋아하는 스타일로만 나와서 귀호강하고 가요🎶  그리고 당충전에 흑임자쉐이크가 직방이네요!!! 마시자마자 바로 눈이 번쩍! 하고 뜨여요,여기 진짜 찐브런치맛집이에요 커피가 맛있어서 오 맛있네했는데 브런치 진짜 푸짐하고 맛있게 잘나와요 브런치즐기러 오기 딱 좋을듯!,힙한감성 가득한 홍대카페 훌리건 커피에 다녀왔어요! 갈레트는 처음 먹어봤는데 너무 맛있었고 음료도 맛있었어요~,너무너무 맛있었어요!! 블루베리 좋아하기도하고 대표메뉴인거같아서 주문했는데 아이스크림 듬뿍 올려주셨어요  ㅎㅎ 그리고 그래놀라가 너무 맛ㄹ있었어요!🤩🤩 앗 여기 냉동블루베리 아닙니다!! 생 블루베리에요😘 그리고 베 리에이드랑 조합 너무 좋으니까 드셔보세요 추천함니다 ㅎㅎㅎ,무화과 들어간 디저트라 맛있게 잘 먹었어용 커피도 산미없이 고소했고 카페 분위기 힙하고 좋습니당 ㅎㅎ,커피도 고소하고 맛있는데 브런치 메뉴도 건강하게 맛있는 느낌이에요! 카페 인테리어가 너무 힙해서 리프레쉬하면서 작업하기도 좋고 수다떨기도 좋았습니다 :),인테리어도 예쁘고 메뉴도 맛있어요☺️,엄청 오고 싶었는데 드디어 왔어요 !!! 갈레트 맛 별로 다 먹어 보고 싶어여 .. 무화과 시즌이라 먹어 봤는데 신기하고  맛있었어요 인테리어가 특색 있어서 새로워요! 직접 가져다 주시고 친절하세요 ~~,스테이크 봄바 맛있고 푸짐해서 좋았어요! 브런치로도 좋고 맥주 안주로도 손색없는 맛이었습니다. 담에는 꼭..맥주를 마실꺼예요,"홍대 메인 거리에 이런 카페 맛집이! 대표 메뉴인 흑임자 갈레트 그리고 마카다미아 크림 라떼 트리플베리 에이드를 주문했어요🫶☕️🍦🍨 흑임자 갈레트도 넘 꼬소하구 얇은 크레페 안에 들어있는 카스테라와 크림, 아이스크림을 얌얌 그리고 인절미도 쏭쏭 있어 먹는 재미가 있었습니다! 마카다미아 크림 라떼 추천드려용! 진한 크리미한 ...",인테리어 소품 하나 하나 구경하는 재미는 덤이에요 감각적이고 멋진 공간! 커피맛도 훌륭합니다 갈레트도 꼭 시켜  드시길 바라요^^,매장이 넓은데다가 인테리어가 아주 힙하고 사장님도 너무 친절하세요 브런치랑 디저트 메뉴까지 다양하게 있어서  다음에는 디저트도 먹어보고싶네용 스크램블 플레이트와 스테이크붐바 먹었는데 둘 다 너무 맛있었습니다 ㅎㅎ 배 도 꽤 차는 편이었고 넘 맘에 들었어요,트렌디하고 힙한 카페 훌리건 커피 홍대입구에서는 다양한 카페와 브런치 등 파는 곳이 많아 각자의 개성이 없으면 살아남지 못하는 치열한 공간! 그런 공간에서 훌리건 커피만의 개성으로 멋있게 만들고 있고 기본적으로 브런치 비 주얼이 좋으며 제가 먹은 스테이크 봄바 단백질이 가득해 포만감 상당해 주고 맛이 정말 좋았던 브런치 카페...,브런치 너무 맛있고 분위기 너무좋아요!!친구랑 갔는데 친구가 진짜 존맛탱이라고 같이온거 너무 좋아해서 뿌듯하네요 ㅎㅎ,브런치 먹으러 갔는데 완전 반해버림!! 스테이크 봄바 넘 맛있고 오믈렛도 짱이예요! 재료를 좋은것만 쓴다는 느낌이 확확 와닿았어요 ㅎㅎ 같이 먹은 에이드도 과일잔뜩 올라가있고 퀄리티 있어서 좋아요 ㅎㅎ 노래도 감각적이고 힙해서 힙한 카페 가고싶은 분들께 추천합니다🙋‍♀️,브런치맛있네요 분위기도 좋고 잘먹었습니다!,훌리건 커피에서 아보카도플레이트 먹었는데 완전 취향저격이에요!! 부드러운 아보카도와 토마토 으깬것이 섞인 샌 드위치는 한끼 식사로 충분해요 아이스크림라떼도 쌉싸름하고 달콤해요. 언니는 고디바밀크를 마셨는데 완전 맛있 다고 좋아해요. 완전 재방문각입니다 . 다시 오고싶은 카페 1위로 등극했어요. 홍대입구역카페로ㅡ 완전 추천...,홍대입구역에서 가까운데 골목부터 엄청 힙합니다! 디저트랑 브런치 메뉴 모두 판매하고 갈레드 짱맛..!! 아이스크림이 맛있네용,너무 먹어보고 싶었던 흑임자 갈레트 먹으러 왔어요✨ 매장 인테리어 너무 힙하고 곳곳에 사진찍기 너무 좋은 자 리도 있고 분위기와 맛이 다 있는 곳이였어요☺️ 갈레트는 기대했던대로 아이스크림이랑 떡이랑 과자 등 다양한 재 료가 있어서 식감도 좋고 당충전 하기 딱 좋은 메뉴 💕 음료도 넘 달다구리 하고 맛있어요 !!,음악도 좋고 커틀러리도 너무 이뻐요!!  또 오고 싶어요 🫶,여기 참 분위기가 좋아서 썸타는 애랑 가면 우리 사이 참 위기닷~ 맛있어요 빨리 와,"홍대 골목에 숨어져있는 완전 힙한분위기의 카페입니다! 홍대디저트 맛집으로 소문난 대는 다 이유가 있는 것 같아요. 직원분들도 친절하시고 브런치메뉴, 갈레트메뉴 다 너무 맛있어요💕 분위기도 최고에요!",분위기 엄청 좋아요!! 음료도 맛있구 디저트도 맛난데 또 친절하셔요 😊 자주 오고 싶은 카페여요!!!!!,"오랜만에 친구랑 만났는데, 매장 분위기도 힙하고 깔끔해요. 어중간한 시간에 왔는데, 브런치겸 음료도 함께 먹을 수 있어서 더 좋은거같아요. 음식도 맛있고 커피도 맛있어요! ^_^*",와 너무 카페 좋아요! 직원분들도 친절하시구 갈레트 존맛입니다.. 커피도 산미 없이 진짜 맛있는 맛이에요!,매장 분위기가 엄청 힙하고 커피도 특이하고 색다른 커피로 너무 맛있습니다 개인적으로 애쉬라떼 커피 색감도 예 쁘고 쌉싸름하면서 달달한 콩맛 느낌?? 애쉬라떼 완전 딱 제취향이네요~ 흑임자 갈레트 디저트도 비주얼이 일단 너 무 예쁘고 흑임자의 고소함과 달달함에 너무 잘 어울리는 아이스크림 크레페! 바삭한 크런치한 과자까지 흑임...,"스크램블 플레이트 (14.0) 아이스 아메리카노 (5.0) 브런치는 무난, 커피 깔끔하고 괜찮음. 분위기와 추구미가 좋은 데 매장이 좁은 편이라 테이블간 간격이 좁은데 나름 구획을 잘해놓으셔서 개성있고 좋음.",디저트도 맛있구 커피도 맛있는 훌리건커피 ..♥️ 아이스크림과 흑임자 조합이 짱이에용 빵도 맛있어서 남기지 않고 다 먹었네요 히히,분위기도 좋고 맛도 있고 친절해서 너무 좋았어요!! 홍대 분위기 있는 카페 찾으시면 너무 추천합니다,인테리어가 멋있어요~!! 지상층이랑 지하층 복층으로 이루어져있는데 지하층은 다른 테이블 한 테이블만 있어도 울 려서 얘기하니까 말소리가 잘 안 들리고 좀 더웠어요ㅠㅠ 여름이고 비 오는 날은 지상층 추천해용 :),카페 분위기가 좋고 맛있어요~,힙한 분위기의 브런치카페였어요 콘치봄바 달달한 크림소스와 옥수수가 잘 어울리고 트리플베리에이드가 엄청 상 큼해서 조합이 좋았습니다 양도 푸짐해서 한끼식사로도 충분해여 재방문의사 있습니다:),"매장인테리어, 분위기 진짜 좋고 음료랑 디저트도 다 감탄하면서 먹었어요!! 인스타카페인줄 알았는데 사진만 잘나오는게 아니라 찐맛집이었어요ㅋ 스테이크 완전 부드럽고 바게트, 소스, 치즈 미쳤습니다 강강추추","헙 ,, 저 이카페 완전 사랑할거같아요 .. 인테리어도 넘 멋찌고 갈라트 라는 디저트 처음 먹어보는데ㅡ크레페 위에 아이스크림 위에 블루베리 팡팡 .. 🫐 미친맛도리에오 ㅜㅜ 이걸 왜 이제알있즤 .. 애쉬라떼는 꼬소하니 맛있어서 계속 드링킹해버림 ㅜㅜ 또 먹구 싶어요 ! !",힙한 브런치 카페!! -남자 둘이 와서 먹어도 남길만큼 양도 먹을만 했어요. 아메리카노 기준 연하지 않아서 좋았습니 다. 넓은 만큼 사람들이 많음에도 나름 프라이빗했다! 맛있어요! -스테이크 온도가 미지근 했고 사람이 많아 음식 나 오는 시간이 좀 걸렸습니다. 그래서 사진 찍으려면 아이스크림은 안 시키는 편이 나을 거 같아요 (다만 좀 더...,"엄마랑 오늘 간 곳인데, 음료도 너무 달지 않아 너무 맛있게 드셨대용! 저도 마카다미아 크림 라떼 너무 밋있어서 홀짝홀짝 다 마셨구욤! 블루베리 갈레트도 굉장히 맛있었어요! 크레페 사이에 빵이랑 블루베리 크림이 적당하게 들어가서 너무 맛있게 먹고왔습니다 :) 훌리건 크루의 모토대로 눈, 입 그리고 귀! 오감으로 느낄 수 있는 곳이었어요 !",아보카도플레이트 스테이크봄버 둘다 맛있었어요! 가게 분위기도 좋고 깔끔하고 음악이 좋아서 또가고싶습니댜☺️,매장이 생각보다 작긴 한데 그래도 공간 활용이 잘 되어있어서 은근 자리가 꽤 있어요! 인테리어도 예쁘고 청결해서 좋네용 ㅎㅎ 스테이크 봄바도 너무 맛있어요!! 다음에 또 오고 싶은 곳이에요 ( ⸝⸝•ᴗ•⸝⸝ )੭⁾⁾,특별한 메뉴가 많고 맛있어요!! 분위기도 좋아서 친구랑 만나서 얘기하기 좋았습니다 ㅎㅎ,훌리건커피 외과부터 힙한 느낌 낭낭한데 내부인테리어도 넘 힙한 거 같아요ㅎㅎ 특히 여기저기 그려진 그림들이랑 시그니처 문구들이 귀엽네요😆 사장님도 넘 친절하시구요. 브런치로 배 채우기 좋은 메뉴들이 많아서 한번씩 다 시켜먹어보고싶어요. 음식 플레이팅도 음료도 맛깔스럽게 나와서 사진 막찍어두 잘나와서 좋와요 👍 제가 ...,커피도 맛있구 노래도 좋아요!,콘치즈 감자 진짜 맛있고 과콰몰리도 넘넘 맛있어요!!! 따로 구매하고 싶을 정도예요 ㅎㅎ 맛있게 잘 먹었습니다🥰🙋‍♀️,BGM도 좋고 인테리어도 멋졌어요 자리도 많고 굿즈도 있어서 구경하기 좋았고 음식도 너무너무 맛있었어요 :) 친구들과 와도 좋을 거 같아요 스테이크붐바 그냥 먹어도 맛있고 소스도 찍먹해도 맛있고 아보카도플레이트는 비쥬얼부터 합격 맛있어요,"아보카도 플레이트 너무 맛있어요!! 원래 아메리카노만 먹는데, 여기 올때는 라떼만 먹습니다.. 라떼가 넘사벽... 사 장님 미모에 밥이 코로 들어갔는데, 그래도 맛있네요^^",스크램블 너무 맛있고 사진 찍기 좋고 조용해서 좋아요!,분위기가 좋아요! 디저트도 맛있고 에이드가 진짜 제스탈이었습니다 콘치즈프라이도 맛있어보였는데 다음에 또 갈꺼니까 그때 주문할게여 :),연남동 분위기 맛집 훌리건 !! 브런치도 음료도 모두 맛있어서 오랜만에 엄마랑 성공적인 데이트했어요 ❤️ 감사합니다 !!,"홍대 골목에 위치해있어요 사람 많은 쪽 바로 앞이 아니라서 조용해서 좋고 완전 힙한 분위기에 디저트도 음료도 다  맛있어요 ! 사진은 마카다미아라떼, 복숭아에이드, 마카다미아 갈레트고 셋 다 추천합니다 😎",매장이 넘넘 깔끔하고 대화하기 편해서 좋아요!! 음식도 깔끔하고 넘 맛있어요 💗💗 공간도 답답한 느낌 전혀 없고  통유리라 좋아요!!,"지하부터 테라스 석까지 좌석이 넉넉하고, 그라피티 갤러리같은 멋스러운 느낌이에요! ✨ - 흑임자 갈레트 얇은 갈 레트 반죽이 복주머니 모양으로 동그랗게 모양을 잡고 있어요. 반을 가르면 맛있는 카스텔라가 가득! 우유 맛 아이 스크림+ 흑임자 크림+ 흑임자 가루 + 크럼블 + 인절미 떡이 어우러져 있어요. 시원하고 부드러워서 빙수를 ...",이 근처에 이렇게 예쁘고 맛있는 카페 있는지 몰랐어요!! 앞으로 더더 자주 오려고 합니다. 친절하세요😊😊,다 너무 맛있어요!!!,"시즈널 갈레트 완전 맛있어요!! 아메리카노도 향이 좋아요ㅎㅎ 카페내부도 깔끔하고 노래, 분위기도 최고!",너무 맛나구 이쁘구 공간도 힙해요!! 재방문 의사 있음🩷,처음 먹어보는 메뉴인데 맛있고 정성이 느껴져요 몸에 좋은 재료를 사용한 것 같고 사장님도 친절하세요 사업 번창하세요 ^^,브런치메뉴 너무 맛있어요!!! 커피랑 먹기 너무 좋은 메뉴들이고 커피도 맛있어요,인테리어도 모던하게 돼있고 메뉴도 다른 카페와는 색다른 디저트가 있어서 더 좋았던 거 같습니다. 재방문 의사 있어요:),커피도 맛있고 갈레트도 맛있어요 커피는 고수운 맛!! 배부른데 달달한게 땡겨서 시켰는데 넘 감동ㅠㅠ 역시 디저트 배는 따로 있는거겠죠?ㅎㅎ 완전 홍대 핫플인거 같아요 추천추천,씨푸드 아보카도 봄바 존맛 .. 아보카도 덕후로서 인정합니덩 신선 아삭 그자체 🥑❤️,갈레트 너무너무 맛있어요!!! 견과류랑 바나나랑 위에 아이스크림까지 조합 짱이에요!!🍦🖐🏻🍦🖐🏻 꼬소한 커피도 수준급이에요❤️,브런치 맛집 홍대 카페 찾다가 훌리건 커피를 발견해서 길티 플레이트와 트러플베리 에이드를 먹었어요! 한주 받았던 업무 스트레스가 싹 날아가는 맛~~ 분위기도 너무 좋아서 퇴근하고 자주 갈 거 같아요!!! 다음에는 디저트도 혼내주러 갈예정입니다!,커피가 맛있고 내부 인테리어도 예쁘고 음악도 좋아요!,맛있고 특별한 느낌? 들어올 때부터 힙한 곳이라는 느낌이 들어요,거의 5번째 방문이에요!!! 귀찮아서 영수증 리뷰 안하다가 여긴 해야한다!!! 싶어서 합니다! 음료도 맛있고 디저트도  맛있어요! 오늘은 밥 먹고 거의 바로 와서 디저트를 안 시켰는데 진짜 디저트도 맛있고 음료도 맛있습니다👍🏻 커피 류를 안 마시는 제가 마실만한 음료도 많아서 너무 좋아요! 앞으로도 자주 올거에여🫶🏻,너무너무 깨끗하고 스테이크봄바 너무 맛있어요 꼭 시키세요!!!!🥺🥺,쾌적하고 깔끔한 카페에요  음료 랑 메뉴 질문해도 친절히 알랴주시고  홍대 주변에서 구경하고 놀다가 커피마시고 시플때 오면 조을거가타요🤍,분위기가 너무 좋아요 ! 메뉴도 다양해서 여러가지 먹기 좋네요( ღ’ᴗ‘ღ ),골목에 이런 브런치집이 있는 줄 몰랐어요! 맛있었고 특히 같이 간 친구들 모두 씨푸드아보카도봄바가 제일 맛있다고 했어요😀 추천추천,디저트 완전 맛있어요! 흑임자 소스에 아이스크림 조합 좋아요 ㅎㅎ,진짜 존맛탱.. 사실 카페 음악이 좀 커서 조용히 즐기실 분들은 좀 힘드실 수 있지만 그거 말고는 모든게 완벽합니 당 맛도 있고 커피도 맛있고 음료도 굿~~ 진짜 존맛탱입니다.. 또 오고싶어요,분위기가 좋아욧 브런치 하기에두 좋습니다 !!,너무 마싯어요~! 가게 인테리어도 너무 예쁘고 메뉴도 꽤 많아서 담에 다른 메뉴 먹으러 오려구요~! 짱맛,새로운 스타일의 브런치입니다😊 스테이크 봄바는 고기가 부드럽고 사이드로 나온 감자도너무 맛있었어요:) 시푸드 아보카도 봄바는 들어있는 재료도 신선하고 치즈도 맛있었습니다ㅎㅎ,흑임자 갈레트 크림이 엄청 진하고 맛있어요! 마카다미아 크림 라떼도 커피가 진하구 맛있습니당 갈레트 크림이 굉장히 진해서 라떼 종류보다는 아아가 더 잘 어울릴 것 같아요 매장도 꽤 커서 답답하지 않고 얘기하기에도 좋은 카페 같아요 안쪽에 있어서 외부에 통행량이 많지도 않아서 좋네요!,복숭아 에이드가 엄청 진하고 맛있어요! 스크램블 플레이트 먹었는데 아래에 빵이 있어서 양이 꽤많고 간도 딱맞아서 맛있어요,카페 완전 힙하고 예뻐요! 소품들에서 애정이 느껴집니당 아보카도 플레이트 애쉬라떼 추천~!~~! 다음에 또 올게요😛🤍,가게가 깔끔하고 잘 꾸며져있어서 좋았습니다  블루베리 갈레트도 상큼하고 에이드도 너무 달지않고 맛있더라구요  다음에는 스테이크봄바 먹어보고싶네용,넘 맛있어서 재방문했습니당!!! 홍대 올때마다 올것같아요^_^ 친절허시구 인테리어 굿,흑임자 크림 갈레트가 고소하고 너무 맛있었어요! 에이드는 엄청 달지 않고 깔끔한게 특징인 건강한 맛이 느껴졌습니다. 사진 찍을 곳도 많고 되게 힙해요!,너무 좋아요! 오픈하자마자 왔어요  굿굿!,분위기 완전 좋고 힙하고 층고도 높아서 완전 쾌적합니다 사진도 잘나오고 브런치 맛도 징역100년감(맛잇다는 뜻)  홍대 카페 여기만 올듯,개쩖 커피 개맛있음❤️‍🔥,고기가 부드럽고 맛나요 특히 와플모양 감자 너무 고소하고 달달하고 친절하고 암튼 다 해용 브런치 먹기 딱 좋음,홍대에서 숨은 맛집 발견… 재료가 넘 신선하고 아낌없이 팍팍 넣어주시구 아보카도퀸들은 여기로 당장 달려가세 요 분위기도 미쳤어욤 커피도 맛있고 사장님도 멋있고 친절하세요! 강추!!!,애쉬라떼 맛이 매력적 ㅎㅎ,흑임자 갈레트 먹어봤는데요 넘나넘나 제 취향이야요 너무고소하고 맛나요^^ = 든든하게 배도 채워주는 한끼로도  굿 ㅎ,"음식 진짜 맛있었어요🧡 메인 메뉴인 흑임자 크림도 맛있고, 바게트와 고기도 맛있고, 심지어 사이드 감자튀김도 소스에 찍어먹으니 완전 맛있었어요! 음료도 비쥬얼 굿입니다요💛",매장도 깔끔하고 늦게까지 브런치 메뉴도 주문할 수 있어서 좋아요! 노래도 좋고 넓어요 ㅎㅎ,홍대에 있는 힙한 카페에요. 인테리어가 예뻐서 방문했는데 브런치 메뉴들도 맛있어요!,갈레트너무맛있듬🫣 아아맛이 갈레트랑 너무 잘 어울려요. 커피도아주맛있습니다. 무조건재방문각👍,"진짜 다 맛있어요🙊👍🏻👍🏻 갈라트도 이번에 처음먹어봤는데, 반했어요! 그리고 씨푸드 아보카도 봄바도 재료 아낌 없이 넣은게 분명해요! 너무 맛있어요. 여긴 두번세번 추천해요!!!!!!!!!👍🏻👍🏻",마싯더요 ㅎㅎㅎ 노래도 분위기도 좋아요 친구들이랑 오기 좋은 듯 !! 알바분도 친절해여^__^,분위기 좋고 편안하게 브런치 먹을만 합니다.,"고기 진쨔 부드럽구 맛잇어여 :-) 빵두 바삭하구 고소햇던 브런치! 혼자와서 식사겸 먹엇는데 가격 아깝지 않은 풍성한 양에 감자튀김 조금 남겼어요,, 홍대라인에 이렇게 깔끔하고 매장 넓은 곳이 잇었네요💖",세번째 방문인데 매번 새로워요!  음료랑 음식 맛있는데 직원분도 친절해요!,가격이 너무 사악해요. 분위기는 좋아요.,"이번 주말은 뭐 먹지? 고민하면서 검색하던중에, 이전에 디저트 먹으러 방문했던 훌리건카페에서, 식사를 할수 있 는 메뉴가 추가됐다네요? 오호! 궁금한데? 사진상으론 그럴싸해보여서 방문해서 먹어봤는데... 사진하고 똑같이 나 옴!ㅋ 맛도 좋고, 식사대용으로 하기에 딱 좋았네요. 못 먹어본 메뉴 먹으러 재방문의사 있어요! 사장님! 추가...",매장 분위기도 좋고 음식도 정말 맛있는 브런치맛집! 스테디셀러인 스테이크 봄바도 고기 진짜 많고 감자까지 쫀맛이고! 가게에서 추천해주신 메뉴인 콘치즈프라이도 정말 취향저격이에요! 묵직한 샌드위치와 감자 좋아하시는 분들께 정말 정말 추천드리는 맛집입니다!,
베이크 샵 하벳,1367299797.0,내부가 세 테이블밖에없는데도 워크인으로 사람들이 많이 찾아오는것같아요 평일 오픈시간에 맞춰갔는데 한테이블 남아있었어용 그만큼 디저트가 맛있어서 찾아오시는것같아요 맘같아선 네가지 케이크 다먹고싶었는데 하나하나 아껴먹고싶어서 하나만시켰네용 딸기철이라그런지 피스타치오케이크는 정말 싱싱하고 이질감없이 잘어울리...,"딸기케이크가 맛있어보여서 왔는데 알고보니 디저트맛집! 테이블은 4개 밖에 없어서 웨이팅을 안 하시려면 오픈하 기 전에 와서 대기하거나 평일에 오는게 좋을 것 같아요! 제 생각엔 평일에도 웨이팅이 있을거 같은 느낌? 메뉴는 발 로나초코와 피스타치오딸기프레지에, 카페라떼를 주문했는데 일단 생각보다 메뉴가 커서 놀랐어요! 피스타...",KTX 타고 디저트 투어 갔던 하벳이 서울 망원동에 새로 오픈해서 너무 행복합니다😭🥺🤍🤍 카페 곳곳에 보이는 사장님의 취향 가득 담긴 감성 인테리어들이 너무너무 예쁘구~~ 디저트들도 너무너무 맛있네요!!! 구황작물 러버들 이라면 증말 애정할 맛이에요~~~👍👍👍 많이 달지도 않구 재료 본연의 맛들이 고급지게 느껴져서 너무 좋...,기다렸던 망원 하벳!! 넘 맛있고 매장도 아기자기하니 넘 예뻐요 🤍 시즌별로 케이크 달라지는것같은데 자주와서 모든 케이크 다 맛볼래요:-) 고구마치즈케이크 꼭드세요ㅠㅠ 빠작한 크럼블까지 식감파티 🥹👍🏻👍🏻👍🏻,쉬는날 친구랑 들른 케이크 맛집!! 역시 딸기는 옳아요 ㅠㅠ 너무ㅜ맛있는 디저트들!! 당충전 확실히 하구 갑니당!!,애정하는 하벳이 드디어 망원동에 오픈했어요!!😭😭 케이크에 진심인 사장님의 케이크는 어디서도 맛 볼 수 없는  디저트입니다 ㅠ 특히 카시스 오렌지는 꼭 먹어야해요 이런 맛은 하벳이 유일무이니까요 ㅠ 커피 덕후로써 커피도  고소하고 찐합니다❤️‍🔥,경산에 있을 때부터 찾아가서 먹을만큼 좋아했던 하벳..🤍 망원에서도 케이크 폼 미쳤습니다.. 구황작물 러버라면 이 고구마 치즈케이크는 꼭 드셔보셔야해요,경산에 있을때부터 팬인데 망원에 오픈했다고 해서 왔어요!! 케이크들이 흔히 먹어볼 수 없는 메뉴들인데 너무 맛있어요 최고 :),너무 맛있어여 🍠 🍓 다음에 다른 메뉴 먹으러 와야지 ~,최근에 먹은 케이크 중에 제일 맛있어요👍 웨이팅 해야해서 포장해 가지고 집에서 먹었는데 다음에는 매장 분위기 느끼면서 먹고싶어요!! 빅토리아는 버터크림인데 하나도 안느끼하고 프레지에가 진짜 미친 맛;; ㄹㅇ 사장님 정성이 하나하나 다 느껴지는 맛이어서 머리 빡빡 치면서 먹었습니다ㅠㅠ 새벽 노동이 느껴지는 맛ㅠㅠ 사장님 손목 ...,"하벳 오픈 기다렸어요🥹🫶🏻 사장님 디저트맛 역시 최고임니댜 히히,, 케이크 넘 맛있고 인테리어도 넘 이쁘구 조용하니 넘 좋습니다💛💛 꼭 들러보세요👶🏻🫶🏻",망원동에 새로 오픈한 카페가 생겼다고 해서 와봤어요! 골목으로 들어와서 찾기 좋은 위치에 있더라구요 :) 들어가자 마자 사장님께서 친절하게 안내해주셔서 기분이 좋았는데 실내도 아기자기 귀엽고 아늑한 게 제 스타일이라서 더 좋았어요 ㅎㅎ 케이크 종류도 다양하고 예뻐서 케이크 고르는 데에도 꽤나 고민했던 것 같아요ㅋㅋㅋ 케이크...,케이크도 맛있고 커피도 맛있어서 좋았어요ㅎㅎ 귀여운트리 덕분에 크리스마스 분위기도 느끼고왔네요! 아늑하고 아기자기한 공간이여서 편히 쉬다 갑니다~,피스타치오 딸기 프레지에 안에 대왕딸기가 여러개 박혀있고 피스타치오 크림이 너무 맛있어요...❤️ 케이크 사이즈도 쁘띠쁘띠한게 아니고 큰편이라 너무 좋았습니다!,망원동 놀러왔다가 우연히 발견한 카페! 마침 가오픈 기간이라고 해서 와봤는데 카페 분위기도 디저트도 완전 취저…🥹❤️ 자주 올 것 같아요… 커피도 맛있네요,토요일 기준 12시 오픈런 했는데 1시간30분 기다렸어요🥺 그래도 원하는 자리에 앉고 커피도 맛있고 디저트 양도 많아서 잘 먹고 왔답니다!🍓🍫,밸런스좋고 딸기가 맛있는데 시트가 좀 퍽퍽한편이네요,"경산에서부터 너무 맛있었던 하벳., 망원에서 만나볼수있어 너무 좋아요🌝♥️ 친절하신 사장님과 혼자서도 오기좋은 편안하고 조용한 분위기가 좋아요! 다음에 또 들릴게요:)",케잌이 맛나요,,,,,,,,,,,,,,,,,,,,,,,,,,,,,,,,,,,,,,,,,,,,,,,,,,,,,,,,,,,,,,,,,,,,,,,,,,,,,,,,,,,,,,,,,,,
모리노코,1914086649.0,"크리스마스 분위기 물씬 나는 카페라서 인테리어 구경하는 재미가 있었어요. 5테이블만 있는 작은 카페였고, 방문해 서 웨이팅하는 방식이었어요. 후르츠산도랑 아이스티 먹었는데 정말 맛있었어요. 연말 분위기 느끼고 싶다면 꼭 가 보세요~🥰",대기 후에 갔는데 오래 기다린 보람 있는 카페였어요! 크리스마스트리 세상 예쁘고.. 공간 분위기 자체가 아늑하고 따수운 느낌입니다💖 핫초코 존맛탱이니까 꼭 드세요!,후르츠산도 너무 맛있어요! 또올게용,후르츠산도는 매번 제철과일로 바뀌는데 이번에 무화과 거의 끝물이라 방문했는데 왜 더 맛있어진거죠..??🤩 생 크림에 과일향도 나는게 딱 당도도 좋고 넘 맛있게 먹었어요! 아메리카노랑 먹는걸 추천해요😍💖,가게 인테리어가 너무예쁘고 사장님이 너무친절하셔요♡ 일본보다 더일본스러운느낌을 받으실수있어요!!! 포장 해 왔는데 샌드 커피 정말 모두다 맛있어요!!,"연남동 인생카페 모리노코...🍒 분위기가 너무 미쳤길래 인스타보고 알게된 모리노코!!! 소다랑 산도가 너무 맛있어 보여서 방문했었고, 이번에도 5?6번째 재방문이에요!! 역시 인기 많은 후르츠산도는 이날이 평일이였는데도 금방 다 나가서 없더라구요ㅠㅠ 산도 드시고 싶으신분들은 일찍가서 꼭 드셔보셔요 크림 킬러라 크림도 너무 맛있...",가게는 귀여운데 너무 먼 곳에 위치해있고 사진과 느낌이 좀 달랐어요. 어둡고 많이 협소하고… 원인모를 하수구 냄새 같은게 계속 올라와서 오래 있지 못하고 자리를 떴습니다. 과일샌드위치도 특별하지 않고 그냥 그랬어요. 두 번 갈 정돈 아닌 것 같네요,컵도 유니크하고 카페가 너무 이쁘게 꾸며져있어서 너무 좋았어요,클쓔🎄🎄,소다도 맛있고 후르츠산도 진짜 맛나요~~일본에 여행 온 기분이에요 소품들 구경도 재미있었어요,정체성 확실한집👍 레트로 감성과 사장님의 친절하심으로 따뜻한 장소입니다,"음료도 맛있고, 분위기가.진짜 장난 없어요💚💚 특유의 일본 감성을 좋아하신다면 적극추천입니당💚💚",일본여행을 다녀온 기분이에요^^ 인테리어 소품 하나하나 사장님 센스가 돋보여요! 커피도 고소하니 맛있고 팬케이크도 너무 맛나게 잘 먹고가요:),먹어본 후르츠산도 중 원탑이에요👍 과일도 신선하구 생크림 적당히 달달 쫀쫀.. 미쳤어요 ㅠㅠ 무조건 재방문할거에요 분위기도 최고🥰,아기자기 인테리어 좋아하신다면 당장 달려가세요,"아기자기 짱 귀여운 커피숍!! 너무 아기자기해서 기분이 좋아지는 곳 사진 찍기에도 너무 좋아요 스냅촬영 상업촬 영 대관은 불가 작고 협소한 카페라서 양해 부탁한다네요 조용하고 협소해서 더더욱 좋은 곳 참,,, 다 먹은 커피는  자리에 두고 가라는 사장님 치워주신답니다",일본 가정집 주방에 놀러 온 느낌이 드는 일본 감성 가득한 빈티지 카페로 그에 어울리는 귀여운 앞치마를 입은 사 장님이 반갑게 맞아주세요:) 커피는 고소한 타입으로 고소한 걸 좋아하는 저는 입맛에 잘 맞았고 디저트와 잘 어울 려요! 특히 에이드 종류는 다른 카페보다 비교가 안될 정도로 진해서 더욱 꿀맛인 건 안 비밀...☆ 귀여운 강아...,마포구 후르츠산도 원탑. 다른 말이 필요없음!! 달달한크림에 폭신한 빵에 극락다녀왔네요🥹 크림이 저렇게나 많은데두 저어어어언혀 느끼하지않고 과일이 듬뿍이라 그런가 새콤달콤 산뜻합니다😍,일본풍 분위기가 참 좋은 곳,서울가게되면 꼭 가보고 싶었던 카페에요! 좌석은 그리 많지 않았지만 평일에 가서 그런지 원하는 좌석이 앉아 맛잇게 먹고 왔어요! 아기자기한 공간도 이쁘고 디저트도 달달하니 기분 좋은 시간이었어요!,여기 너무 가 보고 싶었는 드디어 가보네요 ㅎㅎ 아기자기 예쁜 소품들도 가득하고ㅎㅎ 매장이 작지만 그만큼 아늑 하고 너무 좋습니다. ㅎ 도란도란얘기하기 좋아요 소품 구경하는 재미도 있고 ㅎ 감성충전 할 수 있어서 좋아요 ㅎ  잘 쉬다 갑니다 ㅎ,모든것이 완벽한 일본풍 카페 음악과 인테리어 다 마음에 들었다 최고다,가게가 사진 찍기 너무 좋아요🖤 후르츠산도 너무 맛있어요 굿굿👍,홍대를 걷다가 일본풍의 카페가 있어서 왔는데 깔끔하고 빈티지 느낌도 나고 아늑하고 좋아요 딸기 라테도 이쁘게 나오고 맛도 좋아요 사장님도 친절하고 아주 좋았어요 또다시 재방문 해야겠어요,메론소다가 맛있고 커피도 맛있어요.   특히 희동사장님이 친절하고 귀여워요.,후르츠산도 맛집~😁 또 먹으러 올래요 ~사진도 잘 나오고 매장 너무 예뻐요~ 😍,메뉴들이 예쁘고 인테리어도 감성 있으나 맛은 별로입니다,인테리어도 아기자기하니 너무 예뻐요 디저트랑 음료 다 맛있어요😋,분위기가 아기자기하고 정말 예쁘네요~ 연유라떼 진~짜 부드럽고 맛있어요^^,아기자기하고 귀여운 소품이 가득해요! 연남동에 이런 분위기의 카페가 있다니 ㅎㅎㅎ 마치 일본 여행 온 기분이에요. 메론 소다도 너무 맛있습니다 ^^ 다음에 또 방문할게요,내 연남 최애 카페 ㅎㅎ 인테리어도 넘 사랑스러워요 ㅠㅠ 가까우면 매일 가고싶은 카페 ~~~,가게가 너무 귀엽고 디저트도 귀엽고 맛있어요 연남동쪽에 흔하지 않은 컨셉이라 좋아요👍,너무나 사랑스러운 동화 속 같은 모리노코❤️ 일부러 연말에 맞춰서 방문했어요! 사장님의 아기자기한 취향이 곳곳 에 담긴 모리노코는 사장님도 넘 친절하시구 디저트도 넘 귀여웠어요! 제가 먹었던 핫케이크는 곧 없어지는 디저트 지만 빈티지 앤틱 러블리 무드 좋아하시는 분은 꼬옥 방문 추천드려요❣️,"카페 인테리어, 소품 하나하나 예쁘고.. 아담하고 조용한 카페 :) 디저트가 컬리티&정성이 있어서 맛있어서 놀랐어요!!!! 체리콕크림소다 너무 맛있었어요!!",아기자기하면서 포근하고 귀여운 카페예요. 복숭아 아이스티와 커피 맛있어요. 일본 여행 온 느낌도 받아서 좋았어요.,아기자기 카페가 너무 이뻐요! 사장님의 정성이 느껴지고 아늑해서 좋았습니다 :) 개인적으로 메론소다가 너무 맛있 었어요 💖💖 다음에 연남동 오면 또 올게요!,"연남동에서 가장 사랑스러운 카페 같아요! 사장님도, 강아지도 너무 친절하구 음료도 맛있어서 갈때마다 기분이 너 무 좋아요💕 연남동에 갈만한 카페가 생겨서 너무 좋아요! 개인적으로 메론소다, 체리콕 같은 소다 메뉴 원픽입니 다✨",너무 아기자기하고 귀여운 일본빈티지 카페 느낌의 카페에요. 알프스소녀 하이디가 살거 같은 알록달록 너무 귀여 운 인테리어에 빈티지 소품들이 가득해서 구경하는 재미도 쏠쏠하고 너무 사랑스러운 강아지 희동이도 만날수 있어 요. 배가불러 커피만 주문했는데 일본스타일의 크림소다나 너무 귀여운 비주얼의 핫케익 딸기머랭 크림디저...,인테리어가 정말 앤틱하고 예쁘네요~!!  특히 팬케이크는 비쥬얼도 맛도 좋고  커피도 맛집인것 같아요👍👍,좋아요~~~,분위기가 넘 귀여워요,아담하구 취향저격 카페입니당 넘~~예뻐요 카페를 여기저기 많이 다니는 편인데 너무 만족스런 분위기 카페였어용 ♡♡,두번째 방문 사진 보다 가게가 더 이뻐요 2022년 12월 31일 모리노코와 추억 쌓기,화장실이 ㅠㅠ,연남동 사진맛집..일본 빈티지풍으로 4테이블 작은 공간이지만 하나하나 쥔장의 정성스런 손길이 느껴지고 사진너무잘나와요~친구들끼리 사진찌고 감사하고 좋은 하루보냈네요 카페 좋아하는 친구가 엄청 좋아라했어요,"연남동 카페 검색하다 우연히 발견한 일본풍 빈티지 카페 였어요❣️ 연한 아메리카노 좋아하는데 고소하고 딱 알맞 은 농도로 타주셨어요 사장님 너무너무 친절하셨어요 디저트 이튼메스 찐맛이예요ㅠㅠ 과일,생크림,머랭조합 미친 듯,👍🏻 다음에 연남동 오면 또올래요!",사장님도 친절하시고 디저트 정말 맛있어요! 그리고 카페 분위기도 좋고 일본에 온 느낌이에요 너무 좋아요!,아기자기 귀여움,일본풍 카페. 인테리어와 소품도 일본 빈티지 제품들로 구성. 내부 화장실도 있고 공간도 넓은 편. 크림 메론소다가 특별 메뉴인 듯,"매장 너무 귀엽고 ,, 일본 조용한 동네 카페 놀러온 것 같아요 ㅜㅡㅜ 연남동에 너무나 귀여운 카페가 생겼네요 ••• 💗🧸",아기자기하고 귀여운 소품이 가득해요. 편한 친구집에 온듯한 느낌이었고 사장님도 너무 친절하셨습니다.,진짜 미친인테리어 너무 맛있고 친절하고  집근처라 여기 또갈꺼임,커피는 정말 맛없는데 디저트는 맛있었어요 인테리어부터 사장님 앞치마까지 진정성이 느껴지는 카페였어요. 커피맛만 더 신경써주시면 참 좋을것 같아요..,좋아요,아기자기 너무 예쁘네요^^ 소품하나 컵하나 신경쓰신감각이 👍  사장님친절은 덤 음료도 다 맛있어요,분위기 있고 예뻐요,귀엽고 맛있어요.,연남동 세젤귀 카페,일본풍 분위기 카페 아기자기하니 예쁘고 좋아요,끝남동에서 만나는 일본 사장님의 센스와 감성이 돋보이는 아기자기한 소품과 귀여운 공간 달달한 디저트는 물론  맛있는 커피까지 완벽한 카페💛🫧,카페가 넘 예뻐요,일본 감성의 카페,일본에 온듯한 기분이 드는 일본갬성 빈티지갬성 충만한 귀여운 카페! 음료랑 디저트도 너무 예쁘게 나오고 맛도 좋았어요,굿,친절하시구 맛있어요,조타,라떼가 맛있어요,진짜 이쁘고 좋아요,,,,,,,,,,,,,,,,,,,,,,,,,,,,,,,,,,,,,,,,,,
치플레,1383128698.0,선물용으로 사러 갔다가 저도 먹어보고 싶어서 종류별로 하나씩 먹어봤는데 넘 부드럽고 맛있더라구요~ 특히 브륄 레는 왜 베스트인지 알겠어요! 8개 박스는 두가지맛으로만 선택이 가능해서 다양하게 드시고 싶으심 4개 박스로 추 천드립니당 맛도 있는데다 포장이 예뻐서 선물하기 좋은 것 같아요. 포장만 가능한 가게인게 아쉽지만…. 다...,소문으로 듣다가 직접 방문했어요. 카페 인테리어도 마음에 듭니다. 종류 별로 하나씩 구매했어요. 오늘 다 먹을 거예요❤️ 보기만 해도 맛있어 보입니다.,치폴레 넘 맛나게 먹어서 또 먹으러 왔어용🙆🏻‍♀️🙆🏻‍♀️ 초코맛은 안 먹어봤는데 기대대용!,홍대 AK백화점 안에 위치한 치플레 맛집 4개에 19000원 가격은 조금 아쉽지만 먹을만 합니다,매장 안이 너무 귀엽구 이뻐용 !! 크리스마스 맞이해서 크리스마스 분위기로 꾸며진거 그리고 노래도 맞퉈서 크리스 마스 캐롤로 나오는거 너무 설렜어요 !! 💞💞 다음엔 다른 맛도 사가고 싶어용 !!,"++ 제발 먹어주세요.. 생애처음으로 치즈케이크 처음 먹었을 때 느꼈던 환상적인 느낌을 여기서 다시 느꼈습니다.. + 초코는 짭짤찌인한데 치즈케이크! 느낌이에요 + 기본 / 브륄레 진짜 치즈케이크의 정수임. 제발 빅사이즈 만들어주 세요 여기 전에 팝업에서 먹어봤는데, 팝업보다 종류도 많고 가격도 저렴해서? 본점으로 왔습니다!! 그렇게 ...",집에와서 먹었는데 너무맛있어요! 브륄레가 짱맛 ㅠㅠ 담에 또 사라가야겠어요ㅎㅎ,인스타에서만 보다가 드디어 방문했어요! 종류별로 하나씩 구매해봤어요! 들어오자마자 풍기는 향기 너무 좋구 맛 도 기대됩니다!,11시오픈런했어요 너무기대되용,치플레 평소에도 먹어보고싶었는데!! 마침 열려있어서 드디어 먹어보게되었네요!! 치플레 최고입니다🩷👍,홍대 올때마다 항상 사먹는 치플레! 늦게와서 솔드아웃으로  한동안 못먹다가 오늘 오랜만에 왔더니 버드 샤브레도 새로 나왔네요! 추천합니다~!!bbb,"드뎌 먹어보는 치플레!! 직원분의 친절한 안내 좋았어요!! 맛이 과하지 읺고, 치즈맛, 초코도 고급진 초코맛이었어 요. 피칸은 피칸의 맛 잘 살린것 같아요! 저는 오리지널>초코>피칸>크림브릴레 순으로 좋았는데, 크림브릴레는 단 맛을 좋아하신다면, 좋아하실 것 같아요! 개인적으로 단것 그닥 안좋아해서요. 크기 작아서 금방 사라져서 아...",그렇게 유명하다고해서 오픈런 찾아온 치플레 맛집!! 홀린듯이 8개입 사버렸네요ㅎㅎ 아직 먹어보진 않았지만 분명  맛있을겁니다ㅎㅎ 또 올게요~!!,너무 맛있을거 같아요 !! 항상 들어만 보다가 드디어 와서 구매하게 되었어요 ㅎㅎ 리뷰이벤트 행사도 하니 홍대 근처오신 분들은 와보시면 좋을 듯 합니다~~ 맛있게 잘 먹겠습니다 !,서울올때마다 늘 방문하는 치플레에용 저번에 왓을땐 문닫아서 이번엔 좀더 빠르게 움직여서 구매했어요 !! 제가 먹 기에도 너무 맛있어서 선물하기에 완전 추천 :) 선물줬을때도 다들 방문이 너무 좋아요 특히 가족들이 좋아해서 두박 스나 구매했어요 🩵🩵 홍대 디저트 선물치면 항상 맨 상단에 나오는 만큼 인기 있는데는 이유가 있는법 ! 맛...,연남에오면 맛있어서 항상들려서 구매해요 부드럽고 맛있어요,아침에 방문하니까 웨이팅없이 이용가능하네여 ㅎㅎ 더현대보다 가격도 저렴하구 맛도 다양하니까 많이들오세여 💗,말로만 듣던 치플레가 연남동에 있었네용!! 늦게 오면 브륄레는 품절이니 일찍 오면 네가지 맛 다 먹을 수 있을 것 같 아요!! 선물용으로도 좋을 것 같아요 추천합니당^^,소문으로 듣고 맨날먹고싶었는데 못먹었던!! 치플레!!드디어 먹어밨어요😜 진짜 폭신하게 입안에서 살살 녹고~ 치 즈완전꾸덕 달달~😍 완전 맛있어요😝,인테리어도 너무 이쁘고 디저트도 너무 맘에 들어요 선물하기 좋은거 같아요😊,꼭 먹어보고 싶었는데 지나가는 길에 있길래 들렀어용 종류 4개 다 먹어보고 싶었는데 브륄레 품절이라 아쉬워ㅛ지만 다음에 또 올게용 짱,가게도 예쁘고 치즈케이크도 너무 맛나요.. 앉을곳이 없는게 너무 아쉬워요ㅜㅜ,매장 분위기도 너무 예쁘고 치즈케이크도 정말 맛있어요!!!,너무오고싶었던곳인데 드디어왔어요!  들어가서 향기부터 최고예요!  드디어 먹어보다니 행복해요😆 평일이라 사람이 없어서 대기없이 샀어요!,먹어본 디저트중에 역대급이었어요! 포슬포슬한 가벼우면서 고급스러운 식감 채고야..♡,집에서 가족끼리 같이 디저트 먹거나 친구네 선물 주기 좋아요 예전에 웨이팅 아주 아주 아주 길때부터 자주 오픈런도 하고 했는데 요즘은 생산량이 많아서인지 길게 기다리지 않아도 되서 너무 좋아요 맛있습니다. 추천추천,오늘 선물용으로 구매했는데 너무 깔끔하고 예뻐서 마음에 들었습니다~!!! 지인들에게 선물용으로 적극 추천드려영 감사히 먹겠습니다😆😆,첫방문인데 케익만들어서 연말 파티하기 위해 구매했어요 잘 먹을게요^^,홍대 맛집 치플레! 시즌에 맞춰 다양한 맛도 출시된다고 한다. 부드럽고 진한 맛이 일품!👍👍 브륄레가 품절이라  아쉽다...,ㅠㅠ 브륄레 품절이라 아쉽지만 치플레 쇼콜레 4구로 샀어요 ㅎㅎㅎ 맛있다고 해서 와봤는데 진짜 냄새부터 고소해요 ••• ❤️,넘친절해요! 평일 오전 대기없이 가능!,유명해서 방문해봤는데 포장하는 거하고 치폴레가 귀여운 것 같아요 맛있게 잘먹겠습니다 💖 그리고 너무 맛있어요.....부드럽고 달고 치즈풍미가 좋네요,더현대서울에서 웨이팅 장난 아닌 치플레를 연남동 본점에서!! 4개 단위로 구매 가능,"치플레랑 브릴레먹고싶어서 검색해서 급 방문했는데 다행히 웨이팅은 없었고, 낱개 구매는 안되고 4개단위로 구매가능해요! 주말 낮엔 품절은 없었고 선물용으로도 좋아요",너무 친절하시고 매장이 예뻐요!! 무엇보다 맛있어요ㅠㅠ 오늘 브륄레는 품절이라 못먹었는데 다음에 일찍와서 꼭 먹어야겠어요ㅠㅠ 많이 파세용,치플레로 유묭해서 꼭 한번 방뭉해보거싶었어요 너무 맛있어요 베스트메뉴가 품절이라 아쉬워서 다음에 또 방문해보려고요!!,주말 저녁 시간대에 갔는데 기본 치플레는 여유 있었고 다른 맛은 솔드아웃된 것도 있었어요. 전에는 웨이팅이 워낙 많았어서 도전 못했는데 이제는 구매할 순 있어서 연남동 올때마다 오려구요! 인테리어도 고급지고 깔끔해서 좋았어요ㅎㅎ,치플레는 사랑입니다♡ 브뤨레가 짱짱이에요!!! 홍대오면 꼭 오는 맛집으로 등롣 하겠습니다!!쵝고!!!,인테리어 이쁘구 치플레 넘 맛있어요❤️,여기 치플레 너무 좋아해요😄 주말인데 웨이팅 없이 구매했어요!! 깔끔하고 맛있어요 시즌메뉴 피스타치오 기대되요’,치플레 유명하다고 해서 선물용으로 사러 왔오요 회사 분들 선물해 드릴 건데 패키지가 고급스러워서 죠아하실 거 같네요!! 들어가자 빵냄새부터 맛있을거 같아요🙂,친구 생일 치플레인데 빠르구 맛도 샤로운게 많아서 좋았어용 자주 오는데 늘 맛있습니다!,맛있는 치플레 구매하고 남깁니다 ^.^,치플레 너무 유명해서 한번 와보고 싶었는데 너무 맛있어보여요~~~ 직원분도 친절하시고 냄새부터 좋네요 ㅠㅜㅠ 다음에 또오겠습니다!!☺️,새로운맛나왔어요 넘맛나요,치즈케이크 맛집이라고 해서 멀리서 사러왔어요 매장에 들어오자마자 치즈케이크 냄새가 나서 너무 좋았어요 4가지 맛 모두 맛보고 싶었지만 하나가 품절이라 너무 아쉬웠어요 ㅠㅠ,너무 맛있어요 그동안 오고 싶었는데 웨이팅 길다고 해서 못 왔는데 오늘 방문 해보니.. 더 빨리 올껄.. 진짜 맛있어요 치플레 👍🏻👍🏻 또 와야지 ❤️,치플레 진짜 유명해서 웨이팅있을까봐 걱정했는데 주말인데도 없었어요! 너무 맛있어서 재방문했어용 ㅋㅋ 매장도  예쁘고 연남동 필수코스입미당〰️〰️🤗,연남동 올때마다 실패하다 드디어 성공했어요!! 너무기대되는 치플레 💛,"여의도 더현대에서 산 걸 선물받아 먹어보고 연남으로 사러 왔어요! 오픈런 해야한다고 해서 10분 일찍 도착했는데, 제가 세 번째였습니다! 사장님 정말 친절하시고 포장도 예쁘게 해 주셔서 넘 좋아요 ㅎㅎㅎ 선물하기 정말 좋은 곳이에요!",치플레 꼭 먹어보고 싶었는데 드디어 기회가 돼서 왔어요! 칭찬이 자자해서 기대감 가지고 먹어볼게요:),맛도 있고 매장 분위기도 깔끔하고 이뻐용  빨리 가야 메뉴 솔드 아웃된 거 없이 먹을 수 있어요ㅠㅠ,청첩장 모임 때 먹고 너무 맛있어서 방문했어요!!ㅎㅎ,치플레 처음 먹어보는데 비싸서...ㅜㅜ 빵은 맛있어요!!,치플레 방문했습니다! 저번에 지인이선물로 줘서 또 먹으러 왔어요 웨이팅있다길래 걱정했는디 없이 바로 입장했어 요☺️ 매장도 아기자기하고 좋습니당,매장 너무 예뻐요  치플레 종류별로 사갑니당,연남동 올 때 마다 매번 선물용이나 커피랑 함께 먹으려고 구매하는데 늦은시간에 왔더니 베스트 메뉴 솔드아웃이 네요😢😢😢 조금만 더 일찍올걸...이라는 후회를 했지만 담에 또 오면 치플레부터 들려서 구매해야겠어요😆😆 😆 진한 초콜릿 맛이 확 느껴지는 쇼콜레랑 치즈향 꾸덕하게 느껴지는 치플레는 무조건 고르는 필수메뉴져🙌🙌,입에 넣으면 사르르 녹는 치즈 케이크예요! 바닐라 빈향도 은은하게나고 커피랑 찰떡 궁합! 보관방법 적힌 종이도 주셔서 참고하기 좋아요~,두가지 맛 밖에 안남아서 아쉽지만 남은 2개씩 먹어봐요!,너무 생각나서 선물용으로 또 샀어요!  아이스크림도 맛있더라구요!,넘넘 오고싶었는데 드디어 왔어용,소문난 디저트 드디어 방문😆 매장 입장부터 맛있는 향이 엄청나서 선덕선덕💕 빨리 집에 가서 먹어보고 싶어요😎,작년부터 맛집리스트에 있던 연남 치플레 !!! 드디어 먹었어요 짱맛도리에요🫶🏻🫶🏻 브륄레 맛 최고❤️,"추천받아서 처음와봤는데 진짜 맛있어요,,☺️❤️ 박스포장도 예쁘게 잘 되어있어서 선물하기 제격인듯!!! 저녁에 오니까 베스트 제품은 품절이라 아쉽,, 그거 핑계로 또 먹으러 올듯!!",매장 들어오자마자 냄새가 너무 좋아요 4구 포장해갑니당 아직 안 먹었지만 너무 맛있어요,평일이라 한산하고 조용하고 좋네요. 1시에 왔는데 브릴레는 품절돼서 아쉬웠지만 치플레랑 쇼콜레 구매해 갑니다~ 맛이 기대되네요^^,친절하고 선물하기 좋아요.,더현대에서 먹어보고 맛있어서 연남점에도 방문했어요~~😘,부드럽고 맛있어요.,너무너무 먹어 보고 싶었던 치플레! 크림브륄레가 솔드아웃이라 아쉬웠지만 ㅠㅠ 크기가 넘작지만 작고 소듕한 치 플레~ 최소 네개 주문이니까 참고하세요. 강추해요!!,치즈 수플레 맛집! 아이스크림도 맛있어요:),특별한 디저트를 이쁘게 포장도 가능해서 좋네요ㅎㅎ 맛도 있어요:),다른곳 치즈케익보다 더 부드럽고 맛있어요~ 또 먹고 싶어 하루에 두번 방문했어요!!,맛있어보여서 저장해놨다가 바로 구매했어요! 매장이 이쁘고 냄새가 좋아요 기본 포장도 너무 예쁘네요,치플레! 오랜만에 와봤는데 샤브레 쿠키랑 피오레 맛이 새로 생겨서 너무 좋았어요! 다음에 또 올게요!,일요일 오후 2시반쯤 방문했는데 웨이팅이 없네요..!?ㅎㅎ덕분에 드디어 먹고싶었던거 사먹습니다🍮,드디어 유명한 치플레 사러 왔어요 매장도 이쁘고 맛도 있어요 재방문의사 있어요,치플레 본점을 와서 드디어 브륄레를 먹어보네요!! 진짜 너무 너무 맛있어요 여기 ㅠㅠㅠ💙 또 먹으러 오께요!,연남동 올때마다 포장해가는 치즈케이크 맛집이에요! 선물하기도 좋고 맛있어요 ㅎㅎ,너무 맛있어서 여러번 방문합니다!! 선물하기 좋아요ㅎㅎㅎㅎ,세번째 방문이에요. 이번에도 하나씩 맛 볼수 있는 4개 세트로 구매했습니다. 맛있게 잘 먹을게요.,저번에 먹고 맛있어서 또 왔어요!! 짱!!,예뻐서 선물하기 좋겠어요 토요일 낮에 지나가다가 줄이 없길래 바로 입장해서 샀어요,어제도 포장했는데 맛있어서 또 먹었읍니다... 진짜 너무 맛있어요ㅜㅠ퐁실 보들ㅜㅠ 오늘은 남자친구가 사줘서 신 납니댜 히히 선물용으로도 좋구 진짜 체고에요ㅜㅠ 추천받아왔는데 역시...체고네욮... 다들 치플레하세요٩꒰⍢ ꒱۶⁼³₌ ₃,연남동 핫플 치틀레 드디어 먹어본당!,매장이 너무 이쁘고 분위기있습니다!,드디어 구매했어요!! 저번에 왔을때 못사서 아쉬웠거든요ㅜㅜ 즐거워요 맛나게먹을게요❤️,유명하길래 한번 사봤는데 부드럽고 맛있었어요 선물용으로도 좋을듯!!,핫한치플레! 소문만큼 맛있어요 :),진짜 맛있어용!!!!!,너무 맛있어서 2주연속 방문  먹어본 치즈케익중에 최고👍🏻👍🏻,친절하고 깔끔해서 선물하기 좋아요!,치플레 드디어 먹어보네요! 넘 맛있어요🫶🫶🫶,왕.. 밑에 깔린 초코치즈케이크랑 상하목장우유 아이스크림의 만남.... 자꾸 생각나는 맛,치플레 처음 먹어보는데 너무 기대돼요!! 매장도 이쁘고 저녁에 오니깐 웨이팅 없이 바로 살 수 있어서 너무 좋아요,보냉백에만 넣고 밖에서 거의 10시간을 가지고 다니다가 집에서 냉장고에 30분 넣어둔 후 먹었는데도 너무 맛있네요!! 브륄레가 녹았을까봐 걱정했는데 살짝 녹긴 했지만 아삭아삭 씹는 맛도 살아있고 너무 맛있어요👍👍👍,🟢11시 오플런해서 구매했어요!!:) 사장님의 센스로..4분 빨리들어와서 괜히 사기도 전에 기분좋아지는☺️ 🟢아이스크림은!!!!쇼콜레를 넣은 후 그 위에 줘요❤️ 참고하세요!!ㅎㅎ  🟢매장이 협소해 2팀만 들어올 수 있다는 점도 참고하면 좋을 것 같아요,이틀전에 삼성역쪽에서 먹고 또 먹으러 왔어요!! 짱 맛있습니당,최근에는 웨이팅 별로 없이 11시에 맞춰가면 될 것 같아요!,친구가 좋아해서 선물용으로 자주 구매해요 ㅎㅎ,꼭 먹어보고싶었는데 드디어 샀어요! 담엔 브륄레맛도 먹어보고싶어용~,소문으로만 듣다가 처음으로 방문해봤어요~ 사람많지 않은 시간대였는지 종류별로 구매할 수 있었네요~ 다음에 또  올게요~,가게 외관이 너무 예쁘고 안에도 잘 되어있어요! SNS 로 만 보다가 오게되서 너무 좋아요,브륄레 피스타치오 샀는데 예쁘고 맛있어요! 브륄레가 더 맛있어요ㅎㅎ,치플레 오리지널 사러왔어요ㅎㅎ,매장도 너무이쁘고 빨리먹어보고싶어요!,고급 치즈케이크 치플레 이 매장은 굽는데라서 넘 향도 좋았어요♥,좀늦은시간에가서 솔드아웃된 메뉴가있어 아쉬웠는데 그래도 맛있게 먹었어요,분위기너무좋아요~ ㅎㅎ맛잇어보여요,진짜 매번 올 때마다 친절하시고 맛있고 다하는 치플레🫶🏻
17도씨,35453402.0,"대표 메뉴인 진짜 진한 초콜릿을 먹었습니다. 추러스, 생크림, 탄산수 추가! 된다면 세개 전부 추가하시는게 좋아요. 매니아로 주문했는데 씁쓸하면서 산미가 느껴지는데 정말 진하고 걸쭉해서 맛있었습니다. 츄러스 찍어먹고 달달한 생크림 곁들여 먹고 시나몬 뿌려먹기도 했습니다. 찐한 초콜릿 한 잔 비우면서 탄산수로 입가심하면 입안이 ...",오랜만에 들러본 17도씨! 처음 와본다는 친구들과 함께 즐거운 시간 보내고왔어요 서빙해주시면서 시나몬을 곁들여 도 좋다셔서 중간부터 살짝 뿌려서 함께 떠먹었는데 색다른 풍미를 즐길 수 있어서 만족했습니다😋,초콜릿으로 유명해서 방문해 봅니다. 가격에 약간 놀랐지만 진한 초콜릿이라고 적혀있어서 여기 찐인가 보다하고  주문했어요. 초콜릿 진하고 단맛보다는 초콜릿 맛이 강해서 좋았어요. 한입한입 음미해먹기 맛있었고 약간 꾸덕해 서 텁텁함?도 있었지만 맛있었습니다. 다들 초콜렛 빙수 드시던데 다음엔 빙수를 도전해보싶어요.🍫,웨이팅이 꽤 길었지만가치가 있었어요 웨이팅 시스템만 개편된다면 좋겠어요 재방문 의사 많고 추천도 합니다,"앞에 8팀 있었고 40분 웨이팅했습니다. 사람은 계속 밀려들어오고 내부가 좁고 시끄러워서 분위기는 별로예요. 데이트 장소보다는 사람 바글바글한 '맛집' 느낌. 진짜진한츄러스세트 노멀에 생크림, 탄산수 추가했어요. 맛있었어요. 엄청난 감동의 맛보다는 기본에 충실한 게 매력 같아요. 점심 먹고 후식으로 먹는 거였는데 아주 배불렀습니다!",초콜릿 맛집 말하라고 하면 바로 떠오르는 곳!! 매니악 맛으로 먹었는데 맛있었어유... 입가심으로 탄산수 추천하셔서 원래 탄산 안마시는데 한번 마셔봤어유ㅎㅎ,초콜릿 음료가 정말 진하고 맛있어요. 얼그레이초콜릿 음료도 시켜봤는데 괜찮네요. 하나씩 파는 초콜릿도 맛있고 웨이팅만 없으면 자주 오고 싶은 곳이에요.,초코렛 빙수와 초코 아이스크림을 시켰다 초코렛빙수는 처음 접해보는 비주얼이라 뭔가 신선한 느낌이 들어 좋았고 아이스크림 역시 진한맛이 느껴졌다 매장은 그리 크지 않으며 초코렛 맛을 제외한 특별한 맛은 없다 초콜릿을 좋아 하는 사람이라면 자주 가겠지만 개인적으로는 자주 찾지 않은 메뉴인것 같다 전반적인 가성비는 무난하다,여기를 가게 된다면 초코는 꼭 먹어야해요! 진짜 어디가서 못먹을 그런 초코입니다! 만약 2명이상 같이간다면 아메 리카노 한잔 같이 시키세요 ㅋㅋㅋ 초코먹고 아메리카노마시면 더 맛있어요 ㅎㅎ,와 빙수 못먹었으면 억울했을뻔... 초코에 진심인 가게라서 초코초코가 아주 엄청나다 블루리본?이거 잇던데 이런게 잇는줄 첨알았다 '0' 와우,진하고 맛있네요! 초콜릿 케이크도 맛있어요~,초콜릿빙수 오리지널로 시켰더니 생초콜릿과 아몬드 슬라이스가 토핑으로 나왔습니다. 달콤한 초코 얼음 덕분에 끝까지 밍밍하지 않아요. 아이스초코도 진하고 달콤쌉싸름해서 맛있습니다.,다음에 올 땐 츄러스도 꼭 먹을거예요,"핫초코가 이리 고급지다니,,,",웨이팅도 좀 있는 듯 해서 쵸콜릿만 포장주문 했는데 직원분이 두명 있으신데도 불구하고 쵸콜릿 포장까지 꽤 기다 렸습니다 거한 포장을 바란건 아니지만 총5개 구입했는데 그냥 비닐 하나에 한꺼번에 담아주시더라구요 저렴한 쵸 콜릿은 아닌데 말이죠 입소문이 난 만큼 조금은 서비스에 신경 쓰실 필요는 상당하다고 봅니다,어후…이 걸쭉함을 맛 보려고 서울 간 김에 가봤습니다. 속이 아파서 한 잔만 마시고 왔는데 다음엔 일찍 가서 품절된 메뉴들도 먹어보고 싶네요ㅠㅠ,꾸덕하고 진~한 다크초코맛이에요. 쌉싸름해서 좋았어요,정말 맛있어요,항상 맛있음🥹,평소 다크초콜릿을 너무너무 좋아하는데 다크초코 빙수가 있다고해서 찾아갔습니다! 쌉싸름한 초코맛을 좋아하신다면 추천! 토핑으로 나오는 초코랑 아몬드슬라이스도 너무 맛있었어요,빙수도 있고 맛있어보이는 메뉴가 많았어요 자리는 좀 좁았고 화장실은 실내에 있고 깨끗했습니딘,맛있고 제대로 만드는 봉봉 쇼콜라를 구매할 수 있습니다! 입안에서 싹 녹아서 남는 끈적임이나 찝찔함 없이 사르르 사라져요 ㅎㅎ 제대로 하는 집이네요 ㅎㅎ 그리고 친절하시고 좋아요 ㅎㅎ,시그니처 음료 2잔 시키시고 츄러스 꼭 드시길 바랍니다!!,"이제, 핫초코의 계절 ☕️💕 초코하면 17도씨 🍫",초콜릿이 너무 달지않고 고급스런 맛이에요~ 초콜릿빙수도 추천합니다,음료는 맛있는데 매장 넓지도 않은데 너무 의자들이 붙어있어서 앉기 불편해요,주중 웨이팅 좀 있었고 빨리 빠짐 직원분들 친절 제일 유명한 엄청 진한 초코 먹었는데 이 가격에 웨이팅까지 하면서 먹을만큼은 아니었어요.. 다른 메뉴들은 맛있다는 평이 많은데 다른 메뉴가 궁금하네요!,당충전 하기 좋은곳이예요 오며가며 늘 아이스크림이랑 커피만 먹다가 오미자 에이드 처음 먹어봤는데 맛있어요~ 사장님도 친절하셔요~ 달달한 쵸코도 사와서 식구들과 흡입했어요~ 역시나 17도씨 맛있어요,경의선숲길의 소소한 행복,깔끔하고 맛있음.,다크초코빙수 맛있어요! 달기만한 빙수가아니라 초코 정말 진하고 맛있어요 ㅎㅎ,"손님대응이 별로였어서 또 가고싶진 않네요. 일행보다 일찍도착했고 자리가 없어서 밖에서 좀 대기했습니다. 3명이 었기에 4인석이 나서 가방을 두고, 제 음료를 먼저 주문 했습니다. 앞팀 이용하고 자리 정리가 안돼있던 테이블이라 휴지에 물을 묻혀와서 덕지덕지 붙은 초코를 닦아내고 있는데 사장님으로 보이는 분이 오셔서 몇 분 이세요, ...",소프트아이스크림을 먹었는데 정말 맛있습니다~^^ 다음에는 빙수도 먹어봐야겠습니다^^ 초콜릿도 많이 있어서 선물하기에도 좋을 듯합니다~,발로나로 빙수를 만들 생각을 하시다니 대단하세요 언젠가눈 로이스도 빙수로 나오겠죠?,초코소프트 아이스크림을 먹고 싶어서 갔는데 아주 맛있었습니다^^ 빙수도 하는 것 같은데 다음에는 그것도 먹어  보려고 합니다~ 초콜릿 전문인 만큼 초콜릿도 맛있어 보였어요~ 선물하기도 좋을 것 같고요~,더위에 녹아내려갈즈음 찾아낸 보석같은 초코빙수! 파는 곳!! 매장도 진짜 시원하고 초코의 진한 맛이 넘나 잘 느껴 져서 진심 한톨도 냄기지 않고 흡입했어요 ㅋㅋ 초코빙수 먹다가 토핑들 넣어서 먹으라했는데 그냥 먹어도 너무 맛 있더라구용! 그렇다고 토핑 안넣고 드시면 안되여~ 토핑 넣으면 넣는대로 핵존맛😋,맛있어요. 그대신 비쌈ㅋ  진한 초콜릿은 진짜 매니아틱한 맛이라 호불호 있을 듯해요.,최고에요.,초코 빙수 맛있어요!! 좀 비싸긴 해요.. 18500원의 빙수라니! 초콜릿은 더 비싸요 개당 3000원 하던데..,아이스크림도 맛있고 친절하고 매장도 깨끗해서 좋습니다~,"초코 빙수가 있는 카페에요! 🙂 가격대가 높은 편이지만, 무더운 여름에 시원한 초콜릿 아이스크림과 빙수를 먹을 수 있어요 💓",초콜릿을 매우매우 좋아하는 친구에게 추천받아서 가본 곳이에요. 초콜릿 음료는 진하고 달콤한 걸로 주문했어요. 메뉴가 상세해서 고르기 좋았어요. 그리고 중국 차를 이용한 초콜릿은 처음봤는데 맛이 상당히 좋았습니다. 향도 그렇구요. 선물용으로도 좋을 것 같아요. 사장님이 매우 친절하십니다.,So yummy~ 초코 찐~해요,맛있어요^.^,초코빙수 먹고 싶어서 들린 17도씨 역시나 너무 맛있었어요!!  또 가고 싶어요.,좋아요,초코빙수 맛있어요 초콜릿도 맛있어요,초콜릿 전문 가게인데 녹차아이스크림에 더 반해 나온 날이에요...🫶🏻 물론 초코도 맛있습니댜,촉촉한 초콜릿 케이크(6500원)과 아이스 아메리카노(5500원)를 시켰다 초콜릿 전문점이지만 케이크의 초코맛이 너 무나 연했다. 꾸덕하고 강한 초코맛을 기대한다면 케이크를 추천하지 않는다. 아메리카노는 산미가 약간 있었다. 무 난무난 다음에 간다면 꾸덕한 초코음료를 먹어볼 예정,좋아요,꾸덕하고 진한 초콜렛 아이스크림이라 맛있어요,"초코빙수 먹으러 갔는데 가격이 사악해서( 18,500원정도).. 초콜렛만 사서 나왔습니다. 블루리본 연속으로 수상하고, 안에 사람도 많고, 사장님도 친절하셨어요. 역이랑 멀고 이의로 아파트단지 근처에 있더라구요. 초콜렛 너무 맛있어서 다음엔 빙수도 꼭 먹어보고 싶어요!!","초코 좋아하는 친구 추천으로 갔다가 초코음료를 너무 맛있게 먹어서 이번엔 다른 친구들이랑 초코빙수, 초코아이스크림 먹었는데 초코덕후들이 찐으로 행복해했어요...♡",빙수가 맛있어요 아몬드랑 초코 플레이크 토핑 잘 어울려요,블루리본 2016년부터 2023년까지~연속 초코렛 관련 음료 간식 맛있네요,맛있어요!!,초콜릿 음료 땡기는 날에는 무조건 17도씨. 초콜릿의 진심인 가게라는 것은 메뉴판을 보면 알 수 있다.  단연코 서울에서 제일 초콜릿에 진심인 가게라 생각한다.,굿,.,특별한 메뉴가 있어요,오랜만에 들린 17도씨 늘 그렇듯 마음이 편안해지고 혀가 행복하네요~ 참치 닮은 초콜릿빙수 정말 넘넘 맛있어요~!!,"빙수가 너무 궁금해서 가봤는데 생각보다 더 맛있어요. 초콜릿이라지만 너무 달지 않고, 쌉싸름하면서도 카카오 특유의 새콤한 맛이 느껴집니다.",다른 메뉴가 궁금해지는 맛! 초코덕후들은 무조건 방문해야하는 곳입니당 다음번엔 빙수 먹으러 와보려구요,초코빙수 맛있어요,블루리본 5개나 받아서 친구랑 급히 들어가봤어요^^역쉬! 맛있네요,😍,"소프트 아이스크림 (컵) 5,000원 초코가 꽤 진하고, 달달해서 맛있어요 소프트 아이스크림 (콘)은 5,500원이에요 소 프트 아이스크림은 저녁 8시 반에 주문 마감이라고 합니다",좋아요,꾸덕하게 나오는 초콜렛 원액의 풍미가 오래 기억에 남습니다. 추천드립니다.,초코빙수 너무 맛있는집,엄청난 빙수를 먹고왔습니다. 다른곳에서는 구경도 못해본 빙수네요. 초코는 요기가 최고.,좋아요~,너무맛잇어요....... 초코빙수랑 초코아이스크림은..걍 똑같은 초코엿네여 ㅋㅋ 갠취로 아몬드는 별로 안어울렸어요  여긴 케익도 맛있고 빙수도 아이스크림도 너무맛남 ㅠㅠ,지인 추천으로 갔는데 초코빙수 꼭 먹어주세요 너무 맛있음ㅠㅠㅜ 다음에는 초콜릿이나 음료도 먹어보고 싶어요,이밴트가 있네요,굿,"꽉찬 초코맛,, 맛있게 잘 먹었습니다. 봉봉은 유자보단 서양배맛이 맛있더라고요",😎,초콜릿빙수가 너무 맛있어서 여름마다 찾아오는 곳 입니다.,초코빙수 진짜 맛있어요❤️,서늘하고 비오는 날에 찾아갔는데 가게 분위기도 좋고 초콜릿도 맛있었어요 ㅎㅎ.,좋아요,.....,초콜릿 아이스크림이 굉장히 진하네요. 너무 달지도 않고 무엇보다 진해서 좋아요,💕,아이스크림이 묽지 않고 쫀쫀하고 초코맛이 찐해서 맛있었어요❣️,쵸코빙수 안달고 좋네요,빙수는 품절이라 못 먹었어요🥲 지~인한 초코 음료 즐기기 좋아요 ㅎㅎ 선물용 초콜릿도 많이 있어요!!🍫,초콜릿 빙수 기본 달지도 않고 맛있어요,연남동을 달콤하게 채워줍니다.,예전부터 꼭 가보고 싶었던곳 소프트콘 먹었는데 맛은 그냥 평범한 초코맛이에요 친절하시긴 엄청 친절하네요 매장 도 깔끔한편,"초콜릿 맛집이 서울에 몇 군데 있지만, 접근성이 좋아 가장 자주 가요.(홍대, 연남동 초입) 특별한 날(발렌타인, 화이 트데이, 빼빼로데이 등)을 위한 특별 패키지 행사도 해서 그럴 때 예약하거나 들러서 구매합니다. 새로운 맛 개발도 꾸준히 해주셔서 단골이라도 늘 새로운 맛을 발견하는 재미도 있고요. 오랜만에 반가운 친구 만날 약속 있을 ...","빙수에서 머리카락이 나왓지만 , 맛있었어요",아이스크림이 초코맛이 아주 진하고 맛있어요ㅜㅜ 다음에 다른 초코음료먹으러 가려구요~!!,진한 초콜릿은 예상보다 씁쓸하지만 맛있어요! 찐 초콜릿 음료라는 생각이 드네요~,여유롭게 테라스에서 즐기기 좋네요 :),초코빙수 존맛탱!!! 다른데 없는 특별한 빙수네요~~ 단언컨데 먹어본빙수중 최고임,블루리본때문에 궁금해서  항상 그냥 지나치다가 방문 한건데 ㅋㅋ 초코아이스크림 찐하니 맛있네요,좋아요,아이스크림이 맛있네요.,여름에 빙수먹으러 종종갔는데...겨울에 핫초코 먹고 싶을때도 가야겠어요. 여기 마시멜로우 띄워먹으면 더더더 맛있을듯,초콜릿맛집,겁내맛있음,초코음료계 에스프레소를 드시고 싶으시면 꼭 오세요. 예전에 찰리와 초콜렛 공장에서 초콜렛 강은 무슨 맛일까 궁금했었는데 이 맛이 아닐까 싶어요! 천상의 맛 입니다.,홍대가는길에 자주 지나치던 곳이엿는데 추천받아서 가봤더니 정말 맛있엇어요 초코음료 짱,,,,,
카페드댕,1653541790.0,엄청난 디저트 맛집 발견했습니다...3단 트레이 완전 맛있어요 ㅠㅠ 비주얼도 완전 시선강탈이라 사진찍어두 너무 이쁘게 나와요. 3단트레이에 있는 밀크티도 향이 너무 좋고 아이스크림도 너무 맛있잖아여.. 몽블랑케이크는 완전 부드럽고 맛있고.. 크림치즈 베이컨 휘낭시에는 단짠 진짜 제대로에요!! 완전 디저트 맛집입니다..♡,"곳곳에 고양이 소품, 그림이 귀엽고 메뉴들이 특색있어서 좋았어요! 비쥬얼 끝내주는데 가격대도 너무 괜찮고 디저 트들도 맛있어요! 몽블랑이 밤맛이라 언뜻 바밤바를 연상시키는 맛이 나기 쉬운데 안에 카시스잼이 들어가 달달하 면서 오묘한게 최고에요🥰🥰 그리고 캣타워 메뉴는 눈으로 보는 재미도 있고 먹는 재미도 있었어요 물론 맛...",카페드댕 분위기 너무 좋았어요 음료도 너무 특별하고 맛있었습니다 데이트하로 오기 좋은곳 같아요 제가 방문했을 때 소개팅하러 온 분들이 많더라고요 분위기도 좋고 위치도 좋고 메뉴가 특별해서소개팅하기 좋은것 같습니다 연남 동 오면 재방문할 의사 있습니다,휘낭시에 종류도 많고 맛있어요♡ 캣타워는 꼭 정말 한번쯤 먹어봐야 하는 메뉴!!!! 턱시도는 새콤하고 부드럽네요ㅎ ㅎ 잭콕슈페너는 특이했어요^^ 여기서만 먹을 수 있는 맛😍 분위기도 고급스러워서 부모님이 좋아하셨어요♡,"여기 카페 넘 독특해요! 블랙 컨셉도 괜찮고 무엇보다 메뉴가 특별한 것들이 많더라구요! 메뉴는 트리플캣타워랑 체 리콕쉐이크 레밍턴휘낭시에 그리고 턱시도(검정 디저트) 골랐습니다! 영상에 있는 것이 체리콕쉐이크인데 에스프레 소 넣어 먹는거 진짜 대박 맛있어요! 트리플캣타워는 솔직히 메뉴 2개에 이 가격 맞나 싶을 정도였어요,,🤭 여...",고양이 없는 고양이 카페 컨셉이 재미있어서 방문했어요 카페 곳곳에 숨은 고양이를 찾을 수 있었습니다 액자와 트 레이 등 다양한 공간 속 고양이들이 있었어요 컨셉도 재미있지만 디저트가 수준급이었어요 시그니처 메뉴 트리플 캣타워의 아이스크림&커피 캐비어 조합이 독특했어요 함께 서빙된 밀크티도 취향저격이었습니다 초코쉘 안...,디카페인 콜드부르 깔끔해서 맛있어요~모히또 비주얼도 예쁘고 상큼해요! 바닐라라떼 많이 안 달아서 오히려 더 맛있어요 ㅎㅎ 꼬수운맛이라 제 스타일에요! 카페도 넘 예쁘고 음악도 잔잔해서 대화하기도 좋았어요 ㅎㅎㅎ,"쾌적하고 깔끔합니다. 1층에서는 음료 및 휘낭시에종류를 주문 및 결제할 수 있고 2층에서는 음료를 마실 수 있는 공간이 있습니다. 1,2층이 각각 구분되어 있어 1층에서 커피 주문 후 2층에서 커피를 조용히 마실 수 있어 좋습니다. 카페의 전체적인 색감이 블랙?진그레이? 이지만 건물 외벽에는 창이 나있어 햇살과 나무를 볼 수 있어 답답...",굉장히 깔끔하고 대화나누기 좋아요! 어제 사실 왔었는데 너무 맘에들어서 오늘 또 왔어요! 오늘도 역시 쾌적하고 좋네여!😎😎 구움과자류가 엄청 맛있어요. 커피나 디저트 모두 허투로 만들지 않는것 같아요. 모든것들이 만족입니다!😎😎😎,연남동 분위기 좋은 카페로 강추합니다 구움과자랑 커피도 맛있고 고급스러워요 직원분도 정말 친절하셔서 너무 좋은 시간 보냈습니다❤,고급스러운 다크한 인테리어에 숨은 고양이 찾는 재미가 있는 카페드댕!  디저트맛집이에요! 마차 브릔느 완전 꾸덕꾸덕 너무 맛있어요! 시그니처 체리콕에이드 강추에요💕,저녁 시간에 휘낭시에를 반값으로 먹을 수 있다. 엄청난 가성비. 매장도 꽤 분위기 있고 조만간 여러 술 메뉴를 준비중이라고 한다.,평일 저녁 7쯤 왔어요. 사장님께서 일곱시 이후로는 할인한다고 하시더라구요. 정성 가득한 휘낭사에를 할인가로 받아서 기분이 좋았습니다.ㅎㅎ 감사합니다. :),카페 드 댕 왜 그동안 모르고 지나갔을까요? 인생 손해였어요 ㅎㅎㅎㅎ 이제부터는 매번 방문해서 인생 이득보겠습 니다 크림뷔릴레는 특히 예술이에요 최고 👍,연남동 지나가다 많이 봤던 카페인데 오늘 첨 가보게 되었어요 디저트 종류 다양하고 넘 맛있었어요 비주얼 대박👍👍👍👍,"커피가 밋있고, 디저트인 휘낭시에 종류가 많아서 맛있게 먹을 수 있었습니다❣️ 그리고 직원분이 정직하시고 친절하셨어요! 결제 금액이 잘못되었는지도 몰랐는데, 아까 결제가 잘못되었다고 취소하고 다시 결제해주셨네요ㅎㅎ 카페 분위기도 좋습니다!",벼르고 왔서 혼쭐내보려 했는데 제가 혼나고 갑니다 다음에또와야겟네요 ㅜㅜ 잭콕아인슈페너 진자 맛있어요 👍🏻 술없는데 취할것 같은 맛,"연남동 카페 드 댕 연남. 추석 연남동은 평소와 달리 다소 차분하네요. 저녁 식사 후 커피 마실곳 찾다가 방문. 검정,  고양이, 차분한 음악.. 작은 사거리 코너라 그런지 2층에서 사람들 구경도 재미거리입니다. 산미 있는 커피도 기대  했던 것 보다 맛있어요. 정신없는 연남동 나들이에 쉬면서 커피한잔 하기 좋은 곳입니다.",구움과자 종류도 많고 무엇보다 커피가 맛있어요. 저는 여기 친구들이랑도 자주 오고 혼자 책읽으러도 자주 옵니다. 깔끔한 인테리어가 멋진 카페입니다! 😎😎😎,"일단 고양이 집사로서 연남동 인생 카페를 찾은 느낌..♥ 블랙 인테리어도 깔끔하고 너무 예쁜데, 군데군데 놓인 고양 이 오브제가 정말 귀여워요🐈‍⬛ 연남동에서 흔치 않은 넓직한 1,2층짜리 공간이라 시간 보내기도 편하고 사장님도 넘 친절하세요! 그리고 일단 제가 좋아하는 휘낭시에가 다양한 종류로 잔뜩 있어서 너무 좋았구요 생긴 것도 만...",휘낭시에 진심 너무 맛있고! 아이스 아메리카노 원두 선택 가능한데 고소함 가득해서 넘 맛있어요 :),맛있는 디저트 한가득입니다^^,종류도 많고 분위기가 너무 좋아용  트리도 귀여워요 !!,검은 고양이 테마의 카페예요 전체적으로 시크하고 차분한 느낌이였어요. 노트북으로 작업하시는 분들도 몇분 계시더라구요. 네이버 리뷰쓰면 구움과자 하나를 서비스로 주시더라구요. 2층까지 있어서 뷰도 좋고 좌석도 널널했습니다.,"무채색 블랙 무드에 고급지고 특색있는 카페에여 :) 살아있는 고양이는 없는데 숨어 있는 고양이 그림이 있어 전시회 같은 느낌도 듭니당ㅎㅎ 커피, 디저트도 맛있고 공간도 넓어서 대화하기에도 좋고 고급지고 예뻐서 사진 찍기에도  넘 예뻐용~",고양이 없는 고양이카페 ㅋㅋ 고양이도 있으면 좋겠어요  디저트 턱시도 상큼달콤 맛나요,카페가 시크블랙으로 모던하게 꾸며져있어서 고급스러운첫인상이 남았습니다. 곳곳에 고양이 관련 소품들이 시선 강탈했네요. 고양이를 좋아하셔서 그런것 같아요. 메뉴는 시그니처 메뉴로 골랐는데 진짜 어디서도 본 적없는 특별 함이 있었어요. 연기를 넣어주셔서 향을 먼저 맡게 하셨는데 특별함 경험이였어요. 체리콕은 어릴때 이후로 ...,베리베리 휘낭시에와 크림치즈 베이컨 휘낭시에 샀늗데. 넘. 맛잇고 비주얼이 너무 이뻐요^^,분위기도 좋고 사장님도 친절하세요 디저트도 맛있어요!♥️♥️🥹,"분위기 있는 연남동카페🖤 북적북적한 느낌이 아닌, 조용하고 잔잔한 카페를 찾으신드면 카페드댕 연남 카페 넘 추 천드려요 귀여운 검은 고양이를 포인트를 줘서 곳곳에 고양이 캐릭터를 찾는 재미가 있는 곳이었어요😻🐈‍⬛ 무엇보 다 특별한 메뉴가 있는 곳이라 더욱 만족스러웠어요 ☑️트리플캣타워 3개의 플레이트에 커피젤리 젤라또 밀...",카페 분위기가 좋습니다. 다영한 메뉴와 가격대도 합리적이라 주변에 있으신분들 들러도 좋을 것 같습니다!,지나가다 들른 카페인데 음료도 맛있었고 편안하게 있을수있어 좋았습니다. 매장이 넓은편은 아닌듯하지만 단체로 와도 앉을수았을정도로 의자도 길고 분위기도 좋아요!  다음에 근처에 있을때 한번더 오고싶은 카페입니다.,"모던하면서도 고급스러운 분위기의 카페였어요, 시그니처 메뉴들로만 주문해봤는데 디저트 ‘턱시도’는 고급 호텔에서 먹는 것 같은 퀄리티, 패션후르츠의 맛이 어우러지며 정말 맛있었음! 시그니처 음료들도 굿굿~ 분위기도 좋아 자주 놀러올것 같아요 ㅋ",연남에 넓고 감각적인 카페를 발견했네요 일단 디저트 3가지 다 너무너무 맛있었어요 많이 시켜서 물릴줄 알았는데 순삭했어요 크렘 드 댕 진짜 맛있어요 강추합니다 사진도 넘 잘나와서 인생샷 건졌네요 ㅎㅎ담에 가면 품절되서 못먹은 디저트 먹어볼래요,맛도 좋고 특이하고 가격도 적당해서 좋았어요,기대 안하고 왔는데 카페 분위기도 좋고 무엇보다 매장이 넓고 깨끗해서 좋아요~ 음료도 맛있어요!,"1ㆍ2층으로 되어있어서 좌석은 많네요~ 커피는 진하고 쓴맛이 많이 안나서 디저트랑 먹기 좋았어요😊 턱시도 라는 검은 공모양 디저트가 반전이네요ㅎㅎ 자르니까 비쥬얼이 반숙 계란 같기도 하면서 귀여워요! 상큼하고 달달합니 다😋 푸딩도 넘 맛있고, 직원분도 너무 친절하세요:)",무채색 분위기 좋아요!! 디저트도 맛있어용,음료가 시원하고 맛있어요~!,1층2층으로 되어있던 카페! 음료부터 디저트 하나 하나 다 정성가득 고급진 비주얼과 맛이다! 특히나 턱시도 넘 내 취향 부드럽고 바삭하고 새콤하고 다채로움 체리쉐이크?도 보는 재미 굿,휘낭시에 맛집이에요 진짜 맛있어요,디저트 맛있고 특색있어요!,카페 분위기도 너무 좋고 구움과자 디저트도 많네요,홍대 은근 일찍 여는 카페 없어 찾아들어갔는데 넘 멋진곳이네요 블랙의 시크한인테리어 커피맛도 고급지고 까눌레 겉바속촉의 정석!!,디저트 존맛집 담에는 와서 캣타워 시켜봐야지,라떼도 디저트도 너무 맛있었어요 분위기도 좋고 고양이 장식물이 귀여웠어요 ❤️,카페가 예쁘고 디저트도 다양하고 맛있어요!,재즈 음악도 분위기도 너무 조아요!,연남동 시크한 카페예요 원래 모던하고차분한 스타일 좋아하는데 여기너무 취향 저격이네요 잭콕슈페너 넘 독특해 요 잭다니엘 향이나는 커피예요 꼭먹어보세요.ㅎㅎ 체리콕쉐이크도 시그니처메뉴로 여기서만먹을수있어요 카공하 기도좋고 맛있는커피먹고싶을때찾는곳,커피랑 휘낭시에가 맛있어요. 특히 더티초코 휘낭시에가 초코맛이 진하고 맛있네용,분위기도 좋고 음료 맛도 너무 좋아요!! 디저트가 색달라서 더 맘에 들어요♥️,이층이 있고 구움과자 디저트가 다양해요!,직원분들도 상냥하시고 휘낭시에 종류가 정말 많아요!,연남동의 많고 많은카페중에 마음에쨩드는카페 시크한느낌으로 사진도찍히고 분위기도차분해서 좋아요 디저트 고 급지게 꾸덕해서좋고 커피도 산미가득(고르는거가능한데전 산미 극호) 료도 굿,https://m.blog.naver.com/bright_gem_2020/223275349052,카페도 너무 예쁘고 커피 원두도 선택할 수 있어서 좋았어요 추천합니다🫶🏻,인테리어가 멋져용,당황스러움 ㅠㅠ 네이버 예약할 필요 없어요 지난 주말저녁에 네이버 시간예약이 있어서 예약시간에 맞추어갔는데 (주차안됨 공용주차장이용 비용발생) 네이버예약은 그저 방문예약이지 좌석이 없으면 그냥 돌아가라고 하네요...ㅎ ㅎ이런 경우는 첨이라 다른 분들도 저처럼 추운날 개고생하지마시라고 리뷰남깁니다,평일 낮에는 조용해요.,친절하고 분위기가 예뻐서 연인과 즐거운 데이트 시간 보냈습니다! 추천해요!!,분위기가 멋져요✨☁️👀🪽,너무 맛나요.... 조용하고 분위기 좋고 최고!,연남동 카페 찾다가 휘낭시에 맛있는 곳 찾았네요^^ 추천합니다~,적당한 유니크함과 적당한 익숙함과 적당한 소소함과 적당히 귀여운 고양이가 있없카페,시크 모던함에 귀여움 한스푼🖤 1-2층 모두 카페라 자리도 넉넉하고 블랙 인테리어라 고급스럽고 깔끔하면서 곳곳 에 검은 고양이😻 캐릭터와 고양이를 사랑하는 느낌의 귀여움과 디테일이 살아있어요💕 크렘드댕 먹었던 크림커 피 중에 탑으로 맛있어요 3대 크림커피 맛집보다 저한텐 젤 맛있어서 깜놀☕ 감성카페라 커피맛은 크게 기대...,"친구와 가서 음료에 디저트 먹는데 되게 색달라서 좋았어요! 처음 먹어보는 디저트에 독특한 맛의 아인슈페너라고 할까요. 분위기도 모던시크한데, 메뉴들도 그 분위기에 맞게 너무 잘 어울리게 구성해놓은 느낌. 너무 좋았습니다~ 친구랑 거의 두시간을 수다떨고 나왔네요ㅎㅎ",맛있어요^^ 또올게요~,연남동에 크고 조용한카페 🥰좋아요~,커피랑 디저트가 너무 맛있어용🩷,디저트 많고 인테리어 독특하고 쪼아여!!!!!!🔥,카페 인테리어가 귀엽고 완전 분위기 좋아요❣️,"인터넷 찾아보고 온 건데, 사진으로 봤던 것보다 훨씬 더 세련됐고 디저트도 다양하고 맛도 좋은데 가격 저렴해서 깜짝 놀랐어요 🥺 져렴한데 예쁘고 편한 곳 찾으시는 분들은 오셔도 좋을 것 같아용 ㅎㅎㅎ 👍",홍대에서 조용하게 대화하기 좋아요 커피도 맛있어요 넘 좋아요,커피가 맛있어요 조용하고 좋아요!,"평소에 무채색 카페를 좋아해서 여기 진짜 제 스타일이었어요!! 1층, 2층으로 매장 안에도 넓고 쾌적하네요~ 고양이 가 포인트인 카페이니만큼 고양이 모형이 많아서 귀여웠어요! 시그니처 메뉴인 크렘 드 댕 최고!!!! 디저트인 워터바 도 너무 달달하고 맛있었어요",시그니처 디저트들 맛있어요👍🏻,똑같은 친구들이랑 두번째로 왔어요 :) 넓찍하고 노래도 좋고 친구들이랑 이야기하기 좋아요!!,커피는 스알짝 아쉽지만 휘낭시에 찐 맛집이고 시그니쳐 메뉴가 알차요,평소 와보고 싶어서 왔는데 깔끔하고 조용하고 친절하시고 좋네요!! 또 올게요!,지나가다가 들렀는데 분위기도 좋고 조용하니 아주 좋습니당 ㅎㅎ 제가 좋아하는 분위기라 자주 올 것 같아요 😊 😊 커피도 맛있고 넓고 시원해요!! 휘낭시에랑 까눌레 파는데 너무 먹어보고시퍼요🩵,너무 친절하시고 휘낭시에 너무 맛있어요!! 저는 레몬 휘낭시에가 가장 맛있었던거 같아요!! 수학여행으로 친구들과 함께 와봤는데 기회가 된다면 또 오고싶어요!!❤️❤️❤️,근처에 있어서 들어간 곳인데 커피가 진하고 맛있었어요 마차브륀느 디저트로 시켰는데 엄청 꾸덕하고 맛이 훌륭 했습니다 블랙 인테리어가 깔끔하고 시원한 느낌이예요 의자는 딱딱했지만 분위기 좋습니다,맛있어요~! 귯귯 몽블랑 짱맛,커피가 맛있어요 ~ 추천이요!,분위기도 좋고 자리도 널널하고 대로변에 위치해서 찾기편해요!,분위기 블랙시크모던 감성좋아하신다면 강추입니다💕 1층과 2층까지 있어서 딱 좋고 무엇보다 콘센트 좌석별로  있더라구요❤️ 섬세하신사장님👍 커피도 맛있고 마차 테린느 진짜 꾸덕하니 존맛탱이에요💕 연남동 갈때마다 방 문하고픈 카페입니당,깔끔한 인테리어에 좋은 음악 음료도 맛있고 휘낭시에는 더할나위 없습니다! 연남 원픽 카페!,커피맛집 !!!!! 중간중간 있는 검은고양이 찾기도 재밌고  연남동에서 커피맛있는 곳 방문하고 싶으면 완전 추천이에오  음악도 잔잔한게 넘 좋아요ㅠ힐링 그자체,커피 특이하고 맛있습니당,맛난 휘낭시에가 많이 있어요! :),친구가 분위기 좋다고 해서 가게 됐는데요 친구가 이야기 한것보다 훨씬 커피와 인테리어가 제 취향이였어요 깔끔 하고 도시적인 인테리어에 곳곳에 숨어있는 댕을 찾는 재미까지 디저트 턱시도는 눈도 즐겁게 했지만 입도 즐겁게 해줘서 너무 만족스러웠어요 제가 이야기 하는것보다 직접가보시면 아 ~ 이거였구나 하는 생각이 드실거예요...,아메리카노를 종류별로 먹었는데 고소한맛 신맛 모두 맛있었어요! 말차라떼는 너무 달지 않아서 취향저격이었습니다! 버터바는 카라멜라이즈된 바나나와 함께 주시는데 꼭 먹어봐야해요! 다시 방문 예약 꽝꽝입니다!🧈🌟,카페 너무 깔끔하고 예뻐요~ 분위기 차분하고 좋습니당! 사장님도 진짜 친절하세요👍 와이파이 비번 여쭤봤는데 영수증 2층까지 직접 가져다주셔서 감동받아서 리뷰쓰는중...ㅎㅎ 음료도 맛있어요~,디저트 맛집답게 색다른 디저트를 즐길 수 있어서 좋았어요. 게다가 인테리어도 너무 깔끔하고 이쁩니다!! 디저트 카 페 카페드댕 추천합니다!!,분위기가 너무 좋고 설명도 친절하세요👍,분위기도 좋고 휘낭시에도 특이하고 맛있어요,휘낭시에 종류도 많고 음료도 맛있어서 만족해요ㅎㅎ,고양이컨셉으로 곳곳에 고양이소품 찾는 재미가 있는 카페에요~ 전체적인 분위기도 모던하고 고급스러웠는데 음료나 디저트도 맛있었어요^^,분위기가 조용하고 넘넘 좋아욧!!! 블랙블랙한것도 맘에 들어요~,분위기가 좋고 시원하고 맛있어요!,커피 고소하고 너무 맛있네요 분위기 좋아용!!><,아~~~~~주 좋습니다! 추천!,분위기가너무좋아요. 특히 액자..!,"고양이는 없지만 고양이카페라고 생각될만큼 고양이가 곳곳에 많습니다 ㅎㅎ 블랙앤화이트 인테리어가 맘에들고, 휘낭시에도 촉촉하게 맛있네요",맛있고 예쁘고 분위기도 좋아요~,휘낭시에가 먹고싶어서 검색하다가 우연히 발견하고 왔는데 분위기도 마음에 들고 친절하게 대해주셔서 또 올거같아요 ~,디저트가 짱맛^*^ 커피 완전 제스타일^*^ 담에 오면 또 올 예정입니당^*^,너무 맛있어요 다음에 또 오겠습니다,친절하고 디저트 맛있엉ㅅ,분위기 좋았어요~
리히트,35751361.0,홍대케이크로 유명한 리히트❤️ 사고 먹어보니 왜 10년동안 자리를 지키고 있었는지 알겠더라고요😆 너무너무 예쁜 리히트케이크 덕분에 조카 생일파티가 더 반짝반짝 빛날 수 있었어요!!! 엄마도 케이크 달아서 안 먹는데 리히트 케이크는 많이 달지 않고 입맛에 맞다며 두조각이나 드셨어요 이제 우리가족 기념일 케이크는 리히트입니다😁,먹어봤던 케이크 중에 최상급 티어. 케이크 그냥 단조로울 수 있는데 갖출 건 다 갖춘 맛이라 어디 선물하고 칭찬 받 기도 좋은 케이크였던 것 같아서 다음에도 주문할 거 같아요! 여기저기서 케이크 많이 준비해봤지만 홀케이크 1호 샤인에 이 퀄에 이 가격은 정말 말이 안 됩니당 ㅠㅠ 🥲🌿❣️❤️ 샤인은 아마 제철이라 11월까지만 주문 된...,케이크 집은 많은데 리히트처럼 맛있는곳은 찾기 힘든것같아요😆 케이크가 부드럽고 촉촉한게 너무 맛있어서 그자리에서 다먹었어요! 디자인도 너무 귀엽고 이뻐서 선물하기 너무 좋아요!! 기념일에 자주 찾을것 같은 케이크 맛집😍 미리 예약하면 할인도 되서 더 좋음 사장님 번창하세요~,밀크티 마롱 케이크 맛있게 먹었습니다🌰 요즘 밤맛나는 케이크와 디저트에 빠져있어서 더 맛있게 먹었네요 은은 한 얼그레이향과 달달한 밤잼의 조합이 좋네요 시트도 부드러워서 좋았어요 아메리카노에 향긋하게 잘어울리는 케 이크라 좋습니다! 다른 케이크도 많고 다음엔 샤인머스캣 케이크나 친구들 생일날 도시락케이크 해주고 싶더...,"연남동 케이크 맛집임! 지난번에 하와이안 케이크 먹고 반해서, 이번에는 단호박 케이크를 먹어봤어요! 단호박크림 이랑 단호박시트 진하고 달콤한 단호박맛 촉촉하고 넘넘 맛있어요! 저는 워낙 단호박 덕후라 그렇다쳐도 평소 단호 박 안좋아하는 가족들도 맛있다며 저만큼이나 잘 먹더라구요 ㅎㅎ 앉은자리에서 순삭해버렸습니다 ♥ 이제 케...",일단 케이크도 너무 귀엽고 이쁘구여 유기농으로 단호박 한통이 들어가서 평소에 사먹던 빵집 케이크들보다 더 달달하게 먹었던 것 같아요! 이런데를 왜 이제 알았지 ㅜㅜ. 나중에 여자친구 생일날 근처니까 와서 케이크 하나 또 주문하려구요!,연남동 리히트 케이크 역이랑도 가까워서 픽업하기에도 좋고 케이크 종류도 무지 많아요 ! 당일 구매도 가능하고 레 터링 추가도 할 수 있었어요 ㅎㅎㅎ 자바칩 바닐라라떼케이크 시켰는데 초콜릿도 들어있고 헤이즐넛이 같이 씹혀서 식감도 좋고 커피크림이 향도 좋고 느끼하지도 않아서 부모님이 너무 좋아하셨어요 다음에도 기념일 케이크 ...,바닐라 자바칩 케이크 진짜 맛있음 재료가 좋아서인지 만드는 기술이 좋으신건지 크림이 미친듯이 많이 들어있는데 도 느끼하지 않고 초코칩이랑 마카다미아 들어가있어서 오독오독 식감까지 재밌어요 연남동에 케이크가게 많은데 리히트는 외관부터 눈길을 사로잡는 맛집이네요 다음기념일에는 쿠크크크? 오레오 듬뿍 올라간 케이크로 주...,샤인머스켓케이크 주문했어요. 레터링도 넘 예쁘게 해주시고 귀여운 케이크도 완전 맘에들어요. 생일인 친구도 대 만족했답니다!! 🥰🥰 담백 고소 부드러운 우유크림이 고당도 샤인머스켓이랑 넘잘어울리고 상큼하고 맛있었어요.  유기농재료로 만든 케이크라 안심하고 먹을수있어서 좋네요~! 또 갈게요^^,"기념일때마다 찾는 곳이에요! 건강하면서도 맛있고, 또 예쁜 케이크를 찾는다면 리히트 강추하고싶어요..❤️❤️ 크리스마스 케이크도 예약할래용","촉촉하고 부드러운 생크림 케이크를 찾으신다면 리히트 추천 드립니다👍 유기농 재료에 동물성생크림을 사용하셔 서 일단 믿고 먹을 수 있다는 점이 제일 좋았고, 샤인머스켓 당도도 미쳤어요😆 케이크가 입에서 사르르 녹아요. 이 번에 먹은 케이크가 너무 만족스러워서 다른 케이크들도 궁금해지네요. 사전 예약시 20% 할인 받을 수 있으...",와...샤인머스켓 18브릭스짜리라서 진짜 맛있어요! 많이 먹어도 느끼함? 전혀 없고 샤인머스켓이 정말 많아서 픽업 해서 들었을때 묵직해요^^! 케이크 자체를 정말 잘 만드시는것 같아요~ 까탈이 남편도 이집 케이크 맛있다고 엄청  잘 먹었답니다^^ 또 방문할게요~!,진심 너무 맛있어요 샤인머스켓도 그냥 안단 샤머 아니고 찐 샤머라서 넘 달콤하고 알도 크네요 좋은 재료 많이 넣으 셔서 그런지 안물리고 계속 들어가더라구요 ^^ 아이들 생일 케이크로도 참 좋을 것 같아요 사장님도 친절하시고 다 음번에는 당근케이크도 먹어보고 싶어요 연희동 케이크 리히트 강추합니당,매장도 이쁜만큼 리히트 케이크도 너무 맛있어요. 귀엽고 이쁜데 맛있기까지하면 반칙아닌가요? 아이가 너무 좋아해서 뿌듯했던 케이크입니다아~^^,"기념일 때문에 리히트 케이크에서 딸기생크림 케이크 예약했어요 !! 1호 케이크가 정말 묵직했는데 케이크 안에 딸 기가 정말 많이 들어있었어요. ♡ 케이크 비주얼도 너무 예쁜데 , 너무 맛있어요 ! ♡ 연말 , 크리스마스 케이크로 추천 해요 !","우유크림이 너무 맛있고 샤인머스켓도 싱싱하고 당도 최고에요! 생크림이 엄청 달거나 느끼하지 않아서 슉슉 들어가는 마법의 케이꾸,,,! 다음 시즌에는 어떤 케이크가 나올까 너무 기대돼요! 조만간 또 방문할게요!😊",가족 생일 파티 하려고 고르고 골라 복숭아케이크 사가요! 가족들이 다 복숭아를 좋아하는데 핑크빛이 이뻐서 살 수 밖에 없었어요😆 맛도 너무 안달고 과일이 참 맛있어서 맛있게 먹었어요! 다음엔 단호박이나 당근 케이크도 사서 먹어보고 싶어요 ㅎㅎ,딸기케이크가 시즌메뉴라서 주문했는데 너무귀여운 곰돌이와 디테일한 데코가 넘 맘에쏙들었어요💖 생일케이크로 손색없었던 케이크고 재료도 유기농으로 알차서 선물하기 넘넘좋았습니다 ㅎㅎ,안느끼하고 맛있어요!!:) 글루텐프리인 우유속에 팥팥 주문했고 친구들이랑 넘 맛있게 먹었어요~~ 담엔 레터링으로 주문할거에요,케이크가 정말 산뜻하고 맛있었습니다 초도 다양하고 홀케이크도 비싸지 않아서 부담없이 선물할 수 있었습니다! 레터링도 요청 가능해서 (2000원 추가) 맛있는 케이크 선물하기 좋습니다!,"폴킴 너를만나 뮤직비디오에 나온 케이크로 궁금했는데, 향긋한 얼그레이향과 맛에 반했습니다!! 생크림을 좋아하지 않는 부모님도 정말 맛있게 드셨어요 ㅎㅎ 유기농 재료와 맛을 생각한다면 가성비 좋다고 느껴집니다!!🥰","연희동 명불허전 케이크 전문점 리히트 후기입니다!! 연희동 연남동에 우후죽순 생기는 케이크집 사이에서 몇년동 안이나 그 자리를 굳건히 지키고 있다는 건 그만큼 맛있고 믿을만한 맛집이기 때문이겠죠!!!??? 유기농 재료를 아낌 없이 팍팍 넣어 맛있고 건강한 케이크에요!!! 가족과, 연인과, 친구와 함께하는 특별한 날을 더 특별하고 소중...",유기농재료와 쌀로 만는 케이크라 가족이랑 맛있게 먹을 수 있어서 좋았어요! 맛도있고 건강도 챙기고 최고!,"예쁜 케이크는 이쁘기만하고 맛이 없을 거라는 편견이 있었는데, 이 케이크를 먹고는 편견이 완전 깨졌어요!!!! 빵 시 트가 촉촉하고 부드러워서 끝까지 맛있게 먹었어요🤍 또 유기농 재료들로 만들어져 먹으면서도 건강해지는 기분이 괜히 들었어요ㅎㅎ 케이크 포장 패키징도 예뻐서 대단한 선물을 받는 기분이더라구요ㅎㅎ 특별한 날 레터링 ...",단호박 케이크에 단호박이 통으로 들어갔다고 하던데 너무 고소 담백하고 맛있어요... 👍🏻 특별한 날에 특별한 케이크와 함께해서 더 좋았답니당!,"특별한날 특별한 케이크 🎂 케이크종류도 다양하고 2-3일 전 주문예약 시 20%할인 혜택 좋아요 밀크티마롱케이크  향긋하고 부드럽고 달콤하네요 👍🏻😍 사장님도 친절하시고, 좋은재료들로 만든 만큼 굳굿",밀크티케이크는 처음 먹어보는데 너무나도 맛있었어요!! 건강한 재료를 사용해서 그런지 더욱더 안심하고 먹을수있 었어요~ 깔끔한디자인에 맛까지 좋았습니다. 포장박스는 노랑노랑한게 너무 귀여워요!! 홍대케이크 주변 검색하시 는분들 이용해보세요!!~~,케이크 넘 귀엽고 맘에 쏙 들어용 ㅠㅠ 가게도 아기자기 하구 ㅎㅎ 예쁜 케이크 감사합니다!,기념일 케이크로 주문했는데 여태 먹어봤던 케이크 중에 가장 맛있고 예쁜 케이크네요! 연남동에서 생일 파티 하기 전에 픽업해서 갔는데 포장도 잘 되어 있고 초도 주셔서 다음에 또 기념일 케이크 주문해볼까 싶어요.,케익이 예쁘고 사장님이 친절하세요! 재구매 의사 있음ㅎㅎ추천합니다~,제누와즈가 진짜 부드러워서 너무... 맛있었어요... 지금 먹고 있는데 진짜 맛남... 부모님도 좋아하세요 짱임,자꾸 생각나는 맛이에요! 이렇게 부드럽고 촉촉한 케이크 찾기 힘든데 리히트 케이크 완전 최고👍🏻 레터링도 깔끔하게 잘 해주시고 진짜 너무 좋아요ㅠㅠ 기념일에 필요한 케이크 살 때는 리히트인 거 같아요💕,"리히트 케이크가 글루텐 프리여서 좋았는데 귀여운 디자인의 케이크들이 많았어요🎂 홀케이크에는 칼, 성냥, 기본 초가 포함되어 있지만 혹시 초나 고깔 등이 필요하다면 매장에서 바로 구입 가능해요. 특히 '우유속에팥팥'은 하얀 케이크 위해 귀여운 해바라기 초가 꽂혀있어요! 생크림이 두껍게 발려있지 않고 녹차 크림과 팥이 들어가 있...","연남동 케이크로 유명한 리히트케이크..! 믿을수 있는 좋은재료들을 사용하는것도 맘에드는데 케이크 디자인이 하 나같이 다 예뻐서 구경하느라 정신이 없었어요 흔한 맛이 아니고 여러가지 맛이 더해진 케이크들이 많아서 독특한 것 같더라구요 더운날이라고 아이스팩도 챙겨주시고 기본초도 넣어주셔서 넘 감사,, 사전 예약하면 20% 할인...",건강한 재료 쓰는데 맛까지 좋다니 이런 곳 없습니다ㅠㅠ 진짜 시트 사이사이 크림도 듬뿍이고 조합도 천재적... 완전 케이크 맛집입니다😆 나만 알고싶은 맛집ㅎ 하지만 더 유명해졌으면 좋겠는 맛집ㅎ,디자인부터 맛까지 어느 하나 빠지는 것 없는 연남동 케이크입니다!! 레터링을 추가하니 너무 예뻐요~  복숭아 쳐돌이라 복숭아 케이크를 주문했는데 기대한 맛 딱 그대로입니다 :) 순식간에 다 먹어서 없어졌어요 ㅠㅠ 다음 기념일때도 또 주문하려고요‘!!!,주문제작 케이크로 유명한 리히트!!! 이번이 첫 방문이었는데 왜 이렇게 유명한 지 단번에 알아버린 곳이었습니다 ㅎ ㅎㅎ💛💛 홍대앞역 인근 골목에 있는데 건물 외관부터 완전 유니크하고 내부에도 각종 초랑 토퍼랑 파티용품을 팔 고 있어서 구경하는 재미도 쏠쏠해용 🥳 이번에 먹은 건 하와이 케이크인데 컨셉 오브제들도 너무 귀엽구 특...,여긴 찐 연남동케이크 맛집이에요! 글루텐프리임것도 넘넘 마음에들고 맛도 다양하고 다음에도 또 여기서 구매할  예정이에용! 흑임자 맛더 찐하고 넘 맛있었습니당,헉 후기 엄청 많네요 사촌 언니한테 물어보고 케이크 사러 다녀왔는데 케이크는 도시락 케이크 정도만 먹을 수 있는데 여기 케이크는 하나도 안물리고 다 먹은거 보니 정말 맛있었나봐요 ㅋㅋㅋㅋㅋㅋ 암튼 강추입니다 !! 덕분에 좋은 추억도 만들구 감사합니다아,케이크 너무 예쁘고 가격도 비싸지 않아서 기념일 케이크로 먹기 너무 좋아요❤️ 케이크 종류도 다양해서 고르기 좋 았던 리히트🙌 연남동 케이크 맛집 찾으시면 추천드려요,연남동 쌀케이크 리히트🎂💕 임산부 선물용으로 넘 좋을 것 같아 찾아보다 다행히 예약 주문이 되어서 방문했어요 ! 디자인도 넘 귀엽고 쌀로 만들어서 건강한 맛있는 선물로 좋을 것 같아요☻ 매장 안은 맛있는 냄새가 가득하구 초  종류도 많아서 케이크에 맞는 예쁜 초까지 선물해가기 좋네요❤️‍🔥,우유속에 팔팔 많이 안달다는 후기보고 샀는데 팥은 역시달아여…ㅋㅋㅋ 오히려 다른케익보다 단것같았어요 케익자체는 맛있습니다,당근케이크 귀엽고 맛있어요 많이 달지않고 촉촉하고 부드러웠습니다:),제 최애 케이크는 호박케이크인데 요번에 아빠 생신케이크로 흑임자 골라봤어요~ 흑임자도 매번 먹어보고 싶었던 건데 호박을 못잊어서 매번 호박으로… ㅎ 먹어보고 맛있으면 번갈아가면서 주문해야겠어요 호박은 위에가 캐릭터 로 바껴서 어른들 생신엔 좀… 그랬거든요~ ㅎ,"케이크가 너무 예쁘고 귀여워서 바로 픽 했습니다. 아이 기념일이라 좀 색다른 케이크를 찾았는데 마음에 쏙 들었습 니다. 특히, 저 곰돌이 초가 너무 귀여워서 아가들이 서로 차지하려고 난리여서 힘들었네요 ㅋㅋ 😂 케이크 모두 유 기농 밀가루와 유기농 설탕 그리고 국내산 쌀가루로 만든다고 하시니 아이들 먹기에도 좋겠더라고요. 아가들...",아빠 생신이라 케이크! 건강한 재료로 만든 디저트여서 부모님 선물로 추천해요,자바칩 바닐라 라테케이크 주문해서 픽업해왔어용ㅎㅎ 중간중간 초코칩이랑 헤이즐넛 씹히는 것도 너무 좋고 맛 조합이 대박이에요😋 커피랑 초코 너무 잘 어울리고 크림 듬뿍 짱 맛있었어요ㅋㅋㅋㅋㅋ,"신랑 업무 축하용으로 다녀왔는데, 아이들이 훨씬 좋아하는 케이크입니다👍🏻 진한 크림치즈에 유기농 재료만 사용 하셔서 아이들 주기에도 안심이였습니다. 캐롯캐롯 디자인이 너무 귀여워요!",케이크 디자인도 너무 귀여운데 일단 맛이 보장된 가게예요! 초콜렛은 완전 꾸덕하고 진해서 너무 맛있거 입이 물릴정도로 과하게 달지 않아서 더 좋았어요!!! 그리고 재료도 건강하다고 하셔서 케이크 먹으면서 죄책감도 조금 덜었답니다!!! 너무 강추해요! 연남동케이크 맛집 인정합니다~👍🏻👍🏻,리히트 케이크에서 케이크 픽업핶어요! 조금 일찍 시작하는 크리스마스 기념입니당! 귀여운 케이크가 엄청 많아 고 르는데 애를 먹었네요ㅎㅎ 즐건 클쓰마스 파티가 될것같아용,글루텐프리라고 해서 먹어봤는데 진짜 존맛이에요 쌀가루로 만들었는데도 완전 촉촉하고 부드러워요...🤤 많이 달지 않은 편이라서 좋아요! 팥 좋아하시는 분들은 우유속에팥팥 추천해요,선물용으로 너무 좋은 귀엽고 예쁜 케이크들이 잔뜩이라 고민하다가 초코케이크로 구매했습니다! 포장도 노랑노랑  케이크 박스에 포인트 리본 살려서 꼼꼼하게 아이스팩까지 넣어주셔서 완전 선물로 좋을 것 같아요!! 벨기에산 초콜 릿 사용으로 달기만 하지 않고 꾸덕하면서 진한 맛이 좋습니다!! 초코덕후들에게 강추 드려요 👍👍,연남동케이크 맛집이라고 방문했는데 디자인도 귀엽고 레터링도 가능해서 친구생일 문구도 넣었는데 친구가 받고  좋아하더라구요~!! 무엇보다 맛있어서 더 좋아한거같아요👍👍 가게가 역에서 별로 안멀어서 쉽게 찾아갈수있어서 좋았어요✨,소중한 사람의 특별한 날을 기념하기 위해 홀 케이크 예약해서 픽업받았는데 완전 귀여워요 ㅎㅎ ♥ 받는 사람도 주는 사람도 마음에 쏙 드네오 ㅎㅎ 달콤한 복숭아 맛이여서 완전 맛있어여 다음에 또 주문할게요 :) ♥,케이크 너무너무 예쁘고 포장도 정성스러워요 우유크림 담백하구 복숭아는 달콤.. 최고 조합이에요 ㅠㅠ 먹어본 케 이크 중 단연 일등! 완전 추천합니다 :),부모님 결혼기념일이라 케이크 주문했는데 부모님이 너무 만족하셨어요~!! 건강한 재료 사용해서 그런지 다른 케이크보다 부담스럽지도 않고 맛있었어요 ㅎㅎ 덕분에 부모님께 좋은 선물 해드렸어요 감사합니다 :),"녹차랑 팥 조합은 뭐., 말 안해듀 믿먹조합이라 고민도 안하고 주문했어요 ㅋㅋㅋ 일반적으로 녹차팥 케이크는 흔하지가 않아서 궁금하기도 했는데 적당히 달고 넘넘 맛있었어요ㅠㅜ",하와이케이크 비주얼과 맛 두마리 토끼를 모두 잡은 케이크 보기좋은 케이크가 맛도 좋네요 >.< 먹기 아까운 비주얼 이지만 입에 넣은 후 순삭했어요 친구들과 함께했는데 케이크 안좋아한다던 사람들이 계속 흡입했습니다 ㅋㅋㅋㅋ ㅋㅋ 시트는 바나나파운드케이크 같이 너무 축축하지도 푸석하지도 않은 식감에 크림이랑 너무 잘 어울려요 ...,"동진시장에서 가까워 찾아가기 쉬웠어요! 당근케이크 주문했는데 여기 케이크 찐 맛집이더군용 ㅠㅠ 빵자체도 촉촉 하고 아빠 생신이라 주문한 케이크인데 가족 모두 맛있다며 정말 잘 먹었습니다❤️❤️ 디자인도 귀엽고 빵이랑 달달 한 크림치즈, 호두, 당근 조합이 너무 잘 어울렸어요!! 아빠는 당근을 싫어했는데 이 케이크는 맛있다며 한조...","연남동 케이트 맛집 리히트&서울두부에서 '밀크티마롱케이크' 주문했어요 :) 홍차 얼그레이와 밤크림이 들어가있어 제가 좋아하는 구성이라 완전 취향저격 케이크에요~홀케이크를 간혹 선물받으면 처음에는 맛있게 먹다가 질려서 다 먹지 못하고 버리는 일도 있는데, 리히트 케이크는 유기농 밀가루, 유기농 설탕, 국내산 쌀가루 등 좋은 재...",예쁜 포장용기에 예쁜 케이크..! 꾸덕하고 진한 케이크까지 정말 완벽한 케이크맛집입니다 선물하기 너무 좋아요 케 이크도 넘 맛있어서 충격그자체에요 진하고 맛있어요 👍🏻👍🏻,케이크 엄청 귀여워요! 받은 당일 먹었는데 케이크가 정말 부드럽더라구요~ 빵 없이 전부 크림인가 싶을 정도로 부드러웠어요! 단 맛도 적당해서 물리지 않고 잘 먹었어요,"아이들이 케이크를 좋아해서 가끔씩 케이크 주문해서 먹어요^^ 생일도 아니고,특별한 날도 아니지만, 아이들이 케이크보면 기분 좋아하기도 하공^^ 리히트 케이크는 많이 달지 않고, 아이들이 먹기에 딱 좋아요! 사장님도 친절하셔요~",친구 생일이라서 자바칩 바닐라 라떼 케이크 사줬는데 친구가 먹더니 케이크 어디서 샀냐구 물어보네요ㅋㅋㅋㅋㅋㅋ 너무 맛있다고 자기도 가봐야겠대요ㅎㅎ 친구가 너무 좋아해줘서 뿌듯하고 좋아용,리얼 단호박 케이크 먹었는데 진짜 단호박 그 자체! 진짜 맛있어요 달달하고 촉촉하니 진짜 또 생각나는 맛이네요 케이크 디자인도 이뻐서 만족:),연남동 케이크 맛집이에요! 진짜 제가 사먹어본 케이크 중에 젤 맛있게 먹음 😽 샤인머스켓 케이크 먹었는데 과일도 되게 크고 신선하고 생크림도 느끼하지 않고 진짜 맛남!!,황치즈 도시락 케이크 맛있어용 치즈맛 완전 진하게 나서 좋고 사이즈도 딱 좋고 귀여워용ㅎㅎㅎ,내가 케이크 선물하려고 준비한거지만 먹음직스럽고 사랑스러워서... 내가 받고 싶을정도...🤣  그리고 케이크 맛있어요!!! 그냥 아무날도 아닌데도 케이크사서 먹을정도로 맛있었구요 조만간 또 주문하고 픽업하러 가야겠어요ㅋㅋ,진짜 역대급으로 가족반응 좋았던 케이크예요^^*💯 케이크 디자인도 역대급으로 귀여웠지만!!🥰 당근케이크 좋아 해서 자주 먹는 편인데 진짜 젤로 맛있었어요!!!👍 맛있다는 말 정~~말 안하는 아빠도 한입 드시자마자 어??맛있다! ! 하실정도!^^ 당연 울집 4살아이도 맛나게 먹었어요😄 좋은재료만 사용해서 만든 케이크라 아이와 함께 먹...,폴킴 뮤비에 나온 케익을 영접하다니.. 🙏🏻 밀크티마롱케이크 ❤️ 달달하니 맛있어요👍🏻 예약에 맞춰 픽업하기 좋았 고 예쁜 상자에 보기만해도 아까워서 먹을때마다 호들갑떨었어요! 다음에 또 갈께요!,너무 예쁘고 맛있는 리히트 케이크🎂,리히트 밀크티마롱 케이크 대박이네요! 얼그레이크림이랑 밤크림이랑 너무 잘어울리거 향도 좋아서 먹을 때마다 행복해지는 맛이었어요ㅎ,연남동 케이크 검색하다가 리히트에서 생일 케이크 주문했어요 !!! 자바칩바닐라라떼 맛은 처음보는데 완전 맛있는 모카케이크 였어요 !!! 커피맛 좋아하시는분들께 추천추천 진짜 맛나답니당 레터링이랑 케이크 디자인도 너무너무 귀엽게 잘해주셔서 대박 만족 ~ 1호 가격도 합리적이어서 앞으로 여기서 케이크 자주 주문할것같아요,쌀케이크 가게 찾다가 발견했는데 너무 좋아요!! 앞으로 엄마 생신 때는 여기로 예약해야겠오요💜💜,"리히트 케이크 N번째 재구매입니당~ 미리 예약하면 20%나 할인되고 넘 좋아요~ 전에 먹어본 당근케이크, 망고케이 크 모두 맛있어서 이번엔 여름 한정 복숭아케이크를 주문해봤어요!! 작년 디자인 예뻤는데 올해 디자인이 바뀌어서 그냥 당케 한번 더 사먹을까~ 고민하다가 부모님 생신축하 기념되고 좋을거같아서 레터링 신청했더니 너무 ...",연남동 케이크전문점 리히트!!유기농 밀가루와 유기농설탕으로 건강한 우유생크림케이크에요. 샤인머스캣케이크는 11월까지만 판매한다고 하니 아쉬워요.달콤 아삭 최고에요,케이크 너무 예쁘고 귀여워요😍 감사합니다!,가성비 좋게 이쁜 케이크 받아볼수 있어서 너무 좋아요 정성껏 만들어 주셔서 감사합니다!,블랙빈케이크 쌀가루로 만든 케이크인데도 넘 맛있어요!! 먹으면서 좋은 재료 썼다는게 느껴져서 더 좋았네요😊 양도 많아서 같이 먹기 딱인 거 같아요!!,추천 받아서 방문하게 된 리히트 케이크인데 건강한 재료와 귀염귀염한 디자인의 케이크로 너무 만족스럽습니다!  예상보다 한 시간 빠르게 도착했는데 친절하게 맞이해 주셨고 덕분에 친구 생일 축하 즐거운 시간 보냈어요~! 다음 에도 재구매하러 오겠습니다!,"연남동 케이크집을 찾다가 우연히 알게되었는데요. 케이크 디자인도 너무 귀엽고 맘에 들었어용 기념일 케이크로  아주 제격입니당 ㅎㅎㅎㅎ 케이크에 레터링 문구도 추가할 수 있어서 좋은거같아용~~~!! 케이크 맛도 유기농이라  건강에도 좋은거같고, 다른 브랜드 케이크보다 찐하면서도 느끼함이 적은 맛입니당 ! 잘 먹었어용~~!!!☺️❤️",선물하기 딱 이네요!,여기 케이크 맛있고 예쁘다고 듣고 주문했는데 제 마음에도 들었습니다♡ 선물하기도 좋았고 맛도 있어서 잘 골랐다고 친창 많이 받았습니다♡♡♡,캐롯케이크 너무 귀여워요 진짜!! 포슬포슬한 시트도 맛있고 상큼하고 부드러운 크림치즈 프로스팅도 짱이에요 😍😍😍 재료도 다 유기농으로 써서 대만족입니다,케이크가 엄청 크고 예약시 할인 되는 점이 아주 좋습니다!! 홍대여서 접근성도 좋아요 이뻐용,당근케이크 진짜 너무 맛있어요!! 시트가 촉촉하고 당근케이크 맛도 진하게 나고 너무 맛있어서 혼자 반틈 다 먹었어요 ㅋㅋ 케이크가 너무 귀여워서 기분 좋았는데 크림치즈랑 케이크 자체가 너무 맛있어서 완전 추천해요!!!,느끼한거 안좋아하는 엄마도 맛있게 잘 먹더라고요 앞으로 가족 모임에 하나씩 사서 들고 가려고요♥️  디자인도 넘 예쁘고 맛은 말해모해,예전에도 여기서 쌀케이크 구매햇엇는데 속이편한햇던기억이잇어요!!시즌 메뉴로 예쁜 케이크들이 많이 나와서 친구기념케이크 또 구매합니당~,이렇게 예쁜데 완전 맛있어요! 온 가족이 감탄하며 먹었습니다~~,"자바라케 케이크! 처음 들어봤는데 너무 제스타일이었어요,,👍🏻 디자인도 너무 귀엽구 커피 좋아하시는분들 강추!! 남편한테 제 생일날 무조건 이걸로 주문해달라고 했네요~~ 선물했더니 친구도 빵이 촉촉하다며 너무 좋아했습니당",집앞이라 케이크 필요할때 꼭들려요. 이틀전 예약시 20프로할인도 적용되서 미리미리 예약하는편이에요:) 맛도 디자인도 예뻐서 좋아요,우유속에팥팥 주문했어요. 크림도 완전 깔끔하고 안에 들은 녹차크림과 팥도 많이 안 달아서 먹기 부담없어요! 쌀케이크인데도 맛있어서 놀랐네요 ㅎㅎ 다음에 또 방문할게요,특별한날 선물하기 너무 좋은 케이크고 가격도 저렴하고 사장님도 착하세요!  다음에 또 예약할 예정입니다!  디자인도 다양해요!,결혼하고 첫 기념일이라 기여운 케이크 하나 주문해봤는데 왜 인기잇는지 알거같네요 맛도 맛있고 디자인도 너무 기여워요,단호박 먹고 넘 맛있어서 우유속에 팥팥 재구매하러 왔어요 케이크 달아서 안조아하는데 담백하고 맛있습니다 짱ㅎ ㅎ,선물용 케이크로 딱이에요! 보통 예쁜 케이크 중에 맛있는 거 찾기 힘든데 여기는 이쁜만큼 맛도 있네요ㅎㅎ 누구나 좋아할만한 케이크에요!!,단호박을 좋아하는데 단호박케이크 맛있는곳 찾기힘들거든요? 여기 단호박케쿠는 진짜 맛납니당ㅋㅋ 고소하고 달달하고 잘 먹었어요 기념일 선물하기 좋은것 같아요:) ❤️,샤인머스켓이랑 생크림 완전 잘 어울려요ㅠㅠ 좋은 재료 쓰는 것도 마음에 들고 진짜 맛있게 먹었어요!! 빵 촉촉한 게 진짜 대박...👍👍 다음에도 꼭 다시 올게요💕,"항상 기념일마다의 만족하는 곳입니다 이번에는 쿠쿠크크로 대만족하며, 친절하게 잘 준비해주셔 기념일 잘 치뤘습 니다","어머니 생신이라 호박케이크 레터링해서 사갔는데 평소에 케이크 잘 안먹던분도 맛있다고 칭찬하시더라구요~~ 흑임자, 밀크티도 맛나요. 여기 완전 단골!! 포장도 이뻐요 초도귀엽구 ㅋㅋ 여기서 꼭 드셔보세요!!",제작케이크 맛집 연남동 맛집 ㅇㅈㅇㅈ 케이크 퀄리티도 아주 좋고 금손 사장님 ㅠㅠ 또 제작하러 올게요!!,케이크 디자인도 너무 아기자기하고 깔끔해서 좋아요ㅠㅠㅠ 디자인만 이쁜 케이크는 많지만 디자인도 이쁘고 맛도 좋은 케이크 많지 않은데 리히트는 진짜 두마리 토끼 다 잡은듯요ㅋㅋㅋㅋㅋ,여름이라고 포장 꼼꼼히 해주셔서 완전 감동쓰 ㅜ 글루텐프리 쌀케이크라 그런지 식감도 포스스하니 너무 맛있었어 요! 말차랑 팥 안좋아하는 초딩입맛도 만족시키고 저희 부모님까지 만족시킨 케이크에용!! 케이키도 기엽구 건강한  재료만 사용하셔서 안심하고 먹을 수 있어 짱이여요,당근케이크 정말 좋아하는데 여기 당케 진짜 맛나요!!!ㅎㅎ 케이크도 귀염뽀짝해서 먹기 아깝더라구요ㅠㅠ 다음에 케이크 주문 할 일 있으면 여기 또 이용할거에요 추천추천!!,친구 생일케이크로 선물했습니다 ㅎㅎ 맛있어서 너무 만족해 해요~~케이크 만드는 재료가 유기농이라서 참 좋네요 3일전에 예약주문하면 20% 혜택받아서 참고하시면 좋을거같아요 개인적으로 밀크티 케쿠 추천해영!,케이크 레터랑추가 했는데 너무 이쁘네요 !! 케이크도 맛있었습니다🎂,케이크 주문했는데 너무너무 예쁘고 맛도 좋아서 선물 받은 친구가 너무 행복해하더라고요❤️ 덕분에 생일 파티 즐겁게 했네요 감사합니다!🥰👍👍,레터링 케이크 필요해서 예약주문하고 받아왔어요~ 레터링 딱 마음에 들게 잘해주셨고 예약해서 할인된 가격에 사서 좋아요~,리히트 케이크 진짜 최고;;; 시트 부드럽고 크림도 부드럽고 먹다보면 케이크 완전 순삭이에요ㅋㅋㅋㅋㅋㅋ 무작정 단 게 아니라 딱 맛있게 달아서 케이크 주문은 여기서만 하려구요ㅋㅋㅋㅋㅋㅋ,너무 달지 않을까 걱정했는데~ 많이 달지 않고~ 부드럽고 너무 맛있어요!!! 너무 귀엽구용!!!!! 가족들 모두 마음에 들 어했어용😄
하우스오브바이닐 연남점,1602152491.0,"근처 어슬렁거리다 홍시 카스테라 메뉴 사진만보고 후다닥 들어왔는데, 홍시가 문제가 아니네요. 넘예🎃🩷✨️ 홍시 카스테라는 당연히 맛있었고😋 커피도 좋았고요☕️ 노래들 정말 다 너무너무너무너무너무너-무! 좋아요!!!!!! 🎃🎃🎃",커피도 맛있고 분위기도 좋은 하우스오브바이닐 주말에 빨리 가지 않으면 웨이팅이 있어요! 차분한 LP 카페에 우드톤 인테리어가 매력적이었어요.,분위기에서 이미 게임 끝. 디저트의 달콤함과 커피의 맛이 어우러져 이상적인 맛과 풍미를 느끼게 해준다. LP판의  음악이 마음을 흔들고 그 흔든 마음을 카페의 분위기가 감싸주는 느낌. 꼭 한번은 들러 보세요~,이런 곳이 있는지 모르고 검색하다가 들렸는데 음악듣기 너무 좋은 공간이었어요🎶🎵🎧 대화보단 음악에 집중하기 좋은 공간같아요,분위기를 제일 먼저 따지는 1인입니다.. LP바라 커피 한잔 하면서 대화하기 너무 좋은 곳이에욤 연남동에 카페 20군 데는 가봤지만 여기가 다섯손가락 안에 들 정도입니둥.. 아메리카노 5500원이고.. 홍시 디저트가 ㄹㅇ 미쳤음 이거 시키세요 특이한데 존맛임 연남동치고 매우 가성비 좋음👍 디저트류도 기성품 아니고 수제 같은데 ㄹㅇ 개...,오늘은 친구를 끌고와서 홍시파블로바를 핥아먹고 갑니다! 신청곡도 써내고 사진도 열심히 찍고 배트맨도 되고 좋네요🦇,"연남동 걷다가 우연히 들어온 곳 입니다. 왠지 모르게 이름이 익숙해서 들어왔는데 새로 생긴 카페라고 합니다. 우 선 사장님이 과묵하시지먼 너무 따듯하셨고, LP를 직접 틀어주시는데 신청곡도 가능하다고 합니다 커피도 맛있었 는데 홍시 파블로바는 꼭 드셔보세요 가을이어서 더욱 좋았돈 메뉴입니다,,,,, 안그래도 요즘 가을타는데 친구...",1인당 신청곡을 받아서 틀어주는 카페~ 중간에는 엘피가 나와요 분위기 굿  3인은 가기 애매해서 2인 추천!,하우스오브바이닐. 모던한 감성의 분위기 좋은 카페 lp만이 가질수있는 그 감성 가을저녁 혼자 감성에 젖어 듣던 노 래. 은은한 라떼향기 까지 계속 여운이 남네요. lp좋아하시는 분 감성쟁이들께 강추해요. 사운드 미쳤다... #감성듬 뿍 #분위기 맛집 #귀호강 #하우스오브바이닐 #연남동 핫플,신상 LP카페라고 올라온 글 보고 방문하게 되었는데 분위기랑 음악이 너무 좋았어요 커피도 제 취향이었소 디저트도 맛있었습니다! 기대 이상의 카페였어용 사장님도 친절하셨습니당 또 방문예정이에용🥰,연남동 신상 카페 찾다가 왔는데 진짜 분위기 미친것 같아요...홍시 디저트 대박 ㅠㅠ 분위기 완전 이쁘고 ㅜㅜ 제가 좋아하는 LP까지.....심지어 남자분은 사장님이신가요 ㅠㅠ 친절하시고 쏘 스윗....🖤 한라봉에이드도 너무 맛있어 요 안 맛있는게 뭘까요...🥹 노트북 들고 와서 작업해도 너무 좋을 것 같은 분위기인데 친구랑 와서 조용조용...,"공간이 아늑하고 너무 예뻐요! 매장 내의 조도나, 음악 선곡도 좋고, 직원분께서 매장을 계속 체크하고 관리하는 모습이 인상적이었습니다. 홍시 관련 디저트 메뉴들은 특색 있으면서 맛있고, 커피도 맛있어서 재방문 예정 있습니다 😃",빵빵한 사운드의 빈티지한 음악을 들으며 커피와 디저트를 즐길 수 있는 곳입니다 아늑한 분위기라 편안하게 머물 기 좋아요 :),"큰 스피커에서 흘러나오는 음악 감상하기 좋은 곳. 신청곡도 받아 좋은 듯. 단, 홍대에서 하는 버스킹 소리가 흘러 들어와 약간 방해됨",평소에 인테리어가 따뜻한 느낌에 엔틱한 카페를 많이 찾아다니는데 제 취향이 맞는 곳을 찾아서 아주좋았어요! 커피 맛도 아주좋았고 즐겨 찾을것 같아요!,적당히 어둡고 모던한 분위기가 딱 제가 좋아하는 무드 입니다.. LP음악과 함께 커피나 디저트를 즐기시고 싶은 분들에게 추천합니다.,리뷰보고 방문했는데 분위기 좋네요^^ 비오는날 가면 분위기 더 좋을 것 같아요 사장님도 친절하시고 에이드맛도  좋고 번창하세요~~~,카페 분위기가 아늑해서 추운 겨울이랑 무척 잘 어울려요 덕분에 정말 행복하게 즐기다 왔습니다 다음에 또 들릴 거예요,"우연히 들어왔는데 분위기도 너무 좋고 음악도 너무 좋아요!! 무엇보다 음료가 너무 제스타일이에요ㅎㅎ 바닐라라 떼는 파우더, 말차도 직접 하신다고 하시네요,, 죤맛! 담에 또올게요🤍","인테리어, 분위기 넘 예뻐요~~ 지나가다가 카페 찾다가 우연히 발견해서 들어왔는데, 지하 분위기를 살리면서 멋스 러운 인테리어에 반했네요. 노래 선곡도 안시끄럽고 고급지며 넘 좋아요",아 일단 저는 필터커피를 시켰는데 사진 찍을새도 없이 맛있어서 다 마셔버렸습니다..🥲 그리고 분위기가 미쳤읍니다 다들 어서오세요,지나가다 들리게 되었는데 정말 분위기 좋네요^^ LP 음악소리와 조명이 너무 포근합니다. 커피 와 홍시디저트 먹었는데 달콤하니 맛있습니다~~,"아늑한 LP 감성에 원하는 음악을 직접 선택할 수 있는 센스까지, 편안하게 쉬다 왔어요",저한텐 lp판은 생소한 경험이었습니다 고즈넉하게 지인과 앉아서 수다떨고 분위기도 심취해보고 아주 좋은 경험이었습니다 다음에도 또 와서 lp노래 듣고 싶네요 ㅎㅎ,연남동 많은 카페 중에서도 분위기 최고에요!! 커피도 맛있고 디저트도 맛있네요 ㅎㅎ 자주 올 거 같아요~~~~~~🤍🧡,연남동 지나가다가 음악소리 들려서 들어가봤는데 너무 예쁜 카페 발견해서 기분 좋아요!! 홍시카스테라 생소했는데 홍시랑 카스테라가 진짜 잘어울리네요 잘 먹었습니당👍,지나가던 길에 잠시 들렀던 카페 조용해서 좋았고 디저트도 맛있었습니다 🙇‍♀️🙇‍♀️,아늑하고 따뜻한 느낌이라서 좋았어용 음악 듣는거 좋아하는데 여기 나오는 노래도 좋음! 스피커 짱 비싸보임 ㅋㅋ,우연히 들어왔는데 분위기도 너무 좋고 디저트도 다 직접 만드셨다는데 맛도리에요....특히 홍시 너무 맛있습니다🫶🏻,지나가다 우연히 들렸는데 분위기 너모 좋았어요오🥰 lp음악두 너모 맘에들구 커피도 너무 맛있었숩니다!!! 커피머신이 멋지구 싱기해서 계속 쳐다봤어여🤭,서비스도 주셨는데 맛있게 잘 먹었습니댜! 말차라떼가 원탑이였오요 분위기도 좋고 잘 쉬다갑니댜 ✌🏻,분위기가 맛있고 크림브릴레가 좋아요 🤭🤭,노래도 좋고 분위기도 좋아오. 사람들 많지 않아 프라이빗하게 즐길 수 있답니다~~ 사장님이 서비스도 주셨어요. 음료도 나쁘지 않은 가격에 좋은 퀄리티에오 추천합니다~,새로 생긴 카페인데 홍시카스테라 너무 맛있고 여기 커피 맛집이네요!!!,이십분정도 걸려서 음료가 나왔는데 카푸치노가 다 식어있었고 거품도 전혀 없었습니다 먹다말고 나왔어요카페 분위기와 노래는 정말 좋았어요,사장님 완전 멋있으신데 서비스로 크림브륄레도 주시는 스윗남이셨어요!!! 인테리어도 장난아니에욤…♥,LP로 틀어주세요!! 신청곡도 받아주십니다~ 생긴지 얼마 안됐는데 저만 알고 싶은 곳이에영,"친구들이랑 처음 왔는데, 사장님 서비스도 너무너무 좋고 친절하구 .. 디저트 진짜 끝장나요 !!!! 나만 알고 싶은 집 .... 자주 올께요 ❤️",조아요,"맛, 음악, 분위기, 사장님 모두 좋은 카페입니다.",,,,,,,,,,,,,,,,,,,,,,,,,,,,,,,,,,,,,,,,,,,,,,,,,,,,,,,,,,,,,,,,,,,,,,
더세컨드하우스,1154933297.0,"동동이와 함께 한 연남동 데이트❤️ 너무 예쁜 카페 다녀왔어요. 더세컨드하우스는 완전 커피 맛집이에요 저는 약간 할매 입맛인데요(?!) 저처럼 할머니 입맛이신 분들은, 아묻따 꼭! 아몬드그림라떼랑 아이스크림 크로플 시켜드세요. 고소하니~ 계속 끌리는 이맛! 후회 안함! 😉 큰 창이 있는데, 지금 날이 선선해서 활짝 열어두셨더라구요. 창...",더세컨드 하우스!! 카페와 바를 겸비한 다재다능한 곳^^ 연남에서 늦게까지 하는 카페가 없어서 아쉬웠는데 더세컨 드하우스가 충족시켜주네요. 메뉴도 다양하고 디카페인도 있어서 늦게 가도 정말 부담스럽지 않은 더세컨드하우스 에요^^ 여기 시그니처인 티라미수가 그렇게 맛있다고 소문이 자자하던데 담에는 커피와 함께 즐겨야겠어요. ...,카페가 넘예쁘고 햇빛이 잘 들어와서 요즘같은때 오기 딱 조은 연남동 카페예요!!! 미니삽으로 퍼먹는 티라미수가 귀엽고 맛있어여😆😆 낮부터 칵테일 한 잔 할 수 있어서 조아용 분위기도 좋고 직원분도 친절하시고 친구들이랑 오기 좋네여 사진찍기도 좋고 데이트장소로도 추천합니다👍👍,연남동 카페 더세컨드하우스 왔습니당 ✨ 아몬드크림라떼 맛집이라 해서 왔는데 생각지도 못한 크로플이랑 밀크티 도 너무 맛있어요 !! 그리고 알고보니 사장님이 . . 제가 진짜 애정해서 매일매일 보고 또 보는 짧대 배우님이 셨어요 댑악 😭😭😭 요기 칵테일도 팔고 위스키도 팔고 BAR로도 운영된다고 하더라구요 저녁 분위기는 더 예쁠 ...,"여기 연남동 카페 분위기 원탑, 디저트 맛도 원탑! 저는 아인슈페너와 아몬드 크림 라떼, 티라미슈를 시켜 먹었습니 다! 조명도 은은하니 비오는 날에 밖에 보면서 안에 앉아있는데 너무 행복해지는 공간이에요:) 티라미슈도 너무 감 각적이게 나오고 너무 달지 않아서 단 음료랑도 잘 어울려서 좋았어요! 라떼도 향이 정말 좋고 왜 시그니쳐인...",연남동 분위기좋은 카페 찾았어요 🥰 “더세컨드하우스” 인테리어도 예쁘고 대화하기 좋은곳이에요 시그니처 아몬 드크림라떼랑 티라미수 주문했어요! 아몬드크림라떼는 고소한맛이 잘 느껴졌고 많이 달지 않아서 디저트랑 먹어도  맛있었어요 티라미수는 촉촉하고 부드러워서 디저트로 먹기에 너무 좋았어요! 위에 초콜릿 토핑이랑 너무 잘...,야외 좌석도 있고 수다떨기 좋은 카페예요!! 밥그릇 티라미수 맛있어요! 위에 뿌려진 초코도 맛있네요!! 토피넛라떼는 견과류가 엄청 많이 씹혀요!,와 티라미수 넘 맛나요😍😍 커피도 넘좋음🫰,음료가 깔끔하고 직원분 정말 친절하세요. 인테리어도 군더더기 없어서 있는 내내 즐거웠습니다.,시그니처메뉴인 아몬드크림라떼는 고소하고 부드러웠어요 *_* 카페인없는 요거트와 주스 메뉴도 있어서 밤에도 부 담없이 방문하기 좋은 카페네요 같이 시킨 티라미수는 너무 귀여운 비주얼로 나와서 깜짝 놀랐어요 비주얼만큼 맛 도 짱짱 🤩!!! 바도 같이 운영 중이던데 인테리어와 분위기가 좋아서 다음엔 술 마시러 방문해보고 싶어요 🙆🏻,분위기 좋기로 유명헌 연남동카페 더세컨드하우스 와봤는데 음료가 맛있고 티라미수도 수제라 그런지 적당히달면서 폭신해서 존맛이에염 ㅠㅠ 인테리어도 그린으로 포인트줘서 사방이 포토스팟이고 직원분이 친절하고 ⭐️이뻐요⭐️ 연남동 골목에 있어서 나만알고싶은 카페 발견한 느낌입니당,연남동 카페 중에 분위기좋고 맛있는 곳으로 찾다가 추천받아서 왔는데 카페 내부도 넘 예쁘고 커피 종류도 많아서 좋아요 ! 다음엔 저녁에 칵테일 먹으러 오려고 합니다🤍,근처 늦게까지 하는 카페가 없어서 둘러보다가 우연히 발견한 곳인데 기대없이 들어갔는데도 분위기도 좋고 디저트도 다 맛있었어요! 사장님이 친절하십니다,더세컨드하우스 낮술 가능 연남동 카페+바💕 창으로 들어오는 햇살을 느끼며 먹는 밀크티+수제 티라미수 조합 추 천 밀크티🥤 #연남동밀크티맛집 으로 타이틀 바꿔야 함 밀크티 진짜~~진하고 맛있음 레몬에이드🍋 진짜 레몬 데 코해주는 대혜자 레몬에이드 밥그릇 수제 티라미수🍰 시그니쳐 메뉴답게 모두가 먹고 있는데 꾸덕하고 시원...,커피랑 디저트 맛있어요 골목에 잇어서 조용히 있다가 가기 좋네요 😆,사장님 친절하시고 디저트와 음료 맛있어요~! 펍도 한다고 하니 분위기 좋은것 같아서 다음번엔 칵테일 마시러 와야 겠어요~ 볼 맛있어요,"연남동 카페 더 세컨드 하우스 방문! 초록초록 싱그러운 분위기, 분위기 있는 음악선정으로 들어올 때부터 기대가 컸던 카페✨낮에는 카페, 밤에는 술집으로 운영한다고 하셔서 그런지 더 분위기가 좋았어요~ 특히 시그니처 메뉴였던 아몬드 크림 라떼! 아몬드를 통째로 간듯 고소해서 더 맛있었어요 강추😍",연남동에서 데이트하는데 분위기도 좋고 평소에 아아 즐겨마시는데 여기선 아아와 달달한 아인슈페너 주문해서 마 셨습니다~ 입가심으로 시킨 티라미수도 달콤하게 맛있게 먹었습니다!! 티라미수는 커피랑 정말 잘 어울렸습니다!!  연남동 가시면 한번 들러봐도 좋을 것 같습니다~ 다음에 또 방문하겠습니다!,"디저트가 귀엽고 맛있는 연남동 카페에요. 티라미수랑 아몬드 크림 라떼 먹었는데 달달함 최고! 낮엔 카페인데, 밤 에는 와인 메뉴도 있어서 좋아보여요. 연남동 놀거리 찾으시는 분들에게 좋은 아지트가 될 것 같습니다 :)","연남동 카페나 바 찾는다면 여길로 ㄱㄱ!! 밤늦게까지해서 식후 간단하게 커피나 술 마시기 하기 좋은 것 같음 😄 제 가 먹은건 아이스크림크로플. 아몬드라떼. 딸기요거트 ((직원분도 잘생기시고, 분위기도 넘 좋음))",연남동 아인슈페너 원탑... 진짜 진짜 진짜 인생 아인슈페너예요... 별 생각 없이 시켰다가 인생 아인슈페너 만나버림 😋,예쁜 카페예요 아인슈페네는 부드러우면서 단백 깔끔해요 밥그릇 티라미수는 시판 싸구리 티라미수 아니고 꾸덕 하면서 특별한맛이예요 밥그릇 티라미수 아니고 양푼 티라미스로 먹고 싶은 맛입니다 레모네이드는 레몬도 씹히면 서 탄산수로 깔끔하네요 사이다는 당이 높아서 너무 달아서 지양하는데 제취향 저격하는 에이드였습니다 연...,잘생긴 사장님과 예쁘신 직원분의 친절한 응대에 기분 좋아지는 곳이네요!! 낮에는 카페 저녁에는 바로 운영 중이시 라는데 바람 살랑부는 창가자리에 앉아 커피 마시니 넘 좋아요👍 아몬드 크림라떼 달달하니 완죤 제서타일!! 더세 컨하우스 시그니쳐 완전 인정요! 연남동 올 때 또 들를게요!!,"밥그릇티라미수 깜찍하고 맛도 좋아요:) 아인슈페너 달달함과 쌉쌀함이 잘 어울려서 너무 맛있어요!! 매장은 넓은편은 아니나 인테리어가 잘 되어 있고, 깔끔해서 기분 좋아지는 곳이네요.",완전 티라미수 맛집 ❤️❤️❤️❤️ 아몬드크림라떼도 너무 맛있구 인테리어도 예뻐용 !!! 사진 엄청 잘나와서 짱좋음 ㅎㅎㅎ,저녁 늦은밤에 간거라 커피 못마셔봐서 아쉽지만 오곡라떼랑 토마토 주스도 맛있었어용! 특히 티라미수는 완전 취향이에요,연남동 카페 찾으신다면 여기에요 분위기도 좋고 음악도 좋고 음료도👍👍 직원분이 너무 예쁘세요❤️ 밤에는 와인  하이볼류도 판매하니 다음에는 밤에 한번 들려야겠네요-!,홍대 1등 카페 .. 음료는 물론 디저트까지 너무 맛있어요 ㅎㅎ 인테리어도 예쁘고 분위기까지 짱 .. 🤍 저녁에는 술도 판매한다는데 저녁에 재방문 해보고싶은 곳 !!,연남동데이트 장소로 딱인 연남동 골목길 안에 숨은 보석 같은 카페예용 ㅎㅎㅎ  낮이고 밤이고 언제든지 카페로 방문해도 되고 연남동 맥주 칵테일 와인 등등 즐길 수 잇어서 좋아영 연남동 낮술로 여기가 딱입니당 ~!!!,시그니처 메뉴들 다 맛있어요~! 사장님이 직접 만드시는 티라미수 부드럽고 적당히 달아서 꼭 드셔보시는걸 추천해 용ㅎㅎ 분위기 좋고 음료 디저트 다 만족스러운 더세컨드하우스💚 소정의 서비스를 지원받아 작성한 리뷰입니다,사장님 외모가 복지… 아니 서비스입니다…! 진짜 미남이시고 엄청 친절하세요! 카페 분위기도 사장님을 닮아 훈훈 합니다 ㅎㅎ. 센스 있게 콘센트도 있어서 핸드폰도 충전하고 여유롭게 쉬다 갔어요! 커피 맛도 좋아요!!,"분위기 좋은 연남동 카페 더세컨드하우스☕️ 비오는 날 방문했는데 빗소리와 잘 어우러져서 오히려 더 편안했던 것 같아요🌳💚 발베니12년산도 판매중이시던데 다음엔 낮술하러 또 오고싶어요,, 그리고 사장님 존잘이세요,,,👀✨",더세컨드하우스는 연남동 카페와 칵테일바로 동시에 운영되는 곳인데요. 연남동 거리를 거닐다가 예쁜 인테리어에 반해서 들어왔어요~~😀 날씨 좋을 때는 테라스석에 앉아 맥주나 칵테일 한반하기 정말 좋을 것 같아요~! 💖 더워 서 야외가 보이는 확 트이는 내부자리에 앉았는데 자리가 너무 편하고 정말 데이트하기 딱 좋더라구용 ㅎㅎㅎ...,인스타 갬성 뿜뿜카페에요:) 직접만든 티라미슈와 커피 조화가 너무 좋아요🤭 다음엔 맥주마시러 저녁에 방문해야겠어요👍🏻👍🏻 사장님도 너무 친절하시고 카페 BGM도 분위기쨩👊🏻,연남동 숨은 맛집입니다 낮과 밤 언제든지 커피와 주류등을 즐길 수 있는 곳이라 인기가 많네요 티라미수는 사장님이 직접 만들어 주시는데 진짜 부드러워요 내부인테리어도 편안한 느낌이여서 힐링 되었어요,크로플 아이스크림 로투스 조합은 맛없없인거 아시죠! 아메리카노도 쓴맛없어서 맛있어요🤍 사장님 직원분들도 너무 친절하시고 인테리어도 너무 예뻐요😊,날 좋아서 가볍게 낮술 찾다가 외관이 초록초록하니 이뻐서 들어왔어요💚💚 내부두 인서타감성이구 새로 오픈해서 쾌적하구 깔끔해요! 칵텔두 넘 맛나구 사장님듀 친절친절!! 플리듀 내서탈👍👍 연남동낮술하기 딱 좋은 장소에효:),"야외 테라스 뷰 넘 좋아요♥ 티라미수 직접 만들어주셔서 더 보들보들하고 달콤했어요 노래 선곡도 완전 제 스타일,,친구랑 조용하게 이야기 나누기 최고였습니당",티라미수 짱맛있고 커피도 다 맛있어요! 분위기 좋은 카페를 찾아서 자주 올거같어요! 작업하기에 편한 곳입니당,연남동 카페 더세컨드하우스 밖에서 보는 것보다 안에서 밖을 볼때 매력적인 카페에요. 커피도 맛있고 사장님이 만든 티라미수로 당 충전하고 친구랑 대화하기 편했어요. 티라미수 먹을 때 주신 삽이 너무 귀엽네요 ÷),편안한 분위기에 디저트가 맛있고 시그니처 메뉴인 아몬드 크림 라떼가 맛있어요! 달콤하고 부드러워요!!! 가게 분위 기가 아기자기하고 직원분리 친절하세요!,카페가 예쁘고 힙해요 아몬드 크림라떼 추천해요👍🏻👍🏻👍🏻존맛 밥그릇 티라미수 완전 귀엽고 맛있어요ㅋㅋㅋ,"연남동 지나가다 초록색에 꽂혀서 들어왔어요 !! 순살치킨도 맛있고 제가 먹어 본 얼그레이 하이볼 중에 최고입니다 👍🏻 분위기도 좋고 음악도 좋고, 사장님 너무 잘생기셨어요🫣 다음엔 커피 마시러 또 올거예요 !!",분위기가 너무좋고 진짜 딱 여자들 취향저격 할만한 인테리어에 사장님 너무 친절하시고 훈남..🫢🫢🫢저녁에 오니깐 더 이쁜거같아요 ㅎㅎ,너무 예쁘고 맛있어요!!! 직원분이 너무 친절하셔요ㅠ 시원하구 편하게 머물수있어서 넘 좋은공간 ㅠㅠ 저녁에 술먹 으러 와야겠어요 ㅎㅎ👍👍👍,메뉴가 고급지고 맛있어요!! 디저트 크로플 아이스크림 존맛!!!! 수박쥬스하고 아몬드라떼 추천해여…!!!!! 인테리어도 사진 너무 잘나오고 음악 분위기 대화하기 저아여 찰떡..!💚 아지트 같은 느낌이네요,사장님이 잘생겼어요,직접만드셨다는 티라미수도 꾸덕하게 맛있고 카페 분위기도 좋아서 편하게 즐기다가 가요😭 심지어 사장님도 넘나  잘생기셨고 친절해요👍👍👍👍,아몬드크림라떼랑 아아랑 밥그릇티라미수 시켰어요!!!!! 내부 인테리어도 너무 예쁘고 음료도 존맛ㅠㅠ❤️ 사장님도 친절하셔서 재방문 강추..❤️‍🔥,그린과 화이트의 편안하면서 깔끔한 인테리어와 모던한 감성이 너무 좋았어요! 사장님도 너무 친절하시고 티라미수 넘 귀여워요💓라떼도 고소해서 진짜 맛있었어요! 또 올게요😆😆,짧은대본 팬이어서 찾아갔어요🥹 (부끄러워서 말은 못했지만 ㅎㅎ...) 아몬드크림라떼랑 크로플 짱 맛있었어요! 사장님 안오시는 줄 알았는데 나중에 오셔가지고 반가웠습니다 헤헤 번창하세요!!,카페느낌이 좋아서ㅎㅎ저녁에 Bar로 운영될때도 기대되는 연남동카페 ' 더 세컨드 하우스'더라구요💛 시그니쳐 라떼인 아몬드크림라떼! 정말 맛있네요~~ 생자몽에이드도 상큼달콤하니 맛있구요 :) 유리잔도 가지고 싶을만큼 예뻐요ㅎㅎ 또 오고싶은곳이에요!!,"사장님이 직접 만든 디저트 밥그릇 티라미수가 인상적이었어요 ㅋㅋ 분위기, 맛도 인정🥰 친절한 카페라 추천드립니당😋😋",여기 아몬드 크림라떼 💛 절대 먹어야해요!! 크림호불호강한편인데 리치한데도 느끼한 크림 못드시는분들도 부담없이 드실수 있을만한 진짜 맛있는 크림이에요 💛💛 커피류 테잌아웃 할인도되니더 좋아요 (하나 더사간거 안비밀💓) 사장님 잘생긴것도 안비밀ㅋㅋ😆😆,연남동의 작은 유럽. 낮에는 카페 저녁에는 술을 파는 카페인데  낮술하기도 좋은 카페에요! 그리고 사장님이 직접 만드신 티라미수는 물론 커피랑 너무 잘 어울리고 맛있어요!,밖에서 보는 것보다 안이 훨씬 좋은 더 세컨드 하우스💚🫨🤍 꺄앙 너무 맛있고 예쁘고 힙하고 조아여!!,오픈한지 얼마 되지 않은 신생 카페겸 바에요. 낮에 갔고 분위기가 무척 좋아서 낮술 하기 좋았는데 밤 분위기 검색 해보고 담에는 밤에 도 가고 싶어요. 사장님도 엄청친절 하시구 대화나누기 넘넘 좋아요,분위기 짱짱 통창을 열어두셔서 테라스 느낌인데 또 시원해서 좋아요 !!!!! 연남동에서 간술하기 좋은 곳 ~ 밤에도 카페음료돼서 좋네융 네이버 ~ 사장님 얼굴이 친절해요도 키워드로 만들어주세요 ~,아담하고 매력적인 카페,친절하시고 분위기도 좋아요!!,분위기도 좋고 음료도 예쁘고 인테리어도 예뻐요~~ 사장님도 친절하시고 좋아요~~! 티라미수가 특이하게 나와서 재밌습니다>_<💓,"커피도 너무 맛있고, 티라미수도 안에 촉촉하게 커피맛 가득해서 맛있어요👍👍👍",뭐져 여기 크로플 미쳤어요 커피랑 완전 찰떡ㅋㅋㅋㅋㅋㅋㅋㅋ ㅠㅠ 단거 땡겨서 시켯는데 10분컷 햇어여 연남 크 로플 맛딥!,사장님 엄청 친절하시구요! 에이드도 맛있고 특히 직접 만드신 티라미수가 좋았어요! 😄😄,"지나가다 수제 티라미수라 쓰여 있어서 들어갔어요!! 요즘 티라미수 달기만하고 맛이 덜한 곳도 많은데, 맛도 찐하고 깔끔해서 음료랑 같이 먹기 너무 좋았습니다ㅎㅎ 엄마도 너무 맛있으시다고 싹싹 긁어 드셨어용ㅋ̄̈ㅋ꙼̈ㅋ̆̎ 커피도 한샷만 부탁드렸는데 맛이 진하니 좋았어요!! 사장님도 짱짱 친절하세요(•̀ᴗ•́)و⋆⁺₊⋆ ♡̷̷̷","요즘 홍대 카페맛집 도장 깨기 중인데, 여기 카페 커피랑 디저트 맛있어요☺️ 커피 원두가 쓴 편이아니라 제 입맛엔  만족>,< 사장님이 직접 만드셨다는 티라미수 적당히 달달하니 중독성 있어요 그리고 매장 인테리어 예뽀요!!! 대충 찍어도 이쁘게 나오니 맛도, 분위기 좋은 카페 찾으시면 이 곳 추천👍",점심먹고 낮술 찾으신다면 더세컨하우스로 오세용 낮술 아니더라도 커피 종류도 있어서 도란도란 얘기 하기에 넘나 딱이쥬🥰 살랑살랑 바람부는 테라스도 있어서 시원한 생맥 마시고 칵테일로 마무리하면 갓벽화장실도 매장안에  있어서 안전하고 깔끔 그잡채⭐️ 다음엔 커피 마시러 또 올게용,"분위기 좋고, 시그니처인 티라미수 진쨔 맛있어용😍♥️",우연히 들른 카페 아인슈페너 최고에요 👍,맛도 있고 친절해요~ 또 갈께요,혼자 왔는데 그래도 칵테일 마시면서 힐링하고 가는 것 같아요  커피도 마실 수 있는데 칵테일도 마실 수 있고 아담하고 음악 들으면서 좋앗어요 대표님 본업은 배우시라던데 잘생기셨어요!!,이른 저녁부터 간단하게 칵테일 마시기 좋아요!  가게 분위기도 좋아서 데이트 장소로도 추천해요~,아이스크림 크로플 존맛… 로투스 가루 뿌려져있고 아이스크림이 쫀듯하니 달콤해서 증말 맛있습니다… 레몬에이드도 상큼하니 더위를 날려주네요! 아몬드크림라떼는 고소하고 많이 달지않아서 느끼하지않고 계속 들어가요 증말 맛있습니다,인테리어도 멋지고 디저트 음료 모두 맛있어요^^,친절하고 맛있어요,분위기 넘 좋고 디저트 진짜 맛도리 …🧡,분위기가 조아여,오픈된 공간감이 주는 만족도가 정말 컸던 카페/바:) 평일에 퇴근하고 선선한 바람 맞으면서 커피를 마셔도 칵테일을  마셔도 행복도 바로 상승각🤍 🎉친구/연인끼리 이쁜 사진찍고 수다떨기 가능,티라미수 딸기요거트 아몬드크림라떼 시켰는데 너무 맛있고 매장분위기도 좋고 직원분도 친절하시고넘 예쁘셔요!!,음식도 너무 맛있구 사장님도 멋있어여 내스타일👼🏻🩵,인테리어도 예쁘고 음료랑 커피 디저트 다 너무 맛있어요💚💛💚💛,날씨 좋은 요즘 선선하게 테라스에서 즐기는 분위기 맛집! 지인들하고 즐거운 시간 보내고 가요~~친절한 사장님 최구👍🏻👍🏻,연남동 골목의 작은 커피 앤 비어 앤 와인하우스. 분위기가 좋아요!! 트러플 감자튀김도 맛있고 박서준 닮은 분이 일하시는 곳,분위기가 너무 이쁘고 사장님이 친절하셔서 좋았어요. 애견동반도되고 테이크아웃은 30프로 할인이라서 테이크아웃할때도 와야겠어요,카라멜라떼로 달달하게 당충전!!! 초록초록한 분위기에서 편안하게 잘 마시구 가요 ㅎㅎ 오픈이벤트로 1000원 할인까지 감사합니당 자주 올게요>_<,"연남동 카페바인데 아몬드크림라떼랑 티라미수 진짜맛있어서 종종 지나가다 방문하는 곳입니다!🩵🫧 일단 분위 기 말해뭐해 너무 좋고요, 카페지만 바라서 술도 먹을 수 있어서 좋아요. 커피도 맛있고 사장님도 친절하고 저번에  크로플 먹었는데 크로플도 존맛탱🐰🎶거기다 애갼동반가능해서 귀여운 멍멍이도 같이 방문할 수 있더라고...",연트럴파크근처 늦게까지 술과 커피를 파는 곳.,커피가 너무 맛있고 다른음료들도 맛있어요. 아몬드크림라떼랑 요거트가 정말맛있더라구요. 사장님도 친절하시고 직원분도 잘생겨서 좋았습니다.,분위기 좋아요 ㅎㅎ 친구와 가볍게 이야기 나누기 좋은 공간입니다.,아니...! 아이스크림이 꾸덕 쫄깃함이 느껴질 정도에용 완전 맛도리~ 아쉬는 건 1인 1메뉴라는 거! 그런 거 없으면 승부하기 어렵나? 싶다,새로 오픈한 곳인데 실례지만 단골해도 되겠습니까..? 아몬드크림라떼 먹고 바로 반했음 ㅠㅠㅠㅠ사장님도 짱 친절하시고 초록초록 분위기도 완전 취저.. 연남동 카페투어 대성공 히히히💘,크로플이 너무 맛있네요! 매장분위기도 굉장히 힙하고 이뻐서 만족스러웠어요,카페에서 술도 먹을수있으니까 너무 좋네요. 티라미수는 직접 만드셔서 그런지 너무 맛있고 비쥬얼도 너무 귀여웠어요!,테이크아웃30퍼로 패키지 고급스러운데 저렴하게 이용할수있어서 좋았어요,통창 테라스에 앉아서 먹으니 분위기 너무 좋아요!! 산토리니 하이볼이랑 소세지 시켰는데 소세지 안에 치즈가 ㅠㅠ 사장님도 친절하시고 잘 먹고 갑니다😌👍,사장님이랑 직원분들이 친절하셔서 너무 좋았습니다. 커피도 너무 맛있고 티라미수도 직접 만드셔서그런지 정말맛있네요.,아주좋아요,일단 사장님이 친절하셔서 너무 편안하게 다녀갑니다~~ 술먹으러 왔는데 커피도 가능해서 너무 좋았어여!,아몬드 크림라떼 너무 맛있어요 사장님도 너무 잘생기시고 알바생분들도 너무 예뻐요 배우신가.. ㄷㄷ,커피가 정말 맛있고 사장님도 너무 친절하세요~ ㅎㅎ 중간에 시간이 떠서 우연히 찾았는데 너무 좋습니다~,새로생긴거같은데 테이크아웃하면 30퍼할인해주네요 커피맛도 좋고 좋습니다ㅎㅎㅎ,커피가 너무너무 맛있습니다!! 분위기 정말 힙해여!!  굿잡굿잡 👍✌✌✌,음료 맛있어요!!,지나가다 끌려서 들어왔는데 너무 친절하시네요;; 또 오겠습니다,분위기좋고커피 한잔하기 딱 좋아요 사장님이 너무친절해서 좋았어요,친절하고 사장님 멋쩌요,지나가다가 문 탁 트인게 내 힐링공간이 되겠구나~하고 들어갔는데 술도 마실 수 있네요!!!  카페음료들도 맛있는데 술 종류도 진짜 다양해서 놀랬어요 ㅋㅋ 분위기도 넘 이쁘고 ㅎ 담에 울 강쥐대리고 또 오려고요!,굿,,
오버딥,1346475243.0,심해 컨셉의 너무 예쁜 카페❤️ 파랑파랑한 내부가 너무 예쁘더라고요 :) 사진 찍을 수 있는 포토존이 많고 다 예쁘 게 나오더라는! 재료를 듬뿍 얹은 페스츄리와 마들렌도 너무 맛있었답니다❤️❤️ 연남동 예쁜 카페 찾으신다면 추천 해요!,연남에 신상 카페 생겼다해서 왔는데 인테리어 정말 대박 이뻐요 ㅠㅠ .. 진짜 바다 심해 속에 들어와있는 기분 ㅎㅎ 포토존이 너무 많아서 사진 찍기 정말 좋아요 크리스마스 분위기나는 공간도 있어서 좋았어요 💙 시그니처 커피인  파도크림 라떼도 이쁘고 맛있어요 페스츄리도 존맛탱 ㅎㅎ 👍🏻,#연남동카페 #디저트맛집 #오버딥 다녀왔어요! 외관부터 블루블루 내부도 블루블루 인테리어랑 플레이리스트가 좋아요! 커피한잔에 음악만 들어도 좋은것 같아요 단거 안좋아하는데 핸드드립커피에 츄러스랑 콘크림 마들렌 궁합이 좋아요!!👍👍,심해 컨셉 제대로인 연남 신상카페 오버딥 완전 추천해요😆👍🏼 공간이 너무 이뻐서 진짜 바닷속에 있는 것 같은 느 낌이에요 ㅎㅎ 해파리 떠다니는 배경도 느낌있어요!! 시그니처 크림라떼들도 비주얼만큼 꿀맛이고 마들렌도 특색있 는 맛이 많은데 다 큼직하니 맛있어요!! 🤩🤩연남동에서 유니크한 카페 찾으시면 추천드립니당🥹,전부터 오고 싶었던 카페~ 드디어 방문했습니다! 기대했던 그 이상으로 매장 내부가 예쁘고 제 취향 그 자체... ㅠㅠ 파도크림라떼도 맛있고 디저트들도 너무 경이로울 정도로 예뻐서 먹기 아까웠습니다 ㅋㅋㅋ 나중에는 모든 디저트 종류로 먹고 싶어요! 잘 즐기고 갑니다~ ^_^v,매장이 너무 예뻐요! 심해 컨셉이라 파랑파랑해서 특이하더라고요! 커피도 진짜 맛있었어요 👍🏻 포토존들이 많아서 사진 찍기도 넘 좋고 날 좋으면 루프탑에서도 먹고 싶어요 ☺️,일단 인테리어가 압도적이에요. 블루 조아하는 사람으로썬 블루세상이라 카페에 들어오기만 해도 기분 좋아요 근 데 와중에 오버딥 블루라서 더 굿굿임. 게다가 음료랑 디저트 맛도 좋아서 완전 성공적 카페 투어에요 !!! 피칸 마들 렌이 정말 마싯어서 동생이랑 서로 먹겟다고 난리난리 ㅋㅋ 다음엔 낮 시간에 방문해서 더 많은 디저트 부술...,연남동 바다 컨셉에 충실한 유니크한 카페예요 파랑파랑 바다느낌 가득한 이층에 콘크림마들렌 말차 페스츄리 등  독특한 디저트가 많앗고 삼층은 아르떼 뮤지엄을 생각나게 하는 심해느낌의 어둑어둑한 분위기의 플레이스입니다  너무너무 추천하는 연남동 분위기있고 디저트 맛있는 카페예요,"연남동 카페 어디갈지 찾아보다가 이번에 새로 생긴 카페를 가게 되었는데요 매장 분위기가 심해 바다를 모티브로 해서 2층, 3층의 컨셉이 조금씩 다르더라구요! 2층은 좀 밝은 바닷속 분위기였어요 ! 대화하기에도 좋았구 🌊 3층은 더 깊은 심해 바닷속 분위기로 어둡고 은은한 조명으로 있어서 더 분위기 있더라구요~ 커플분들이 많이 계셔...","연남동 루프탑 카페! 심해컨셉이라 바닷속에 있는 듯한 느낌의 카페에요. 2,3층의 컨셉이 다르고 루프탑은 뻥 뚫려 있어 연남동을 한번에 볼 수 있어서 좋아요. 드립커피, 시그니처 커피 모두 맛있었고 마들렌도 너무 맛있게 먹었어요 ! 오후에는 마들렌이 거의 품절이라 디저트 드시려면 일찍 방문해야될 것 같아요. 다양한 포토존도 많이 마련...",독특한 분위기의 카페 오버딥~! 디저트와 음료도 맛도리였지만 특히 안에 인테리어가 너무 이쁜 곳이엇어요~! 친구나 연인끼리와서 사진 찍기 딱 좋네요💕,"크리스마스, 연말 분위기가 물씬 풍기는 이쁜카페에요!! 디저트도 너무 맛있어요!! 추천합니당",연남동에 여태껏 찾아볼수 없는 독특한 컨셉의 카페에요 !! 볼거리가 많고 1-3층 테라스까지 있어서 장소 구경하는  재미도 있구 라떼랑 자두복숭아에이드 진짜 맛있어요! 데이트 장소로 제격인거같아용 인생샷 건지고 갈수 있어요,카페도 너무 바다 분위기로 이쁘고 디저트도 너무 맛있어요!!포토존 너무 많아서 좋아용,분위기 몽환적이고 신비스러운 연남동 카페에요!! 미디어아트가 있어서 깊은 바닷속에 들어와 있는 느낌이였어요!! 마들렌도 색다른 종류들이 많았고 라떼에 올라간 크림도 넘 맛있어요!! 정말 독특한 카페라서 완전 강추하는 곳이에요!!,바다 컨셉이라 넘 독특하구 얘기하기도 좋았던 연남동 카페였어요!! 힙하고 예쁘고 디저트 맛있어요😋😋,바다 컨셉 카페 발견~ 여기 마들렌 맛쥡이에여!!! 커피는 좀 달았지만 얼그레이향 은은하게 나고 맛있었어요❤️ 다 음에 간다면 마들렌이랑 아메!!!! 바다 컨셉도 넘 신박하구 루프탑도 있어서 좋았어요,오버딥. 블루천국.넘넘 신기하고 잼나는 테마로 만든카페네요. 커피도 맛있어요. 사진찍기놀이하며 즐거웠네요,딥블루 마들렌은 꼭 드셔야되요 토마토바질마들렌도 향긋하고 콘크림마들렌 진짜 맛있어요 자리가 없으니 오픈런으로 오셔야될거에요^^ 그리고 딥블루레몬에이드 꼭 드세요 너무 맛있어요^^,카페 컨셉이 아주 독특하고 이쁩니다 핫플답게 사람도 많고 커피랑 디저트도 훌륭해요!,"외관부터 내부까지 푸른빛으로 가득했던 카페 🩵💙 푸른빛 조명과 인테리어가 멋지고, 특히 3층으로 올라가면 바 닥에 깔린 푸른빛 돌과 바다산호, 조명과 해파리로 몽환적인 느낌이 드는 곳이다. 카페 전체가 포토존 !! 📸📸💙💙 음료와 디저트도 맛있었다. 딥블루레몬에이드는 달달하면서도 레몬 맛이 적당히 어우러져 시원하게 먹기 좋...",연남동카페 중에 독특한 컨셉의 카페를 찾으신다면 강력 추천합니다!ㅎㅎ 파란색과 해파리를 좋아하시든 안 좋아하시든 좋아하실 거에요*^^* 디저트랑 커피도 아주 맛있었답니다,빵이랑 음료 다 맛있습니다. 인테리어도 말할 것도 없이 너무 멋있고요.. 근데 빵들이 햇빛을 너무 많이 받고있어서 크림도 녹고 맛이 살짝 이상했어요 블라인드를 치던지 햇빛이 강할 때는 디저트 관리 좀 하셔야할 것 같아요,심해라는 컨셉답게 블루로 물들인 카페! 일단 베이커리 비주얼이 너무 예뻤다! 맛 역시 너무 맛잇었습니다. ㅠㅠ 2층이 특히 크리스마스로 예쁘게 꾸며져 있었다!,"연남동에 힙한 신상카페가 오픈했다고 해서 방문했어요~ 요즘 핫한 미디어아트들로 가득하고 어둡고 푸른 조명 속 에서 은은한 분위기가 너무 좋아요!! ㅎㅎ 마들렌 디저트도 맛있고 루프탑 있는 연남동 카페로 추천해요!! 인테리어 진짜 멋져요,,,, 어떻게 이런 카페로 기획했을까 감탄만 하고 왔다는 ㅋㅋㅋㅋㅋㅋㅋㅋㅋㅋ 날씨 좋을 때 루프...",바다에 빠진듯한 느낌 나는 오버딮 2층과 3층 분위기가 달라서 공간마다 느끼는 재미가 달라서 좋은 연남동카페예 요 디저트들을 먹고싶다면 무조건 빨리-! 이른 시간에 방문하시길 추천드려요 (마들렌 꼭 드세요 ..),"독특한 심해컨셉의 카페🌊 음료랑 디저트도 컨셉에 충실해 있어서 좋았습니다 한 쪽 벽이 포토존이라 사진도 많이 찍었구🐠 전체적으로 물에 잠겨있는 느낌이 들어 신비롭고 좋았어요 매장 내부가 생각보다 더 어두워서 내부에선 사진만 찍었고, 음료는 루프탑에서 먹었어요",분위기 완전 힙해요!! 파랑색도 바다도 너무 좋아하는데 한곳에 다 모아놨어요👍🏼 파도모양크림라떼도 너무 맛있어요ㅠㅠ 사진도 너무잘나옵니당,"2층, 3층, 루프탑까지 있는 심해 컨셉의 연남동 신상카페! 층마다 포토존이 가득해서 사진찍기 좋았고 마들렌, 페스 츄리 등 예쁜 디저트 다양해요~~ 파도크림라떼 시켰는데 음료까지 컨셉에 충실하고 맛있어요!👍👍👍",일단 매장이 너무 예쁘고 디저트가 다채로워서 좋아요💙💙층마다 컨셉이 달라서 구경하는 재미도 있고 집근처에 멋진 카페가 있어서 멀리갈 필요없이 놀러나온 기분느껴서 좋아요 디저트도 맛있어요 최고최고,심해컨셉은 처음 봤는데 파랑파랑해서 넘 예뻐요!특히 날씨가 선선할때 루프탑이용하니까 너무 좋네요 사진도 잘나와요!! 디저트도 맛있습니당!!,여기 진짜 넘넘이뻐요 꼭 가보세요 그냥 인스타 사진 맛집이 아니라 디저트랑 커피 다 맛있어요😍❤️ 넘이뻐서 반해버림여 또올께요🥰,지나가다 들렀는데 너무 예뻐서 깜짝 놀랐어요. 게다가 음료도 맛있었어요! 1층보단 2층을 추천드립니다 ㅎㅎ 화장실도 깨끗하고 넓어요~,깊은 바다를 좋아하는 친구가 생일이라서 기념으로 방문했는데 너무 너무 좋아했어요✨ 저는 시그니처인 『 파도크림라떼 』 마셨는데 너무 달지 않은 바닐라라떼에 은은한 얼그레이향이 너무 잘 어울렸고 파도를 표현한 부드러운 크림이랑 같이 먹으니까 눈도 입도 즐거웠어요! 재방문의사 가득입니다 :) 🌊,"파랑파랑, 바다를 좋아한다면 좋아하면 꼭 들려야하는 카페! 음료와 디저트도 맛있습니다 😊 주말에는 올때마다 만석이었는데 평일에는 사람이 적어서 좋네요!","분위기가 너무 예뻐서 카페 찾아왔는데 음료, 마들렌까지 다 맛있어요!! 직원분들도 너어어무 친절하십니당!! 사진도 건지고 입도 행복하고 눈도 행복해지는 곳이에요🩵🐳",심해바다느낌 표현한거같은데 진짜 바닷속안에 들아와있는거같아요 ㅎㅎ 연남동에 바다가 생긴거같네요 ? 😉 살 구자두에이드 다른데서 파는거 못본거같은데 이거 진짜 맛있어요 제발드셔주세욤 👏🏻👏🏻 맛있는건 같이먹어야져  🐬🫧 포토존도 진짜예뻐여 🐠,여기 진짜 마들렌 맛집! 연남동 디저트카페중 제일 힙한데 심지어 맛있어요 진짜 짱맛이에요,색다른 컨셉의 카페에요! 전체적으로 블루톤으로 인테리어되어 청량하고 쾌적한 느낌! 디저트도 정말 많고 맛있아요!! 메뉴도 컨셉에 맞는 파도크림라떼 마셨는데 너무 맛있네요!,미술관 속 체험관에 온듯한 분위기에요 💙 포토존이 많아서 재밌구 심해에 들어온느낌이라 시원함 그 자체네요 ㅎ  ㅎ 음료도 마들렌도 예쁜 비주얼만큼이나 맛있어요 특히 파도크림라떼가 특색있고도 얼그레이향이 진해서 추천해 욥! 마들렌도 부드럽구 종류에따라 각기 다른 매력이있네요🌷,컨셉이 심해라는 다소 신박한 컨셉으로 분위기도 그렇고 디저트와 여기 시그니처라떼도 맛있어요! 파도모양으로 만들어진 라떼가 굉장히 매력있어요!,인테리어가 다 한 곳이예요~ 멋져서 꼭 한 번은 방문할만 한 곳이예요 초코라테 맛은 좋은데 양이 200ml도 안되는 거 같아요 참고하세요,연남 새로 생긴 신상 카페입니다 인테리어가 감각적이라 사진도 엄청 잘나오고 드립 커피맛이 굉장히 매력적인 곳 입니다 :) 마들렌도 종류가 다양하고 또 엄청 맛있어서 또 방문하고 싶은 곳입니다!!,심해컨셉 카페라서 진짜 분위기가 넘 독특하고 구경하게 많아서 너무 좋았어요ㅎㅎㅎ여기 마들렌 맛집이예요ㅎ종류도 많고 달달하고 입에서 살살 녹아요ㅜㅜ 색감 이쁜 구름라떼도 비주얼도 이쁘지만 맛도 진짜 달달해요🥰,몽환적인 바다 세상을 구경하고 나온 듯한! 미디어 아트 전시를 관람하고 나온 듯.. 신비한 곳이었어요. 시그니처 음료들도 독특하고 마들렌 종류도 다양해서 좋아요. 이색 데이트로 강추해요~,분위기가 미쳤어요 음료수도 개이쁨.. 친구랑 고민하다가 온건데 후회안할선택이였어요. 잘온거같음..,연남동 신상 핫플 오버딥 방문했어요 일단 카페 분위기가 너무 좋고 콘크림 크림초코 마들렌 짱 맛 아아도 맛있었어요 루프탑도 있고 포토존 맛집입니다❤️,"심해를 컨셉으로한 카페 오버딥, 영상부터 음악 그리고 바닥에 모래까지 정말 바다속에 있는 것 같아요. 크림듬뿍 올라간 마들렌 예쁘고 맛있구요. 커피도 좋네요. 진짜 컨셉이 독특하고 예뻐서 영화 세트장 같아요.",푸른 바다 컨셉 카페인테리어도 이뿌구 솔티드 카라멜 라떼 달달해서 넘 맛있어용 .. 💙,컨셉 확실하고 디저트도 맛나보이는 카페에요! 파란색으로 가득하고 조용한 분위기라 아주 좋았어요👍,컨셉이 확실한 카페 ㅋㅋ 온통 블루에요 홍대만의 개성 톡톡 튀는 곳을 찾으시면 여기가 제격입니다! 디저트 커피도 맛있어용,연남에서도 독보적으로 힙한 카페네욬ㅋㅋㅋㅋ 파란 바다 속에서 커피 마시는 기분입니다ㅋㅋㅋ시그니쳐 커피인  파도 크림 라떼도 귀엽고 맛있어요! 마들렌 하나하나 개성 넘치게 이쁘고 최고에요~!!,"아니...뭐지 이카페. 분위기 진짜 미쳤고요, 심해컨셉이라는데 진짜 너무 예쁘고 신비스럽고 다함 ㅠㅠ 사진찍기도 좋고 진짜 완전 힙해요. 재방문 200% 어머어머.... 커피도 맛있고 디저트 마들렌도 맛있어요!!!! 미쳤어 미쳤어 오늘 은 신상 카페라고 급히 혼자 왔는데 친구랑 또올거예요. 외국인친구한테도 소개시켜줄려고요. 우리나라 카페...",홍대 핫하다던 오버딥!! 역시 분위기와 바다 컨셉이 압도적이고 무엇보다 음료랑 디저트도 너무 맛있어요~~ 말차 좋아하는분들 딥말차페스츄리 이거 찐 맛도리이에요~ 조만간 또 방문할께요!!,인테리어 맛집 sns 사진찍기 너무 좋은 독특한 컨셉의 연남동 카페입니다. 1층은 수다떨기 좋고 2층은 완전 사진찍기 재미난 곳. 날 좋으면 루프탑까지! 바다에 온 기분!,내생에 힙하면서도 감성이 있는카페중 하나예요<> 사장님이 손수 핸드드립으로 내려주신 커피☕️ 완죤내취향ㅇ^&*,"근처에 볼일 보러 갔다가 새로 생겼다고 해서 방문했는데, 리뷰 보고 간 것보다 더 멋지게 꾸며놓으셨더라고요. 그리고 디저트류도 정말 다양해서 좋았어요. 저는 특히 옥수수휘낭시에가 취저였어요!! 그건 꼭 드셔보세요!",저 또왔어요 ㅠㅠ 진짜 여기 옥수수랑 초코마들렌 맛있는거 알아주셨으면 나만 알고싶은 디저트맛집이예요💙 핑쿠 자몽에이드 맛두 좋고 일단 너무 색깔 취저.. 잠봉뵈르는 첫도전 해봤는데 ㅋㅋ 식사대용으로 딱입니다 빵이 페스츄 리라 식감 조합넘 좋아요:) 중독되서 자꾸 생각나네요ㅜ 옥수수마들렌 생각 또나서 또오다 그냥 여기서 식사...,디저트 비주얼이 너무 예쁘고 맛도 좋았어요 무엇보다 사장님이 너무 친절하셔서 좋았습니다 홍대 디저트카페 오버딥 또 오고싶어요💙,새로 오픈한 곳이여서 와봤는데 매장 내부 인테리어도 깔끔하고 사진스팟도 너무 갬성 넘치고 좋습니다!연남동에서 커피 한잔 하실 때 꼭 한번 방문하세요,평일에 오니까 사람도 없고 좋았어요! 분위기도 너무 좋고 디저트랑 음료가 맛있어서 무엇보다 기분이 좋았습니다 또 오고 싶어요,연남동 카페 투어하는 걸 좋아하는데 정말 독보적인 컨셉 카페를 찾은 것 같네요~ 조명과 음악이 주는 차분한 분위 기가 정말 심해에 있는 느낌이에요! 사장님이 디자인 전공하셨다는데 인테리어뿐만 아니라 디저트에도 신경 쓴 게 맛에서 느껴지더라구요~ 바질토마토 마들렌은 바질크림이 꽉 차서 바질러버 취저...☆ 에그타르트도 겉바속...,매장 내부가 바다같고 해파리들도 표현도 잘되어있어요 커피도 맛있고 에이드가 진짜 이쁘고 맛있습니다,너무 이뻐서 꼭 가고싶었던 카페인데 드디어 왔어요! 바다컨셉이라 바닥에 모래도 있고.. 해파리두 장식되어있고 컨셉에 충실해요 ㅎㅎㅎ 인스타용 카페 찜🩷 커피도 맛있어용,"카페가 컨셉이 너무 예뻐요! 분위기있게 얘기하고 음료마시기에 너무 좋네요:) 그리고 음료도, 빵도 다 맛있어요!! 이렇게 좋은데는 많이 알려져야 하는데!!! 다음에 또 올게요:)",전시회 온 듯한 느낌이 들더라고요! 특히 2층은 영상도 나와서 정말 바닷속에 있는듯한 느낌이 들어요...🩵 파란색  인테리어라서 여름이랑 찰떡이에요! 디저트랑 커피도 다 맛있어요🤤,첫방문인데도 불구하고 재방문하고 싶어지는 인테리어와 직원분들의 친절한응대였습니다 ^^ 💙 무더운 여름에 너무 시원해서 기분 좋았어요! 츄러스마들렌은 꼭 추천욤 !!,신기한 공간이에요~ 해파리가 예쁘네요~ 시그니처 라떼 맛이 있었어요!!,신식이라 매장이 엄청 넓고 청결하고 디저트도 눈도 즐겁고 입도 즐거운 카페에요!!!!! 인테리어도 너무 예뻐서 막 찍어도 화보👏 바닷속에 들어온거 같은 카페 사장님들도 너무 친절하시고 커피도 너무 맛있어요 너무 에뻐요❤️,빵도 맛있고 분위기도 너무 좋아요!,심해 컨셉 카페 멋있어요! 심지어 커피도 맛있구요!,5시쯤왔는데 벌써 먹고싶었던 크림페스츄리는 모두 품절됐네요ㅠ 핸드드립커피도 찐맛집~강추,인테리어가 이쁘고 넓어서 좋아요 바질토마토 마들렌 진짜 맛있어요😆,매장이 너무 이쁘고 직원 분들도 친절하세여 음식도 너무 맛있어보이네요 잘 먹고 갈게요!!!,소문듣고 찾아간 신상카페답게 사람많고 사진찍기좋고 분위기좋은데 야외는 좀 쌀쌀해요ㅜ 디저트 넘 맛있었음♡,연남동에 신상카페가 생겼다고 해서 방문했는데요 심해컨셉이라서 카페가 신비롭고 다양한 마들렌을 맛볼 수있어서 너무좋았어요! 연남동에 대형카페가 별로 없어서 아쉬웠는데 앞으로 연남동오면 오버딥카페만 올 예정!,포인트색감이 아닌 이런 딥한 파란카페는 흔하지 않은것같아요 골목에서도 눈에 띕니다. 매일아침 만드시는 마들렌 에대한 자신감도 인상적이고 비주얼도 이뻐용 맛있어용 아침부터 기분좋게 머물다갑니당,너무 맛있는 카페🍦 분위기 때문에 더더 맛있어지는 카페.. 여기 있으면 멍한데 편안한 그런 느낌이에요🥺 파도크 림라떼🏄‍♀️ 먹는 순간 힐링 그 자체에요. 여기에서만 맛볼 수 있어서 또 가고 싶네요💓 위에 올라간 크림은 쫀득해서 머리에 폭죽이 터져요. 이렇게 맛있는 크림 올라간 데는 첨이에요!!! 바질 마들렌은 향이 미쳤고 먹고 3초 지...,인테리어가 너무 멋져요 신상카페인데도 사람 많네요 각 층마다 분위기 달라서 좋아요 3층이 제일 예뻤네요,분위기 진짜 조아요. 어디서도 본적없는 심해 컨셉!!!!!!!!!!!! 잠시나마 어디 다른 세상에 와있는거같은 기분이 드는 카페였습니당.디저트도 맛있어서 다음에 솔드아웃되기전에 일찍 가보려구요!!!,"와 바다 컨셉인 카페는 처음이에요! 조명, 인테리어 뿐만아니라 커피까지 파도 ㅋㅋ 심지어 맛있고 마들렌까지 달달해서 너무 좋은 시간 보내고 가요",분위기랑 컨셉 독특하구 이뻐요!!! 디저트도 맛있고 바다컨셉에 찐인 인테리어…사장님도 친절하시구 재방문하고싶은 곳..💙,인스타에 떠서 궁금해서 방문한 오버딥💙 파란색 좋아하시는분들은 방문하면 좋을듯 해요 3층과 4층 공간도 있는 데 3층이 온통 파란색에 야외공간 조그맣게 있고 4층도 넓직해요 컨셉으로는 좋지만 마들렌……푸석푸석……다음 에는 맛있게 부탁해요…🤔,ㅎㅎ기존의 커페와는 전혀다른 색다르고 분위기가 이국적인 새로운 경험의 카페체험했네용~ㅋ 젊은사장님 입장료 받으셔야할듯요~!!! 넘넘 환상적이라 인생샷 건지기 쵝오일듯^^,길가다 우연히 오픈안했다는데 궁금해 들어갔음. 화려한빛과 조명과 채색의 인테리어가 신비롭고 바다속느낌임. 핸 폰으로 자동으로 동영상찍고있음. 긴말안함 요긴 영화나 뮤비나 전시나 예술이나 다어울릴듯. 맛까지 고급지네.,컨셉은 넘 좋은데 내부에 자리가 많지는 않아요!! 빵은..무난무난..,너무 특이한 분위기 카페에요 ㅎㅎㅎ 신기신기 ㅎㅎ 바다안에 있는 느낌! 마들렌도 맛이 다양하게 있어서 좋았어요~~!!,진짜 인테리어 완전 예쁘고 사진도 잘 나와요 음료랑 마들렌도 맛있어요 꼭 가보세요!,"이런 심해컨셉의 카페는 처음봐서 너무 예뻤어요 ㅠㅠㅠ층마다 인테리어 컨셉도 다르규,,,마들렌은 너무 맛있구 연남동의 핫한 카페가 될거 같아요....🩵",단독으로 있는카페 일단 겁나 매장이 엄청 커서 좋아요 2층은 마치 아바타 전시회 온거같은 느낌적인 느낌😁,감성 대박이에요! 그리고 디저트도 맛있어요 특히 바질토마토마들렌 먹고 반했어요,포토존 정말 다양하고 사진 맛집이에요!! 심해컨셉 카페 색다르고 좋아요🙆🏻‍♀️🙆🏻‍♀️💕,분위기가 너무 좋고 시그니처 음료도 맛있어요! SNS 보고 온 건데 성공~♡ 컨셉 있는 카페 완전 소중해요,인테리어 정말 독특!! 어디서도 볼 수 없는 힙한 스폿 바다 속에 들어 온 느낌 연남동 오면 꼭 꼭 방문추천하고 싶어 요 디저트도 예쁘고 맛있는 카페에요,연남동 새로 생긴 오버딥카페 대박이네요 크림브륄레라떼랑 콘크림마들렌 먹었는데 조합 추천합니당..👍🏻 인테리어 도 심해 컨셉에 맞게 물 속에 들어온 것처럼 평온한 느낌🌌🌌 연남동에서 마들렌 먹고싶다면 여기로🩵,결혼기념일 커피 한잔 하러왔는데 파랑파랑 바닷속에 들어와있는 듯한 기분이었어요  아기도 너무 좋아하네요,컨셉 독특한 카페가는걸 좋아해서 딱 보자마자 지도 찍고 달려왔는데 찾기도 쉽고 일단 인테리어가 매력적이에요 ㅠㅠ 2층이 진짜 어두컴컴 물속에 있는거 같아취저입니다!!,커피 정말 맛있어요~! 콘크림 마들렌에 반했어요. 바다속에 들어온 것같은 카페의 독특한 분위기는 더위를 모두 잊게 해주고요 ◡̈ ༘ * 너무 멋진 공간이에요.,"파란색 좋아하시는 분들이라면 정말 kijul 입니다,,♡ 디저트도 너무 예쁘고 전체적인 분위기가 너무 예뻐용,,,",새로 오픈한 곳인데 인테리어 넘 이쁘구 유니크해요 마들렌도 맛있습니당,인테리어가 진짜 특이하고 이뻐요 파랑색 조형물들이 많아서 시원한느낌도 들고 커피도 너무 맛있네요 연남동 힙한카페 찾는분들 추천합니다,시그니쳐 음료가 정말 맛있었어요!! 분위기도 최고였슴당,"카페 분위기 미쳤어요! 독특한 컨셉 너무 좋고, 몽환적인 음악까지 딱이에요 ☺️ 그리고 커피도 맛있고, 살구자두에이 드 존맛탱💕 마들렌도 다 너무 맛있어요..... 🤤 어떤걸 선택해도 실패가 없는 맛입니다!! ❤️‍🔥 사장님도 너무 친절하 셔서 다음에 또 방문할래요🫶","친구랑 서울 놀러왔는데, 연남동 카페거리 돌아다니다가 인테리어가 독특해서 들어와봤어요ㅎㅎ 시원시원한 느낌이고, 실제로도 시원하고 전체적인 인테리어가 깔끔하고 좋아요. 커피가 맛있어요","디저트가 예뻐요. 2층은 앉아서 수다떨기 좋고, 3층은 분위기가 독특해 사진찍기 좋네요. 오픈한지 얼마 되지 않아 깨끗합니다.",카페컨셉이 이름과 너무잘어울리고 해양속 느낌 너무 멋있어요.사진도 예쁘게 잘나옵니다,심해 컨셉의 강렬한 파란색 인테리어가 재미있는 공간. 미디어아트와 몽환적인 음악을 감상할 수 있는 카페로 공간 구석구석 해파리가 떠다니는 모습도 볼 수 있고 포토존도 많아 사진찍을 구석도 많아요! 실제 바다속에 머무르는 듯 한 기분이라 멍때리기에도 좋아서 혼자 오기에도 안성맞춤! 루프탑은 이번주에 개방하신다고 하니 옥상 개방...,바다속에 들어온 것 같은 독특한 컨셉의 카페. 귀엽고 맛있는 마들렌과 친절한 사장님들 덕분에 기분좋게 머물다 온 곳 :),다시오고 싶은 유니크함 디저트도 너무 예쁘고 커피도 맛있어요.,연남동 신상카페 너무 예쁘고 기분 좋아지는 카페예요
